7000 6970 6997
63 113 620
4422 5899 1547
6132 35 204
5430 1369 1074
4373 2920 1518
5625 4148 1059
1951 5096 1472
6756 2099 465
5736 6965 636
533 3872 594
5398 5946 269
6771 5954 27
4419 5402 31
4923 535 444
2534 6766 731
2726 3302 1489
2024 5797 690
5991 5676 1957
1203 3786 1287
1682 6085 1188
4049 4148 973
5668 1000 152
3542 5128 1355
4850 5332 1208
1488 2679 635
4659 381 678
5879 5934 1971
2655 3054 973
3084 2188 381
763 6661 1004
1993 2418 1927
433 3977 553
4788 4036 1411
4020 2693 1790
3687 6216 1920
3721 3891 1586
1516 4466 1808
504 734 1804
21 2623 944
709 6340 785
4524 2570 1151
5860 1647 1141
4653 2653 430
5852 116 944
1896 5456 882
5134 5284 1344
5245 1738 102
5390 3902 646
929 427 320
5715 3888 250
2361 4253 302
1512 3832 1857
4961 3972 316
6088 3969 1925
5552 915 1280
5309 4424 348
1025 316 1871
566 6820 712
196 2321 510
5088 3970 1104
868 6942 1150
1256 853 1048
5828 3709 1675
1778 4736 1212
6730 2235 1963
5335 1454 1376
238 3121 1928
6483 4529 1853
6019 3520 1516
3587 2904 1403
2433 4259 983
309 2261 1832
2609 5349 1555
417 5319 841
101 3552 168
987 1410 639
1459 32 852
2778 263 462
1548 2733 1756
1045 31 1878
4193 5764 1016
2731 3008 1197
5648 1258 1479
2062 3676 1543
4185 4182 1566
1212 1643 1219
2244 6128 192
6937 435 110
5018 419 81
216 5824 710
2730 4405 229
6061 834 258
1214 869 1104
4764 1702 855
3437 6425 521
2144 6481 1042
1044 5899 1840
3534 5619 1186
6202 154 1982
6257 6969 921
4451 488 1589
2190 4999 766
6645 5583 944
5641 5271 484
4170 2213 1826
2517 1988 1031
3412 4763 1738
4444 5947 1810
2782 5767 1283
5730 2320 338
2326 5304 795
1225 2591 960
4588 5743 1492
5439 5412 1687
99 2313 591
2993 3697 330
3388 1045 976
4389 6164 1059
4548 4251 393
1594 1803 1650
6944 6458 1180
1810 3751 1729
1215 1159 191
6950 2903 36
5375 6449 815
2064 4169 1671
622 4084 1394
5896 6055 589
1458 315 257
4879 345 945
4655 3593 1335
1123 5405 197
2650 4592 848
1865 3130 1165
5889 3953 176
5954 5657 1734
687 2357 1033
1992 2915 1494
2504 5843 1064
6835 5346 309
3148 1664 428
5331 2212 1988
78 6029 1451
250 4982 626
2158 1794 1709
2914 1119 1623
6127 5186 1061
306 6010 815
587 2181 702
2795 4096 1469
5030 1856 1547
6427 2858 1983
4195 4848 764
5600 1919 844
4160 1313 1879
458 946 516
2056 3633 1909
2040 6420 373
584 4133 343
2045 6892 1601
278 3552 1695
6406 3585 1458
1581 1124 1895
5200 6904 1984
5011 3078 662
5663 3924 258
769 4535 680
909 4599 1122
3693 5685 1441
6163 2186 1461
6657 873 1761
5711 6846 1169
6442 4714 485
6391 618 1555
4877 6832 1430
3456 612 1936
3252 4616 1894
6253 6902 1711
1774 3049 952
207 5600 304
4813 5873 1858
4257 6809 1463
2327 6681 595
4506 3996 387
6186 4235 69
5254 2789 710
4532 2055 279
2651 1571 1114
4306 252 1240
2982 3331 191
1601 4566 1415
3713 1915 162
2115 3860 183
5148 1265 1496
678 4587 1285
2145 4508 257
4175 1606 1122
1030 2831 708
5089 2700 44
65 5635 1805
3158 4705 1129
3139 5639 1787
2514 5192 1616
6948 4123 462
510 6162 1397
3152 780 459
902 6818 976
2833 2 268
2249 1934 306
3021 5054 210
767 5690 1703
810 1483 570
2325 2303 1330
6003 753 1748
5532 1303 454
784 2192 1758
5177 5111 187
393 2562 1646
69 4447 53
5544 182 775
5008 1207 1147
6691 4577 1685
3547 4067 1717
1698 2715 1169
6390 458 346
4205 5347 1890
818 3993 60
2425 2887 954
3523 867 1547
137 2217 1715
5383 2241 1309
4778 1554 433
608 1942 1228
1913 3040 1513
3928 4466 1370
2594 3194 1352
6740 6847 59
6897 3547 1863
6945 6113 1396
5949 2871 1931
5496 582 1886
1878 4768 1585
4731 1867 1525
1392 1701 1884
3905 311 377
2022 1287 716
4466 6328 1130
3328 4969 1445
6602 4748 1091
3044 688 1935
3602 2233 229
782 1483 1113
162 6102 1466
181 153 1548
2539 648 554
3451 4970 1181
1996 3345 85
1449 3972 1698
1412 4518 152
602 4235 1756
5874 4732 851
2143 3006 897
1170 1252 835
5714 1106 1279
2421 1020 494
5449 2545 379
3485 3520 711
4121 2768 1854
4555 3796 1665
46 4211 1260
3457 5607 1161
4863 5755 919
2775 6486 1722
5956 2334 271
4086 6386 268
2805 6360 1259
2506 742 62
2663 2939 1658
5197 6134 478
5520 630 697
3750 4785 1236
6031 1258 231
126 2317 494
3274 986 1083
5474 2390 656
683 860 1791
3286 794 776
5652 4597 985
1547 3457 1088
1333 3282 1408
989 6768 1825
6060 3507 308
5560 2456 1068
3765 6221 1829
6709 1637 552
2737 6112 84
774 5439 113
2610 2760 1231
1905 3550 1843
6480 2990 1376
264 5574 520
4216 1970 267
2903 5094 222
5297 2095 79
4412 872 469
2668 5056 113
5551 3354 1990
1200 3932 1883
5452 4482 1457
4749 293 1843
749 3965 309
4159 477 513
1826 2717 330
2571 2792 451
3924 6355 1896
6708 1850 1787
381 5558 712
3032 2651 693
1676 6989 29
2120 315 999989228
642 2018 493
4987 731 1136
5210 3776 345
2905 6712 1341
6054 676 1335
2890 4104 1749
2720 2242 1964
5163 153 1531
2191 2331 998253696
5034 5990 1807
1568 3032 1989
4360 2884 749
4817 6287 712
6365 1382 476
2422 4748 1032
4161 4642 753
170 1234 1568
4153 1565 1284
2764 2287 1718
5727 4006 1498
4972 3198 1371
94 2244 1
2093 5833 120
3053 1809 1649
885 2655 1407
4066 114 1119
1736 4689 1186
922 3333 854
263 4277 1092
2770 3401 808
5535 816 78
173 4879 344
3954 5899 226
3591 173 1334
2345 2335 1297
2759 4501 750
520 3902 706
5336 917 140
292 6474 1030
5132 2494 300
1086 3224 1355
6939 4122 1546
2129 2463 130
969 996 354
4273 6152 68
1297 134 1507
3109 6830 1400
4374 3532 251
1074 462 492
2117 4315 478
1144 3360 1739
5782 5603 785
2236 5797 600
2053 1428 1860
4928 1101 988
2561 6162 723
1100 467 1724
6614 3135 1627
5236 4454 527
1747 4399 230
2725 536 1324
1001 6107 1340
6269 479 1483
4244 6460 1345
6932 757 1575
6888 3981 1852
6666 698 1805
4680 3838 1827
3094 26 1634
5298 5181 1922
5759 4840 1296
4243 2357 499
2867 4896 1619
2412 5992 1746
1622 5980 331
4321 5259 396
6922 5995 552
6549 3664 1667
5855 2027 544
2924 5140 1346
2556 939 548
2850 42 885
5841 2729 126
5137 2057 855
5412 3732 1868
4508 6224 680
5207 6006 1043
3603 164 325
3829 3300 1299
609 5282 1912
5787 3927 552
2050 5862 387
2124 5906 1070
1039 5141 1473
2063 3980 1730
4105 2720 311
3239 3719 1855
4994 5933 626
6098 4255 1850
6783 3454 1310
1751 5236 584
1360 2550 1287
5818 4667 1931
1646 5032 1144
1999 6260 923
5578 4332 398
5435 3060 357
1839 344 1195
2347 3814 1949
4375 1217 391
6766 2905 1119
2138 960 1134
2752 3291 1018
6685 6172 997
3818 2166 143
4897 6026 1844
924 6842 808
1910 1847 433
3259 6276 1252
2149 4107 1424
4416 5862 1991
931 4045 981
456 5897 321
4346 2106 872
3684 5044 1709
4662 2641 602
5952 1047 1378
6764 5293 324
1502 1505 316
4810 213 572
1020 4206 829
1529 5282 1332
3892 5619 1811
445 1560 1288
3836 2263 803
3440 6553 585
6954 6392 184
6580 2981 168
3099 1092 702
5012 1008 326
1452 5088 1868
1320 5842 1439
6717 96 563
1555 5616 1061
2268 6642 1076
4685 4291 185
2159 327 1712
3231 4560 490
2853 2246 1707
6100 5331 1273
612 755 870
4822 4693 246
6217 776 1853
4622 1998 999885077
6394 3420 1195
803 1863 1718
5120 2227 930
4447 4757 408
2430 1113 527
6508 1396 1321
6042 2339 785
5503 3483 1959
431 6833 841
4067 549 1155
3290 1192 560
6160 4484 887
5350 2792 1522
1357 5695 1186
5364 6370 399
5717 3290 209
5683 128 305
1257 783 1101
5418 4086 226
3270 953 329
970 4898 1101
6578 3877 1529
4762 242 1384
3822 6973 867
3609 3620 1731
1712 1334 231
3262 2106 1338
6750 3699 782
1745 3138 1903
6153 6166 1373
5726 332 1525
3823 3349 1171
2596 5992 1962
680 18 78
542 3023 639
4942 4467 1146
2043 352 1920
6830 3830 1161
5356 1672 713
6682 3059 377
1922 3826 589
3975 4852 1226
817 1130 242
3218 3066 1143
4290 1327 849
89 2705 776
515 3830 1652
5630 1627 337
437 1123 1228
1802 1714 408
5272 1268 659
3746 6557 1098
2922 1596 1913
5833 3246 1649
2606 5014 1975
3063 2103 555
3517 4029 1
4147 2461 1255
1812 3439 719
5285 2644 648
1300 5975 1973
33 6121 1597
442 657 1517
6706 4498 1341
2037 579 791
3907 786 1783
5194 340 963
1371 2682 718
1070 4692 1974
41 4584 123
2598 6158 746
1489 491 223
6537 1578 628
4546 3493 20
3594 4767 301
1656 3116 937
1678 3262 1476
5878 6689 1351
6381 2069 1605
4428 4424 133
6374 2763 1719
732 6443 1534
4194 1302 1706
3704 1138 1070
6619 6582 1922
4535 504 1315
4037 1322 900
3312 2335 910
6936 1985 1818
1183 4515 1745
6282 1915 1863
5725 3747 1482
3368 6170 1224
6844 3911 1508
3501 4378 236
937 2084 911
4278 1755 418
6873 1339 473
2765 1301 1898
6662 4250 97
1975 4821 1661
195 6995 518
3026 5089 1769
1413 4488 551
5489 99 1060
6953 3591 361
845 1617 1225
2460 4645 808
3284 2373 923
4915 6511 796
1101 2923 570
3788 1062 927
6096 3117 1704
6114 2869 1773
127 5309 1973
6967 1061 1656
1574 5751 1846
4027 5225 1005
3054 2121 1944
3647 1179 1270
1534 3858 1886
582 238 1598
907 4706 1191
308 1172 314
1228 1860 620
2126 3359 114
3661 2913 1206
3707 4598 235
3142 1905 830
1006 133 329
479 1609 129
1537 231 944
783 1198 340
1760 4598 1286
1431 3842 1395
2892 5852 986
2309 4912 261
6626 784 1051
3633 1417 1339
5185 5010 1142
4065 92 1010
2537 3129 1892
1253 2918 1041
378 2002 1679
128 6471 263
3382 1425 448
4621 3646 1069
2432 1601 126
1582 731 964
6064 3798 531
5820 2161 1239
1382 2145 1184
3491 2025 1939
5230 5267 1365
534 5420 1594
5629 1398 1294
6106 6817 96
5359 5295 1571
5345 1347 286
2357 1143 1908
6077 5386 1405
6348 1456 1033
1344 227 211
1114 6111 164
3467 185 30
217 5759 1204
4978 6465 928
2755 3248 1215
4146 6766 66
3247 6887 1529
5883 3166 1971
756 942 1275
1775 6725 1525
2012 2883 597
1432 5417 1664
2212 6094 1489
5811 4756 176
6495 3826 1895
6743 6032 342
5310 5677 1858
5579 6728 1764
4687 5610 1439
5924 2718 1847
3050 2186 385
6426 3892 1589
5995 4017 1265
1259 4038 220
4630 6214 1949
6012 6737 23
730 1006 95
6497 6771 442
3752 4614 435
1029 1113 1572
4387 1108 1674
3749 3249 1400
3314 1700 558
1716 1101 1395
2513 4086 1531
3311 4388 1995
6510 2155 679
6529 6492 1443
611 1898 517
4056 6163 673
6192 1398 1807
2079 608 1093
423 1222 1790
5873 1408 1908
3393 3597 410
1308 3160 288
5276 6454 831
313 3464 1835
5410 4620 812
904 3221 291
6515 3057 1588
3297 2126 1666
1429 5643 1585
3219 1094 1487
3058 3770 1934
5898 1058 890
3658 5009 200
4780 6318 298
4487 3625 1819
553 3703 944
6625 653 252
5597 1592 1469
708 1603 92
1230 3788 920
2773 6810 1939
4450 2753 269
5215 5996 94
4539 3198 634
6380 5583 1547
6379 1404 197
3986 3771 1887
5748 816 541
2872 900 1333
4832 6204 1341
1722 6077 1401
2810 6407 1714
2419 6163 231
6143 3417 1325
1735 5673 1189
6197 3926 1174
1499 2131 1498
4214 244 1759
3403 2534 841
1834 4611 129
3934 1805 1761
211 2169 1377
4083 295 731
1014 3449 379
2104 6818 663
3195 5536 347
2885 838 463
2317 3026 396
6703 5003 1366
1971 5577 368
4916 262 1589
2936 1258 1140
6675 3787 371
4757 6319 866
5788 3879 313
1753 447 405
3706 4157 563
3538 2498 1740
5858 3910 1160
2313 4856 720
2881 4544 307
4220 6844 1381
141 125 1166
5705 3224 46
5650 4315 1072
6849 3196 172
4242 5404 746
5617 5807 776
4883 2891 1371
3630 3243 1105
6862 3660 96
1620 1713 717
1424 4647 628
2736 469 1766
2204 1544 831
4697 521 1006
664 158 520
3551 2738 1802
2215 2993 631
2310 361 1120
2672 4167 272
5861 5527 734
3348 2055 1868
4729 6617 331
4678 208 908
2636 3204 1412
2352 5925 1283
685 2833 890
1173 5455 1096
5571 462 706
3586 5810 1378
4804 1047 255
1441 5707 1389
6861 973 660
6558 6195 1776
2597 6355 1432
5617 3528 995198653
2526 4653 376
2481 2447 1951
2455 2231 771
185 5238 986
5649 4336 562
6890 2282 999980113
1870 1623 1284
4694 369 665
3386 3216 1457
6417 6352 1515
2653 5133 276
6540 785 1901
982 6445 1003
418 2720 1962
4759 6903 1440
3278 2255 938
4543 1045 999
3305 5700 1514
3132 4199 1457
1477 3301 1912
649 743 989
1119 6557 733
5047 4312 1710
6646 562 145
4660 6516 483
1468 1523 68
3394 4284 140
2646 4093 1224
1893 452 1937
5394 3127 1273
6561 229 1422
79 213 1855
5921 6771 834
4125 6043 433
5239 712 1952
6392 1917 540
4845 3847 1857
2797 6237 375
3874 4335 1838
3702 6807 663
3415 930 140
2522 310 1949
6799 3324 899
3945 2862 624
5399 3372 1800
3389 1928 1089
1013 1719 1933
2014 6654 1065
1146 6680 1791
2738 2634 1275
5152 4124 1652
2715 4857 332
5769 3979 88
461 4032 1986
5935 3918 1916
6385 2044 1085
3663 6650 816
2332 4680 767
4531 393 1187
2871 2737 1786
3757 5387 258
2642 548 1836
2179 2226 1645
1315 5679 1666
12 4509 68
4956 2574 268
2274 1391 834
5588 308 1529
3331 1634 1236
6245 1531 779
5267 761 451
117 4590 188
1800 1990 1784
820 6449 1116
3502 5240 1401
3528 6126 1963
1612 3827 1910
3291 3743 323
3879 2207 1621
1692 16 1647
3484 4812 578
6525 5440 1488
4345 2601 1797
4351 2793 517
2178 2309 1235
1818 5951 1825
1269 6525 1375
2874 1211 1251
1694 4391 1576
5804 4054 1043
5325 5680 1682
3744 3694 546
6446 5913 1872
4585 4974 1590
5052 2263 1397
4668 4196 1745
4982 2803 878
475 3103 293
56 5014 1340
2553 586 717
3137 6759 826
860 315 71
2696 4737 1977
3668 1281 47
4448 4831 1383
4452 6885 800
6166 3261 164
4755 1737 226
1756 3462 1294
6296 6862 1017
5115 6569 674
3191 6065 1337
688 1830 1061
4698 3310 1625
4736 1770 113
2950 2159 1681
4873 6870 572
1430 4813 305
1063 644 1130
2648 4368 1883
4285 4645 270
1549 1403 1310
1440 6496 1971
5851 3015 1324
6131 4083 1613
798 1693 698
4651 4043 102
5110 5579 1731
2923 6815 5
2387 6115 528
1299 4807 1633
4912 3668 803
492 1815 739
5051 159 825
2358 4161 69
2018 2577 1280
1115 6984 871
2321 5181 1323
208 4249 1616
2826 554 491
2206 659 892
3846 5442 1746
4509 599 1027
4574 2023 1317
2953 4290 254
1897 1889 196
5479 3975 1378
5733 1445 1180
228 2 252
3478 1070 1452
5587 5513 1911
6683 4654 63
6839 365 1573
11 1034 1863
628 1801 1759
2265 4607 1193
3425 2339 1051
1210 6569 236
2940 1343 12
4250 5897 467
3295 2729 239
2367 3044 1542
3957 1855 937
2808 1861 963
1701 4391 52
4249 5110 1688
2538 6249 2000
4072 2120 716
5975 6105 1227
160 212 235
6818 1561 7
1946 1794 710
6204 3083 1610
5097 2830 312
3718 3023 1258
1024 6163 379
4643 6419 1006
5999 1807 1474
5664 3596 1592
2353 5271 10
5256 4049 1011
574 2837 1414
3864 4628 1130
847 6704 1882
696 3452 296
3126 319 794
6836 5912 521
855 2149 856
5840 2677 657
3240 3656 1714
205 505 744
5853 1801 1203
3108 2244 683
4426 3665 1575
6566 2789 762
6089 4448 1317
1169 6421 1821
1522 3825 978
1366 3532 1612
4119 852 718
6720 5668 54
2743 5080 722
3097 2189 1460
5145 462 164
1374 5721 150
4005 2395 942
4737 3368 646
3669 643 983
1472 5276 193
2763 1154 904
5768 6304 1859
4609 690 600
4536 636 83
1881 4790 215
5081 3294 914
1554 6033 301
3462 3405 1190
2707 6221 144
3503 4353 105
505 4290 746
2935 2870 1408
455 1856 645
509 3975 308
3037 853 1555
4565 6701 918
4222 917 1191
4192 2097 1328
6476 656 495
4683 4900 319
5395 2909 858
4421 932 884
2771 6844 1999
6671 1831 1503
5492 795 1057
1504 3104 485
6384 4558 815
512 6894 4
1223 1241 1230
300 5416 643
4058 1302 1424
2942 3968 817
4097 1282 1638
335 1041 1185
4717 6729 1678
974 5085 390
1388 1574 1290
4753 702 969
600 5507 420
6612 3413 1910
4016 6232 1192
3244 3970 494
4771 4119 414
4179 6505 162
3189 791 163
3789 3200 1589
2862 6552 538
3190 5338 1091
4046 601 1767
4424 997 1269
5846 3320 745
2185 4264 852
5770 6080 1303
3579 6822 766
6338 3356 855
4378 4 1998
6173 6632 248
2242 1264 1686
27 833 240
4178 2166 1491
4530 886 634
4420 5788 1549
4507 5329 1096
1196 5589 1486
5686 6179 536
6237 6325 1052
838 1424 1556
6287 15 409
1334 1523 715
6164 4367 1529
1693 2634 1598
4868 1965 115
6609 6469 697
777 6771 78
5454 4368 1270
73 5504 1292
4055 5700 1282
2626 3520 1160
1846 6832 1793
1874 4600 1165
6751 2701 134
4580 5904 908
5231 5905 1795
2981 5427 1521
2087 1808 1981
1925 5647 999746745
5563 806 1024
48 5985 998
5042 5890 733
6024 6417 477
3402 6764 1987
1062 3594 1015
1584 2444 1203
395 2233 732
2049 2026 1313
1017 819 225
6597 5480 1794
2082 6328 1566
1364 4337 1122
5127 5996 423
6878 1068 1750
2098 6760 832
3127 5839 1736
6372 587 564
5518 4115 31
6378 553 130
1400 5599 332
1402 1605 305
4579 4022 1182
4062 649 795
3766 1534 911
2153 3618 1360
2641 1584 593
3076 6873 535
1623 5413 1273
4408 2862 1400
1868 981 1282
6946 2998 1716
2515 3161 1997
2374 2576 120
4061 3486 722
6929 2880 254
5792 6599 1495
2703 6339 492
3793 3504 1948
124 301 225
5480 1634 1813
5321 3541 1920
2234 547 94
3541 4689 37
5402 6790 730
2186 2749 984
2490 6303 598
2545 6422 1393
2551 3199 200
898 5428 972
558 3516 900
1720 2995 320
2635 2596 1617
1609 3177 219
791 1676 72
4143 4056 579
5772 3018 608
1291 3075 1248
4133 3365 1092
1479 613 48
843 3005 804
2990 5723 1740
6167 4798 362
5056 3146 1561
1503 4814 1570
3199 2305 425
3283 4573 325
420 6452 940
3480 2405 84
1972 6971 534
3210 3405 39
289 2679 1377
2438 4431 1537
2141 2582 780
2716 3372 298
4190 4777 1158
4802 2498 481
4134 2594 97
6195 1337 485
3881 1138 1938
4686 4766 754
6532 1663 241
2732 5647 430
4768 5076 1203
4684 6046 1610
2168 2005 229
765 436 479
2654 3995 499
5247 398 1191
5131 4718 699
35 6733 1966
1647 3742 284
1015 4305 1746
3086 4515 1909
1261 5134 104
4523 950 373
2486 5573 137
72 4352 1358
3635 1136 142
1961 2965 1549
1419 4891 1898
3337 323 656
4891 2942 14
2333 1952 994
2305 6767 234
856 6103 1697
2835 2788 898
5583 1794 959
4106 3875 84
6840 1931 1645
2665 2957 1229
2343 3613 1404
6221 481 804
4359 2847 529
6004 1729 109
3498 777 364
1923 5048 729
171 347 274
6636 5369 1275
3154 798 1502
3395 3349 136
5070 681 344
2962 1523 1945
3083 3064 61
815 4059 804
2379 2790 1450
5786 4356 799
2802 6703 1292
391 1950 258
935 1586 1611
952 4723 709
3980 3824 801
1202 6272 201
1447 4557 230
5455 4906 1164
480 3550 1861
4111 5698 1555
129 6923 6
5620 5828 669
3045 1726 679
713 2187 631
6705 4351 1509
5689 5937 924
2351 6748 921
6310 1344 1415
2388 3712 952
18 2369 407
3193 1798 751
5460 389 634
6045 6885 1168
4366 5524 1291
652 1623 687
1133 5246 989
5934 5686 343
2535 5073 941
2081 6753 1463
4977 6503 121
4274 4492 1071
2496 402 548
1697 2594 518
809 5060 1282
441 6188 158
5983 3452 1610
4874 4936 73
3407 5635 370
1390 2291 662
2894 2850 1538
5000 4023 922
5960 4483 1365
4 4421 1115
2694 558 1392
5757 5011 151
1161 2865 595
4031 1305 608
5234 3251 1739
2823 620 240
5166 3473 610
4167 3262 1706
1293 5132 1209
2861 3961 529
5379 4220 1359
2893 1460 1471
5580 1710 1322
4967 4234 1667
1482 6368 123
1616 4439 1240
3223 4700 1658
6904 3376 1630
1685 5620 1477
3779 1078 418
449 898 1605
3143 4293 131
3641 667 684
3289 2199 1799
6046 3059 773
5526 5213 1142
1921 4069 484
2448 126 899
2649 1724 1016
1748 5173 1708
5198 3313 1927
362 3008 421
6120 2801 147
5966 5245 941
6472 3527 1215
3604 3842 1841
2485 3885 919
6595 6738 580
6332 385 1418
3896 2161 555
4842 6608 1363
1211 6421 1958
6616 3697 887
1932 6041 574
3430 1025 1956
6344 104 1007
5201 6889 1790
529 4581 1874
740 1223 1298
5348 6627 1175
4156 159 659
6905 4404 1933
246 3137 1772
6877 3237 812
68 3799 998
6800 3980 260
4176 211 793
4846 199 536
242 6007 77
3576 6696 394
5633 2399 1650
394 6063 63
517 1196 802
3795 392 69
5980 5072 1677
1266 2959 881
3933 548 662
2984 3250 276
3361 2167 783
5872 5123 790
44 4156 813
1118 4732 344
1108 5796 1844
3325 5536 637
4644 4634 1504
2288 6711 392
1307 4792 900
1903 762 1258
1263 4071 935
3031 1673 63
1974 943 1902
578 987 1976
4326 2653 904
6715 1687 810
826 6758 419
761 3035 140
6562 5135 1758
973 6153 1978
3769 3037 1277
525 4356 252
4890 4127 484
568 1072 1573
6865 5489 781
6728 6422 1491
6623 4961 1416
5653 5054 663
5777 2475 1605
6680 6024 1832
6329 2767 1917
4379 723 858
2623 6771 1702
5673 4293 565
6816 1563 1594
2657 477 1651
1176 6110 57
1127 5644 144
6242 5173 1674
22 782 1979
6376 3883 1812
4849 4443 526
348 6934 57
5961 6803 218
2291 2838 1919
2595 1491 1911
231 6981 826
1460 3918 1292
5349 1270 1920
59 379 47
6593 1037 225
5568 6303 949
487 4582 1927
5277 4144 873
1096 4291 291
4601 4079 343
538 6305 616
6144 4515 1750
4004 6762 1762
3482 4575 1829
6737 2233 516
3634 161 341
3129 6279 1462
6563 25 913
6208 4922 547
64 4474 1201
1272 2030 664
1557 5898 502
3234 4575 1002
2259 4735 161
236 3141 1681
5315 5503 1897
2600 2641 260
3012 2762 69
3574 1885 1719
1301 206 1538
1820 6000 9
6801 2020 1415
3367 1149 751
3212 4933 684
5942 1643 1568
1776 3691 1527
1573 3419 1586
3400 1424 737
4710 2959 1026
1511 849 663
6236 6134 378
4932 4854 1943
2521 693 187
2447 4206 1220
4937 3959 1498
2741 2286 817
541 6273 1342
5451 1287 1898
1521 6058 1493
3303 6672 220
1189 4179 940
6370 10 1608
5709 5471 589
6943 5004 40
2863 2062 293
8 722 1437
6432 4488 1086
963 2396 1857
2057 6800 868
1077 4262 810
5354 5090 1032
721 4828 1786
4247 1188 1153
4691 5240 1247
4355 6887 1161
6494 4424 912
3596 6 1434
4969 3740 1759
6504 860 1623
3723 3248 1542
3004 6089 1198
3464 3824 308
824 1047 1842
6520 1111 1997
6113 4622 937
3479 5231 1298
6538 6281 1147
5351 1632 1112
2767 6704 1097
1578 5226 1823
1817 5988 233
1254 1994 231
1451 2981 603
4390 6297 51
3564 1978 547
3876 53 330
150 5067 147
2322 3727 313
2489 4764 21
3726 4565 734
3453 1365 496
4207 5765 169
2307 206 250
3748 4869 978
189 648 1822
569 6966 1115
6958 2456 1872
4773 3945 557
192 6270 1312
3738 2154 1408
5104 6878 1728
1832 1660 1402
93 1078 1553
6252 5616 1345
197 2780 152
5519 5634 922
1931 1365 1027
3443 1593 220
2301 65 1708
4380 790 110
347 5937 196
500 5172 342
3657 4708 350
2038 1357 946
3166 2425 535
4230 6336 1924
3565 6803 563
4144 2383 1856
6519 1826 1733
299 2818 169
6560 6422 1194
3732 444 902
5614 3533 1636
618 2287 1003
5001 354 1721
1067 297 512
3573 2580 279
2169 4968 467
5538 4453 1081
4670 5936 201
2819 3916 1799
5478 5551 1831
2512 1769 1333
681 6112 946
5269 1246 539
2472 4008 319
6146 6384 1284
4252 6758 408
4109 1608 1041
1861 3569 236
6605 2955 608
3466 4072 558
3351 5596 1464
4177 1387 1510
5839 3838 95
5722 4440 944
2792 4031 1371
959 6130 1949
2632 853 776
4979 6691 1285
4258 5392 1274
2154 664 1985
3073 5134 678
319 4278 1013
4927 1678 619
6175 5079 111
1497 1940 445
5598 2098 1537
4596 1956 166
5815 2570 1916
5732 1814 525
1501 6976 1243
6280 3651 1711
6373 6173 1489
3203 885 926
6493 2397 1355
90 2832 1110
5431 1137 991
735 5770 447
1415 5060 109
5888 1193 1588
6102 1620 436
377 3806 562
4397 592 781
6916 1252 1815
2954 1385 1951
6314 5649 36
3678 427 1441
3177 5551 67
4297 5991 1745
3188 15 495
2227 5620 1051
6834 4473 1509
4830 4617 1657
4443 3700 1487
6369 3030 1716
2902 4151 1761
401 514 203
2846 3366 739
6277 1570 421
3335 6907 1228
6710 6971 91
285 2924 959
5228 5758 1357
5216 365 152
2639 1253 422
6423 2657 327
6567 5907 264
1566 6938 136
4801 3399 362
6607 1878 77
857 4982 1981
4376 5227 1717
4520 1467 1499
4483 1112 556
3974 1846 1687
6689 1999 649
2114 975 928
5821 4273 1910
4518 5533 1674
2702 5625 1547
5703 1626 1244
1966 1010 807
2837 1830 1064
1600 2596 1434
926 6950 647
3220 3459 1159
1240 5786 959
3925 4463 1265
4479 959 1444
1737 5600 498
6583 3034 1404
650 1935 1356
5426 1815 1784
2240 5728 104
2925 750 1237
2032 4028 558
6248 3345 404
6780 1997 1088
119 3164 1179
3834 218 1500
4400 4671 536
1558 5509 1996
6926 5540 1693
1206 6635 1938
2009 3834 1194
799 4852 585
6247 1614 1951
2507 5037 1640
1898 1063 221
3800 3358 1360
2423 3821 1057
5477 267 1189
2213 3079 1753
5659 1187 366
1164 2737 1182
5488 6983 307
2817 4679 791
3100 6672 455
105 1125 72
6149 1125 446
1116 3657 1108
1158 6353 1278
2072 3736 1859
4760 5688 956
2066 2663 460
1771 5095 1195
3074 3228 709
5700 4153 1139
311 5673 1241
674 799 681
4196 4117 1969
4254 4636 228
972 1926 1519
6206 4863 695
6814 4782 1449
4699 321 1927
4233 6641 1967
6087 493 1664
3987 3871 545
1541 5374 1937
425 2961 822
1358 6535 250
5537 6043 1458
3186 2576 742
1843 1024 1828
2686 3914 1477
5326 2741 282
3970 2939 811
5864 5882 24
4739 5217 1566
6809 1588 1644
5576 4541 742
3666 6867 128
5936 6044 1543
5747 3006 1449
2669 3179 387
23 1554 1752
1221 4102 121
4713 1999 1564
3516 912 1625
5077 1706 1180
5238 2988 1160
6755 1369 1712
1742 3183 1394
4370 1924 211
2232 1694 62
5547 4571 1451
4638 1835 694
2549 412 1609
4667 2214 1770
4080 223 1602
5812 5062 1233
5219 5316 523
4011 4275 1544
4228 6897 369
5057 1410 75
2413 626 439
1213 2960 963
1421 1335 1243
2151 2502 496
548 642 71
6368 320 1482
6043 57 258
4126 6837 1766
2396 3541 1936
6366 5624 1676
6684 2422 792
4885 6068 1478
4088 4251 1234
3585 1417 77
1399 3225 494
2253 6101 790
5718 3220 1385
1948 2190 1369
3266 3324 1463
3912 199 306
3813 2285 913
4392 1465 10
2165 1978 1333
3948 6699 714
4834 5491 1767
3848 120 249
5 1174 1359
1463 6140 1843
630 1386 612
6018 1073 1405
4070 4220 962
2193 3048 773
5144 1725 1983
3327 4036 1857
1023 5727 149
4965 251 848
710 1407 467
4658 3908 1828
6850 3709 1135
2417 1774 758
3758 3853 1923
409 2083 851
1642 5570 776
3643 4210 807
3888 6038 1878
1915 1486 1797
5850 1762 1561
1036 4721 82
5877 4160 677
5627 3399 113
5832 1326 1265
6479 1038 976
4826 927 1443
4557 5558 1166
2418 2521 189
1180 5617 568
2427 6298 936
5367 294 105
5283 4685 8
4984 4304 498
3104 2082 118
5275 4697 395
5946 5777 752
333 1326 1078
1095 651 1537
530 3655 1246
3024 3184 939
1671 702 260
2306 2732 1411
5859 2525 1648
5065 6126 1816
6492 3189 307
2794 2435 873
5251 5786 1477
2300 6978 1475
6574 3566 365
5774 6758 1523
5141 4418 877
6311 4203 471
6130 2585 820
551 5905 923
6294 2421 365
6735 285 1704
3639 1119 1366
903 6929 1045
6746 245 1051
3810 2613 1122
2937 1019 935
4599 4966 1436
375 2984 1061
1005 3465 769
592 6618 600
3202 2514 1210
6734 3183 399
5257 3675 79
3671 6275 1300
5072 64 858
1841 466 769
3035 248 81
1235 2907 865
1953 1289 1994
4940 6051 1098
6397 875 15
539 253 1515
1367 4465 1090
2100 6519 1270
2188 4492 1567
626 5315 793
5406 1301 452
1109 3566 1707
30 2493 208
1139 1963 1960
6006 6599 517
3197 403 1354
495 3346 1164
255 2969 619
3438 600 1138
6070 109 920
3434 1942 382
3460 4108 98
531 4792 61
6285 5084 1950
3759 5780 658
5754 3695 1165
3882 36 1496
6924 4105 1088
6505 2285 342
3238 5565 444
4769 469 596
224 3867 20
1439 2708 230
4793 1858 847
4298 6234 119
695 5631 1033
2996 1863 1398
2529 639 1747
2929 6637 106
954 2431 283
3357 2394 1199
6299 6633 74
4797 2147 355
1201 2896 893
2446 1445 1758
2125 5879 1259
6286 5863 30
3614 150 509
4044 2519 1335
1391 5729 12
5724 2980 982
1995 3898 1291
4208 4893 1067
3908 1444 1156
6383 6402 1449
702 6147 512
15 4005 47
5448 1018 1115
744 1008 342
6092 2721 245
1330 2542 592
5170 1694 914
2554 3085 1188
1009 5756 1227
5259 2172 1707
387 1032 1562
4533 4266 1115
1564 5781 624
2877 2373 676
2943 807 1206
6673 6397 688
4047 2625 349
3536 6200 535
6821 4369 1972
6073 6268 1157
2271 58 1273
1313 759 246
565 3472 1564
2845 1307 893
5169 2619 1066
4128 2532 356
3617 6061 1593
4251 750 849
5079 2841 1994
1125 2596 207
3405 2477 1454
6135 4541 1329
4079 1674 108
6377 423 275
2843 2596 1072
5128 1009 1913
6817 3785 649
1625 3987 1588
6097 617 44
1143 3121 669
4235 5553 1950
3612 4671 1771
6443 4715 1817
369 1599 73
1619 2324 963
1160 5221 1792
6450 4284 202
3362 4823 394
469 175 1755
6630 4737 1281
4597 4445 154
2289 5215 1466
6582 3552 1433
1099 141 1911
6542 2113 1519
1690 6024 1695
3465 3301 856
3470 336 781
4495 2756 760
5636 1735 1615
4663 3045 1922
5076 4345 655
5243 558 1397
1483 3858 798
3809 2844 506
4165 3432 825
3324 2745 632
3677 5960 162
3556 1888 1048
3433 5981 1017
4666 2163 296
2384 887 1617
37 2667 1056
3898 2729 403
4382 4780 1973
627 1660 1870
3275 2056 1967
6074 364 714
5706 4187 1353
3323 894 556
6017 5156 533
1199 1737 1492
1593 1305 686
3865 919 750
5920 2174 623
4641 840 436
5752 4694 1514
5180 4214 1785
4474 6932 751
3145 1823 1876
1571 5253 822
6207 3405 385
3803 353 163
96 3678 1753
572 4823 947
4814 2115 188
1361 1743 224
4733 3115 184
6037 997 888
4925 1826 251
2142 3878 337
3147 5948 995
4023 3423 483
460 1314 1916
5124 3104 1963
6123 4043 69
3492 6091 1149
354 1058 1233
3552 1091 1730
4307 2167 487
2235 6876 1222
3340 24 1652
2118 1793 499
5372 4966 329
753 6475 1212
1090 6729 1447
2121 3527 1031
2949 958 1269
1763 3284 73
5682 6745 341
1222 1736 653
3183 6114 918
1924 813 893
1939 4684 1504
5892 5909 949
5837 4763 84
1891 4436 1525
1560 3655 848
4511 2338 982
3180 953 943
3105 4798 321
4238 5256 1304
4092 6326 150
3224 1288 125
296 3349 53
361 2611 1905
5608 5462 399
4164 1302 55
3135 5759 1234
6180 6112 1620
4328 201 1318
6090 2593 1281
6641 4364 1257
2652 6741 452
4281 2578 1276
2039 513 125
6039 6372 1618
482 5391 181
5280 966 1426
1596 1604 1647
4792 1674 1958
736 4793 1312
6694 2351 1691
6491 2041 1023
3532 1901 1641
5831 1782 1237
3996 4712 504
2241 4663 1689
1312 3435 1345
4727 2369 1695
6955 6039 51
1053 3973 244
1631 184 1949
1633 2614 1697
4728 5196 2
1641 1559 867
1280 6631 1887
3488 1015 83
1823 5999 844
2812 1413 1794
6957 3218 994
6201 3949 1774
6643 6988 809
941 6453 1504
1292 4527 565
2740 4467 822
606 6756 9
555 961 1920
3540 3833 1561
5778 1150 507
4521 3487 6
6960 5587 910
2772 748 809
3944 3098 540
6889 1754 814
1437 1670 732
4114 4927 813
428 4786 1938
1637 4799 696
5698 1743 1163
5209 6782 671
4131 5518 758
346 4735 1662
100 1208 21
4725 5412 910
76 3268 1536
1363 3033 979
3651 5090 797
6136 499 318
562 4911 1973
1056 1786 840
2578 2635 389
2994 4072 1679
6367 431 1010
6573 6612 1325
6470 4617 238
6863 6899 20
2041 2740 788
4007 5119 554
3927 3119 580
4052 3465 1978
6499 1841 313
605 1703 1270
5803 2536 297
2919 4624 1945
383 1209 859
5044 493 234
6010 3215 919
532 4835 1162
3566 4751 222
4878 474 1613
5836 5374 698
422 383 1426
4547 5284 896
5487 2361 1983
2296 6179 919
327 2699 1520
4724 1095 520
84 4893 1087
3814 5420 158
6484 1851 790
4847 3662 876
3740 4964 404
3914 2147 1211
1728 1502 912
1500 4942 51
5493 5898 537
1528 6829 964099391
1178 5987 1574
4947 3439 999
1539 5656 1263
6716 165 7
6952 5426 323
2042 2948 372
3955 4078 641
4922 5849 1446
1864 3116 1377
6151 2510 520
3429 5382 501
4996 4459 723
4494 4421 127
1386 797 1758
3506 2985 1809
3739 1079 549
4856 1987 1327
775 4330 140
1155 4636 1376
3530 6058 778
1940 5352 110
3353 3403 148
4593 3961 1618
6015 2834 1084
4348 1722 857
1987 6039 1243
4988 221 234
6466 1591 1471
5646 6358 843
2411 2468 1748
5301 82 31
6474 2835 1047
5785 4897 873
3711 1180 253
5265 5629 1818
2864 6933 1941
6516 5395 793
157 4194 1413
5342 3017 1145
6290 1949 1352
121 2174 953
5190 6460 1678
5091 1789 1894
1193 2343 472
227 2432 796
6847 2047 545
5522 5416 1979
5632 6073 938
6174 252 10
689 2364 1071
5186 4735 1420
2619 6798 599
3940 6229 401
4145 2831 1059
4857 4470 1023
6083 542 1370
2078 3693 1817
2799 1459 1369
2196 5165 1691
5389 1737 1407
4327 4785 992
3014 6737 201
700 404 1582
4091 1334 1006
557 2349 779
1552 3331 999
2559 2803 254
2531 2721 706
366 4600 1769
3841 5374 1610
6335 2656 532
4279 4864 329
2473 764 1175
2959 2304 528
448 2858 1495
869 1343 1069
5931 4147 1719
6648 6604 1618
290 4606 20
87 2226 1871
5286 316 1978
3650 3796 1638
254 1204 1738
139 5279 1494
5306 6488 339
4110 4515 1708
1103 6432 552
4401 5457 1938
2555 5893 1072
1327 1685 1448
4221 5272 868
1627 5938 496
6402 4155 775
1804 3211 1200
427 6024 1955
3608 5891 1737
1370 494 1759
6327 1309 1334
1960 3198 429
713 6905 999828305
276 1246 874
679 3142 306
6824 6461 1544
1862 5191 1181
2679 153 1456
6875 484 1526
6209 1274 608
5501 1750 1024
3349 2221 510
6590 3115 806
1197 4624 1535
6618 997 562
6439 5309 176
2036 3905 1700
281 6012 454
1058 4078 558
1806 1559 1249
588 1759 275
1335 5200 304
2829 217 366
4425 6772 729
6229 6273 759
3 4067 1399
4008 3995 735
5232 6535 1448
1018 6727 225
4714 1098 1195
486 1102 1659
1937 3859 836
636 2541 1592
2441 6730 1898
918 6303 1485
355 6965 641
3570 6138 1580
2967 1235 187
4168 6182 1748
3584 1482 1223
4198 11 1148
3258 6407 1368
6511 4938 913
6032 6271 354
6300 3216 1149
6507 445 1246
3421 1034 1258
4180 3471 151
1401 3020 1285
5222 1062 684
4019 182 980
240 6794 1712
5545 6829 630
6449 788 858
1807 2076 318
4411 1225 1254
3116 6076 1909
3791 2063 1547
2170 1349 1915
5294 4643 361
5505 4720 1485
5002 3406 229
1019 3759 1161
6934 2339 1527
613 54 1123
5845 5122 1782
1389 2219 462
5158 1154 1438
6812 848 1882
6041 5348 392
5109 5292 1728
5766 5057 1750
537 4961 690
5343 2369 214
928 3723 1875
590 3219 188
1706 4313 1358
4718 555 1667
2139 4442 1577
5429 4144 816
5882 5769 1031
1008 2404 1862
5264 5872 1140
1329 5284 1832
4782 3346 1300
6295 1690 1333
2157 6890 960
1106 2275 417
3155 4501 785
835 2517 1782
118 6546 1893
2502 2341 326
6363 2545 246
3577 3667 39
2880 5094 1964
4980 3447 588
921 5919 992
2261 2503 1039
4604 4747 1293
3513 686 1373
1470 4881 284
1767 4460 851
5660 2636 1030
6444 4208 384
6337 3670 1077
1761 5119 1827
6856 6514 415
662 5440 1790
727 2431 35
3423 2752 677
3396 3860 998370931
3346 3117 485
3625 4858 1390
6110 954 1837
3901 5050 719
1668 6235 1174
2471 4871 329
6698 3479 1901
6020 5917 777
2762 37 891
2198 3251 402
4166 3105 90
5897 1959 801
3929 4240 762
4657 6642 1337
984 1021 1067
4201 3323 1596
4158 874 1146
5459 6855 281
502 670 29
5912 4687 1686
169 2525 633
5744 3227 1672
6262 489 796
3043 1986 906
571 5750 893
914 6095 1230
6279 4546 70
1902 4835 255
1135 5627 789
3918 1241 537
760 5644 730
1136 1882 650
6695 6024 335
1094 5860 1882
5206 5589 1202
3310 4047 1004
3613 2188 1601
895 3738 710
2398 2916 1836
6082 3789 1016
4514 6279 1877
675 4700 839
2391 4719 358
526 5027 985
5842 126 362
2275 2821 89
5590 5851 1113
2991 4791 1999
3961 520 1820
3942 1735 1039
4954 2145 1458
3716 3969 250
4498 1107 781
2269 1526 368
6884 5167 1463
4703 1507 180
1984 1433 1454
5317 4710 323
5585 6460 1947
1711 1001 221
1809 5980 364
3631 2921 936
200 6520 1945
5473 5422 1781
792 2643 1896
3972 1493 1495
3363 4873 206
6647 5545 455
5595 491 981
4123 4397 473
1289 1497 1892
6572 1775 289
6309 6828 625
1643 6168 1074
2480 6665 1417
5899 2266 931
477 5269 119
2557 4318 1998
943 2583 887
5958 5405 1202
4415 6492 1493
432 738 1319
923 3523 1666
2416 2944 824
1387 3105 977
2408 5234 1833
1765 2809 263
284 4914 1290
3885 3440 1823
345 3727 175
772 3051 1786
522 3358 584
1639 5716 1861
2803 4272 1960
2103 659 684
733 1463 1436
350 582 1170
6782 3738 827
324 375 1956
3883 1679 495
3777 5548 1563
6230 2233 1338
1219 379 1296
4631 712 1692
403 5763 1144
3646 6321 1961
2409 3342 1522
5423 3097 867
4707 6537 1682
5910 2129 84
1655 2685 923
1997 795 306
6670 6657 1016
3575 3844 1975
3077 3694 1847
4647 1822 271
4712 5840 1804
2849 4569 467
3701 3441 1658
5157 3625 1137
1185 3004 1554
913 642 739
2284 1477 1747
4770 3555 694
1442 4153 1948
1994 5967 1446
6193 340 124
4456 1589 1828
3816 4365 1662
4406 6305 698
3519 800 1746
6935 4569 656
1088 1637 1141
3067 2797 1994
3621 1907 1193
1481 2730 822
1976 2321 1616
2373 4145 957
5797 2324 331
262 2730 62
3558 3958 1647
3559 2021 1575
3995 303 1214
3690 1494 598
5386 875 1400
2564 1971 1386
5824 6782 950
2475 5182 1323
4012 4200 1643
4115 1953 1797
4590 242 1047
6357 6659 893
4589 579 770
1465 2587 1310
1833 1411 253
5049 586 129
5025 2559 1165
4087 4357 705
5780 5730 569
1732 4053 468
4391 4321 60
6395 745 1202
233 6250 802
3703 2873 382
3642 839 1366
1102 6445 807
841 2429 663
2444 920 1392
4843 5042 905
552 5420 575
934 6127 1298
6222 2605 740
4336 1201 1010
5203 3182 1870
863 2267 258
2025 741 438
5009 6980 1628
4364 542 789
1991 4244 1191
6256 1443 846
4259 2730 464
5445 867 1305
6058 94 1735
241 6409 1268
2034 6848 107
4347 6201 1273
1490 2894 1434
1469 4428 1502
1209 6010 1460
639 3640 1179
2123 5736 508
258 3369 1704
6868 235 130
853 5563 875
5516 4310 209
5690 549 335
4948 1963 1557
3093 1321 1590
201 4497 1381
1718 4852 1869
1251 4703 14
6793 4367 1807
6278 616 1330
4617 1300 1233
5432 3586 925
5061 881 1222
3931 357 953
1610 2251 1539
5990 5398 242
1523 2743 330
3117 6371 853
5835 2056 472
245 1445 420
1969 6066 35
2735 4706 452
610 3028 1212
1423 6479 400
3292 4570 1887
5183 3122 231
1786 6054 437
6477 1803 878
1416 5663 1750
154 2704 572
2006 2368 248
1446 5153 191
132 1230 1093
3379 4355 1
4108 3164 956
226 5597 1762
5738 6545 3
3338 468 1628
3317 5811 940
3850 4302 49
1828 2771 995
1746 485 1112
1498 451 1853
4853 3244 1999
3624 80 1660
2754 6313 459
1847 5791 648
6360 2664 1633
1179 4893 983
3994 1913 1130
2405 5290 1751
998 890 862
5103 6003 160
2256 3352 377
3150 1039 1527
1012 1684 1554
3680 2573 479
795 6029 770
4777 1887 1620
5658 4735 139
4819 2285 1026
2167 6178 313
5273 717 817
5408 3013 1955
3281 4238 1031
6629 5756 1696
4073 5650 43
1033 2157 1679
4022 6190 1637
2095 5318 215
2147 6417 1130
1285 5083 1455
6331 4956 34
1239 5043 960
3061 6287 1796
6347 842 758
5017 2160 1138
6425 2166 1651
2569 3601 79
2308 5251 484
4329 767 377
6637 1924 948
5113 4529 1341
6026 6859 1728
1977 2453 251
4945 6494 1339
6712 5304 1791
6232 5433 1945
5539 5070 1665
6804 140 1801
703 6976 1951
2476 6067 320
2214 6204 655
323 5152 1818
1604 1647 82
1532 1983 695
5332 5884 357
1376 6360 1984
1958 5361 1347
6760 4915 824
120 3196 900
6187 2355 239
4101 6408 1810
1407 5387 1067
1617 2029 270
5490 6291 347
570 1841 835
4377 3676 1018
2314 2493 919
2721 6972 1223
1171 4299 285
1041 482 1830
2180 4363 78
1271 2402 1546
3059 5327 1719
1283 3687 1215
5062 294 1844
4600 4115 1425
6767 6219 1382
1478 413 1958
1730 3023 1451
6776 2235 1502
6307 5066 1063
465 1771 925
251 3584 458
4970 5859 1522
5355 3865 238
836 2153 1594
3514 2627 76
1569 3454 1561
4586 688 1368
2458 2701 664
6848 6737 447
6215 852 953
6121 6076 1880
3665 6227 1700
1255 20 326
2807 1274 52
3474 67 1405
6559 2700 1880
3018 5756 526
4473 2942 1551
4568 1807 433
581 4058 1303
2362 3800 1404
4461 4693 1816
5509 350 53
283 2992 64
1889 5824 259
5279 6625 1493
2712 1692 1363
2656 6979 34
3047 5028 12
5491 5205 282
4991 3947 127
2336 1352 1300
4798 6689 1657
334 2605 1825
443 3725 1516
3673 520 1002
5569 3871 759
1042 271 267
5890 878 1801
3771 812 196
6488 301 1125
1112 6096 614
5723 1546 978
5959 5353 547
109 4646 1975
1867 4064 1951
5677 5230 201
6949 4567 1677
2134 1102 1295
2783 441 809
1876 1672 184
4689 5650 1649
2177 5110 1824
13 2679 1086
4805 393 1045
3376 2764 25
4917 1862 223
2160 1520 1294
1098 2959 1715
3998 2436 929
2711 3147 1724
4562 2229 735
2477 1299 64
1037 2714 541
4248 6049 694
6188 2552 1532
6071 930 1671
4576 2123 96
3863 6738 1586
4267 5310 320
4388 6517 610
4371 5176 1434
1050 3107 1589
6260 2644 1109
6465 5191 1077
5900 5786 966
3409 2059 1330
5938 2716 1957
1491 4362 1029
2563 3372 1607
2818 915 701
452 3645 1667
2389 5446 1423
3783 3320 1116
5979 4768 1166
726 5167 1822
2682 962 1124
2878 4560 1761
1852 5649 1376
353 421 1624
2831 6894 1846
3899 955 467
288 1447 205
6086 2088 317
2003 2307 236
115 4435 986
3820 3035 711
5694 6081 1519
3254 2644 1890
971 6515 1135
5870 6966 639
5794 3032 1328
6328 139 613
1354 1586 1722
398 450 335
5798 1542 59
5407 4592 1758
1510 898 1326
1134 5809 1006
4902 5019 265
3495 3275 1382
3606 3009 1517
2119 4393 221
3763 3430 882
3804 2918 1305
6795 3963 1311
4981 3851 1932
1260 6298 545
6617 5241 544
5988 2767 761
4645 3351 389
2832 6163 862
888 4798 1708
1023 3448 999934826
4122 5953 1437
5274 4009 315
3450 5442 408
1860 3980 423
1450 2415 1298
4606 6183 1826
5909 2494 187
524 1460 1260
168 2248 1093
3991 261 445
5300 5734 501
3760 1638 1168
6966 4945 1425
501 2718 408
3342 4173 1229
3245 659 1874
3344 612 345
1476 1435 1575
2459 2166 1864
4188 6200 619
2583 6063 1509
3855 3530 274
3653 5085 174
6112 1100 978
4317 6857 1241
6343 5519 1497
5813 4606 638
2525 5464 1561
5981 3747 102
3652 1926 442
624 5959 1685
4231 4445 1248
407 4875 1455
3033 6815 86
3118 5271 1516
2552 5180 499
3207 4119 1593
3332 3868 513
4811 3944 1821
787 1405 265
4368 1728 815
3867 5618 1923
5676 2335 351
2647 6909 1532
635 2051 1650
5268 3968 1896
4449 6605 653
5564 2297 663
67 797 660
5751 6576 1017
5413 5627 645
4141 482 1813
3160 4728 376
4522 5216 1825
5295 1954 708
1608 2104 30
3903 623 985
1857 5127 106
2392 6013 104
2137 2368 10
3626 2417 93
1092 4223 1250
5462 442 103
527 3697 999569326
2247 5143 486
5189 1446 638
6448 6912 176
1546 5172 1601
6674 156 1582
3187 1442 1018
3007 4972 1685
1072 3769 463
5069 3580 1135
1577 750 565
3989 6565 555
2786 3385 1057
4623 208 455
2708 6872 466
3055 799 419
6860 2568 1337
1816 2264 1362
5434 533 796
2059 4963 821
1231 5298 1996
3432 1013 1296
3301 3782 1893
5525 6650 1543
179 819 1085
1979 6580 1931
1091 3157 114
6142 521 282
4340 6526 1740
2330 6470 592
6003 5471 999020703
3316 2075 894
2911 539 987
4825 3012 131
5945 4775 1397
1288 1457 369
5775 4612 83
2661 5350 1814
3824 4770 520
1916 420 1694
1341 1194 1974
1700 2799 814
521 5001 775
3075 2372 583
6223 5767 254
2443 5816 409
3645 3417 1936
6336 6962 217
6900 3135 1820
182 3336 264
1395 172 1416
4135 6462 805
6640 2122 13
2659 269 1856
1270 5863 1529
66 6289 446
4781 1825 651
180 31 1086
2753 1427 1524
6962 2116 1903
6805 2164 1171
1579 60 15
4905 1572 1807
6165 5286 537
2229 6441 1217
3737 6847 1194
6200 5306 1958
4013 2782 98
6183 6326 1163
2690 1234 1604
3181 2323 1055
3113 3335 569
6438 3243 601
1043 4331 1514
2854 463 703
1873 5195 246
5093 6806 1355
6522 6525 1024
912 4129 1517
438 1865 1064
4968 3234 966
682 6243 217
1793 5080 766
2638 2172 487
429 1694 1951
5078 1229 719
2329 5168 1839
1703 1369 82
3358 5528 432
1586 4695 1677
4142 1287 1187
4747 1038 86
1785 215 279
2130 3922 612
6521 1353 1547
4369 4446 283
2375 1408 1771
3722 363 1451
6736 2909 1612
6346 4132 390
1398 5388 1160
2383 5798 909
489 2605 1214
3329 5100 1672
3950 1464 1009
42 6189 1728
25 1447 1666
351 366 40
965 3671 1366
343 2625 1264
4740 46 1114
80 910 1995
5116 6926 1274
2960 4866 1404
40 4211 1756
1151 720 1183
5513 3088 1822
2821 4376 1515
1892 4711 508
4681 2271 633
2191 4610 1750
2524 4626 787
2607 504 1071
4761 942 939
3755 1601 701
4319 279 1745
5685 4281 1503
5573 3785 80
1166 3781 1925
1232 3974 967
3001 4792 1919
6453 769 692
5411 5534 724
6243 400 725
757 5989 1505
4598 6105 622
3754 1938 840
6585 5236 1803
2266 2177 811
4033 3568 599
544 1419 650
5125 5735 516
4986 1294 1036
6577 3110 423
3784 2830 145
257 3812 1079
3993 4629 1182
3926 6842 1341
1466 6828 819
3416 234 7
717 298 910
1789 4803 1643
1226 2312 1674
344 4237 201
788 2511 1348
6963 3592 1253
4974 3343 1326
5908 6798 1725
1247 2076 1204
5615 6921 1725
5420 4901 823
6514 1418 908
3780 1379 1354
3205 1212 1760
3672 3015 345
3567 840 1812
4674 1818 1299
5917 885 936
2944 471 4
2548 4892 705
5249 5400 281
95 4860 1947
3675 1757 780
3543 745 1401
3832 1095 1427
3282 4867 392
6501 3831 1126
6883 2843 1444
5616 1738 855
1411 2832 673
415 5378 1265
1750 1143 1800
3221 6764 1606
4901 6054 1401
1089 2320 269
3544 3045 810
135 183 1148
5665 2758 414
6048 4072 655
1585 4268 655
4320 3239 1468
5530 3720 440
5224 4548 312
6587 6089 47
4501 6076 1319
176 4261 1731
6806 6564 680
5470 1810 505
3170 3695 174
2503 405 895
6649 6498 166
2257 5675 924
2822 4615 789
408 2068 1811
653 3045 749
1784 2642 1033
5940 4842 535
1917 4041 1880
1246 4508 274
3500 4943 468
2077 3868 909
166 6173 65
5096 1418 1962
4093 4350 1576
4280 2056 918
4558 6273 1871
1405 4012 881
4354 4404 927
1588 6896 1908
6305 1332 871
1021 1336 1805
1480 3457 1108
4766 3430 1170
3555 29 828
3214 2212 307
4458 3137 1478
2131 600 1875
1277 2944 456
6748 2436 233
6524 1551 476
340 1584 1071
5260 293 1803
5421 462 1545
6909 6342 383
270 274 1326
4423 6124 283
1464 6644 919
3622 3479 522
6797 3781 804
373 3220 827
4439 1089 1603
6553 2891 1611
1519 459 658
444 6267 372
4527 2193 870
1284 2971 1309
6304 784 1352
5695 395 142
4950 4098 76
3774 2009 890
849 2947 313
3232 3297 568
4865 726 569
2785 5312 1647
4053 400 505
3730 3671 1292
5481 4576 527
32 6694 927
4497 737 938
3422 2168 1741
3616 6688 1921
6396 4778 1072
219 707 5
3417 6758 1096
2906 3865 1324
6882 5989 101
5662 4680 1597
2698 6337 894
3436 1215 1173
5278 4246 1872
3582 366 653
3256 1430 1819
4296 2432 1877
6933 5666 499
755 3414 1295
5951 2961 1600
3797 5730 1785
507 3334 1016
1770 6954 58
842 4861 1883
1553 3713 1625
1129 5156 1657
2002 1404 212
1723 3076 294
837 3963 344
5911 1739 1229
2884 2667 1791
2270 3616 1844
4809 2751 288
1536 1731 837
4349 4607 1551
3796 1481 56
1877 68 1178
3853 433 861
2105 2108 532
2532 5267 1563
5731 2675 217
1981 1490 752
1493 2805 322
3087 1405 707
684 2649 1328
2684 746 1425
2279 2649 1095
6890 4561 1124
1672 236 1624
107 1073 1792
5678 3659 108
358 2788 981
1724 195 405
3880 2013 315
511 1748 502
1545 4131 641
1057 1223 1254
1051 375 787
3833 5618 1407
1919 37 558
1002 1404 609
1181 6239 520
4464 6868 664
839 1302 1977
6274 4240 423
3455 2456 35
1743 5590 243
3649 4535 730
3319 379 185
3112 5192 1076
2899 2247 115
2495 4584 950
2847 1549 1532
3390 5874 1714
6908 6965 107
908 4145 1726
6410 4958 96
430 488 1453
6570 4679 1917
3553 1828 1007
301 6307 1809
861 2893 1857
956 3000 1557
5654 5357 974
3161 2942 1508
1054 3651 1406
3889 2324 1734
2083 6182 158
1368 4845 846
3958 217 494
5973 6202 614
2757 6031 323
4848 423 1459
3662 2520 125
1162 5348 1427
3761 5065 191
5248 2706 1600
19 641 1512
4076 6438 75
2930 679 494
2733 6054 1020
4869 5615 891
2540 5809 560
384 3202 1649
147 4778 454
6858 5796 1068
4615 3744 560
1328 6258 1270
1797 5018 1022
1602 2370 1654
3960 4513 1088
140 4520 186
6594 3456 1736
1973 1040 1712
3263 5772 1131
4471 6534 1028
5688 4763 1528
2989 4027 464
5707 4574 1169
3949 4458 990
6298 3373 1766
6887 2419 1901
4486 6091 561
2912 2617 1879
6265 4110 302
6757 5311 1852
5084 351 1101
1666 2639 807
4260 6177 1045
1140 624 425
5029 4566 438
143 6859 857
1926 1287 1471
4899 5881 913
1128 842 899
1245 4621 1700
3967 5688 859
6668 2553 691
2603 6715 775
4234 6254 1182
3522 2934 116
6437 5313 1927
6179 993 1777
2888 893 127
2909 3387 59
4881 6259 954
3878 5256 611
3399 6558 1190
1350 442 1736
1615 5289 479
1882 4315 977
4648 5440 1065
1461 996 1627
4973 5383 69
4935 6102 1027
980 6949 1284
5790 2726 409
3257 3400 304
3731 4704 1156
6541 4947 1933
5512 2236 709
3418 595 1746
6502 4342 264
6787 2884 98
811 106 187
877 4651 475
1338 3748 1640
349 3395 120
3454 6380 1514
5761 6622 550
3686 6489 1040
4930 5520 1414
550 4590 413
2030 3472 1835
6038 2882 1429
3856 1670 1075
4752 1645 734
6947 2405 690
3125 903 1260
116 838 1781
944 1019 598
2073 4919 853
6028 6734 193
2487 3983 1850
2182 3146 140
175 5870 1903
2299 2937 564
6554 278 666
901 4471 975
1064 3414 42
5393 5378 808
2574 6481 1366
4042 465 1619
2339 252 273
4396 6550 1377
6754 1637 1338
3396 6139 373
5369 306 493
5691 2647 808
6013 1973 700
5476 1691 1860
2328 1043 1765
3831 6503 511
4029 353 1702
5624 3958 738
2882 2702 117
396 1846 1618
5217 4213 980557465
5205 4068 487
2570 5160 470
4914 5057 123
3333 6669 1759
4619 3222 896
6741 4051 57
1708 2224 1550
5045 6236 1745
6181 6360 1524
1888 2201 1052
5419 1352 1802
6921 5993 1850
1454 4126 1387
927 6383 1030
4700 6918 119
2644 1123 784
6021 3570 1611
2173 1541 769
5098 6590 1828
5712 5262 310
720 5266 805
634 139 956
2195 1121 1464
6411 5292 1407
4955 734 1573
6931 4203 1286
2201 5956 891
3861 2661 1962
1863 6335 1795
2848 671 200
579 3189 233
3807 2645 1927
4608 83 1892
5063 2490 1923
2681 1688 1554
3554 3765 889
400 4430 1595
4137 4019 1045
3997 4192 919
6927 3764 1903
5885 1782 262
1168 2427 1140
6267 6617 1020
1 1965 1364
372 2326 1549
1007 5055 1467
3472 1798 1517
2316 1687 896
3041 1065 292
6898 6944 1675
4485 6792 1115
1801 4572 1571
751 4605 487
271 4160 1173
3294 3576 1275
2749 2782 1840
2683 4185 1463
1587 4917 1993
4971 2481 1805
2671 9 1628
1104 2142 1142
5316 2605 5
1830 5154 1121
5108 4605 236
389 5744 655
5159 3111 154
5303 5575 1014
4870 5840 1670
2542 2969 383
6486 6591 994
5963 1581 1429
2806 6812 1955
3175 2931 765
3897 2851 1616
6690 3221 1237
4649 4499 1878
6610 6544 905
4594 185 835
6431 5862 1929
3664 2413 1729
2815 1798 1943
331 4008 458
5037 4865 1552
5606 2852 1901
660 6048 899
6535 2900 860
5802 2584 290
5696 6800 642
6669 4808 1543
26 4640 194
4489 4603 1345
6315 6996 1198
4358 4475 1450
5118 1078 613
223 4948 925
6259 4372 1599
3920 3104 494
2010 1736 1975
4786 447 689
6773 475 1956
5558 1761 946
3103 6064 925
4315 3834 47
2360 1761 1283
1543 1544 54
4404 5073 16
4240 5379 1270
4395 5527 1901
1323 831 452
2870 4568 724
5101 6988 248
5333 6956 1349
6871 667 169
467 5273 1446
5329 2173 1801
3165 5377 331
1667 2333 1257
3293 2293 1788
933 3406 580
4738 1747 1126
2344 2517 300
5869 4326 1552
2450 1600 764
4405 4927 707
6358 4281 1932
1990 5669 1833
4637 2629 1489
4824 3991 1493
808 4158 693
737 5683 725
82 6419 177
1394 4345 1447
930 5372 255
4245 2340 1412
4672 3237 185
4960 2471 1701
3299 1048 366
3069 5259 1484
6118 6097 1572
5601 1912 147
4677 3718 1679
5471 3293 861
2701 5330 1329
1010 4750 492
6942 2482 523
2359 749 1641
3051 2017 68
3140 5874 975
3792 6977 1830
1885 3277 1166
6362 6965 1153
2784 4713 1015
1835 3394 542
1525 367 717
1572 3164 1370
2323 6378 1578
589 161 1027
6333 1133 1360
6970 5873 1953
1187 3010 180
3285 3359 736
5989 3571 1313
821 6660 1827
2528 6470 563
4542 5597 1239
5737 1189 753
5059 472 151
5985 3675 1685
5880 2215 874
6633 2183 251
3216 6613 835
1276 3570 1680
385 3471 1816
4436 2553 716
6624 5188 382
6401 4727 1612
3279 5401 901
1485 1593 232
1815 6230 709
1353 6547 1345
603 508 951
1819 4400 656
831 4858 1997
3916 5229 567
6429 2335 788
2787 4111 1835
145 6764 1536
6918 5313 842
6261 2149 1359
5561 6870 1824
4127 4911 390
2152 609 1752
4743 2399 510
2414 224 466
5970 4557 1024
2324 2588 1822
6686 6490 345
488 4949 1444
5610 4228 1977
2482 3704 173
6613 2000 456
4492 6257 598
840 5990 232
5637 858 1579
4136 2474 1839
651 2098 214
5330 1717 1399
3735 3866 722
919 1193 1968
4015 4719 881
1782 5986 1541
1110 4425 599
2099 5920 1749
5675 1087 797
5304 5384 824
6831 3423 686
4892 4205 1547
5082 2661 1101
2005 1222 396
979 3874 1139
658 4426 29
686 3108 554
2035 3977 1698
1927 6179 616
2717 4584 1427
3930 4281 294
916 695 1708
5982 1718 56
5740 2948 499
5173 5423 591
2602 2329 1645
4353 4481 1833
329 145 600
138 2705 1131
563 4522 575
4363 3247 1594
633 6980 908
4577 5057 707
5156 1118 127
4309 437 1807
661 3938 14
4001 6451 1476
6575 5067 581
6704 6368 1436
1218 1874 294
256 1882 962
4054 4642 1543
4433 1327 795
3862 6682 1619
6753 3307 1625
621 568 1231
2424 2177 1357
3227 4133 281
891 5916 344
426 5524 942
3119 3744 40
4545 5350 453
6778 1191 48
4294 196 1059
6169 5095 817
5461 3778 655
55 6156 1108
4068 4855 394
4515 6402 1964
6785 3350 673
2245 5719 985
342 1061 1366
1163 4023 1657
698 2518 1418
4913 2709 169
5119 3442 526
1444 3727 1318
2110 3948 346
6828 1130 1678
2197 1356 877
4652 2701 509
6302 4040 1379
4467 2122 740
5628 1300 1931
28 5071 1795
6107 3609 813
6667 763 1555
5136 4424 1692
2181 409 1046
3288 2099 1428
6324 2114 1566
4823 4641 1800
4330 4248 1561
5068 3689 649
6496 3254 344
4860 3686 1716
4610 5852 1307
4045 1578 1160
6323 4293 840
3756 6574 756
1598 6382 139
158 206 1294
4132 815 771
870 525 147
3106 6464 1389
2608 330 1634
3588 5480 389
2260 4298 1976
6661 360 980
3518 5635 1008
999 4954 397
3194 3647 1563
3110 556 462
5498 454 1170
5672 6134 369
1739 523 1291
3352 6156 427
2044 4736 1342
454 942 1851
4064 88 600
1126 6531 63
4616 6695 496
6490 3614 1347
2859 1950 646
617 3937 1017
4303 2986 1406
5925 5418 1545
5923 811 217
5953 705 1849
3827 5578 790
3906 3025 359
779 5130 980
6968 4733 419
1436 63 217
3360 6785 436
3038 336 281
4640 1113 1870
2900 3159 1025
5762 1849 359
5502 1370 1228
4399 1788 1860
6726 2837 1713
3163 3345 172
3679 2344 1701
4077 3661 1732
6598 470 285
5178 5947 772
3136 3199 1957
4887 4338 411
4575 2178 740
1224 5451 1
4304 5933 948
2071 2143 870
3370 1390 860
2739 2168 1817
6389 2661 1320
3146 3507 536
2939 4057 856
5669 1587 985603596
3983 5621 169
249 4034 1134
6203 2084 1159
2546 6137 1298
3794 1221 1088
3383 5788 1770
2462 4224 373
2092 1700 997562043
5729 3979 397
5456 5655 1430
1583 4256 855
1887 3311 437
5781 2347 425
5289 1734 1966
2677 3411 357
5161 4158 1018
58 4613 1222
4263 5196 1119
1393 2463 1919
6914 5834 762
5314 5212 653
6846 1957 321
1851 746 498
5929 585 1228
3261 6548 212
6576 2953 157
2377 3268 1094
5058 6914 816
43 3572 1877
977 713 724
6355 984 1759
5562 3078 943
6869 1652 432
4632 4780 1092
6199 475 1883
6271 5031 411
3580 1740 1589
4295 1003 1955
2468 4521 185
2183 6442 487
2917 5099 766
2470 2946 1521
2102 617 1123
6820 6102 599
6065 6736 175
4457 5625 1044
1233 532 438
462 1335 122
1607 5762 81
3468 2355 1092
3697 3984 1750
1978 1845 1713
4800 1063 816
4526 2939 1444
873 2724 1439
5814 3789 937
3521 4268 1668
6047 4270 253
2348 5939 1504
3030 2030 385
261 2363 852
436 2129 1117
1938 6070 472
5796 2136 847
3562 3290 1844
865 6587 1493
2127 5353 581
2366 2164 1902
2404 4821 1126
2456 1351 1997
716 5994 253
4276 1300 1904
2901 2711 754
3356 2136 776
1906 3577 1141
1941 5930 1400
6099 2929 859
3296 623 6
6912 4885 396
2113 6976 689
4831 2173 786
2306 453 999000145
5313 1284 1849
697 2597 1922
2604 5504 35
1397 6502 1329
416 980 1649
3228 3075 1457
4844 5109 1351
1936 2415 1263
2483 848 78
953 5564 1507
122 4829 1734
6171 3977 1107
5020 5169 1892
5167 3722 1350
5255 5385 1375
6105 2863 1964
5765 1942 1684
3298 3541 1585
3483 206 897
6157 344 1010
598 881 874
6758 5032 1526
6902 3184 1979
4693 2870 114
986 855 1929
2286 2325 321
5976 2017 1688
1980 6506 1426
6156 4965 264
5553 3780 672
3039 3931 1794
3799 1204 949
2133 2919 1839
4992 878 725
6761 3687 456
291 3591 942
1220 2423 682
5290 6883 1315
1831 3515 767
2728 5687 399
3939 3371 804
1177 4782 1789
2572 4306 506
5507 3880 670
5557 431 1730
2004 3538 626
3320 5403 33
1355 1309 794
3951 1965 126
747 5830 584
133 6342 899
6433 5952 996
5973 3923 999627061
6405 4331 1378
1762 3491 1849
4048 6127 307
114 3936 591
2382 3749 1649
5071 6341 1758
2175 6184 938
234 4576 59
4470 6289 682
2216 1131 310
2000 2374 1359
3444 5130 274
5915 6389 1106
5305 4471 920
741 1840 281
3034 923 1313
6122 1092 128
1097 2696 356
6162 6102 367
5320 2850 1445
2431 5095 486
5771 495 1392
2189 2376 387
3315 1821 150
1138 5492 1542
2410 6140 340
1827 6663 770
723 1016 241
5928 2115 1037
4626 2898 1012
45 5821 1540
6473 5691 105
1798 4961 478
310 4812 1524
1462 6775 467
6711 3880 1047
657 531 1002
2334 6208 126
833 1026 884
4476 5106 1693
294 4061 879
3121 4230 365
5536 873 69
2378 2512 523
5083 4336 1012
367 4092 1344
4999 3988 1664
4953 3789 386
6560 4143 997448021
2614 3989 898
3715 1485 1547
6802 4491 1689
1295 1480 1746
4614 6638 1463
6095 801 207
975 5359 887
3442 5198 279
6318 774 98
4218 1402 526
654 403 1152
1035 275 47
4903 6527 1890
6452 4977 508
6140 6615 1875
4453 6843 1012
2857 5872 448
3676 688 762
4500 2310 1322
4014 4634 1276
5591 6572 1532
3013 1930 1369
4362 710 1954
2086 2680 303
3111 6431 643
4262 5963 472
1854 5570 1508
4246 4670 1418
5327 3551 1216
2192 3117 1012
1274 2332 1735
6400 99 231
3985 4819 190
3990 2234 945
186 5263 1425
3359 265 1009
1032 4384 1741
2612 3125 756
5906 2474 632
4584 4724 1724
4342 2514 942
5634 1592 933
5758 1784 218
4502 3987 197
2355 6381 1244
5783 1011 1654
6857 5903 878
4933 2240 836
5376 2758 1673
2851 2357 1423
1650 4268 759
2523 2710 440
6635 3065 854
4272 4187 180
5363 4817 1492
4595 223 1932
1352 1390 1681
4344 227 1082
4264 3533 190
3660 334 104
4237 3053 758
413 4536 1891
5745 6806 764
5191 426 746
3578 1346 956
4239 5072 1742
2116 4736 1414
1061 941 343
1182 1014 440
875 5734 1591
5635 6294 753
546 2032 1094
643 2180 1046
3778 5978 1415
3837 3361 1802
321 1267 1538
5655 6459 53
3644 2328 1551
917 951 371
4841 1716 1863
178 2669 82
2858 2820 425
4429 2721 936
3689 5011 717
780 304 1078
1709 6199 532
4057 6518 1720
6158 6473 97
1380 1321 78
4085 4811 684
2565 2084 861
6721 6821 296
5151 2337 600
5834 916 780
4650 4808 533
3392 1094 1057
3489 4633 1095
6052 3317 1431
3560 1363 1941
6543 1621 406
3700 3397 1443
5374 4303 1964
734 6848 1559
6189 1320 1403
1606 1588 671
3812 4933 1197
3157 3263 675
4186 2160 1486
3494 3325 1434
4169 511 559
2662 4013 448
5529 5355 1462
1241 1311 1175
746 6638 736
6915 1777 1430
1457 6389 1818
5246 5204 1676
6489 1952 1667
1453 5946 183
894 3016 1728
4202 909 1414
3267 2281 946
846 3562 532
1071 1518 196
6729 1754 566
3923 277 109
6482 3633 609
5998 2466 331
596 2336 145
6611 2693 1611
1715 314 1100
5204 1971 332
6655 5936 628
6584 1785 662
1628 2566 39
6002 2649 575
2349 797 818
4682 3815 735
2007 4853 645
6081 6708 1884
3525 6134 494
424 3777 1187
5442 611 1078
638 1586 693
6517 3533 1153
5602 1968 618
1632 5610 1438
3590 656 18
4173 3685 307
483 3170 173
6531 371 1304
4074 6156 605
2494 5145 1881
4550 5098 525
1192 4927 1369
1507 2826 238
4656 1051 1104
5531 4006 1272
3171 3095 877
4895 4934 262
2800 5350 27
3168 1700 522
2176 4174 1622
828 6039 1646
3198 6332 1499
5581 6342 1394
2560 3499 1344
5199 1705 605
5506 6396 1912
2980 6170 537
3729 5332 1344
4284 3485 233
3529 4552 1283
3886 2465 475
275 374 1808
6398 5898 1066
3988 669 593
5604 5573 651
1947 3059 1076
4852 2932 337
5494 1471 709
282 5098 1032
573 6617 762
1124 3786 724
3023 917 1517
1505 2486 1432
960 6157 1945
1934 1954 218
4283 3949 531
6371 4044 528
36 688 1366
4385 6121 479
4909 3005 847
3090 1030 989
4726 476 1085
5112 6313 1843
3694 415 1729
4098 4723 1274
5728 806 1489
5182 3894 116
5941 1824 1611
1734 6716 1131
2491 3780 1217
4171 4658 1859
4162 2735 1438
3873 2484 1424
1879 326 637
4386 1680 635
2051 5934 283
6478 2041 869
4455 157 1365
2254 5433 1590
6093 4097 1784
2292 2879 1048
3008 6262 546
2824 1330 1894
6170 3718 1880
1621 1466 1515
5107 6672 1663
1590 5135 1477
4767 6917 1692
694 4465 688
5422 833 517
5847 2263 1112
4099 4600 441
6910 2300 634
5621 3926 1497
1159 5542 227
2869 1533 1368
864 415 1519
5328 508 359
464 4665 854
4592 2291 1096
5105 4351 1784
4481 6461 146
1377 2844 679
1811 1166 645
2163 5421 1714
2699 6404 1508
768 2997 1778
6485 1142 373
4163 3009 1463
6029 1518 820
6557 4226 1462
2866 1700 982
527 5976 1695
948 4053 988
1673 3486 609
6067 2352 840
3114 3745 1824
6035 4318 1208
3200 4110 154
4708 1030 1520
2886 5227 844
3120 5902 1863
5559 4309 858
4949 5328 1978
6775 935 1770
1000 5669 1463
1928 4022 899
663 6546 577
4789 5404 1650
2089 6721 429
528 3193 1067
3981 1278 91
3391 1159 1143
4679 1342 564
24 2454 399
2834 45 1154
1434 40 1791
4661 817 500
1803 5202 600
1514 2471 1799
1603 6979 685
4779 5541 608
5174 1109 747
1989 6548 1829
5753 4989 1794
4952 3139 780
3902 1678 704
2640 300 1361
5919 1837 1179
3852 6731 716
4217 344 1081
6724 5227 1145
6601 1372 1864
4635 1260 1278
3095 3400 77
2474 5673 1215
5121 5634 801
5150 998 555
2172 1185 1737
4931 2691 230
2205 535 1056
5171 271 1933
6284 1162 1762
6692 2399 91
4944 3540 988
2283 4436 1961
3838 2655 740
4155 5683 1679
1788 4911 27
1920 2263 1773
6148 1644 1526
476 6348 1309
781 626 1021
4383 1567 1236
2282 1254 841
152 3728 1669
2166 2260 746
6461 2046 999652064
5162 321 1031
83 3887 115
623 2508 1466
3369 6703 1173
5713 1694 241
1962 1213 963
2499 2789 1434
4787 897 743
3952 3464 32
1294 2878 1581
5886 3713 442
1172 1965 1785
3413 2191 331
1869 5295 538
5914 1938 589
6303 342 1434
225 6400 1627
230 3859 1892
2264 4117 202
5003 188 503
183 60 1734
6659 3068 1508
3787 4695 1233
3060 2295 677
1645 3821 184
6016 3428 644
1513 2070 1635
304 1025 555
4888 4459 1237
5060 2664 740
4898 1622 243
2587 5224 752
3345 5615 21
5123 4813 607
4862 2252 933
103 879 643
4034 5935 26
4861 4808 1333
3243 2510 1324
1040 3717 1290
2673 5821 1279
1275 2652 15
5755 4896 1392
3935 4147 150
6769 3386 525
5857 2589 390
4894 2698 243
6789 170 1175
669 3418 948
6930 369 125
1052 4766 115
4525 1093 356
466 1695 1273
164 486 1835
6111 3740 444
725 2085 257
6124 5826 1526
3549 6769 1844
108 4326 1816
3016 6356 1998
1907 6534 437
4995 1325 1062
2208 2629 1859
5800 950 1378
2617 2403 705
580 1572 211
801 725 466
1346 5789 1439
3343 308 1195
5816 6127 446
2128 6669 1365
991 2 1209
1950 2608 1630
1842 3649 507
5534 2443 1547
637 2745 868
4174 6463 172
619 1875 902
3046 1978 1003
4716 545 1124
2992 5089 293
4293 1747 1743
3159 6315 1093
4431 4492 1989
2220 6973 74
3064 2230 669
701 4147 612
3347 4977 605
6588 6979 1551
5074 1472 59
463 5086 1186
4893 4123 776
2068 5580 370
2033 2059 715
6063 6811 792
4975 350 1171
5702 4709 1039
3003 1496 1883
6238 358 1636
5863 1221 1158
6551 4580 225
5913 283 868
3398 2250 1359
599 5607 1876
2887 4604 1639
2997 3491 1152
2796 1824 631
1614 1174 320
2700 1705 1403
5661 6934 1895
1191 5790 1499
1518 134 1039
125 2322 980
3025 4364 22
1073 2199 1114
6419 4905 1337
5515 5702 1519
3992 3653 1783
648 2701 1916
2705 6408 784
6159 4939 677
4094 6036 1804
5040 2290 1714
6213 4572 755
1190 1469 195
2442 4400 611
2164 2583 246
5368 3182 1127
392 2246 1359
3921 2841 374
50 3730 1685
3801 4409 50
5809 5155 157
4010 827 1224
2267 1639 1926
2633 1885 911
1773 5519 1119
4484 4688 1768
6819 6735 8
807 6753 981
4566 3759 765
4758 961 618
1379 1776 932
1755 972 632
5962 5288 233
3648 5891 389
3268 5172 136
2385 3569 1205
4291 47 1941
359 1309 519
802 2796 671
5322 3272 1583
3762 2316 731
5830 4753 521
2977 3543 1261
2622 5067 1126
5567 6347 1660
2 2445 1636
2628 2894 1872
6325 2187 558
3742 4454 358
6763 1059 1182
3307 6896 164
1840 5298 1307
932 4 1073
5484 4637 1424
5099 4839 361
4292 3437 1178
435 1653 110
2995 4582 1420
4322 4366 58
5593 2180 544
2390 509 1832
6128 4679 1753
3815 4768 916
4794 1365 1056
5441 5629 1951
676 4880 1413
3563 5840 283
4871 5368 1269
3811 6440 684
3496 5718 960
194 364 963
5887 3376 1227
6742 6027 281
6770 753 1208
6530 5672 27
491 5127 793
3487 5862 1756
97 4361 21
2779 1943 222
5862 6389 1751
2664 6931 778
1309 5979 1381
2386 938 943
6864 6360 1200
4936 774 1032
6569 5169 1481
1152 5786 945
5647 1168 578
3321 4514 541
2616 879 222
302 6513 1720
585 215 108
6822 3037 1042
5746 3528 381
5741 5488 570
5631 2930 1361
3524 3499 830
2920 6446 864
4629 6922 1854
5907 4441 514
5735 2618 637
3504 3566 716
5106 4838 1250
1871 2405 1062
6855 4347 824
1805 6545 1788
2611 6743 1890
4032 6964 89
5623 5654 1016
6781 4260 1709
6185 2889 1304
6925 3199 32
3364 2245 1208
6677 1031 1980
3354 6677 1946
4541 6781 931
2856 1063 1790
4821 4983 314
1409 1268 1524
1611 6075 657
1658 2721 509
897 5022 1327
2108 1482 1436
1107 3368 675
3115 4458 1215
5443 6250 1170
29 5856 71
964 6966 325
5710 5237 892
2225 5991 761
4325 2234 1497
3720 1764 97
2586 3043 1552
478 6700 1370
371 3180 1326
3092 6699 49
447 5184 58
6154 3440 52
136 1119 1829
535 4230 272
2219 3959 1289
2341 4268 1533
191 2493 1572
5212 3724 1410
834 1701 989
6600 6674 569
337 1482 1349
6456 5415 593
1238 3950 204
1538 185 1078
5371 6605 1111
1026 2672 1360
1310 1903 456
1689 3285 1749
1814 4816 1373
5918 5847 1090
5586 2297 906
2368 6750 1730
5939 3331 1305
5565 3366 1315
706 2324 327
5848 2799 1211
766 613 1208
6250 651 1530
3365 2836 1234
5039 3227 1124
5764 3788 473
5013 5475 230
6312 1636 98
1665 6079 1626
2230 2718 1935
5823 140 750
5337 2994 144
5799 2985 1346
6701 4892 647
490 1360 1758
9 5937 1106
1509 3409 1871
3011 6174 47
1406 2335 309
3932 2695 1463
16 3637 1112
5495 5674 1895
4410 5436 382
146 6283 457
2613 2290 1799
474 1114 1014
6133 4191 1383
1872 447 679
5444 3218 280
3872 5138 1828
5073 1298 1867
1147 3197 1345
1853 688 530
6414 4181 1604
4765 1151 1881
5287 2322 901
6301 6073 1349
2096 3292 1130
899 6016 1322
1918 6432 726
5085 990 292
4426 1386 999077247
4028 1573 1553
2975 240 931
4807 6556 859
1317 1976 433
149 5018 998
6546 2233 1694
1535 2932 1440
2076 4966 1055
2335 1323 1567
3339 398 1632
6194 2665 1171
459 2633 282
6676 3767 1167
2075 2270 359
5172 4278 1331
1492 435 1559
3355 1702 1556
3699 6917 95
6000 4243 1824
1184 3475 1994
4069 2744 1737
215 2274 739
380 5654 360
3638 6344 1829
265 1685 1185
6091 6944 798
4837 2627 1704
2015 1079 252
3911 4497 81
5572 2441 1860
3481 6400 1790
5582 5865 936
4583 1083 648
3322 2376 1641
6349 3247 1261
3169 6229 373
229 3639 1004
357 2173 1915
5838 1894 1399
2625 2586 324
4664 5825 1546
6447 4090 503
724 2146 420
5064 6006 855
4534 2195 393
5806 6405 1970
4602 3880 357
2199 638 540
2801 5297 1260
6137 1265 1930
6420 5713 807
470 5271 1468
6272 2103 420
3618 2758 50
2449 5959 1425
2692 4380 1112
88 5526 1501
267 4680 1878
6085 3168 451
2577 2606 906
3235 2601 1024
554 2733 380
1060 4329 1343
3164 2260 1242
3956 4090 410
3589 6018 54
5035 6764 430
6956 1432 564
886 2938 336
1800 6708 999392065
4803 2533 1527
2985 5154 892
6832 1482 611
1153 6835 469
4050 2433 430
4512 1707 1941
739 2624 531
797 1023 337
2146 5616 792
714 3854 604
4622 4277 1524
523 5566 1432
235 6618 1138
61 1780 448
4939 1745 1018
2233 4493 1290
718 4899 1338
758 5168 93
1065 5560 1690
3601 2743 1582
60 6316 1795
5948 6207 921
2964 888 888
1945 1334 613
804 702 1075
2589 76 1894
4095 5633 121
6231 5801 1940
1208 3142 98
3770 1460 1911
5967 4798 1737
4957 1128 1895
4036 6122 1002
2091 3036 72
406 4750 959
5447 1224 995
451 3776 238
268 4959 273
789 5991 502
3884 4970 1045
497 4622 1956
3548 1386 711
4445 6941 1503
995 5893 1334
2895 2670 1140
1148 2251 164
6108 4004 1591
4538 4085 1871
2533 4749 527
3302 2377 1276
5339 6814 18
6784 1041 1524
2497 3846 395
177 359 1001
1249 1119 274
3133 4328 887
3091 2695 1093
6353 2759 971
3144 2388 1318
2426 5230 1074
4620 2728 1453
4692 4380 194
5138 1452 1287
1875 6987 1221
4943 1211 265
4352 4687 791
5436 4326 314
5508 4411 898
2814 2310 252
6556 6114 1390
1808 732 1203
1890 2524 1621
2342 1391 855
4732 4248 52
4633 2870 15
1066 3119 1064
1404 6305 1785
1351 1545 930
3208 2342 820
1410 2732 65
4311 4147 1513
1081 5075 849
3775 2526 801
3271 3142 1178
4855 3701 1069
2868 3965 1083
3173 3171 1982
1281 612 1877
3966 3064 1331
4437 5785 1029
6134 4634 1858
722 5926 610
3134 3419 105
2774 1546 1968
320 2773 220
2047 76 1934
1930 6370 578
5147 3276 999837925
1262 283 1325
6713 6630 932
4229 6278 1491
5570 6167 1041
5657 3132 1009
5466 1995 1676
1524 388 710
1929 478 979
4035 5047 1130
1649 3933 150
4493 6518 450
3490 1741 1444
4172 6978 128
4723 4277 589
2101 660 233
6255 531 1586
3022 321 1534
5930 2459 1534
1783 4137 1706
601 5370 1391
2074 594 616
2112 2778 128
6727 4917 1849
1048 3458 1288
4017 5776 1789
6109 3363 1133
3461 5694 1112
336 5090 1918
2407 5204 5
3040 6029 500
4181 1179 1002
2627 142 1283
543 5523 441
1699 408 478
2591 3589 1051
5366 2079 562
5401 1514 1487
2896 2217 381
816 5269 451
356 2963 1285
830 4239 1931
5218 1508 361
3078 440 577
750 6894 833
1651 3242 1803
3447 2465 1324
6808 6172 127
4148 5070 574
4756 6268 1576
1194 1203 1587
457 5392 220
5904 2161 721
5457 6234 179
481 589 175
6620 5899 857
1688 6917 1413
4671 811 103
5388 3831 316
2122 6195 1325
1669 6510 765
5464 5257 168
4219 6202 1051
3017 853 1545
5510 685 923
1829 976 393
743 6476 898
2248 1049 295
6852 5804 1438
6579 5629 906
4990 142 1969
3550 603 1301
1729 713 1140
352 5853 1782
4116 3685 16
6418 5897 1713
5849 5655 7
4189 1218 126
2150 3828 1011
2788 759 1566
5760 5448 12
6145 1030 1784
5843 5207 1261
946 3284 1475
2915 819 601
6458 1379 1592
5373 529 1030
4795 4799 981
199 3776 750
3096 6310 304
2727 5214 148
328 5630 1595
1426 6123 629
439 1237 578
4989 6286 522
3397 4549 558
6788 4805 1560
6125 4648 1385
4232 4700 1222
955 1053 1618
5708 5762 1570
4417 5388 693
1592 5157 329
1895 4395 1657
1267 3038 1038
3511 4627 1517
6749 4389 1554
1675 4380 513
3419 5637 1962
3015 6079 344
2674 3658 1218
472 3713 1698
2691 6960 1921
5165 5941 74
2618 2859 554
1664 4972 778
4741 5286 1193
705 253 1066
3891 2723 917
1909 4724 160
2464 5873 252
2948 876 418
4227 2590 1279
871 690 758
5554 6555 140
5867 222 1621
5024 1428 828
247 4925 661
1661 369 1699
3062 3461 680
142 1001 129
1542 4710 1949
4563 4310 182
4318 4168 1186
6214 805 1927
2223 971 233
1508 2607 350
1740 4791 1545
6550 5433 810
5308 3217 1078
4560 803 1787
2593 936 581
594 698 1343
468 6777 1463
2780 6304 526
6244 6327 1679
5607 1877 1335
1900 911 378
4673 6693 1279
4791 6417 1054
159 3736 1415
5046 4861 417
5485 1473 1789
729 3468 1211
4009 5703 1558
6658 6555 155
4314 3189 1443
5080 3481 536
2058 5652 1921
5338 1086 1714
4676 2861 1622
3900 6389 1044
2364 2945 1638
5612 6573 424
2898 1672 723
74 4518 427
1420 4185 1628
3309 6944 1457
2988 1138 1878
911 4491 793
6879 149 903
6552 4010 799
516 3137 1806
586 1534 1982
5241 1970 45
5318 663 1096
5086 2728 1256
631 6108 1859
2839 3224 1875
5876 5436 1334
2581 6725 1794
2913 4365 677
2634 6908 540
5773 3968 721
3894 1641 300
4929 1910 1690
3318 5531 491
5829 6486 1874
5208 3245 826
6316 4797 961
6220 4234 1135
4025 3997 1842
549 2367 1909
978 2378 591
4882 562 1314
6604 497 1824
770 1173 1689
3826 4009 852
925 2586 1682
6264 4542 1671
3049 6440 22
4611 4393 1617
4613 55 1292
4024 6669 1154
294 1782 999526812
1956 2360 1304
6697 3985 126
1337 4653 1636
2136 3425 475
6738 5742 358
239 5980 78
2209 6004 1968
5240 3911 2000
2217 1763 463
6292 2811 1571
1613 1086 1719
1719 5715 1893
2567 148 1427
4920 5482 682
3060 16 998132073
3656 6597 1407
1967 4949 1355
6923 3264 78
4200 1369 101
2573 4964 704
2184 6335 186
5996 5405 682
2601 2359 1885
6422 707 923
2576 6313 1017
1027 5457 396
3072 2088 1425
5626 1114 1849
2976 1325 762
1790 3911 6
4854 2059 696
6732 1005 1484
3546 2424 1104
2710 3948 1877
5139 1489 1879
5075 5278 505
2401 1470 1778
2429 4241 997
2207 1954 1603
1445 6111 1215
38 4000 853
1884 1248 1984
1952 623 1533
6415 2680 1031
4271 3866 469
6258 3949 457
6826 965 9
3414 1164 1905
1105 1878 870
2354 5664 1130
3917 1340 1342
2246 513 577
6475 4843 214
6059 3897 304
6340 5952 1729
5805 1650 1616
5133 1747 1886
5288 6573 1031
2934 2738 613
4413 271 411
2435 945 52
6228 2430 633
2658 1322 802
6225 970 636
6951 4636 894
3249 6514 569
2891 3407 1357
6859 2848 624
6141 931 145
6320 3883 833
2809 3476 896
5377 183 1077
2689 2095 487
5974 92 1052
593 2090 1821
6762 5293 349
6001 5822 1480
5611 3202 1107
6094 6077 1399
5129 6304 514
6747 6421 1505
4827 6025 482
6941 110 940
1384 6177 1773
5378 4417 1423
6500 4548 1578
1726 6753 253
3387 1343 360
752 426 292
4323 2642 309
4709 6759 1015
6075 6231 155
993 3498 1545
2963 2689 1400
4876 2871 1166
3341 4609 804
4491 1639 852
4393 6961 1846
2400 4929 761
2908 6966 142
2897 4941 1240
277 1211 1090
6430 2990 879
4331 4207 188
3471 1743 198
1331 1706 475
4665 5817 1652
4343 2178 1516
6076 4712 120
2955 1699 1710
5365 5364 1629
1859 6985 1175
161 4744 1540
2280 2399 514
4150 5323 1273
859 1748 917
3798 2630 264
3226 5197 1294
6421 5944 502
5188 3458 1919
4002 992 1197
3751 4985 504
4301 4067 1028
1912 4343 1109
5252 4710 1193
6211 6959 1456
6116 5995 1288
1318 1253 567
4816 1978 1264
3628 745 1225
6608 3984 1266
243 5219 939
2311 3489 1263
4867 2458 1945
556 3784 1536
3698 680 523
5528 4418 1254
4184 6959 779
5992 981 744
4289 1399 434
1207 1766 758
1121 6550 1447
6049 786 362
4605 4138 795
6240 1704 140
3962 2354 1547
1237 5949 171
881 1384 1047
2983 3838 1899
4154 4788 516
2294 226 1920
3066 3628 957
5734 2094 936
2276 3800 1317
3373 715 1510
4603 5510 287
434 4103 1053
322 1461 271
1766 3810 500
2395 3865 1023
4187 2289 1712
3979 1359 1064
5324 2717 829
190 1360 542
5319 6111 124
3830 5706 57
6777 6246 43
273 6302 1672
1683 6317 1025
5486 3132 598
6895 1801 394
5405 1755 1257
6547 4402 1832
6891 5995 463
5817 3232 40
6528 4089 1118
1845 6941 1139
6811 2115 1984
1796 6323 1599
5640 5447 1482
3253 6985 1406
3308 2337 712
5619 1999 105
3179 5225 830
1217 2845 1098
6548 685 937
4504 105 1927
1710 4414 700
2088 4628 1190
4701 5669 1340
3449 3377 585
1550 5954 1948
6688 4731 1387
4745 3298 1383
3236 2712 908
6007 5420 1362
1083 2278 843
1844 2117 1361
3182 978 372
3385 4923 1046
2645 5243 1313
2250 2650 246
5010 3522 1863
1725 4604 515
453 3214 1741
6218 6498 1982
2084 1124 16
1777 93 1354
3372 4895 1767
1531 3852 153
666 3513 266
5302 2860 1556
5036 5090 1043
4199 3255 64
1681 4224 1071
6678 5165 1435
397 113 81
2575 3600 676
3592 1193 294
1314 349 1418
404 4572 1628
990 3541 1328
6382 2464 1042
3242 1368 1705
2742 4688 574
2718 2309 332
81 1749 1013
1046 6248 1904
5067 2025 939
3842 3600 1080
1011 3323 579
151 207 1585
3636 3836 898
5825 611 776
303 739 1786
484 5532 567
2543 216 222
957 1335 644
3773 4862 1131
3915 6101 222
5844 855 766
3426 1943 1856
3571 2277 1158
5164 4876 1984
5645 1233 1852
237 757 1179
3406 4112 398
1855 3460 829
6416 1180 1048
4746 1822 1123
4266 2521 679
4149 5088 369
2092 3979 61
3681 4704 674
493 835 500
4907 616 1410
5671 2826 870
6079 391 520
1347 3472 927
6903 6442 1242
5358 6732 781
1082 3232 80
5019 5097 1406
3943 6811 702
2790 3481 482
3404 1604 134
4919 3188 999
165 2618 1048
1965 5629 165
4851 5260 811
4904 2857 261
5153 296 1297
5323 6054 1115
889 5749 180
2766 4870 391
692 4927 91
5613 5263 1218
1795 5314 93
5704 6383 1500
4785 4714 1080
6718 6569 254
2140 4604 19
1949 1935 1577
879 6041 1932
6603 523 702
6481 4959 373
4124 1641 3
4553 6170 99
4438 1555 1127
3877 5604 236
1198 4851 841
4784 1425 401
2941 3129 1351
5370 4983 112
5100 3780 672
2019 2332 654
3167 3379 1246
5296 1787 246
690 5331 553
2297 1674 810
4082 6640 1205
4041 2922 1879
6696 184 1936
887 55 1456
4051 4395 23
6917 1215 688
144 4785 1326
6631 6464 1451
2530 6952 838
2637 6647 894
5472 2757 610
3520 4282 1450
5922 2428 813
163 6496 1909
286 3801 28
339 4585 1689
2961 5029 21
1132 2563 507
3380 3418 287
851 4837 1375
794 1096 760
6011 1642 122
3088 4964 1210
6172 5442 44
1428 4609 1131
646 5852 20
3192 6438 785
1188 939 1712
4212 5602 1861
2714 5457 908
3410 397 916
2748 6306 1928
945 6646 44
4900 2864 429
3937 1516 1227
2218 5643 8
1242 4141 553
1486 6462 1232
2202 4092 247
3919 6902 1835
5237 4640 1276
5901 6290 1799
2161 4404 1774
5905 6183 1804
3627 638 1167
6191 2678 530
6919 3795 1118
5716 5581 1999
5126 5822 772
4528 5454 1006
113 2427 1684
6644 3147 967
1250 2348 1259
6722 610 1895
5391 4764 150
4552 4859 671
6938 2637 1179
540 4801 844
2027 4010 1728
4569 3954 396
2021 4013 955
3969 3713 241
5258 2713 803
629 3682 1150
4357 6327 1479
3659 4727 812
2947 5367 721
3070 1017 1679
1474 6864 1566
4430 6106 1869
6892 3204 1534
2590 2335 259
3209 1823 1788
1894 4668 1852
5950 2731 1210
4993 2395 876
5385 5190 438
5577 3081 1174
4183 6003 63
3527 861 1257
4206 1210 1910
6534 6960 1665
1880 544 897
156 3322 396
6786 3305 1954
2461 3263 1590
3122 3921 897
2777 5469 1708
3458 2906 1882
232 2711 762
5680 4404 939
6055 2233 1028
1343 341 443
2926 6898 104
2243 3348 449
2381 586 1843
6033 6570 1501
3709 1302 404
4402 5753 1805
3971 4431 1672
2226 6573 777
6566 510 999800003
3840 5546 628
4182 3810 16
6036 3270 112
4582 6546 1323
5807 358 1613
1759 5544 562
5022 5471 1061
5424 1492 992
1886 5782 979
6739 943 936
577 6675 144
1278 4225 1304
3870 6236 726
5427 2783 1167
2704 841 783
269 540 1041
2508 5394 660
2469 2403 335
5217 6492 1791
3201 5351 476
5947 1346 1134
51 2503 1225
2293 2369 920
1687 2491 878
2061 2245 366
4911 6009 713
4934 5365 126
3598 2564 1202
4639 3599 1940
3963 2961 1012
6654 4617 860
5881 1367 739
6356 5310 1719
4858 3928 1318
4820 2323 1883
2751 2647 764
5739 2695 810
1908 2230 4
2371 4300 1776
2588 1914 494
1324 4316 912
1591 4713 187
2467 717 560
2747 2160 1914
1565 1210 352
1644 6894 1706
2511 6209 1378
1561 555 635
494 5099 631
496 5350 1393
4310 4332 1615
6 1903 394
1068 3908 1696
1998 4938 42
5643 4137 448
1372 576 855
4706 5983 573
1156 45 1666
4983 5269 1125
2973 6853 949
3463 915 778
3597 2797 333
6184 3572 409
1744 1538 1657
2660 5054 599
858 1304 1406
2830 2213 1804
4828 6493 1760
3512 4887 968
4946 6983 724
5523 820 1928
4705 804 1620
326 933 1437
5669 3866 922
5014 6596 1461
2350 87 544
6251 4781 1839
4754 2921 1805
3595 1492 1940
1326 6856 98
6308 6659 1064
6428 3146 213
3533 3813 1456
3185 5614 1789
3237 6711 148
2111 1489 929
5719 6453 1374
6412 2616 1941
1911 4970 771
3002 235 32
1142 5433 1036
3130 5214 415
2222 515 692
5438 240 1904
6404 4238 1450
615 4190 504
2255 1782 1680
5168 752 1351
880 5120 1115
3984 5376 229
2841 1150 604
4282 2522 1502
1167 5749 1458
1562 909 1622
188 138 581
677 2385 1017
3206 4878 53
3977 3756 1710
2769 6730 428
298 1721 1316
6359 3074 1963
4120 4743 836
1901 6303 82
3079 4986 1773
547 5931 1613
1983 169 822
6731 5535 336
1229 2026 1938
3724 4338 964
2544 3927 997
1417 1467 638
1925 929 336
5352 6425 149
5937 1875 547
6066 5281 367
4468 478 1951
2402 598 1030
4241 617 503
6190 5559 1427
10 2443 985
942 4138 581
4000 1237 1123
2945 568 188
2156 5984 761
2676 1014 277
5181 1542 388
854 2028 1216
3922 4204 1421
1652 6354 284
4157 4595 1590
6745 218 376
5742 2927 1215
6040 491 898
1836 2228 1557
4750 4326 57
1473 442 447
4236 3413 1040
4365 6594 1134
3845 4681 557
6851 3888 1672
2584 2841 1580
6639 6385 318
2281 6048 1034
17 4184 863
1111 4332 1406
2263 1353 1974
4341 1269 268
748 4895 926
2876 2943 509
4204 1886 1164
6581 22 1807
6139 2093 1262
1791 4625 1530
559 1950 979
910 4035 1103
3029 4497 1539
2855 2277 1043
2020 289 750
4475 1580 1581
5468 1455 1238
5575 638 1548
5142 2639 1948
2956 284 1098
2550 908 175
3508 3262 1386
6487 268 1369
3768 4654 706
1345 3941 256
5362 6553 1851
4059 6809 1576
4006 4165 480
104 5708 1340
1670 4281 1619
6057 5108 1661
4627 6086 358
3714 4092 1610
4815 4923 1986
3081 5528 1522
1674 2025 1487
5891 5011 1538
3420 6088 1283
5053 5694 552
778 5089 1133
1959 2463 977
2816 2519 1323
1544 4755 46
5944 2515 288
2883 5130 118
4581 3015 1185
2695 1148 641
5261 6853 1059
4642 6729 1525
6656 2132 893
3493 6775 690
5400 3324 136
3843 5709 1574
5450 5813 1807
1914 6900 1853
1321 578 1104
2365 5317 115
665 1191 544
6364 5003 69
4337 3946 1140
1396 1253 1485
3435 5018 972
4261 5103 1184
1349 6488 1057
4477 2297 1830
1122 5735 787
1365 1340 1074
390 2494 1292
4403 6841 1691
1408 5529 1653
3068 5755 1467
5440 9 268
4567 6904 681
5195 3759 545
1757 5534 1560
92 500 1079
6352 681 84
3476 4928 1110
3691 4520 55
1336 6339 1390
2706 2999 1401
399 699 389
1654 1009 542
793 5722 843
4038 623 1052
2951 1259 1581
450 2002 494
3446 6109 258
1567 4252 1054
4490 3844 1430
4191 4344 431
3277 1173 835
3042 3748 898
1899 3734 1869
728 4150 925
981 6932 556
6772 302 1353
312 3832 1456
6872 3298 1415
6901 4973 1089
148 2120 440
5779 5764 300
4427 654 185
3887 3243 1772
6823 3590 1673
2520 2984 1773
3149 3854 1449
1113 4592 558
2187 6605 1780
3594 2488 987052208
771 998 342
4130 5968 1949
3507 4920 179
1988 5433 1958
6270 2917 1609
6679 3983 340
6062 34 676
6899 5675 321
6263 58 23
2017 6993 530
2670 3328 439
3204 5472 704
6765 5235 1042
4226 269 1728
2252 4406 1910
123 3735 1554
3537 2625 1885
4081 4932 419
4924 2276 1858
206 699 1111
2621 5240 337
3776 6273 201
174 2830 74
2744 1944 1357
3151 5032 1871
4839 2314 865
4571 3589 349
1079 4471 153
2046 4083 1096
3605 5680 1124
6409 6307 1598
3973 5356 424
3619 5006 1046
896 2678 1820
3545 352 1410
2132 6928 95
332 5420 655
4018 6542 1664
2852 3288 202
2974 233 1304
2273 4229 561
5517 1395 216
6462 1030 454
1982 1246 1554
2825 6222 1486
5292 1686 132
2029 4233 390
827 2238 222
3982 3769 1322
6168 2983 390
5270 6312 1432
3250 1126 1113
4102 3806 943
2933 6057 10
4505 5978 289
825 5146 1905
5542 5633 1348
4305 5978 1233
6080 4372 1640
6959 2210 1226
3610 4102 918
1618 6274 958
1575 2872 796
2013 351 516
5784 1437 215
2393 552 1999
5692 6226 911
1942 1823 549
6342 2854 739
604 2787 813
248 567 1266
5023 6033 615
2579 4118 1431
3428 6008 1518
5893 826 505
883 1304 178
1286 1335 1932
961 4210 437
330 6554 883
386 5875 1989
3745 6093 802
6606 2103 1551
2970 3782 955
656 1023 923
862 6919 507
4587 2751 1355
187 6731 256
844 495 1084
6660 5270 1935
3953 1754 1380
3172 2405 110
3825 1545 392
2318 737 1720
644 2040 1613
545 606 1808
1634 1903 1452
6707 2433 1475
3102 3959 1287
4103 3102 960
2505 29 1960
561 6266 862
6876 4903 647
992 2067 1748
2865 1506 98
6234 5032 1922
2978 3889 145
625 5653 1979
1506 2785 277
2498 6123 1174
6072 6547 1878
1640 3299 1170
318 6143 1096
567 1804 1707
307 1055 766
446 6268 1384
4564 6212 844
2968 6736 1353
1662 6006 601
2097 1586 281
2479 3918 1825
3965 1103 1140
5266 5384 1035
5511 133 1745
4695 529 711
1954 4845 903
2251 473 188
2001 3120 1993
210 3109 1778
499 538 1615
6829 2418 1563
2844 5899 1225
6224 987 1709
5969 5758 1516
906 2909 746
6589 5343 350
6841 3490 793
2303 6722 1552
3427 817 201
2916 2338 1329
6874 6969 1594
4338 5430 261
2969 6211 141
6650 5340 975
1663 3219 1632
6663 1990 1640
5599 5734 1235
5971 1828 589
6461 4325 480
6467 5493 1733
1227 6481 1988
6297 5391 346
3246 4165 1380
3080 585 894
4951 5279 1813
5681 3080 116
3851 2160 1491
3708 4171 827
4783 5735 1602
6053 2099 1369
6838 6489 677
5469 952 1432
5743 993 1485
1495 3111 1639
6441 276 773
6246 876 1713
711 1511 43
315 5214 257
6030 3903 877
3611 4342 604
6239 4528 1503
4265 129 1143
5312 174 1506
536 1437 996
1003 829 1895
3141 1347 189
884 9 1077
3006 2692 549
5154 2247 1342
52 3361 1432
3056 3357 773
6014 1453 12
2298 4288 1202
996 1262 1760
4540 1403 1727
1356 609 1313
4302 112 1075
6837 1690 39
2680 6598 252
786 2345 739
6126 5731 852
6792 3753 1845
4312 5756 1013
6198 1822 1545
6281 3109 1467
6457 6902 230
3371 4908 1488
5618 334 1565
5756 5583 676
5903 282 1303
4702 3634 1080
4277 1760 735
3893 4147 1329
1435 66 989
4997 142 1099
950 5736 1848
6523 3783 87
2237 1810 1236
2304 3261 969
5656 5155 76
2031 3967 1225
5357 3638 1813
4275 4455 1293
2592 3652 894
1290 1173 520
575 4710 234
6853 6764 1881
5334 718 972
848 3303 1073
6354 2027 1104
1304 1365 680
363 1312 757
2820 6749 673
6161 4128 542
4998 1409 1963
6702 1673 1709
5556 946 1644
4572 3037 1656
4730 6078 605
5028 4793 725
213 3369 1909
2060 1187 745
202 5660 1995
3384 4415 42
2272 3668 1281
968 6188 214
2457 2154 1294
3156 4518 681
1985 2343 1848
3868 6565 1687
6592 974 725
3123 6306 759
5543 6226 1185
6591 2319 143
6275 6177 1667
4962 1465 287
5403 2603 1839
6249 6651 429
2394 3008 1793
5027 4230 1527
519 249 1902
2067 3865 1843
485 3278 1970
6513 962 842
5213 1833 1383
6568 5462 97
368 3898 1373
3781 6125 1167
1741 5146 1160
3964 292 88
2107 6805 593
2369 6883 1885
2957 223 20
1883 2067 366
2008 95 1658
5223 1120 436
6339 1151 809
6498 2858 1157
3269 3804 438
405 2556 1918
6235 4284 218
5284 548 809
4573 6627 979
4818 6200 349
5341 3039 1167
3531 1139 1445
3019 753 723
85 6405 1507
317 6856 410
5130 2639 1687
77 2720 675
1455 2390 842
936 2167 1130
3712 1550 1010
2452 4896 1003
6341 4821 606
4407 5226 1172
1963 4476 1462
5819 3364 1777
6723 6260 370
6798 3002 76
4060 1157 1328
5697 2984 1797
253 1730 674
1772 4332 1886
3215 6987 1811
3790 5975 1585
1787 1260 1388
2889 4373 62
5006 5949 1373
4286 2364 1408
3005 3574 990
5767 924 326
4886 5012 1247
6084 3966 1130
5095 1935 987
3849 5554 119
3276 4058 1815
6044 2520 1442
1150 1142 1160
3910 2223 305
1117 6148 1625
6115 4261 1674
4918 687 931
1679 3870 1726
5693 4170 792
5875 6486 979
1186 737 639
3860 2630 1321
2054 1116 528
2399 1979 1133
6330 2450 1434
1157 3684 1116
3747 5671 38
6791 1628 1429
3895 5389 1403
1422 3099 1439
4669 1097 572
2582 6474 1785
5054 51 1732
1131 2770 1832
3057 5914 545
2873 2734 1922
6313 3210 43
5293 5305 906
4478 3204 982
3572 6434 257
915 3036 177
6319 806 1821
47 5122 930
3743 1890 1286
3217 5972 391
4197 956 979
3557 6937 738
2055 3325 1477
1764 174 1650
3036 3194 42
4225 6314 46
3401 6257 788
4414 2122 1157
822 5672 240
6350 537 1968
1264 3071 833
5416 353 487
4570 788 250
6599 858 234
670 2389 849
402 4969 1722
2697 6016 233
3280 3822 843
5235 4342 1615
6920 1014 538
514 6368 1115
6326 6651 849
2231 6954 1454
1059 6822 1451
6774 4059 1168
2155 6951 12
2687 4007 1724
3509 6559 416
5032 685 1276
1599 1989 165
2879 3273 1340
1721 6396 1695
2174 865 373
1055 3762 1795
6334 2457 127
6536 3579 1466
221 5870 1296
3890 5213 727
4906 6414 1673
2069 2978 1910
4140 1968 1979
5795 770 835
1576 3228 1671
2605 6048 411
4835 3297 1501
2828 6937 252
5750 2007 479
5826 2562 324
3300 3980 139
719 1448 1572
3241 6723 1691
2397 1038 110
314 1525 1577
1704 184 185
2290 6531 1227
1680 6009 363
6388 3738 1087
2580 6870 1534
6241 472 717
473 2408 1060
3733 4974 606
6101 5794 95
620 2736 785
5524 471 903
5281 5427 132
5415 5299 394
2907 1135 1638
1427 3434 1641
4129 208 154
5347 6851 183
6226 3194 924
5667 2685 1229
3350 4402 638
4316 6756 71
1303 3292 622
2337 6059 484
1078 2969 185
1316 4358 1948
1028 1691 557
1306 6739 605
3048 2388 267
6503 3065 61
4324 1940 1936
4442 2139 1296
3264 5458 854
5404 3593 1940
3515 5414 1081
6866 5753 1707
3717 2695 397
5428 5797 1149
6008 4828 1208
6833 2517 1565
6178 1142 259
6913 4202 1056
3336 2274 1045
2723 3726 765
5555 3374 1316
2629 3495 1841
2793 2371 115
172 4311 1098
5340 6120 958
1629 3207 513
1813 1282 208
5964 3680 772
3176 4487 59
3857 2884 1410
6408 1703 1090
153 4938 1131
641 1925 270
745 4008 1511
3265 1980 1238
4138 6835 718
983 3968 848
5102 524 202
214 3538 822
2693 324 842
3904 1310 1030
6752 1367 532
3222 3357 769
2620 2800 1020
4884 4547 860
3233 2965 47
4039 6671 1922
1964 3934 281
2836 5358 1603
6413 59 109
6210 5918 381
938 1533 1224
5211 5472 1384
4751 4105 1055
4209 634 717
1236 3487 1431
5603 1093 531
1373 2585 1863
3477 1233 1138
5902 4045 804
1825 6607 1822
2952 6569 940
5642 307 1392
4078 4266 611
1781 194 956
813 2689 551
1635 5343 1184
3539 1964 336
2624 49 1110
3844 1509 236
5382 6223 969
6653 6847 1924
6969 3277 1516
832 268 170
1626 5727 520
2380 3908 1344
3667 4627 1071
1022 1567 1656
2713 2807 668
3637 5892 770
4829 4138 138
4896 1919 1580
892 215 1957
659 719 1116
707 1853 1472
5384 5493 1564
2501 487 1294
2466 2543 1341
3162 782 320
2910 5805 684
6196 3470 952
7 5346 1694
6138 151 77
4089 6084 132
2756 2872 273
4559 2657 1812
4107 5125 1454
5810 4011 51
2615 4939 180
3913 6304 619
5425 187 887
5965 110 1623
3255 4722 1592
1205 5797 1970
193 2924 1168
5263 5871 101
5514 3424 1242
4690 243 1785
1034 4065 1886
5094 1519 307
4435 5878 885
1705 509 7
1375 3213 1231
4409 5098 207
951 2485 1069
900 2636 581
4211 5730 896
5392 1415 995
2541 6766 1940
6233 5497 1484
3174 1952 1448
3869 5154 783
3441 5878 445
5666 266 1855
1302 4634 175
6459 4066 994
4763 2848 1526
988 827 536
4866 1676 1519
3124 3529 33
5396 6871 1179
1378 787 1712
4554 2095 1284
5866 1860 1130
5147 5555 176
5592 6515 1906
3959 2765 1892
4372 631 366
4607 3148 978
5927 6117 140
3459 6642 1141
2278 3232 259
4966 37 1895
4299 4730 15
6700 4201 1373
4720 5471 1088
471 5246 776
2972 4870 1031
949 821 1921
4117 1324 515
5651 4287 1636
6025 4607 274
2536 4600 1911
5192 5077 1847
1653 803 374
1174 4381 1071
6022 6529 1118
75 3158 677
2745 4680 238
712 5940 1506
3228 796 999999592
4551 5961 855
4210 3100 1431
2585 2307 825
252 4312 1066
6965 6582 79
940 4085 441
5465 5049 1051
1340 4044 1819
597 6176 1259
4112 2838 1764
4889 6448 1906
1933 547 689
4510 3527 856
5609 4037 1155
3808 3737 85
5066 5014 1369
6870 1518 1312
583 2511 47
1273 1696 751
4462 6864 583
616 6378 1258
5932 2293 1484
5221 1219 152
5453 1402 1708
6182 4446 1600
5957 4535 323
3936 3598 1049
295 5010 45
5504 1638 569
4030 5120 1201
5574 4154 1384
4394 1760 1002
6471 5178 101
5483 560 1476
5143 3294 1298
591 5265 37
1597 3459 457
958 4702 1093
1580 6060 1066
6596 3991 881
994 2331 606
5016 3087 1278
3510 2613 1084
2372 1408 1176
3695 347 1820
4772 2709 746
4459 2199 1167
1660 4583 194
1758 1907 1400
564 295 616
1630 899 1756
4152 6235 1083
6664 6088 1464
6881 6181 71
1496 2062 1930
3764 6080 281
1533 5039 825
1359 5866 1345
297 219 1812
1707 1769 1658
5467 3284 1099
1677 5269 1687
4774 553 1914
764 4107 20
1636 5763 1556
1362 2565 916
2171 1234 1555
6527 3948 1007
1076 4064 1256
819 244 1799
3968 6716 1401
382 3516 32
266 1542 1169
6005 789 1017
293 1659 1414
5446 6507 1353
6034 305 1517
1849 3803 1035
3196 5251 187
3674 2637 661
6794 4957 775
20 6180 1115
962 6074 1440
1265 3940 1752
155 6423 342
3381 2018 7
1858 4505 1454
5015 4686 447
4812 4828 664
967 4490 1235
2415 1921 1593
1530 3690 391
6555 243 1069
1686 5544 920
5933 3944 440
3819 6876 368
3411 430 844
4503 483 1328
1520 3913 832
3786 231 1010
1850 6705 1627
5346 958 1373
2011 6688 1623
5955 4450 715
6615 6368 1515
3486 4534 196
3082 783 1146
2500 1366 151
1484 5555 573
2338 4096 822
2162 997 981
5884 1452 1253
2566 6697 1768
4744 6100 1841
4021 2847 1810
742 2111 472
4040 511 1949
1904 2673 1752
2667 1438 1371
5220 3213 1123
2938 2549 651
5541 5789 540
2434 3415 1108
4446 2394 408
5458 4676 362
1093 2287 161
673 2757 661
4776 2967 824
5594 6461 239
4440 2324 1370
360 6590 295
4790 4456 894
1080 374 1017
1165 3932 1669
4100 5528 1163
6273 567 1488
4880 923 986
2080 675 1136
6827 6214 988
6435 3954 1030
6454 4065 8
1957 1589 1184
4084 499 487
1216 1239 803
53 6764 1573
5674 4996 768
4910 1327 1022
198 5630 677
905 5838 350
1195 2899 874
2052 4799 271
134 5259 1850
2781 3219 1421
920 1171 1619
2287 241 532
2746 5363 1842
204 799 1485
5997 1226 76
2688 1191 1800
3211 3820 756
2221 5987 786
872 6826 1280
4256 2894 1467
106 1298 850
4203 1399 161
3835 5932 114
1717 5728 380
6468 661 749
3326 3843 1769
6906 6541 948
4549 1209 1120
4734 5511 1976
3623 677 856
6506 4173 787
4628 2789 1676
2761 5765 744
4513 407 1984
1794 6793 115
2465 491 789
890 2129 1179
6464 6659 1867
5253 6433 1571
3725 4019 1587
3620 5935 809
1016 5173 1338
280 2397 1145
1425 5257 401
5196 3961 1381
3767 6390 367
1487 3507 460
2946 143 1675
5868 1431 1183
3475 2876 299
5271 6075 846
6621 4062 992
5360 5594 1901
4075 4198 1714
4859 5161 564
3581 4696 888
3020 5600 1420
4634 4813 768
6283 1221 965
2985 2875 997524129
1342 5546 1340
3806 5656 1362
6564 5005 931
3692 999 1417
5202 5639 618
6069 962 595
4333 5269 1999
2722 3716 1685
3561 1595 399
62 93 441
3153 1790 781
1727 1697 641
4367 2677 839
1319 2847 1026
5589 2721 1127
6642 6101 384
6880 4093 237
5087 2579 1621
805 4363 831
560 5481 1358
2453 2109 1920
4335 1167 944
6652 63 1935
4384 5945 1271
1494 163 239
1084 2960 1466
4517 5190 464
5856 3713 1999
3526 4381 1408
1848 6612 1976
3445 3636 1608
3568 5905 1909
3941 3456 1818
6424 6601 22
4463 1721 261
1004 4130 1695
3946 2137 1164
2804 784 1032
5533 6312 749
5250 5641 1951
1085 3644 856
410 6608 1215
1369 2183 1456
4624 5672 967
54 1489 1037
2028 156 131
5475 6994 238
4482 61 1183
1986 1335 1944
1120 6697 1601
5894 3837 524
6768 4491 1187
1311 1959 1764
5090 2167 332
5521 3254 224
1258 3796 859
4118 3030 1906
5193 6270 429
3378 6469 1673
4071 5166 1686
6842 1171 141
997 1291 1611
5344 3207 1582
6896 6189 870
2979 6820 149
503 681 1040
2224 4743 1259
4976 1585 1637
2842 4351 534
5720 3794 1421
3719 351 738
5808 3812 726
2999 6318 1119
1031 541 216
3654 5324 936
1287 808 506
1433 5680 1760
6152 358 1736
379 2553 1065
2827 1899 1056
5926 6456 179
4398 2294 678
3028 61 1535
5638 6273 1327
4864 1942 1125
2376 6516 244
2509 2162 1524
6759 4484 1278
4215 3215 594
4872 6454 1316
2631 3000 865
6961 2801 939
1559 5522 227
6725 3104 831
1779 6412 187
4223 4216 41
2493 923 445
1754 6822 780
2685 392 962
6051 5608 1191
5244 6781 577
647 4831 1837
3710 1468 565
1418 5488 421
279 4873 1234
86 5950 1799
966 4324 1264
1403 647 1482
704 4669 652
3828 3752 1460
3225 4585 715
3377 2131 1554
4465 2444 327
5527 2852 119
57 6711 1991
2094 2276 724
947 3286 67
5242 4946 1010
5622 1538 1412
4654 2187 448
3688 6256 799
4313 3288 187
1204 5534 560
6672 824 1796
2709 2020 1390
3976 1344 808
6886 2171 542
6518 2131 44
5291 4267 1809
2463 4429 719
5749 697 1433
5687 59 1997
1657 414 908
508 5374 491
4721 2372 19
2719 806 1138
6815 4590 1226
1517 1520 1349
6117 6896 1014
2958 2737 1977
6548 5403 999915937
4735 2041 942
5381 2518 1800
4722 3924 1094
2750 595 1858
513 3363 1850
184 1488 781
796 4559 1713
1648 2372 1601
1279 3699 817
3000 2869 1977
5092 2240 1940
1385 6830 1652
4104 1819 1121
370 569 1406
3138 2720 461
4454 96 896
3875 3844 817
3273 2344 271
259 1345 295
1075 4714 688
2798 4007 1072
1970 1952 1302
4151 412 828
5793 1047 481
305 1802 1179
6807 6920 1167
5679 6959 490
1339 5270 546
2262 3752 1050
3065 1827 149
1069 6786 511
6825 4172 1997
1296 5959 171
5540 1698 927
4836 5085 660
3098 5119 119
3229 1742 536
2106 3374 113
2527 1470 581
3272 1695 937
2630 6755 1499
2065 2002 211
4213 3089 422
4516 4303 436
1955 4986 693
244 6493 436
607 4574 944
2356 1714 265
3010 1521 1153
5789 4241 3
6894 5029 1505
6375 2415 1902
5822 1100 655
5972 1856 567
6103 4946 436
6104 5875 674
2312 3679 924
4432 261 1226
595 2308 870
6803 2106 1450
1684 4099 1500
4688 5715 290
3615 4130 737
4361 1223 1614
364 27 33
5160 1265 5
6219 2386 1944
5114 3051 1643
6212 4928 653
3366 4452 378
5117 4745 1386
4926 4100 567
866 4249 1719
6565 1093 1336
882 2496 740
5233 5863 1540
131 6559 1639
6744 4466 1746
5175 2547 1704
220 839 1494
2813 3864 746
6469 5465 518
3439 5728 1354
412 4858 1661
1768 538 95
1624 3415 1157
4719 1927 1141
3452 4563 541
1943 879 1848
4418 2749 1894
3871 2593 1838
6434 3613 1055
6119 5611 647
91 6678 849
2439 6234 406
5033 2283 1125
218 2816 501
5984 3012 526
3260 4917 1551
3978 2618 988
3858 236 1671
2840 5867 1322
5827 1088 977
850 397 1790
878 6424 634
1448 792 1839
2428 4660 623
1659 3325 659
3128 4422 859
71 5163 234
5135 3639 1827
2518 556 695
414 4028 176
2210 6687 1050
5225 1374 441
6293 1229 682
1792 4247 1900
14 2095 1561
5187 2719 1634
1298 403 946
6317 2129 850
2238 407 596
2875 6826 1199
6545 1251 117
1443 2127 1536
6893 3081 662
3535 683 1225
6634 3006 916
5043 3828 1011
421 2261 752
272 3482 1583
754 4463 683
699 4187 596
2599 5 31
6386 116 1454
5005 3284 1025
1325 6937 1049
2965 4250 826
1130 6546 296
98 5280 760
6268 2010 1892
3375 5946 1226
2454 3826 1671
5031 2098 1902
4618 3562 1769
6651 4577 743
2148 2399 1256
6911 3387 1429
2519 3988 535
3805 1455 1404
6622 6002 199
2986 2411 764
3009 5594 1035
3505 5264 1097
6009 1008 1452
260 466 1573
4350 9 1818
5584 2526 206
2445 1097 949
3999 3749 890
6291 2968 816
2331 6416 50
6845 4477 1540
5214 3134 1436
4356 5054 798
1589 6126 1592
1414 3435 138
2016 5000 8
3607 388 1011
800 3579 1950
2370 4112 1656
4561 4221 896
4460 2248 250
6733 6467 1026
4959 1451 855
5417 80 985
2734 5282 1269
668 2003 991
1695 920 1112
2510 1909 254
5943 615 464
1383 3045 1119
640 4053 460
6509 5866 1038
6632 4410 1821
5262 298 127
4469 304 9
4026 2311 781
2724 6474 1829
6533 5569 1901
2090 2553 181
4255 3644 412
2562 2296 935
5500 6151 917
2437 6937 706
1935 514 681
4646 6655 1077
3683 90 1383
3424 5848 1847
5865 692 1021
5149 2800 223
6322 4816 1206
1268 3426 743
2931 5854 1147
776 1152 21
2547 5070 1040
6714 6499 763
2927 1430 212
5546 4181 1765
985 5894 1539
3089 6942 1832
2319 1096 700
6176 5540 1424
823 3558 1527
1556 5177 226
5566 1035 323
5670 3480 1042
102 5666 509
2440 1344 453
3178 4383 1072
4985 6083 1683
1713 1962 834
4636 4561 507
3938 4065 1588
1780 5483 530
4711 2232 1071
6627 2291 973
4799 4975 144
1252 2853 67
6638 2880 1313
1149 6400 1573
2026 3251 965
3821 5534 344
2320 6568 13
6928 4944 1870
867 610 1702
6436 4024 1596
4090 622 1466
5041 4779 1303
5227 3639 857
1234 2495 1695
6345 202 81
5229 4905 1766
6177 5272 1532
6351 5393 1308
6790 5651 393
5004 559 1460
4529 3488 1238
5639 180 266
1282 5051 1050
4796 5532 1086
4339 5447 1396
111 132 1370
2403 6830 271
5463 5367 367
5433 3219 676
759 2798 1523
518 244 1956
6150 6763 812
4675 6896 20
2516 899 1096
5397 4547 172
5895 3730 1075
3734 3007 1637
2918 459 892
2120 2594 478
5968 2170 1765
3839 396 852
6940 5878 302
6306 4041 1615
2239 260 680
6455 319 1536
1047 2165 696
1856 3038 363
376 1678 1259
3727 4140 1210
6907 261 30
1515 5561 835
3785 6455 208
1038 4962 1862
5701 187 1134
6078 1229 978
2760 6905 55
2200 5737 1167
4224 4328 318
4833 4803 1379
5361 2354 1544
5548 6220 932
2211 4734 378
440 3498 882
2768 5626 1466
829 6376 1084
6288 4211 367
6628 4473 1523
1528 2111 1991
645 4493 490
3736 3414 749
6719 2936 1517
3304 4724 1505
3448 6510 1192
3469 3667 1928
3593 877 1304
3497 5655 1645
6843 5056 1432
3782 2026 1950
667 1659 1239
6779 3435 995
3330 3232 660
1475 2683 246
6699 3223 623
6665 6360 1795
209 614 1335
2998 3653 155
1595 1766 1657
614 2545 263
4308 3785 1676
6147 366 1172
419 6180 582
1141 3030 28
3431 2554 1562
5482 3205 163
3655 5304 987
5026 6707 300
2203 3576 1545
3131 5341 896
2228 2959 1981
2258 1950 1733
1087 2198 869
6129 65 161
893 577 1453
2406 543 829
5387 2898 366
6276 203 67
1738 1406 1219
2492 3580 1017
5977 5073 1241
1438 6221 1715
762 5063 1887
2643 3113 471
1305 3881 1664
1838 721 250
2478 5697 1358
112 2221 1144
4287 2364 232
5437 716 1962
3847 3301 1549
1322 1162 1322
5550 6200 1492
1526 397 290
4496 4660 70
5791 1298 981
2420 1321 1604
976 762 53
3632 6811 493
1467 6066 931
3374 2708 354
70 3086 564
852 1877 1929
5978 1295 542
6687 5154 680
632 4400 1591
4043 6223 974
1714 4644 1839
506 3120 282
3306 6322 479
3741 5460 1795
3705 1181 316
2789 6836 432
6266 2533 1851
1691 3886 916
5048 1605 786
4381 4235 1156
1731 2392 219
5409 2915 1559
1244 619 1162
6216 2533 826
4434 2642 628
6393 5128 69
1824 17 1141
3213 6105 1157
2932 1132 1176
785 931 1722
338 3079 561
731 3523 1096
5307 4566 593
4480 1055 770
1348 4882 1411
4938 4122 1435
1733 2187 360
222 6244 1754
5226 5185 78
4696 4240 1730
3670 4170 1566
3629 4746 16
6463 5695 328
2023 6618 1181
3599 2395 1267
4063 1915 666
6867 4344 362
2758 2698 1062
4003 1884 172
3251 1669 419
2860 173 1584
5122 783 1347
3248 6229 843
738 5586 1454
5499 5097 913
2085 5280 18
5050 5511 1392
1702 2233 1747
5916 1577 849
4096 1337 816
5179 3649 669
3600 4617 1674
2048 3448 852
4963 201 773
3569 6656 1817
576 4399 1079
6964 4636 635
5699 4532 755
2838 1219 1724
2675 1458 1885
34 931 820
1248 2519 547
5986 3921 786
5414 2497 1993
2928 4504 551
4806 46 738
2436 3251 1247
3947 6705 1859
4625 6157 808
4838 3265 418
2971 3914 938
374 5345 1899
6512 4473 1399
2666 5859 1605
5282 3248 1190
3854 1118 973
4544 5913 1490
5993 5742 1328
1563 1428 152
812 995 153
2488 4388 854
4748 5912 620
773 2254 1063
939 497 1999
1527 4865 1992
3583 6755 241
1822 4719 953
1551 3436 823
365 4299 368
5763 984 389
130 6576 655
1471 5633 1383
2987 2527 620
6321 3159 766
2285 6424 239
2295 3721 794
672 1416 1644
5353 6987 574
2678 5028 118
5854 6752 1
693 2151 1768
5380 5084 1318
4612 81 1831
5684 1401 1341
6056 5623 745
39 3192 1386
3909 99 1794
3696 4066 1083
4964 5726 553
5644 3996 778
6068 981 1777
5311 4253 1730
4958 240 1806
3027 5550 1711
6387 4742 407
4300 6592 1235
6254 6387 1586
1696 5586 1100
4288 6463 1832
6693 5061 1044
316 1821 403
3499 250 676
325 5612 309
2277 4085 625
203 5193 418
5721 6032 1704
5605 655 799
6155 6487 824
3313 6851 312
6810 1426 1755
3287 2457 1946
1332 3448 471
6451 6473 408
4395 3248 998129481
3107 5468 280
3334 2779 201
6796 49 1154
5007 2958 1063
5549 5524 500
1752 6576 922
1866 907 1606
691 3857 1542
4268 5269 1921
790 4427 1353
4591 5416 9
167 2502 627
3728 4715 269
4113 5872 656
498 4043 493
6526 1351 255
5140 6444 1599
3866 6638 1687
3682 45 1271
6023 3186 171
5871 6386 314
4499 3526 1411
2135 4271 945
4334 6394 1044
1837 3796 464
1638 4739 74
4742 1662 141
6460 155 1837
655 4791 159
4519 5359 380
6813 6560 200
5038 177 1169
4556 1853 402
1749 1801 1019
1769 3347 782
5111 2250 893
2109 3507 674
6361 2538 133
1154 1535 1410
6289 3481 1725
2568 6014 1484
2302 6310 667
814 5684 48
2791 2042 888
1605 5003 610
4441 6093 1262
1049 3874 1796
3071 1156 1819
4775 5794 256
1968 2819 464
6586 5029 1767
3772 6585 19
1799 588 1354
4269 637 1330
2484 3993 284
2558 482 1572
1570 1588 1813
5055 4827 1047
4808 2436 1388
4332 2916 1080
5021 5569 135
4537 2692 796
6050 2513 991
3753 4629 1060
5155 6766 1925
715 797 647
6445 1417 1439
2346 4368 130
1821 1666 1564
3052 2820 461
4139 4915 152
3817 3880 1839
1456 1335 488
2070 6867 642
5146 625 737
2921 60 726
6027 2762 621
6227 6570 1221
2776 461 1128
1944 5936 827
5596 2779 1744
4921 1283 1241
2904 3804 1315
274 3964 1044
5176 6694 598
3473 2135 1209
5497 5061 1467
411 3701 1368
6681 2487 591
2966 498 1898
2363 4524 850
2315 2365 555
3859 734 1176
671 119 1432
5776 3357 1107
1175 1208 271
6407 2479 1118
2451 1719 1714
4941 6500 1849
2194 3540 1627
31 61 947
3640 2468 1471
6854 606 674
4488 911 1010
3685 5471 454
1137 4602 711
4704 157 1392
806 2764 435
5987 1601 1170
2340 5268 1797
4908 4874 1741
6205 2400 1714
6885 4649 1029
2811 6032 233
6440 1770 1558
287 339 932
5801 4071 1020
5299 3435 1064
4270 4185 892
4253 4724 1340
5994 3488 293
874 5 1799
876 4427 99
1243 6288 1018
3184 5412 1300
3802 2207 1174
6399 5895 929
1381 6225 1769
6544 1221 851
212 1714 1927
388 4059 1845
341 2999 1250
3230 3129 1168
4578 2034 829
49 2632 933
6539 2302 1905
4875 580 1788
3085 4801 1530
4472 5448 1521
3101 3060 763
1540 4965 73
6403 955 511
5184 2192 579
110 4431 66
1145 1959 849
4715 3944 963
3408 3442 499
2729 6740 494
6571 5899 1509
4840 373 308
