95 10 100
5 68 461056378
6 64 234735938
10 84 386695627
1 98 13076206
3 21 890128022
10 8 245383690
5 21 233187723
2 90 465741490
2 14 961406526
10 34 595657650
6 9 682981504
9 44 251135858
1 10 730471126
10 89 830042191
8 6 347900132
5 9 942746715
2 56 977513975
7 1 763872817
4 93 642503455
6 54 646834763
6 56 109196923
7 29 910646812
5 96 11156189
4 68 577410263
9 45 807310609
4 21 452919558
1 24 384272679
7 80 973789086
8 28 346765093
5 33 75763364
1 65 638754647
1 74 953054509
9 55 534915559
7 99 294044156
6 38 206082060
4 86 15863102
9 3 196548465
7 35 536048160
1 33 87810354
4 9 521196249
4 32 630015892
5 88 600418232
3 57 975953024
3 55 877977834
7 61 77754204
5 91 638619686
2 62 435006802
7 54 418091801
4 60 983294644
9 55 797404416
8 29 67606971
2 16 680700718
3 56 489228397
10 48 862646439
1 55 196892940
3 50 576306993
1 70 505974995
7 93 184821866
7 80 168984024
3 9 140705232
8 57 79756322
5 55 454661107
10 10 737252587
10 84 930084620
7 71 511171469
3 15 44709823
8 11 666287386
4 32 280873220
9 53 487869545
8 30 447166399
5 46 912608853
3 44 621832717
10 59 926429667
6 54 534105047
9 43 30652047
7 49 771487777
8 23 866105076
9 34 546303018
1 16 656051166
7 13 74992673
9 75 42744374
1 95 82111438
10 71 232088260
4 55 857047574
5 73 548296496
5 50 188172947
5 68 42756912
7 99 239600309
8 54 433964651
4 92 231919153
1 83 151091933
1 48 732217909
1 12 584486645
9 62 571012224
5 9 838385341
