100 100 100
13 66 776045893
47 26 39219964
90 97 117967827
69 61 77977555
35 43 444931229
92 51 501672426
79 29 108989970
75 18 166559209
39 97 401419626
26 4 618690510
84 1 791790875
49 42 447565540
72 33 418727774
44 30 824217068
50 52 877262116
7 28 25904179
78 14 81649849
31 2 941360976
81 48 262364103
6 8 311533505
10 34 190419693
40 10 145051758
17 66 977606652
80 18 485121515
48 9 454197512
2 61 732742641
46 50 341227150
42 74 694967474
3 61 653552975
83 29 731298762
33 38 754396767
22 97 838542617
24 29 31635346
16 64 76485424
1 70 549962462
28 74 850076605
37 68 790486172
67 21 423559037
74 97 660753665
14 57 571112216
65 44 754061656
25 79 762185047
99 80 664134887
98 51 52749011
23 58 756391683
15 77 300275400
43 83 362488091
59 53 281329055
56 89 997192950
82 25 640819828
54 61 272047851
88 24 847399471
51 25 660706840
20 100 252043748
60 38 851407913
85 40 48828112
34 91 917213506
76 74 108164233
68 97 394023842
93 77 265679784
41 34 92148718
73 7 823548231
45 95 88021864
27 46 649631268
12 69 347616793
97 83 498532291
70 75 92122419
100 36 6635277
4 67 141697941
77 42 57623154
63 98 706104196
18 13 581153096
87 79 131401646
5 15 523608086
38 64 983024286
21 32 229057585
11 75 931108047
96 47 333800215
9 91 304982429
64 78 956602549
57 87 904388882
86 59 187251646
53 64 317515171
29 56 784638231
58 70 955261194
32 52 552201889
66 7 211604931
89 55 455296223
71 44 293229139
94 3 184649587
8 62 709417167
30 90 933741591
52 64 784390232
19 82 62793928
62 99 742572989
36 34 972234601
61 22 859626317
55 62 815994201
91 71 304842751
95 84 74095123
