100 1 99
1 19 412373968
1 13 284266953
1 52 472412087
1 28 44413688
1 10 342928235
1 62 280085991
1 59 142379537
1 85 775288653
1 43 920354596
1 57 608163801
1 78 258809522
1 39 341362355
1 72 608037511
1 94 778618930
1 3 508479027
1 16 625019211
1 40 57256617
1 16 120369844
1 63 248306350
1 36 293440209
1 75 865475333
1 31 786388109
1 19 918085301
1 66 453601686
1 26 135018158
1 24 921714272
1 31 164002700
1 65 16384376
1 71 686231677
1 81 115026998
1 45 615420230
1 56 509480596
1 53 122420051
1 70 544142095
1 97 736812730
1 31 53468615
1 2 538939637
1 24 27713081
1 65 574013093
1 17 997908019
1 94 395620559
1 48 708292532
1 35 457186415
1 42 883365597
1 93 567213288
1 90 943888293
1 47 898516800
1 48 665537100
1 88 500644270
1 52 266618721
1 84 362690693
1 93 130498457
1 39 527806944
1 37 276526513
1 87 371867262
1 33 336273983
1 75 149263813
1 36 624976729
1 34 90954181
1 73 114577756
1 49 783532806
1 97 25547312
1 33 765707995
1 42 821655063
1 31 142189645
1 95 203901768
1 45 147236963
1 46 753231871
1 7 5430037
1 76 180601657
1 6 251178579
1 1 154675827
1 50 943559527
1 39 758204733
1 10 738311778
1 75 758120324
1 58 473254602
1 94 736080348
1 72 551044640
1 44 637659193
1 30 214517390
1 16 898107872
1 2 441531561
1 12 685330041
1 62 50414168
1 91 744432960
1 28 194877025
1 65 357847664
1 21 315294432
1 64 638136345
1 15 620749625
1 48 237792370
1 47 547408186
1 32 591046678
1 4 563825866
1 25 381182550
1 78 881763095
1 20 833847446
1 5 995783410
1 70 549373155
