96 2 98
2 16 528477808
2 19 50688868
1 48 38469614
1 67 552816707
1 78 97205830
1 58 985388179
2 67 765348605
2 91 470262217
2 12 227653636
1 45 114758403
2 55 985357836
1 32 232832897
2 56 54120363
1 36 462478422
1 34 538429301
1 1 12634777
1 94 825719331
2 4 158004730
2 78 226933328
1 60 343433875
1 57 317178714
1 90 909864701
1 69 417909221
2 57 619005767
1 59 272651279
1 65 625338746
1 35 661658359
2 37 236372990
2 86 213966014
2 41 120545436
1 46 781945355
2 34 158824275
2 33 36070751
1 49 488211804
2 41 586361847
2 1 110641640
2 13 219305326
1 51 733437151
2 68 137063432
1 21 632710255
1 15 263960902
2 72 182514490
2 83 350501809
2 5 660115626
1 97 687073356
1 56 533255212
1 80 326839766
1 6 416666085
2 14 964952310
2 38 143342795
2 44 791323811
2 4 104387268
1 30 961634133
2 17 414482451
2 12 256153182
1 27 607115030
1 72 704365518
2 53 528580423
2 36 845937106
2 91 457412123
1 40 182644583
2 8 246078016
2 96 776810148
1 82 780492891
2 16 611755324
1 70 830016182
1 12 978841295
1 38 351941323
2 69 649050949
2 42 148237833
1 56 849230484
1 81 626449836
2 64 918420718
2 98 362712509
1 55 108993571
2 15 749758870
1 68 150320318
1 49 111180622
2 49 115328823
1 49 698456097
2 1 98680575
1 11 255668948
1 87 542516621
2 34 122088419
1 9 135505544
1 51 879560043
1 39 441288281
2 14 988040781
1 97 224178959
1 57 335918657
1 47 905709190
1 78 446767540
1 45 630952830
2 40 373428935
2 23 806730061
1 42 985999984
