200 50 200
36 48 950555749
30 14 605927579
24 78 185896284
29 177 565809153
47 168 389652816
48 149 4480484
39 181 767352019
3 21 103020997
38 13 133666707
3 4 83809234
20 63 900317967
13 80 269579619
21 128 883942903
15 23 995653365
25 83 769207709
24 188 415068624
29 74 485936611
3 165 550221441
32 87 757191192
20 179 945694766
27 13 866859183
49 18 603994035
38 143 287840060
9 105 523575713
37 91 435213404
47 157 174976205
37 79 382666375
20 7 476788405
8 116 821032361
49 125 326622439
48 173 574894148
13 187 926240263
44 192 613157103
26 138 101602669
42 180 401426231
36 19 541954717
14 92 524175922
46 68 747421210
17 160 134237210
43 42 284293072
47 88 219129651
14 102 622974226
11 187 953776686
43 76 406968647
11 50 167210343
47 179 250755473
48 29 93895416
16 18 698948367
41 179 820928434
24 118 356908541
30 164 250738048
29 133 885792241
24 200 380962527
40 7 40044023
19 61 919400587
18 40 546714849
40 107 147952457
12 134 281875338
34 144 512143158
16 77 324728055
11 33 776603751
27 160 972662355
11 33 217955840
4 22 319804893
39 165 914881524
35 169 58627508
9 68 575611940
15 41 429625811
10 35 801667327
8 94 210291774
43 52 22848713
8 10 382022110
43 55 125105725
28 97 174174985
45 179 736853912
48 6 702925140
5 103 684432860
33 173 392419882
25 16 850899765
29 194 256084343
21 147 5018103
35 100 145044084
35 28 672296627
7 192 608021020
4 125 13226461
1 14 391845509
2 9 422088783
7 168 567926082
12 107 278652154
15 107 800216180
24 30 907492792
21 31 392546130
13 68 811028039
19 72 408266753
30 85 609117717
12 39 664915676
13 163 696840162
8 73 938463366
27 68 125156981
43 114 816423145
24 83 227947342
12 123 959605870
42 63 136091308
33 88 793979434
20 41 819919087
12 21 219280047
27 12 157289668
42 174 196507602
40 77 962046977
6 105 411959826
21 37 917195779
11 88 140972344
34 21 162037954
14 84 92006666
28 154 336219847
26 35 320492611
19 157 343252037
14 72 381496861
4 40 422627253
50 90 455927567
34 16 104235348
41 196 268810632
20 113 32029726
19 194 560634034
37 4 220695996
35 145 464689716
19 89 632214517
40 103 876028052
42 182 834401405
38 23 628102747
45 15 590929096
48 3 229377545
13 99 781562766
13 121 964252395
16 190 934118216
1 93 29847408
39 173 84667229
39 188 277223067
22 70 210617503
14 34 663987031
43 135 573457353
48 173 557663205
40 8 222806108
42 179 72847485
2 176 216294853
50 99 507913225
26 62 21492990
12 193 677775363
41 60 582886659
48 16 655747883
10 79 184394667
37 179 204474756
43 45 749214393
17 195 226251385
41 190 255214424
12 93 940554213
25 129 806057115
5 99 97069020
42 152 974699254
2 124 122603867
42 46 29955727
47 117 125093077
47 130 271180820
20 63 953421695
9 76 983775365
7 162 135081275
48 40 147343925
38 143 181808791
12 143 548372462
35 126 957320582
9 8 805641300
14 15 229949472
31 128 22894933
39 149 896224338
33 185 191857048
6 90 511579453
28 120 730950134
4 94 742330801
8 190 309764515
21 150 980439478
23 147 833857723
14 21 70866478
29 24 428999512
1 103 283569948
3 69 148250822
45 189 670761136
21 25 195808924
28 32 691940276
32 73 582930205
46 73 191629993
44 46 328927355
24 19 204825191
11 136 401406957
35 127 989319503
34 112 674825391
4 116 503863370
45 127 663280348
18 95 394344264
16 106 461639449
20 106 845137238
