200 1 199
1 128 824600560
1 127 112219532
1 12 143699094
1 103 566311267
1 167 38420489
1 96 134526506
1 37 27018425
1 131 732136452
1 176 57654948
1 33 311505313
1 109 617932628
1 35 422737013
1 173 193760705
1 47 144337121
1 82 400386694
1 161 472191910
1 173 933530930
1 138 529839119
1 8 853198672
1 45 940526417
1 126 323792953
1 83 243392791
1 145 951327402
1 93 649840497
1 183 600077080
1 186 619860980
1 178 715901113
1 47 678527140
1 128 996943481
1 141 291119222
1 164 873634339
1 124 709438258
1 37 830984527
1 129 710282034
1 153 443077069
1 108 273522861
1 64 771182685
1 66 879945275
1 5 687625836
1 91 637239307
1 87 43511180
1 166 179688137
1 134 314312210
1 127 992688102
1 168 930745675
1 133 384986502
1 176 113190314
1 53 40208077
1 103 907686946
1 10 587760029
1 97 52057848
1 74 486468869
1 53 869324071
1 181 740285926
1 99 661359913
1 108 277345969
1 129 930686051
1 118 880462267
1 51 16106312
1 65 24374932
1 153 52012524
1 37 959714663
1 170 786783904
1 182 214155727
1 179 378027402
1 177 430195764
1 9 658744707
1 52 296002983
1 180 837755527
1 8 259719392
1 114 653242992
1 139 441226631
1 107 971198962
1 194 50733445
1 64 690914479
1 66 674393124
1 61 857277066
1 153 249482509
1 11 74253678
1 187 193699705
1 14 729985574
1 144 638982184
1 8 317371129
1 122 948557668
1 167 966630912
1 18 154100575
1 7 159962700
1 106 966223203
1 131 91998898
1 41 892945763
1 76 405349812
1 139 608553064
1 130 263567038
1 164 922769029
1 37 115998988
1 65 480943089
1 97 438748390
1 37 143184775
1 15 19770668
1 135 474165862
1 131 358156359
1 126 177618388
1 76 167796158
1 75 194704782
1 185 357714516
1 116 417247194
1 182 36030662
1 182 953796458
1 145 765214571
1 88 167764976
1 89 368841547
1 66 941684440
1 101 561617338
1 159 830749847
1 132 573699039
1 181 832466037
1 179 68361944
1 151 540411409
1 24 166274227
1 191 853489706
1 115 837470926
1 147 131081749
1 91 482409029
1 94 355484936
1 114 250078652
1 135 113227653
1 48 711958970
1 117 480669147
1 51 82590642
1 153 622720456
1 102 227886266
1 78 723747172
1 147 463064785
1 181 230260331
1 165 872981985
1 168 305684959
1 173 110649936
1 67 64489910
1 18 58074389
1 105 43831812
1 119 312471220
1 107 831159063
1 141 981743882
1 19 781009029
1 193 471501987
1 112 198915371
1 109 288773732
1 6 603694895
1 61 73739784
1 178 352112721
1 59 810189560
1 167 767814881
1 166 594717824
1 195 743908048
1 40 209462095
1 63 129187250
1 8 757804038
1 134 124158949
1 103 224362290
1 91 747679690
1 58 242140269
1 32 34743133
1 76 986390520
1 86 631992831
1 149 455095237
1 97 953849793
1 158 221685774
1 88 88909814
1 139 256119788
1 56 738239509
1 145 599901035
1 160 265426253
1 47 646362652
1 17 446254821
1 149 870072870
1 150 206813892
1 16 135073270
1 132 325653705
1 140 328008320
1 197 625926103
1 87 585778063
1 37 921437498
1 163 580484312
1 165 74918115
1 29 185918684
1 174 96309077
1 102 314806784
1 27 455216862
1 138 252659353
1 89 641325868
1 88 465043682
1 18 66276823
1 151 132084398
1 160 425912542
1 55 423227948
1 147 235770453
1 183 28759795
1 99 165464883
1 54 792678061
1 12 265492346
