200 4 200
3 189 264712587
3 11 274823209
3 50 246498692
2 40 566479120
2 98 552305096
4 152 173937849
4 175 660108258
2 10 202099238
2 43 272663093
2 26 168027847
3 174 940045932
2 200 191689262
2 34 504571381
2 92 251382192
2 62 142896335
2 51 56292824
1 42 296118115
1 50 193636582
3 115 190352673
2 113 243487356
3 137 87532891
1 126 812160243
4 4 137138521
4 129 858869466
1 172 756022065
1 38 191537871
4 158 438536736
4 131 246812246
4 185 543670167
1 25 207564397
2 70 6190967
4 19 290906958
1 141 754076988
2 146 462578565
2 8 674376887
3 26 276995687
3 129 825070741
3 145 393623131
3 187 499323337
3 104 37308289
2 14 432108600
2 175 180577322
3 57 944042490
4 99 323387430
1 168 720016153
4 188 136674846
2 122 809460471
2 120 438759556
2 144 638094903
3 73 974792437
3 95 302294494
4 116 485181163
2 102 97655825
3 50 662571077
1 165 51945495
4 104 59132832
1 52 521991111
4 68 103283468
3 166 233683409
4 190 917611874
1 114 906733279
3 38 288069289
1 30 443545953
4 101 950586210
3 103 921822589
1 192 119298684
3 80 690039500
4 12 269639771
4 154 493737107
4 98 234731522
1 196 950253467
3 67 165093692
2 183 165253416
2 133 247258961
1 200 898452476
2 70 643471581
3 44 522977090
2 177 528734126
2 82 717819045
2 67 696460572
1 96 188524890
4 181 954832667
3 145 524340278
4 72 90956626
1 132 672971656
1 176 334872263
1 121 322500542
2 40 264805226
4 47 646129488
1 99 907797948
2 142 322341039
4 121 266603819
2 166 104285275
1 115 57005396
2 148 639703422
4 145 448440971
1 173 287491843
1 184 149737030
1 162 605876090
2 100 617721401
2 23 741865578
1 65 487061760
4 129 87197407
1 156 69663181
3 172 29851100
4 81 41801937
3 23 718225657
3 179 5793901
3 174 75735033
2 187 601446077
2 55 211877254
4 70 843957657
3 181 229293574
3 83 474682136
2 184 814902156
2 113 195594633
4 5 443221888
4 114 461599363
2 196 280637204
4 63 228713518
2 188 239579489
4 86 361656193
1 182 668904369
3 40 931365102
3 89 805314676
1 113 453681833
2 107 987362859
2 176 504592238
1 137 719257224
4 108 733644167
4 197 284597251
4 89 361378170
2 101 29260091
4 78 749524613
3 189 703004761
1 199 326862168
1 183 214604705
2 60 136895775
2 182 982150792
3 93 215142087
4 60 931857777
1 97 23257057
4 104 410586182
1 47 863654803
3 87 926395858
2 8 714395356
1 113 422100589
4 20 244006225
3 198 677905283
4 189 359147204
3 189 383605265
4 124 601547073
3 182 156670608
1 198 825062757
2 158 240588275
2 92 958659961
4 31 198684340
1 173 103750926
4 177 821738935
1 66 487432471
3 71 479564224
2 172 670940633
4 123 959822136
2 195 50174614
3 76 264249058
2 7 373956874
2 131 587010867
4 146 754940344
4 117 612881076
4 189 770371029
4 82 81699471
4 38 286005944
1 56 736308239
2 47 805673627
3 35 583121306
3 55 686799020
1 148 830255368
4 128 315803532
2 199 98067576
2 68 231403246
1 187 186070787
2 40 849884541
1 107 731657034
1 11 879118346
4 6 93787653
3 195 743727324
2 46 661446942
1 149 708987849
4 101 378289151
1 167 413853816
2 65 736652244
4 110 225792525
4 143 996341153
3 14 651170620
3 69 576142884
4 55 174849562
1 171 957816730
2 23 316106010
3 41 901119154
1 51 843314736
