197 14 200
1 139 903500184
13 117 843571371
5 147 525525415
13 186 145735984
3 153 671751102
4 128 809408750
13 121 538236572
14 19 490431336
11 171 322604832
14 162 66727787
5 13 904226443
9 72 9318243
13 142 78722642
5 81 74159618
1 47 71499182
9 172 881903336
4 9 959166826
9 151 389156998
11 79 55959482
10 143 404651686
5 13 497309499
7 56 183444131
8 178 267005211
13 130 946727990
1 117 17282708
7 64 888715368
14 194 122488504
13 105 247841997
2 30 964744265
8 47 27668020
13 87 84200021
12 116 640247297
3 70 869843342
6 11 389337824
6 33 335986389
13 168 378088364
1 22 600177247
9 119 49756279
1 97 293274929
14 102 939673125
10 135 658856545
5 191 955900993
14 48 32445887
9 44 941790303
9 151 480305056
4 196 35593014
2 5 810891127
2 17 213211591
3 200 405936407
14 21 220819672
5 148 186970239
13 90 783517813
12 164 226875711
6 20 693390207
9 145 291795722
1 4 78730444
8 23 60892677
12 144 310654228
10 96 639387378
10 33 479046104
8 35 639040227
6 136 175551644
13 39 126964750
4 109 836432212
8 171 316845524
1 121 301568945
4 116 254310770
3 14 331887664
8 170 907119554
11 64 119818464
6 165 102541161
11 171 18929623
7 71 640099422
14 103 312564172
5 52 71665536
8 170 619200926
3 5 198661349
9 44 862304199
3 124 611126703
12 51 61122045
12 31 119237108
7 55 996688754
4 48 833917887
3 200 834649878
1 165 901170767
13 160 926906409
4 43 75338693
9 104 734759549
11 121 823303798
11 143 930777720
9 9 563637100
6 152 985774722
5 39 808041184
8 114 126451761
12 28 358299441
7 139 531461135
2 21 390064824
10 147 543268041
7 79 57693805
5 51 977222553
6 58 936270956
10 167 276639004
5 179 592910503
7 186 513295856
3 154 299556079
13 136 76209448
2 188 252968979
2 151 79660624
6 90 433439056
7 102 868393609
9 164 592366766
4 112 250901369
10 200 677578352
4 27 818990192
14 183 2851409
14 135 582599921
8 122 397092680
13 9 214541587
9 165 722845319
13 16 716166483
12 167 381043832
6 122 425515457
6 17 709162137
12 110 145355894
2 173 477633395
8 149 275468171
11 131 310764126
7 121 386201774
3 90 597563988
6 194 32245998
9 23 299957960
6 171 965412008
13 91 852508680
12 16 161460125
7 86 674192371
10 155 949834486
9 55 402299106
5 150 564750097
12 157 289809315
7 116 912248687
7 188 846829535
8 188 636268517
12 25 561786671
7 190 406594596
13 127 382466487
8 125 901856993
7 113 107903180
12 83 239380743
10 126 556170384
3 28 610612217
14 125 590670015
14 138 760936301
10 142 389384722
12 15 949691867
6 148 325010236
1 194 713523318
4 16 651552842
6 159 162213237
10 153 292751720
1 65 173444165
11 75 96316087
12 177 389457775
8 82 624056188
6 132 281150463
9 151 959153777
8 38 719047453
6 27 358033586
5 1 144716275
4 189 713736069
14 10 575617030
10 33 401948987
13 133 38826581
5 181 831341145
1 130 735589340
9 1 959072387
8 181 650338980
13 34 697036396
4 135 378536294
12 77 648202713
13 104 825041572
8 197 188442907
1 32 390884645
7 36 460463237
13 136 395485528
9 92 225006121
3 160 490467635
5 166 297751750
10 30 793282563
11 196 675088381
12 64 402947534
6 179 20726841
6 148 334026594
13 156 718063534
9 121 139617988
12 22 427350587
8 137 123250001
9 159 340966400
