200 199 200
41 200 1000000000
3 200 1000000000
185 200 1000000000
175 200 1000000000
136 200 1000000000
93 200 1000000000
53 200 1000000000
7 200 1000000000
15 200 1000000000
108 200 1000000000
146 200 1000000000
32 200 1000000000
104 200 1000000000
39 200 1000000000
59 200 1000000000
83 200 1000000000
29 200 1000000000
188 200 1000000000
197 200 1000000000
1 200 1000000000
168 200 1000000000
75 200 1000000000
128 200 1000000000
178 200 1000000000
67 200 1000000000
27 200 1000000000
132 200 1000000000
44 200 1000000000
79 200 1000000000
143 200 1000000000
84 200 1000000000
169 200 1000000000
151 200 1000000000
157 200 1000000000
96 200 1000000000
103 200 1000000000
100 200 1000000000
131 200 1000000000
110 200 1000000000
74 200 1000000000
71 200 1000000000
171 200 1000000000
119 200 1000000000
117 200 1000000000
101 200 1000000000
69 200 1000000000
54 200 1000000000
56 200 1000000000
141 200 1000000000
65 200 1000000000
120 200 1000000000
66 200 1000000000
177 200 1000000000
183 200 1000000000
148 200 1000000000
163 200 1000000000
138 200 1000000000
70 200 1000000000
85 200 1000000000
72 200 1000000000
46 200 1000000000
194 200 1000000000
144 200 1000000000
99 200 1000000000
198 200 1000000000
86 200 1000000000
179 200 1000000000
97 200 1000000000
140 200 1000000000
150 200 1000000000
167 200 1000000000
142 200 1000000000
76 200 1000000000
73 200 1000000000
5 200 1000000000
165 200 1000000000
49 200 1000000000
153 200 1000000000
38 200 1000000000
145 200 1000000000
195 200 1000000000
149 200 1000000000
161 200 1000000000
45 200 1000000000
199 1 1000000000
134 200 1000000000
4 200 1000000000
42 200 1000000000
190 200 1000000000
82 200 1000000000
89 200 1000000000
37 200 1000000000
48 200 1000000000
196 200 1000000000
155 200 1000000000
9 200 1000000000
106 200 1000000000
125 200 1000000000
191 200 1000000000
156 200 1000000000
98 200 1000000000
189 200 1000000000
58 200 1000000000
172 200 1000000000
160 200 1000000000
124 200 1000000000
176 200 1000000000
116 200 1000000000
199 199 1000000000
113 200 1000000000
130 200 1000000000
135 200 1000000000
91 200 1000000000
94 200 1000000000
115 200 1000000000
123 200 1000000000
95 200 1000000000
17 200 1000000000
164 200 1000000000
112 200 1000000000
40 200 1000000000
22 200 1000000000
170 200 1000000000
133 200 1000000000
77 200 1000000000
174 200 1000000000
6 200 1000000000
111 200 1000000000
47 200 1000000000
180 200 1000000000
28 200 1000000000
2 200 1000000000
55 200 1000000000
63 200 1000000000
193 200 1000000000
166 200 1000000000
184 200 1000000000
129 200 1000000000
62 200 1000000000
182 200 1000000000
105 200 1000000000
57 200 1000000000
158 200 1000000000
192 200 1000000000
24 200 1000000000
147 200 1000000000
114 200 1000000000
90 200 1000000000
52 200 1000000000
12 200 1000000000
186 200 1000000000
102 200 1000000000
159 200 1000000000
16 200 1000000000
80 200 1000000000
18 200 1000000000
187 200 1000000000
23 200 1000000000
13 200 1000000000
35 200 1000000000
33 200 1000000000
88 200 1000000000
60 200 1000000000
26 200 1000000000
87 200 1000000000
36 200 1000000000
181 200 1000000000
51 200 1000000000
64 200 1000000000
162 200 1000000000
11 200 1000000000
127 200 1000000000
173 200 1000000000
61 200 1000000000
78 200 1000000000
126 200 1000000000
152 200 1000000000
8 200 1000000000
154 200 1000000000
30 200 1000000000
121 200 1000000000
118 200 1000000000
19 200 1000000000
92 200 1000000000
137 200 1000000000
20 200 1000000000
50 200 1000000000
14 200 1000000000
31 200 1000000000
122 200 1000000000
107 200 1000000000
21 200 1000000000
109 200 1000000000
34 200 1000000000
68 200 1000000000
81 200 1000000000
139 200 1000000000
10 200 1000000000
43 200 1000000000
25 200 1000000000
