200 200 200
151 148 127046879
76 85 902463656
86 94 858306473
79 20 944919743
45 189 656481308
33 18 457466732
163 37 221198653
164 30 688052487
13 118 898279383
55 42 192683336
197 195 573727968
184 188 671473494
101 51 641160920
66 85 197587431
172 170 504526307
41 99 876309931
135 163 774712174
174 156 58510559
124 49 317208085
183 172 630966084
12 199 710482430
74 26 488766101
16 22 636134413
20 173 853602990
156 155 169572178
123 41 410464431
43 193 287464834
88 68 107970094
68 36 927892022
165 144 338119305
50 148 5288942
25 114 242755252
11 190 97484012
195 55 150670968
60 167 207076027
18 30 259093664
193 58 848907318
30 185 917302251
115 199 888220034
126 116 386801135
173 120 628282437
186 41 564594419
188 190 943376900
67 17 898724029
36 75 871734199
138 12 739697742
118 100 133548
106 116 335823530
181 5 68407761
175 55 78973507
2 144 803343650
80 23 993938152
37 8 184854466
160 8 789636686
105 50 888615760
94 138 946492310
125 195 679597225
58 76 907691890
170 15 322251030
152 140 526315112
111 64 841459904
64 80 82875592
44 142 171191734
133 47 744250213
89 141 941063916
63 95 267121499
130 18 27009110
157 126 469336095
177 108 911886646
119 33 644019869
103 141 483677750
24 51 499143611
169 8 424808730
23 33 642280829
140 31 940566288
35 126 364048864
190 187 989458229
26 147 905387112
134 24 845960275
72 156 227706505
21 172 177078355
136 155 113519250
122 95 365574728
198 108 221973717
62 17 188597595
155 92 27774967
180 191 131495986
117 76 435753814
98 33 846769191
110 153 591939226
42 188 947813944
90 199 118310582
56 111 271666456
83 77 62930802
69 127 956731748
9 155 318746311
139 110 992162364
5 134 992587232
100 169 541546145
191 25 172214371
189 105 353037203
34 40 907561704
71 178 762111259
19 47 459138837
61 41 110121443
6 15 886992854
159 121 545114848
32 171 160066148
108 41 661290255
91 28 949618502
196 68 280061729
109 120 881381455
146 155 288220904
3 111 476312180
199 111 938628821
162 2 421177306
102 190 168530856
107 145 298078961
96 56 300064600
192 182 219299531
176 96 375368729
141 3 27265098
116 169 437664186
121 161 203839403
47 35 250589164
153 125 137653325
194 158 111165616
120 73 862547212
112 111 533475212
85 87 473071004
132 60 961231720
29 163 235990907
145 128 836979623
73 104 338667406
93 193 935868037
77 133 603885144
4 183 476729592
182 110 272300321
166 4 103067769
104 106 58555855
167 146 69738650
17 127 336932439
39 112 785088541
142 81 502282359
59 165 992080907
78 31 914544488
54 16 885078415
49 8 167006937
8 183 481487410
147 160 103206000
161 187 438290225
178 187 294766463
57 38 684460337
187 175 560405910
75 2 779023017
51 185 665774741
137 117 211202857
144 183 893779182
52 166 818830137
113 130 84124791
149 37 984902361
48 183 662601504
7 27 538053176
38 128 551314633
70 28 886992143
87 156 559522016
143 124 135233663
46 96 784464601
81 1 644467010
15 170 332610557
154 149 165758494
53 67 714531546
22 124 224481917
82 9 76195187
128 159 541920394
10 163 928499442
200 186 457889831
185 169 9280624
148 26 764162536
92 82 83556165
99 42 264341706
179 51 399180103
171 40 262344554
27 122 832643322
127 46 967687033
158 86 112085733
97 88 886632425
65 190 288941020
40 80 824021420
14 147 373705882
1 151 401684365
150 65 282259681
114 97 725986748
95 125 626391682
84 164 1732371
129 166 74418062
31 86 41594340
28 93 287150584
131 154 630891056
168 121 957268327
