200 100 200
71 66 824239052
11 116 621379129
93 163 784817462
70 116 111823697
21 186 386606830
96 131 364374789
10 174 704388933
70 12 722011907
34 36 169975705
79 92 26336464
82 37 318738666
92 82 573004597
16 121 725257170
4 41 6595792
83 32 449915011
6 174 593473377
73 27 851393114
64 111 801045851
3 43 825993347
14 175 251532056
48 121 917136782
72 93 747856408
99 41 46808843
1 25 442660493
45 194 914135689
35 86 119050006
2 159 985586163
29 148 255563081
1 77 256983414
19 98 172066089
44 151 528381145
60 86 548129674
80 196 708945895
85 41 963642561
45 155 369859393
81 194 845004620
40 193 2409706
84 120 981188337
44 65 308772784
23 103 564509116
55 88 19616567
97 157 137772088
19 178 604756500
32 92 78275208
8 144 483582658
12 22 211030770
74 38 673643768
42 29 57553958
38 168 344579854
78 123 355768040
5 154 511940347
84 167 367274297
82 39 447448661
88 160 182007069
21 96 494494975
28 33 607188590
31 10 73536885
61 155 878260156
70 64 633044227
45 117 875059220
79 71 325336725
69 17 880583504
49 33 126540018
45 90 54778476
14 165 407513287
93 178 216994676
11 13 275556706
87 69 199902172
46 40 53465681
32 120 898560413
56 162 200258086
26 33 157965317
57 48 86599442
41 155 286400470
14 65 190092111
40 107 739125437
76 103 259417425
73 110 785845308
45 175 180611858
46 44 825468997
76 10 884770005
14 84 649550407
46 131 283886134
51 156 146499477
97 165 532690868
27 73 760473683
58 19 199321398
41 131 74355457
99 86 534748358
66 148 580330506
28 147 51129060
45 178 48658580
95 84 541613885
99 189 134529280
25 160 935515819
42 75 543026004
65 179 902808562
87 110 21393393
66 29 87563658
65 92 718218412
82 51 950752453
37 25 449999216
34 30 245738854
3 77 551945937
54 129 658189305
40 67 88112499
24 25 117211732
57 139 511365593
94 187 243653681
13 9 40739084
98 28 98556381
47 108 927584434
21 124 186844535
39 7 422837425
17 60 137521180
6 103 958314360
88 113 388889784
89 161 124895441
77 60 27640820
22 153 770533722
20 25 554415373
24 134 553078224
56 121 282331769
28 10 622695798
91 78 23668327
64 149 453282163
40 190 382452990
50 153 412180917
19 172 82605244
61 86 130277085
30 110 263772453
15 94 529884584
86 165 204036572
72 186 55978975
32 46 481684061
24 81 434474999
99 142 707811174
53 89 995472529
72 189 630551662
24 65 981149357
62 28 596525100
59 43 313230838
9 131 875397738
96 166 747337809
48 37 270906807
1 94 890917347
68 45 360218315
94 180 593240882
66 52 188851518
12 36 267171417
36 50 672189412
20 188 132211926
63 132 26112232
67 159 280840099
23 137 632286606
26 174 848044362
7 62 258315447
42 3 240708764
25 78 12956275
77 92 408919611
62 51 345310113
23 169 691387484
2 189 667335661
48 171 140833971
100 175 355575160
82 49 405821840
15 18 380546090
11 192 196114818
90 158 991263701
30 3 508767302
30 71 904775714
98 93 660707113
95 170 376608738
25 1 236995284
88 38 141595847
92 67 346599272
16 13 320747746
15 182 271701178
43 86 954280977
69 1 14221736
61 137 927112530
36 23 164647956
45 44 235676351
65 124 847838449
56 8 133711871
92 48 206187524
73 66 525450229
52 12 317203864
18 157 739551803
38 10 190642832
15 55 528342766
36 187 865585218
18 184 897825950
50 26 527734725
91 169 66315252
75 59 273736982
89 129 741389172
34 89 76173712
16 96 29401114
33 19 678248926
