200 200 199
101 89 741703166
118 94 331184833
196 11 425928973
88 170 49272520
87 162 668193616
75 84 65791239
85 133 525147749
195 177 184628308
117 171 571081188
136 28 719992964
198 66 331140643
127 85 946299385
115 11 168188417
89 44 159069530
8 187 62258195
122 154 604962971
182 44 666082704
172 87 261034035
53 97 593134555
36 130 586097301
58 49 69164741
130 111 29549979
106 77 558086050
170 11 336455630
84 71 89981247
77 7 608622237
112 191 412599906
105 65 591917699
29 142 247304613
157 195 230456278
200 96 456088687
173 180 166434902
37 8 913429510
7 112 957372665
57 78 34792400
94 75 369191858
134 23 962516333
135 125 810554970
54 63 303687830
108 59 919601161
191 13 465553840
192 162 572653734
185 137 485461827
187 75 443161265
39 63 411842539
142 197 303756828
176 146 226445469
181 142 9563359
12 170 201589347
16 33 218445904
168 126 833657424
3 95 896512047
121 172 239294263
97 34 10664321
140 65 544324582
124 132 931012899
24 85 49941552
163 60 607492496
184 135 627302920
78 185 337021465
167 45 962372911
139 7 514528616
169 166 232287673
6 79 764531043
149 93 928833489
150 10 768250540
48 118 334869373
189 22 311275229
194 25 889009380
46 19 880105826
98 130 853914692
67 77 746710895
4 26 190981460
17 48 587741668
148 166 543903275
151 188 948379113
52 107 343591822
62 122 58603610
144 17 824253444
69 53 970250810
86 36 443750182
103 117 860720215
28 133 676479914
177 14 206214405
35 83 815925941
72 152 130028754
147 187 651608064
9 76 54952772
14 196 660080315
129 144 283525197
81 105 762611666
71 42 624126478
83 72 995251464
70 114 481638573
64 190 498737642
40 139 189501844
162 56 11959498
153 99 905134114
111 44 461881940
102 189 418625448
152 162 973015043
109 18 45503467
65 55 610573526
186 189 778341023
99 123 411525997
63 63 226091720
154 100 312284081
138 110 811663523
125 189 275651841
41 21 248512709
156 122 941017808
10 175 1378705
143 176 173901956
145 170 990487578
1 195 739525527
59 75 848520819
183 118 383382841
66 129 368348064
128 181 969264394
120 35 435757094
104 33 982605051
82 94 13370347
107 86 833474373
27 146 144799775
190 45 38255429
123 53 781803741
93 127 127905861
50 179 910116590
119 21 555211439
90 149 324832786
110 28 460311709
55 189 690618918
91 22 141478108
20 11 490088971
174 167 580109611
31 144 524918308
133 80 633651003
166 34 107744438
38 33 775511451
49 115 942633267
188 147 982655771
61 11 8967099
116 17 324262973
80 29 926957425
193 91 326495423
132 68 554584320
131 122 562801992
44 82 208876833
171 44 90360225
26 160 81776123
60 105 31228218
137 27 563846220
179 105 301358861
51 52 107684179
47 31 669179204
126 167 743264710
23 61 982157376
114 149 518817100
180 105 472696583
22 143 254964701
68 199 331271436
45 172 895504654
73 57 514964027
79 194 607189787
56 51 937594348
43 130 68373032
74 44 47402876
30 54 63562939
141 84 790137865
164 106 681363870
159 76 405803398
161 53 90763343
19 147 613271362
165 12 948703811
96 43 498414859
146 135 200128666
33 176 75777588
100 135 349166024
2 3 421745209
34 93 257706713
197 41 198261725
92 107 453489710
178 16 354113639
155 64 95943935
76 82 198684913
32 97 58779825
13 112 49561107
25 102 12281497
158 199 92547154
175 192 760225397
21 31 117260607
18 56 575398385
15 71 384075067
113 85 955049096
199 166 249294222
160 64 932298773
42 13 796167192
95 131 370217576
5 184 152552639
11 29 46825318
