200 200 200
82 100 672044514
22 18 554881423
127 97 80924273
174 50 592421473
167 132 280106003
69 95 250292635
34 166 333625093
142 80 777554476
88 181 954103798
102 200 859972861
180 136 739384952
69 59 405311639
153 160 942480531
100 84 193825309
157 125 14337454
181 39 274922369
46 14 880256108
159 97 745413203
100 80 747146376
146 26 139097659
79 108 563252534
13 133 955279858
187 114 28546561
103 72 728662096
117 123 592819473
54 51 580205273
12 199 411747425
146 146 606191504
123 85 339559168
20 54 306860553
59 163 990114929
171 56 605245949
27 54 85803672
150 66 102578666
124 95 335168671
118 190 281245182
82 41 774661026
170 134 694772703
123 159 92061606
159 129 313977602
32 8 111504185
157 13 196495475
104 41 366677690
37 41 702685296
101 94 85847559
135 147 536377886
21 22 152532017
143 132 384017453
81 41 20073569
43 157 342907178
43 164 706563277
41 183 596755350
187 25 457642726
52 194 780734828
197 109 104872126
52 43 371100999
177 39 554475013
52 60 131789069
136 183 722683646
107 104 350663908
22 156 88891845
37 193 464824086
177 149 863254975
87 3 459891458
178 144 455414690
149 2 18313888
187 65 290999702
168 167 395014795
81 16 111996523
132 28 375628224
190 94 508759408
91 70 138452425
39 200 961613250
148 49 284091882
142 14 380786184
98 43 105573605
88 156 707621294
16 170 218697428
126 101 475389397
68 169 786892718
121 128 929179238
164 9 860338312
63 62 403990952
86 170 636425321
122 46 961259789
151 179 892284809
96 182 504910373
29 7 904196334
133 134 746089787
28 63 971945913
4 182 557036757
129 24 170684697
128 36 709936712
38 66 872311843
148 178 214759969
21 67 375662773
73 194 867880928
130 109 635626375
4 40 483010448
143 120 467181987
195 24 48185835
128 44 514666329
125 118 910691566
54 141 898291130
111 131 298673965
71 138 537836869
124 132 433596968
17 41 719060280
39 24 86168127
20 124 819380537
3 98 436220986
28 6 296032618
14 146 686681190
66 197 702072976
145 17 532838750
113 82 640023042
114 165 392618133
75 123 576495754
49 183 826076223
121 196 871487236
177 151 914877334
132 158 314297351
170 176 43731711
19 5 236865320
51 131 311692349
40 2 67951747
49 53 500000934
189 124 127778151
111 4 226775273
46 74 36603811
40 44 41953825
92 177 654263474
96 7 48218144
38 49 394270070
91 92 817609208
37 114 507285137
164 117 673803577
6 24 455199847
119 10 234935604
153 151 833383522
38 142 355571495
141 17 781854407
196 186 69521483
141 200 205401392
187 195 178059338
24 70 273943192
189 2 173818806
161 152 154237308
30 116 285396239
74 84 862389637
75 90 617056319
11 140 999610275
38 23 523746597
18 15 119594161
193 144 549926198
68 164 737305624
196 141 394242574
53 41 100887827
196 186 377859401
44 3 699078098
188 119 427236981
76 167 547764382
176 96 990977346
20 119 845826661
94 53 802405425
162 77 563056240
159 10 158244565
116 155 634339107
97 43 601814128
17 199 363159325
76 192 500804393
94 68 562140046
14 5 703385787
35 52 565487625
104 80 97197681
131 60 806468006
196 152 71516998
41 104 253628697
172 103 838542365
76 12 135076718
49 162 399698104
33 94 325344578
179 154 109038835
57 100 194167670
34 70 705831939
179 66 324097555
11 59 504471088
74 50 723249224
113 8 470870928
5 75 900651113
7 44 981206118
104 116 800253266
37 187 261068599
23 200 387848453
12 167 264726885
108 183 405594277
67 9 297083277
3 149 197282006
14 32 53922667
152 105 241605831
