392 50 400
1 361 6956669
14 146 636803262
12 123 326703668
39 142 154532241
19 56 376900863
24 61 214325952
37 16 731179945
13 271 538824843
31 254 590532119
18 72 225642922
39 182 10731411
39 282 685584288
28 137 287801234
2 300 879449183
10 396 214653309
25 180 25816261
48 120 74812627
47 177 970187608
49 208 924849113
6 75 856934713
9 99 429733782
49 348 893224152
29 105 973967450
25 80 1591411
3 199 634279382
43 180 740577223
47 177 948511200
50 253 69291494
19 156 278875757
1 41 428293891
45 240 322247252
17 40 564712966
26 181 897596348
4 264 273845812
4 344 188273095
50 153 384824605
5 59 564105448
8 321 966492320
40 122 749127566
12 223 869977666
7 203 752968519
33 42 313258552
41 359 511613814
28 357 695529504
39 82 81624779
39 162 167489161
49 68 76738991
37 136 83698786
39 162 399173086
5 239 813508450
36 123 251679272
27 336 306224754
27 376 792452943
24 141 139497716
26 61 795809555
22 138 642352762
21 48 768409736
35 154 936096911
22 338 194248724
45 160 587440455
1 1 762857038
28 117 97301441
7 343 211331216
12 343 25494809
28 137 777084013
26 41 703814130
16 93 494381937
6 295 756176544
39 182 594074337
37 256 327335716
19 376 805008519
24 121 583482640
46 299 312066182
13 151 745715501
34 246 150486124
44 315 352149337
45 120 92020261
33 82 396507514
29 5 442744290
45 320 3334113
36 283 400662491
27 336 535090226
47 377 265522715
25 200 215072160
25 380 253482596
11 385 795051389
21 68 959243200
31 134 718117133
41 119 133945469
26 141 413498669
42 15 773427578
43 320 774699343
23 116 138566203
21 288 90263242
50 33 847286215
38 198 355223691
42 155 652467654
11 105 86280937
3 179 935048353
18 352 883011047
24 341 955517724
50 253 66007329
28 157 376631838
39 262 730779173
21 128 118056763
46 399 345441279
38 78 452751069
32 397 944788231
44 335 117649736
7 123 104878496
34 106 121599952
23 316 731984252
5 39 45612159
6 235 533316096
27 16 506466962
50 93 946497496
20 176 149632428
12 243 922044222
33 242 111826258
47 97 446771604
11 385 260433823
28 237 313488285
50 313 515634679
25 40 745311422
33 162 710832206
20 336 637071793
45 40 39487464
40 142 151207059
23 136 805030527
20 356 734575762
46 359 211750528
44 395 802127652
8 381 100538048
44 275 24153008
17 200 861463306
35 194 376149497
32 177 529700640
6 235 120135072
31 134 75301809
49 128 555888511
12 243 281081597
32 137 714430448
11 185 560372851
48 20 676815374
33 182 982196742
47 157 129468014
35 294 55471515
30 324 167789999
6 55 509992079
8 141 331644690
5 339 454248223
14 86 784697477
32 77 157130667
31 274 383611971
10 36 547450624
12 3 93601904
23 276 865023443
21 28 236853393
9 319 842868960
25 120 119496662
5 399 38856852
38 178 209095541
6 175 83470527
6 275 845138257
14 266 927102410
17 180 311778488
49 328 110529523
24 101 917232637
22 38 190170201
33 62 132397129
1 1 85152387
30 4 512364621
17 120 457813349
8 141 802617245
49 168 714299928
6 335 146923154
9 379 449795829
44 375 330047984
4 204 16370543
32 257 60696557
4 244 36519863
43 40 715202794
1 301 9796491
4 204 992076659
13 311 120767058
37 116 108229647
29 45 152040060
38 198 143023991
50 313 124556697
9 339 248909251
29 105 644298441
42 335 111911768
13 91 55773200
50 253 696952674
2 180 119679629
28 217 91493837
19 196 151137187
33 2 218695710
49 388 835282747
19 36 493605592
4 244 958853865
41 299 105934693
27 176 11715212
11 205 474949807
14 86 439458120
40 262 522156850
44 375 240878393
39 342 538891646
30 244 32552130
33 122 80733793
20 36 973147589
13 331 949109771
5 179 299919981
14 306 483334556
12 283 351789732
21 168 184754802
6 55 242153842
41 299 961472449
11 285 615621504
46 39 407433206
29 105 543616872
19 96 548756198
38 318 16864793
42 95 89897188
5 319 46009491
10 256 648994557
2 280 638039830
31 354 280742021
2 80 843483354
41 379 636334566
21 368 563000528
6 115 531656871
16 153 622480248
40 122 44679529
23 136 214165794
45 400 454928879
13 291 920763822
44 35 752377240
50 233 425349601
44 175 456498147
30 204 822564309
17 220 90149274
7 203 119242149
12 103 23174401
24 161 69877127
36 323 696644319
37 216 306613187
34 346 119844796
31 114 898381116
4 144 891098884
42 15 92362950
16 73 401515146
44 175 400962097
10 96 503400857
12 23 602732962
38 178 429708191
23 356 629883934
29 285 117941019
17 100 480093344
6 355 106634793
20 176 97364962
37 276 473609040
7 303 880769606
25 400 439179613
25 200 927615534
47 197 825480638
30 364 669727998
40 202 3619059
11 45 244301832
32 37 920230887
20 276 974500201
7 63 377495976
47 57 426275036
19 136 878594399
48 120 717832715
30 184 879656729
23 256 817141291
1 1 547740673
1 241 559090791
49 188 846253317
5 59 925848309
50 73 931377539
50 313 401854102
31 174 173785901
24 181 497244375
2 400 604195746
45 60 159890821
13 191 8687484
47 197 429813030
2 360 981486281
10 316 242218018
20 236 146433491
49 28 300321743
36 183 150122037
16 193 942808980
47 37 109107322
24 241 182832222
40 342 447555580
12 263 585158875
9 99 961285731
14 106 282510611
38 78 478160707
22 198 225058428
34 246 414716248
6 275 842173271
7 343 646413024
28 257 160102245
35 154 619221996
38 118 143543518
34 126 658445450
15 375 927215099
19 296 283986355
15 395 26415992
20 296 860742825
36 63 388458304
24 301 629932832
29 365 151858854
13 211 954368352
48 140 710896641
49 188 516130720
31 254 77042646
48 20 414724880
46 219 279147264
20 36 682804677
8 261 517645794
28 197 916187455
5 139 300049665
26 221 359464665
47 37 978655103
39 22 838189205
27 136 414329892
25 240 144017235
35 254 608424594
45 120 34862052
9 219 180829409
18 152 363462809
8 81 429357649
33 162 456249538
30 124 455915162
9 159 100130190
46 319 612498977
5 39 458858626
15 135 645518974
21 308 60284530
43 360 369902396
7 43 836668791
12 203 985353148
4 204 113375138
23 36 146147163
12 263 352804753
8 301 642543183
13 51 519679904
38 258 275305226
22 218 863544995
23 356 276612564
28 97 954085043
2 380 359514519
43 60 150121683
2 40 219525475
4 4 566824477
22 218 988904120
39 102 556528106
24 141 307125382
5 359 634770134
29 225 31995203
1 61 729754462
37 396 869946545
24 61 71073611
26 81 380181746
15 275 929543186
43 20 669565552
11 5 243864983
46 219 527486716
23 276 887191690
30 204 63718821
34 306 434926579
18 192 437805437
17 220 963691979
41 359 748481039
14 246 863081293
26 101 239465392
22 358 643550377
45 140 59811168
12 283 267726941
10 276 21589314
8 321 854675917
35 54 534000092
22 298 221053090
18 212 86913690
28 337 907373175
20 336 921672883
48 320 579260460
