400 399 400
105 400 1000000000
63 400 1000000000
30 400 1000000000
172 400 1000000000
370 400 1000000000
314 400 1000000000
16 400 1000000000
84 400 1000000000
387 400 1000000000
229 400 1000000000
118 400 1000000000
332 400 1000000000
53 400 1000000000
362 400 1000000000
52 400 1000000000
108 400 1000000000
307 400 1000000000
134 400 1000000000
151 400 1000000000
69 400 1000000000
91 400 1000000000
278 400 1000000000
215 400 1000000000
233 400 1000000000
93 400 1000000000
319 400 1000000000
100 400 1000000000
359 400 1000000000
309 400 1000000000
288 400 1000000000
306 400 1000000000
366 400 1000000000
354 400 1000000000
197 400 1000000000
114 400 1000000000
144 400 1000000000
190 400 1000000000
149 400 1000000000
39 400 1000000000
37 400 1000000000
349 400 1000000000
107 400 1000000000
157 400 1000000000
246 400 1000000000
399 399 1000000000
206 400 1000000000
20 400 1000000000
238 400 1000000000
102 400 1000000000
297 400 1000000000
71 400 1000000000
258 400 1000000000
282 400 1000000000
365 400 1000000000
364 400 1000000000
85 400 1000000000
214 400 1000000000
124 400 1000000000
296 400 1000000000
220 400 1000000000
218 400 1000000000
323 400 1000000000
257 400 1000000000
46 400 1000000000
120 400 1000000000
335 400 1000000000
128 400 1000000000
150 400 1000000000
18 400 1000000000
81 400 1000000000
244 400 1000000000
300 400 1000000000
6 400 1000000000
377 400 1000000000
101 400 1000000000
27 400 1000000000
155 400 1000000000
211 400 1000000000
252 400 1000000000
141 400 1000000000
28 400 1000000000
363 400 1000000000
348 400 1000000000
143 400 1000000000
399 1 1000000000
139 400 1000000000
352 400 1000000000
117 400 1000000000
371 400 1000000000
295 400 1000000000
249 400 1000000000
142 400 1000000000
302 400 1000000000
336 400 1000000000
174 400 1000000000
109 400 1000000000
389 400 1000000000
351 400 1000000000
180 400 1000000000
158 400 1000000000
168 400 1000000000
156 400 1000000000
43 400 1000000000
186 400 1000000000
137 400 1000000000
386 400 1000000000
10 400 1000000000
217 400 1000000000
395 400 1000000000
271 400 1000000000
385 400 1000000000
167 400 1000000000
266 400 1000000000
334 400 1000000000
74 400 1000000000
223 400 1000000000
159 400 1000000000
83 400 1000000000
372 400 1000000000
231 400 1000000000
112 400 1000000000
36 400 1000000000
8 400 1000000000
60 400 1000000000
2 400 1000000000
341 400 1000000000
75 400 1000000000
129 400 1000000000
221 400 1000000000
70 400 1000000000
187 400 1000000000
153 400 1000000000
388 400 1000000000
279 400 1000000000
347 400 1000000000
360 400 1000000000
194 400 1000000000
201 400 1000000000
210 400 1000000000
373 400 1000000000
40 400 1000000000
255 400 1000000000
90 400 1000000000
205 400 1000000000
200 400 1000000000
15 400 1000000000
66 400 1000000000
274 400 1000000000
77 400 1000000000
173 400 1000000000
130 400 1000000000
267 400 1000000000
185 400 1000000000
273 400 1000000000
67 400 1000000000
98 400 1000000000
268 400 1000000000
207 400 1000000000
1 400 1000000000
250 400 1000000000
154 400 1000000000
202 400 1000000000
54 400 1000000000
315 400 1000000000
241 400 1000000000
99 400 1000000000
344 400 1000000000
391 400 1000000000
58 400 1000000000
280 400 1000000000
132 400 1000000000
270 400 1000000000
176 400 1000000000
136 400 1000000000
17 400 1000000000
234 400 1000000000
235 400 1000000000
169 400 1000000000
398 400 1000000000
243 400 1000000000
253 400 1000000000
331 400 1000000000
196 400 1000000000
92 400 1000000000
237 400 1000000000
276 400 1000000000
175 400 1000000000
375 400 1000000000
140 400 1000000000
68 400 1000000000
289 400 1000000000
87 400 1000000000
11 400 1000000000
123 400 1000000000
161 400 1000000000
298 400 1000000000
9 400 1000000000
232 400 1000000000
321 400 1000000000
260 400 1000000000
163 400 1000000000
86 400 1000000000
313 400 1000000000
82 400 1000000000
19 400 1000000000
110 400 1000000000
122 400 1000000000
80 400 1000000000
394 400 1000000000
64 400 1000000000
35 400 1000000000
89 400 1000000000
178 400 1000000000
328 400 1000000000
330 400 1000000000
216 400 1000000000
147 400 1000000000
145 400 1000000000
337 400 1000000000
376 400 1000000000
262 400 1000000000
76 400 1000000000
88 400 1000000000
121 400 1000000000
318 400 1000000000
383 400 1000000000
227 400 1000000000
204 400 1000000000
236 400 1000000000
369 400 1000000000
240 400 1000000000
65 400 1000000000
97 400 1000000000
368 400 1000000000
79 400 1000000000
358 400 1000000000
24 400 1000000000
13 400 1000000000
7 400 1000000000
390 400 1000000000
294 400 1000000000
301 400 1000000000
135 400 1000000000
31 400 1000000000
125 400 1000000000
333 400 1000000000
212 400 1000000000
183 400 1000000000
256 400 1000000000
311 400 1000000000
367 400 1000000000
381 400 1000000000
104 400 1000000000
329 400 1000000000
115 400 1000000000
25 400 1000000000
29 400 1000000000
146 400 1000000000
126 400 1000000000
245 400 1000000000
263 400 1000000000
72 400 1000000000
198 400 1000000000
181 400 1000000000
119 400 1000000000
171 400 1000000000
392 400 1000000000
343 400 1000000000
160 400 1000000000
251 400 1000000000
265 400 1000000000
170 400 1000000000
350 400 1000000000
284 400 1000000000
164 400 1000000000
48 400 1000000000
393 400 1000000000
346 400 1000000000
127 400 1000000000
26 400 1000000000
254 400 1000000000
5 400 1000000000
50 400 1000000000
342 400 1000000000
51 400 1000000000
239 400 1000000000
45 400 1000000000
78 400 1000000000
327 400 1000000000
242 400 1000000000
208 400 1000000000
38 400 1000000000
374 400 1000000000
61 400 1000000000
179 400 1000000000
312 400 1000000000
47 400 1000000000
57 400 1000000000
272 400 1000000000
192 400 1000000000
131 400 1000000000
189 400 1000000000
21 400 1000000000
261 400 1000000000
305 400 1000000000
213 400 1000000000
224 400 1000000000
177 400 1000000000
361 400 1000000000
264 400 1000000000
184 400 1000000000
106 400 1000000000
41 400 1000000000
285 400 1000000000
384 400 1000000000
308 400 1000000000
22 400 1000000000
34 400 1000000000
165 400 1000000000
316 400 1000000000
33 400 1000000000
73 400 1000000000
199 400 1000000000
293 400 1000000000
396 400 1000000000
56 400 1000000000
228 400 1000000000
317 400 1000000000
310 400 1000000000
382 400 1000000000
283 400 1000000000
303 400 1000000000
133 400 1000000000
326 400 1000000000
182 400 1000000000
380 400 1000000000
111 400 1000000000
269 400 1000000000
277 400 1000000000
299 400 1000000000
42 400 1000000000
59 400 1000000000
103 400 1000000000
14 400 1000000000
247 400 1000000000
378 400 1000000000
304 400 1000000000
248 400 1000000000
356 400 1000000000
188 400 1000000000
345 400 1000000000
324 400 1000000000
225 400 1000000000
320 400 1000000000
290 400 1000000000
152 400 1000000000
203 400 1000000000
3 400 1000000000
222 400 1000000000
62 400 1000000000
49 400 1000000000
355 400 1000000000
195 400 1000000000
338 400 1000000000
230 400 1000000000
219 400 1000000000
4 400 1000000000
275 400 1000000000
162 400 1000000000
166 400 1000000000
95 400 1000000000
148 400 1000000000
292 400 1000000000
353 400 1000000000
94 400 1000000000
138 400 1000000000
286 400 1000000000
287 400 1000000000
291 400 1000000000
379 400 1000000000
23 400 1000000000
44 400 1000000000
357 400 1000000000
209 400 1000000000
281 400 1000000000
340 400 1000000000
193 400 1000000000
226 400 1000000000
32 400 1000000000
322 400 1000000000
96 400 1000000000
113 400 1000000000
55 400 1000000000
397 400 1000000000
325 400 1000000000
116 400 1000000000
12 400 1000000000
191 400 1000000000
259 400 1000000000
339 400 1000000000
