400 200 400
162 138 177675371
171 195 33791038
134 7 824370267
104 310 766457190
74 16 423828758
58 108 546534679
26 365 730073468
25 27 986663598
44 301 691938495
113 18 960617842
36 124 370991771
182 250 944555362
167 49 540176179
125 138 599424051
113 121 881773619
185 157 814019590
168 354 719421872
30 9 133362540
24 56 111809494
50 2 168880774
162 222 404730079
191 191 701951601
179 322 822776088
39 96 504503366
150 213 911425467
22 372 873559458
185 346 722605464
108 55 390107134
129 233 971758715
177 87 206388840
163 359 497019718
180 149 976705062
193 5 81578562
65 209 318016728
79 264 735809710
26 392 284341316
131 284 849760723
14 189 745700650
121 132 753186092
18 153 916983675
50 358 895627681
160 312 940563346
149 234 553285160
169 134 631935200
61 344 849886308
62 376 512564142
57 332 555405315
188 45 680327017
79 312 921336086
139 51 695095604
200 195 678090700
157 38 501838785
195 278 290805540
66 87 5989120
65 362 665368199
41 99 604661351
3 258 221621710
94 343 709299067
169 277 406285481
143 53 108225323
78 146 852584291
25 260 222304994
37 115 875933257
112 288 993043884
114 159 159917014
40 100 9792597
75 107 914210657
131 371 5452322
28 133 596190497
55 90 693313754
94 220 308869533
199 265 509754513
63 12 416922261
197 340 271963392
142 170 526690909
24 26 690987719
178 257 399662569
154 372 35227988
14 120 178885546
130 78 691326294
91 243 590276994
130 131 465993503
109 271 362112863
137 118 603322172
126 130 39460484
8 323 780073631
11 149 165705268
51 345 519960115
7 135 106308338
41 377 353374668
75 137 790600761
97 44 158687399
143 89 13858034
196 16 375362521
70 333 969040719
15 184 657723339
142 81 636164880
76 276 689390782
4 35 642298872
177 364 777248692
159 232 620677983
82 332 896030998
105 165 647066325
197 314 119269594
39 154 282216690
49 160 237745860
155 192 238198084
181 79 251355061
118 368 355667932
7 97 345559296
135 237 791676313
84 72 881539555
117 204 267985767
43 215 194460824
72 134 558480079
186 254 608114321
14 86 652141929
194 153 127088569
119 335 203682594
14 314 831770759
64 397 76764811
139 41 36791298
144 324 144328039
34 134 462223179
133 72 13193302
73 274 220136734
5 291 518377081
106 212 450044870
141 227 212593850
31 45 925882924
140 112 864759377
85 391 114251537
118 228 895008379
132 46 135364815
187 397 3290487
101 119 970693241
122 347 35948952
25 10 136613337
10 77 509920354
147 321 190722705
100 321 800946025
124 214 116727661
37 32 48156450
106 293 558385254
200 370 899378660
163 218 844837221
21 169 435009086
35 351 75618424
70 298 633912332
23 351 438009127
103 128 31647634
128 287 801950256
28 231 920747030
172 310 33035494
18 108 311668174
135 242 903782372
20 261 164896980
36 301 518314168
190 65 392119866
193 63 147987548
102 221 889587474
13 283 830172279
117 383 568077882
29 251 23922436
3 301 547440708
86 22 766925986
191 9 413778985
96 48 584690354
34 263 546293531
140 36 992983281
65 208 812943684
195 260 941084164
98 255 38808528
115 174 3696646
108 271 383974654
166 126 399191083
134 3 53732354
80 29 229305647
14 227 202132315
50 328 667119484
17 13 818636977
81 45 60540405
81 284 166356668
137 114 667592463
22 358 793997019
161 66 162385510
22 20 488250064
5 393 937017641
92 179 993013574
104 123 483233591
53 320 497793320
26 221 676247534
166 136 357175854
84 222 995073963
58 39 131424688
73 76 82488581
5 378 594895472
139 100 634390965
190 12 598242649
74 172 948865568
48 296 429771084
6 251 999021591
175 119 758051131
86 2 988952329
63 42 409555234
133 278 287328354
95 307 942319433
48 328 346130285
192 298 946275148
54 361 289148498
32 129 247219875
152 284 771040694
148 158 35059786
120 354 893041284
38 332 990555915
2 300 83529621
76 18 144246243
50 350 188598317
1 217 928212747
105 231 616485432
47 266 77118034
100 385 267248703
154 344 488640112
93 367 648009028
183 303 275414927
72 70 317819040
18 91 408021030
103 115 886197088
87 263 670186193
69 8 520974232
146 100 81494869
33 184 753884475
170 185 288332838
24 387 807325116
191 182 734971498
98 266 99118001
150 268 61094948
135 13 469874744
1 122 232051166
136 209 353255337
63 169 424895613
73 395 838657809
37 204 487541706
173 336 17673759
11 62 286241492
9 165 91301651
186 82 750303338
36 326 360117828
74 319 284913923
151 80 944616579
180 262 654218295
141 43 806277540
30 222 650644317
120 76 648101353
95 370 814505854
189 31 209973203
161 11 835574465
127 276 512586008
46 371 990426697
78 333 64636948
195 223 785012700
38 164 587452306
34 35 917450926
57 311 9615837
59 19 105012675
32 369 382880115
161 242 810128219
28 260 117632236
124 230 856865499
156 81 461900558
139 47 922545400
48 79 317337065
141 297 439272070
33 342 140918070
138 122 176529131
167 118 224154656
165 249 305696410
188 383 228561896
101 384 691391002
13 78 13629804
118 222 784475842
176 259 56349104
186 156 983275436
198 84 885431933
32 370 533179683
142 113 276668938
110 78 695444689
109 287 318942043
51 144 451317079
4 153 325241222
174 293 543957172
140 308 133615560
68 365 269258314
80 391 986496938
72 12 680221457
3 195 850620968
96 393 714483132
194 293 232593668
183 343 995832045
100 270 860103631
135 87 702445684
155 262 982605612
112 143 611233959
107 201 418260919
145 301 863490161
42 352 502835567
84 72 613076987
89 248 764167606
69 280 281402071
131 315 894144378
99 69 910787072
168 219 550895125
63 342 599328782
19 377 829909270
60 212 581561002
136 115 712739823
89 180 919474893
30 175 603489893
184 102 69006762
176 100 33032270
141 235 478956319
37 91 840717565
177 71 306006738
44 102 107394760
51 262 679520749
38 135 604967884
144 63 75944893
132 220 900236311
16 80 970945833
88 50 787335534
45 220 226772798
77 324 923798151
157 116 645211432
128 301 520103161
94 369 414849032
59 306 497854725
67 28 32764976
151 102 878082453
85 314 56499413
150 214 949957221
150 67 577212769
138 341 308244073
76 201 910443988
27 119 491424306
10 158 690328574
151 163 422147851
175 127 240885107
116 136 350294046
183 137 775699774
67 66 388434483
180 399 637964192
160 319 505809620
164 220 193494315
111 210 17054765
60 385 151796339
186 322 658990328
90 159 959231171
82 400 809730393
93 373 833544033
165 72 101944217
110 206 133904217
94 240 246449574
27 150 161168001
52 367 219476942
190 313 939641921
62 321 856649724
80 297 56831787
119 59 212278404
123 157 342297672
159 364 171006877
200 150 212937764
177 8 429908971
43 336 792994942
101 215 194066978
56 147 194416100
190 363 208583639
139 279 435241073
23 34 954088133
64 50 421320818
177 264 215755385
25 60 681094734
127 204 720742404
71 254 207032693
158 227 800205563
12 21 99747480
61 248 716062366
129 88 512912139
57 38 370677712
117 27 766297117
4 398 226775897
76 369 255978041
36 225 734026659
14 277 545765503
153 189 729066160
65 344 651771369
147 253 195894628
99 193 828373755
178 206 582516263
90 5 761850221
83 340 581549558
