372 20 400
10 53 923385820
12 117 275880886
9 143 978764309
15 125 287657192
16 30 240081375
2 301 445542659
5 203 867095291
16 306 454253412
10 24 367257786
6 273 300582475
14 106 28948267
6 110 549463963
12 238 316538364
5 312 113353786
6 137 945272725
5 212 146433833
16 212 135167598
2 122 204939836
10 324 371526729
5 102 376168463
16 115 906067578
14 368 7429519
3 174 109640034
18 125 165068797
9 71 664690109
5 153 476607655
16 12 815889255
7 231 29771860
18 325 664688423
9 400 867356940
19 124 60356262
3 152 275755863
12 93 461723877
10 396 671580669
9 271 328215797
15 263 883570547
12 307 658726547
11 392 955644837
18 252 757191682
19 70 712318422
11 169 168664720
6 175 17364835
8 118 858306591
16 279 251459709
11 13 807745949
9 222 350554893
20 282 204922436
18 274 249319043
12 4 712060882
18 212 455714891
8 294 887193286
15 311 85069546
18 226 465643923
7 26 387923729
9 176 451517758
4 192 221974878
8 199 116371079
16 45 18948483
3 287 24761203
11 370 290075753
4 382 221090997
4 117 95868450
8 113 572227423
12 276 151978397
16 185 218959997
16 85 13120929
14 54 115512756
10 313 786332256
17 387 490079730
20 284 817705761
15 385 502081619
8 215 453747375
1 133 320378420
5 150 603648943
3 50 559086439
9 270 381669594
4 192 160287425
4 101 720269402
14 184 225960962
17 225 287146583
10 113 174063293
17 72 541386379
20 173 168516871
19 123 582192255
19 369 981352797
10 297 286296186
11 76 453969538
20 150 143664537
8 190 173211965
1 202 241288748
15 44 174931613
15 397 224848229
19 117 698169724
1 119 235928575
14 341 935059479
11 119 957637393
5 139 942300495
1 189 269848121
1 228 977836110
8 99 906364134
3 200 967535858
1 182 97888442
8 351 618938288
9 78 11313184
13 49 984933633
3 191 308218103
13 266 421281366
3 33 278219973
7 275 211997361
7 91 160070211
12 234 883345417
4 273 451373751
18 31 220693247
19 367 625259945
10 60 276726421
8 168 708186575
6 73 498521144
20 288 247118627
12 303 790216900
4 101 895245417
1 33 963928584
16 222 498630150
15 185 116896311
8 27 633879627
9 398 717319249
3 151 186313726
7 362 749284212
6 370 966917238
11 259 169608743
3 147 187588542
3 209 142533689
20 157 944147231
3 136 763716475
3 3 698356330
13 269 461758915
12 206 623455508
11 207 422352834
19 307 422527654
3 174 306159927
10 191 125190965
16 195 221230080
16 267 704395360
7 245 3571551
4 341 173151432
13 154 252556778
2 342 867100166
11 363 912437108
7 10 363370668
1 270 229422665
7 237 105983943
13 210 331761678
20 58 135055066
5 145 365902097
13 264 575780784
2 345 576751282
10 322 77425448
17 364 979607979
6 23 62995505
17 395 347891063
16 381 237438943
18 369 147831378
5 63 657894931
9 78 118140615
8 268 347508767
6 224 706842879
17 255 551382864
1 355 24455677
13 209 515834814
3 57 662203285
20 98 520763968
15 203 356903971
19 296 167663988
9 26 972773544
1 28 649331908
10 220 627045236
5 349 3537662
3 386 344650382
7 58 17578401
3 227 162033414
16 144 656972247
9 78 978980424
4 139 909524436
6 268 189605243
8 319 584066181
16 362 205121853
3 394 192538963
12 93 870389561
9 45 347426793
3 80 965096772
15 283 999573201
8 228 203535904
6 30 777640910
18 247 808892511
11 336 103433778
15 349 795045009
15 15 44155188
14 220 782534406
3 367 792299104
17 287 265408378
4 210 425319718
13 276 734572236
18 291 178961040
11 123 429482742
9 25 431410595
16 284 239303704
6 143 694201548
20 23 452968952
1 375 146579182
9 278 634012581
16 107 248275711
19 327 227051016
14 123 233052875
5 294 705534912
19 79 547526677
20 30 816206251
10 362 373559871
12 195 997746128
5 204 513281209
15 72 873357800
11 153 237916923
15 183 183621351
3 369 954704817
14 371 552938844
7 296 671383581
4 391 781296922
10 320 413349331
20 27 394471431
8 17 69675327
19 364 291574609
10 391 129731561
17 373 300517362
20 391 338750386
13 215 564504170
18 268 457653488
19 131 384337127
10 118 866744898
9 197 810417771
19 89 76289935
6 395 855106473
8 166 848291844
8 160 817690631
20 240 553836463
19 364 814556637
5 215 401216631
7 359 287124124
7 89 940926244
13 315 747424395
5 88 990226006
8 293 483117513
2 185 176909219
4 326 343001874
10 19 148612144
12 334 680187150
3 361 724683262
5 26 471576660
5 88 435522336
7 72 868892103
11 263 653108977
10 252 67937145
20 318 179181397
13 119 605836852
12 267 568165995
19 41 235588732
16 281 86640510
16 50 383079678
20 206 873288707
17 106 706695419
18 27 15502996
13 132 287967519
12 235 699588037
8 149 216850688
19 356 481879588
14 363 413902482
14 276 328101540
2 84 592551028
1 32 429271968
18 50 355353454
3 94 894582209
17 116 450881072
13 23 932762508
8 353 120159298
3 14 988106053
8 137 479056809
19 395 52187001
12 53 409585680
1 31 818169403
13 208 347122407
17 338 466909038
15 218 964670095
13 246 156188489
10 116 934460358
9 16 506185507
17 299 187881559
17 221 715833304
2 393 488164672
10 160 21236285
5 99 250748301
8 94 218969791
13 91 88158216
1 279 83810995
19 9 359082013
14 283 949194892
9 135 258960121
4 333 153273452
13 395 743831594
17 7 292197013
5 295 969630938
7 314 106360233
12 2 549028805
19 347 343294829
9 286 838166667
7 295 241868541
10 322 150619690
5 126 459568608
18 12 243375442
9 126 600334037
11 229 280644879
16 255 715739562
14 82 728574606
5 80 155719847
4 295 79983543
11 155 532782167
8 104 487066840
7 307 139268065
4 225 413198477
14 350 785780177
6 251 615706989
5 127 658971995
1 306 162821204
11 190 432735365
12 340 713097897
8 202 470167093
17 7 93407514
8 325 450363747
8 77 508690400
18 46 240561211
1 32 154417518
7 357 511597597
12 327 143670801
20 145 544765554
13 190 28778398
16 20 862016617
9 100 668927039
19 85 284143007
3 173 556787607
17 392 546793627
8 309 90825827
12 250 378887354
5 63 108413006
11 213 788883295
11 154 9558161
8 277 541666363
19 207 745002590
17 122 75208345
20 88 878398555
15 118 399431371
4 76 731130651
13 156 431728767
20 328 819685567
2 39 33629913
4 317 180705031
18 400 856632131
16 306 837497757
1 169 108840482
5 341 145084795
6 398 97505869
14 132 37798123
12 158 178287521
12 256 522316304
12 179 831187714
16 185 346803594
3 203 631841694
