367 40 400
9 84 27965990
2 375 606074682
21 281 207899458
21 122 23837463
12 213 408016914
40 68 705825815
29 219 987466355
39 298 448113453
22 6 402765600
11 331 817591119
39 18 575517285
37 362 693855048
23 40 270088839
26 383 351546822
13 132 156101411
4 82 122107213
5 137 408848802
7 177 334320102
17 340 559674181
5 87 373095868
7 123 334022538
23 22 46153140
15 310 800696648
31 329 546914182
10 255 829145048
34 302 454045362
9 98 588539010
36 196 913533218
5 181 3056337
30 55 998653446
35 334 757409218
16 363 142233880
37 30 218429658
21 100 580695377
34 60 414018963
33 187 172181644
29 338 200080553
1 280 105810862
3 230 849351158
40 84 305926393
19 391 646457465
16 152 263610136
24 191 894364359
7 282 782781831
7 196 993720578
39 31 370040690
8 155 161631775
39 236 497640724
32 148 599302843
17 27 188681060
36 184 354103156
12 175 5564301
5 144 210575114
9 29 575504915
9 141 458507252
25 369 108450172
8 329 445680804
21 364 678364881
25 234 101293207
13 62 631154946
2 212 923169234
9 361 747312330
30 315 77393363
3 285 465880753
36 117 47484852
28 214 856112809
11 227 578123640
31 180 657906085
23 330 45239534
27 225 852739015
8 89 241630329
32 238 704782733
13 242 312872423
7 355 892557558
16 323 667489595
29 211 833682685
23 207 54310741
8 91 624096992
3 108 959091829
14 77 14619525
33 101 655121863
13 31 915980594
6 315 509016849
32 172 7870036
33 145 106302972
36 299 172754193
28 130 867178158
21 182 78976010
16 27 600582175
33 353 220239770
12 320 627100031
30 59 273438084
13 17 133094543
4 52 106298540
17 14 528876531
19 42 185025637
15 157 70861100
6 234 211013092
25 17 61150675
32 136 908258670
28 133 169612394
11 101 596942140
26 187 430104334
37 314 149954489
13 234 89456391
35 375 628695145
3 48 509423517
30 252 610445656
29 51 764738727
7 198 181845167
21 160 766393234
4 72 13154074
23 104 629946219
25 281 202986058
32 311 772399982
9 131 368738301
31 95 288010214
21 58 440451587
26 143 105268184
22 371 884918041
3 44 2971295
6 317 434637953
21 158 196752371
36 169 832507947
22 56 488965560
21 117 280868072
12 301 21828679
1 136 13521311
17 230 200945929
38 276 416869971
21 40 662290328
31 218 641586741
7 165 292731737
3 251 179102822
27 367 836322590
30 232 522088126
28 221 740833859
33 47 896159537
7 359 481526061
4 49 361842698
12 338 321543933
18 344 389674068
22 127 374917468
3 291 931276022
30 15 230393545
20 378 793029829
38 254 203799811
4 369 477114721
26 28 278887194
36 184 353256503
17 392 208789851
4 369 284668220
27 238 751210562
39 334 780089769
3 251 938319973
20 248 871190832
36 181 985117146
8 385 795541002
7 6 430133609
3 44 35155825
4 357 34396646
37 253 21538533
30 250 194450282
25 354 563339704
7 202 441443266
16 390 498015386
8 190 60038989
28 267 829107510
2 389 270697849
35 374 949186980
21 147 316992040
29 324 163321964
19 13 965805206
30 70 176715694
13 372 145127038
12 132 520465983
23 293 977145276
32 364 401983582
6 97 310593357
4 254 376217024
30 271 866730367
3 212 645690205
4 178 986009118
10 290 373169778
8 296 530025361
11 128 719095898
31 137 524475865
34 366 963312345
37 147 397042440
29 264 697418425
11 107 798297553
17 226 256328516
2 57 739968114
37 300 787728763
18 245 443716675
3 359 385583679
6 66 890892820
37 155 723378996
35 76 935530573
21 70 620971104
18 120 638377188
6 50 879611809
17 199 19086017
28 192 518395894
16 50 932500237
36 393 412970695
33 361 870032434
6 109 328465071
3 165 79364969
29 391 120946143
8 68 171321924
20 205 636084846
38 23 371291206
4 99 41700770
17 44 808340626
7 130 760253953
14 94 470130304
26 41 324320756
38 222 700138422
15 379 392233516
12 270 7614874
8 324 660732266
8 63 933043762
35 221 143224050
19 17 878323274
22 281 490086945
32 241 37910227
10 196 81520377
10 310 969034992
20 149 781901396
5 181 71283040
18 331 164378281
29 339 30064022
36 322 258757627
31 123 270803785
24 153 341962376
6 277 396819178
39 160 361508047
32 170 633894507
14 207 973940267
16 264 553163100
40 28 218895299
39 301 114586417
11 64 237327600
14 101 462603844
20 119 590284119
40 287 855424696
31 154 190543251
1 391 59308159
38 123 593458783
11 196 847732345
26 242 502991556
16 11 402282937
29 280 709138307
25 253 81285251
19 122 54313336
26 2 317182001
19 64 909260590
23 163 426598882
33 123 78707942
30 164 725964467
25 200 648659223
9 379 402296160
35 343 328617024
16 124 428595048
33 212 989754672
33 187 914777552
10 375 680260633
40 101 44843592
20 140 786351273
21 219 515929366
19 246 491388078
8 361 986281976
10 206 270454824
25 292 847985004
7 129 692492092
24 303 315947678
36 169 22456075
21 192 41759737
37 88 465249924
30 179 593719316
8 275 269790098
31 12 804841661
23 296 763533015
38 192 400426437
10 43 362583297
10 399 395563265
8 315 5036683
17 131 409685758
40 276 204672754
23 362 727939655
25 130 866218571
2 360 163689361
4 132 400449115
14 33 961829981
9 41 583189704
15 90 20068939
28 393 225389163
18 260 46701999
17 81 908135349
31 324 498343725
4 164 982437779
9 142 935053636
37 44 436536949
8 314 109073271
14 381 260712165
4 209 779993643
22 247 435362275
25 397 375761729
28 212 550857273
10 331 769195960
37 95 535549847
12 39 709187223
23 167 833518161
29 359 728542074
30 133 143977263
29 277 878256522
37 268 323132875
1 97 34766444
27 11 74165481
5 166 586989170
12 161 510729859
31 136 998922574
1 165 704882109
18 211 666661063
4 384 172931473
22 374 831641132
14 162 788048761
22 115 130663613
26 146 638875449
9 85 866419000
16 221 285244842
27 10 814134342
27 94 138302252
14 209 988432063
16 138 159049762
37 259 919886508
15 277 215766909
22 166 859990555
38 170 636050506
32 271 319253731
34 227 196362086
22 205 723589147
19 316 246626161
24 361 57827973
11 376 190550264
37 291 668653789
7 140 272295108
35 356 113361798
26 231 158433779
8 42 104360617
22 352 778944232
15 325 962294246
25 321 296728922
33 303 695640372
5 221 225520405
7 144 741533137
7 190 40667124
13 146 586735475
29 74 838207991
16 126 921276750
38 7 133025774
1 277 973633527
38 197 974673952
15 33 139400353
28 4 114679358
18 190 946493390
