400 400 400
57 217 788669502
318 31 908003477
218 54 209319327
199 5 747766224
214 259 74993203
38 298 668189425
210 35 114948659
28 296 815290170
270 313 34312201
262 86 304218879
12 43 259814549
86 333 307836678
179 65 288426032
5 251 171975832
237 241 901304625
67 195 779826190
121 188 802699729
393 212 717039230
112 287 194843801
282 113 240044113
388 209 868366401
132 38 487627642
163 310 706114109
196 77 759036258
256 60 827719332
272 266 648481516
201 142 176846521
25 242 422924761
293 389 79075946
294 209 335214584
331 80 133625849
69 12 873537054
323 167 392032034
238 371 229075961
136 379 205073516
213 27 46638906
92 337 47939464
370 62 421724721
221 250 240860912
111 66 57505969
208 237 143104991
344 250 273735231
380 8 142061451
303 279 964062974
173 5 899200812
251 1 422377108
337 303 99245056
215 141 817077972
376 90 64091293
195 209 784955816
61 189 725169667
11 13 821955909
13 32 343564675
105 60 255090927
368 328 666981104
4 215 435881545
290 26 439072215
390 45 732713774
74 190 253033957
166 144 211375355
354 202 465796364
133 211 782210909
314 354 417788254
377 225 670334096
76 391 765989726
180 89 516520801
342 230 832549731
1 148 967629998
48 223 630736193
184 248 479350441
70 156 869651211
321 297 494139083
264 395 733701581
322 355 387344872
385 371 362122096
231 223 349023621
89 173 245755362
59 318 824937878
244 87 32690079
118 214 370817962
44 304 956527295
317 174 460509255
361 206 515220578
205 2 883506042
364 379 316593020
10 384 997621919
274 171 466368135
43 16 125565805
243 136 879506465
134 241 155577781
9 205 635456328
217 114 703021301
186 329 812768882
347 69 622685296
158 344 622258718
114 261 377010766
131 161 830126346
306 199 855038662
185 175 557346303
339 144 916371430
160 92 972863576
88 257 166129492
46 272 150581091
284 137 378185476
203 290 501703571
18 247 513210795
295 389 75678058
355 396 231055054
253 195 970463386
267 10 442248599
135 368 784905774
181 371 209546737
117 60 288492959
247 371 468918625
109 197 567160054
382 233 355732074
190 276 214170787
79 278 434753149
292 181 417681860
143 304 900831171
96 353 548224005
168 392 599735179
356 384 165297946
33 137 168398844
373 385 771018441
269 195 230163209
296 207 867795105
164 282 197711926
138 374 334068755
230 219 866898372
363 398 859897813
165 87 138919588
39 53 978691172
167 338 324269836
328 123 651572351
302 43 481394023
379 53 301836200
141 366 764381745
357 379 372809166
391 355 262868889
202 55 224908712
156 130 826378558
384 233 877633419
175 204 357696959
330 142 553862307
104 200 513264551
42 227 239974479
299 11 54220544
103 80 617576228
349 321 724506631
7 305 362170458
263 80 215415128
172 171 978334666
352 52 919758634
123 8 188202537
305 30 418794486
350 90 106845660
87 26 348928904
139 69 63281249
225 136 675438303
24 145 538300678
312 233 53756296
386 28 618105103
360 225 127289546
183 237 19076987
127 131 327475050
197 283 895490397
268 36 562321852
178 209 144446923
99 245 573100885
240 115 466939268
313 132 267548603
398 37 212642494
159 12 201131015
394 382 51058874
399 395 886303291
150 284 81226042
291 362 640856994
277 328 233517628
90 186 843306444
30 18 265957198
62 324 603058875
222 282 238744042
234 8 200484143
285 347 764505132
115 87 288265642
351 218 824560476
129 241 481488920
29 65 606478119
144 202 80992380
189 148 159924463
116 49 971048306
335 379 84620020
206 142 661921737
120 267 525478817
209 299 946363382
84 117 337450649
367 344 262153989
249 332 716166687
40 367 475071627
188 69 819047870
223 43 970373340
343 156 546915138
128 244 771284527
34 203 114862129
327 40 180867573
281 32 956591707
396 169 735969548
72 318 704085363
371 259 196394605
77 27 192264589
125 366 486970503
228 333 805512173
101 253 726237929
47 51 380926065
93 2 859877984
85 287 817965404
145 79 78761729
229 244 963972104
140 288 444628894
106 7 106796996
55 166 429833454
300 76 3962060
148 191 777269961
154 362 360682700
261 235 936421865
53 343 389631548
297 282 671904535
212 182 848877474
64 348 413894286
107 184 384395589
279 323 11041421
365 342 17654489
280 102 718020480
233 129 6777734
320 226 322896057
276 14 703948414
94 224 126824081
110 85 747169433
45 318 184940124
278 199 43635819
204 294 177780495
345 20 129195898
301 290 66381812
126 15 133339742
19 234 935747322
259 398 993716404
153 217 19956170
245 300 888248279
171 60 912691119
177 357 989861213
194 380 901081726
289 121 549351602
73 30 4454155
52 103 678500492
137 297 415883525
224 382 139521168
311 107 471582070
17 104 586914631
308 97 674958492
219 385 172528256
31 225 265209894
338 57 915561635
248 303 207863430
397 240 326232223
60 379 966629301
353 101 196062437
252 64 653055071
395 135 624452501
80 189 952432252
200 7 805587794
108 6 290484938
359 32 35074312
75 192 838464677
383 271 126555875
255 299 755160869
254 393 21627768
37 316 680965698
35 89 477905427
91 34 97931333
372 190 212767364
56 317 446008621
6 364 818416237
113 113 822088155
275 310 298634645
304 2 314805642
389 160 302813233
329 83 42108732
307 374 656937871
130 334 947554320
333 368 522553847
273 380 366319644
193 111 273593270
378 302 644023450
187 361 583079576
198 232 217928842
152 246 874026063
260 158 947310062
315 394 339541387
334 196 707276222
100 90 225453297
2 342 329914632
14 131 301016454
319 105 402205959
375 99 201112469
26 252 1829821
241 290 248217985
65 273 307083609
246 192 620543205
124 242 52515130
392 309 544149262
298 21 722795098
21 284 952470036
239 164 88820685
66 305 960796882
265 241 786271965
36 102 996764192
22 9 419079945
176 236 854012356
155 110 754947339
71 381 690225682
341 127 57000355
41 212 222613088
122 145 764586177
283 279 436569205
27 347 987540913
174 127 544593327
332 196 42365606
316 92 822960468
232 241 730552817
326 254 657222568
20 101 444141789
32 307 528122340
95 103 873303304
362 12 849527258
161 323 574285865
310 44 348994348
8 228 12278054
157 380 426570981
216 80 616132540
83 25 817513228
16 241 651550384
258 294 510416136
387 99 281924420
346 264 579863575
50 177 104970995
149 385 828496231
325 241 282920495
142 283 192386429
257 307 512932512
358 400 192305118
182 212 77480712
400 341 252746046
220 235 78004263
381 272 998746365
369 338 25194756
49 180 44179772
82 27 533575998
309 324 596517348
23 134 653654732
119 366 966460184
15 261 646966528
162 18 28969001
54 338 186965568
51 14 146976179
288 235 820112514
97 227 172666000
348 295 277171349
235 211 895958036
147 398 645541235
146 279 853291288
211 211 2652351
286 234 372499119
170 161 908509210
68 238 881338005
271 345 429839844
227 364 939108969
366 383 515115187
169 251 46733177
207 371 581581445
151 338 50724182
236 178 994699114
58 155 985911786
336 99 285175705
266 274 625486152
324 91 766440921
192 114 537835787
81 162 144094402
63 326 547792611
250 392 618283370
287 165 279727130
102 353 700191758
3 269 909383814
242 170 279649809
98 118 613008435
374 362 969022925
340 355 640152245
191 21 135655297
226 94 787516310
78 252 330855973
