400 2 399
2 323 48146386
1 194 158105521
1 293 724602885
1 172 293791355
1 191 47897263
1 84 281880376
2 47 142549530
1 218 251995940
2 149 898993678
1 135 511444741
2 102 994045419
1 82 680336208
2 235 109206141
2 342 837883405
2 166 629926917
2 361 611962208
1 122 270701866
1 104 280145501
1 4 48130457
1 185 136151421
2 247 41377899
1 141 839276700
2 301 64321621
2 276 992460155
1 355 469004024
2 275 228773984
1 153 870145907
2 15 573031413
1 74 999883923
1 141 938678465
1 395 704992718
2 45 202750314
2 194 832912223
1 105 211179950
2 26 782661553
1 398 743326682
1 215 751609787
1 351 385196806
2 383 627114643
1 160 54283683
2 329 21202848
1 93 881376978
2 318 819712484
1 141 55172648
1 260 11959684
2 248 52910622
2 165 538972282
1 281 526240051
2 250 163220291
2 241 887522368
2 399 959876726
2 71 471299942
1 334 794050399
2 158 742429174
2 125 334853588
2 328 842896210
1 278 316022636
2 32 726111170
1 351 56291682
2 393 472785802
2 276 711701971
1 376 87333187
1 151 919246166
2 122 292933034
1 201 302154732
2 382 265811067
1 72 154278604
2 112 679433352
2 268 314257644
1 77 427319846
1 341 309119998
2 113 782718726
2 386 83836883
1 243 615287623
1 382 426387198
1 282 994819685
2 179 127929947
2 94 979560789
1 262 640177252
2 108 231643447
1 363 660464234
2 142 96056606
1 29 378261260
1 140 246867263
1 389 536588184
1 245 41690117
1 375 599429830
2 246 292932509
1 335 240029100
1 331 264619715
2 398 470003956
1 38 370689081
2 283 486781406
2 264 9016191
1 79 907817529
1 240 158414025
1 38 978521079
1 384 373168310
2 221 577781586
1 169 197918395
2 90 142299602
2 126 205921696
1 208 647635546
2 236 13522070
1 378 890584125
1 62 426312480
2 203 993333690
2 342 220531016
2 116 847783115
1 320 410509106
1 243 756334132
1 127 202934873
1 361 89771505
2 184 506052910
2 65 868674053
2 246 235284204
2 191 357507147
1 55 340514194
2 335 254352367
2 179 913006347
1 85 504375253
1 162 83067283
2 389 664030212
1 206 470459746
1 341 125081999
1 126 485678211
2 163 733685311
2 316 864811931
1 321 716508787
1 42 626662763
1 140 291937126
1 355 755768089
2 114 149190115
2 282 126836587
2 231 998280093
2 65 611008742
1 338 325451949
2 25 482789581
1 187 750535596
2 273 243511601
1 73 422542191
1 53 499693190
2 165 56500924
1 162 233346834
1 329 679164974
1 325 402508681
1 148 467132083
1 251 693631501
2 216 959246912
1 249 932128376
2 77 628976377
2 365 242304819
2 140 215238961
1 352 652174871
1 276 110016392
2 69 210789975
1 215 730415429
1 284 136529453
1 265 199595424
1 44 504896025
2 399 544245511
2 227 624713246
1 379 131222551
1 250 926473572
1 305 215070017
1 93 763235340
2 193 432520667
1 373 258855774
1 165 411141590
2 137 246131839
1 342 169128671
1 368 703303774
2 88 218768452
2 238 789162680
1 85 30824343
2 129 458117063
1 329 880542831
1 294 103779148
1 278 311141857
2 221 918708748
2 191 237076221
2 374 224878776
2 205 302337130
1 30 304164489
1 242 763454174
2 272 501401015
2 178 864149418
2 179 192560819
2 144 535015378
2 189 36732874
2 83 19150857
2 205 287525223
2 42 756164555
2 135 933702938
2 174 255432940
2 372 364238343
1 334 777604848
2 226 99239225
1 197 767315801
1 281 298613025
2 319 470928332
2 363 769453494
2 22 785167928
2 126 408364954
2 196 795076819
1 10 396036626
2 112 130984068
2 29 325167738
2 210 193550177
2 74 98192905
2 398 480453233
2 63 824184278
2 257 114425489
2 61 27141688
2 6 101878696
1 388 532879025
2 38 321193524
2 58 356033316
2 379 468143010
2 323 563033456
2 77 185368094
2 67 570626911
2 277 33158450
2 109 233266263
2 95 311795754
2 52 704468803
1 349 122005420
2 262 104174646
2 291 232784021
2 345 873697260
1 18 512801381
2 181 750364072
1 128 516262056
2 333 116076631
2 201 99583542
1 38 534291316
2 146 703187061
1 106 245957051
1 6 242708344
1 238 88004966
1 271 62229550
2 360 926248309
2 93 287982927
2 378 583393045
2 55 113253187
1 142 804957851
1 139 278188427
2 280 722749173
2 330 817263735
1 233 147135695
1 320 317422823
2 385 466229550
1 280 573007473
1 256 991213641
2 376 199670866
1 109 230875411
2 158 235507638
1 324 804584422
1 239 67637006
2 377 830566291
2 396 180528766
2 187 148957228
2 280 407814351
2 4 252230307
1 105 127915043
1 67 523458038
1 104 250324757
1 10 240245220
1 175 605480665
1 378 828193859
2 75 897437359
2 226 768745936
2 220 566598486
2 56 602388693
1 182 463833438
1 399 691429380
1 102 3941986
2 183 668415252
1 182 469642736
1 107 746066275
1 169 268698649
1 124 494575734
2 86 750618758
2 97 265390023
1 215 993284653
2 196 286339152
1 345 730814367
2 8 325765482
1 90 97647163
1 20 2756248
1 380 611992758
2 87 48818708
1 50 232399137
2 343 588769426
1 2 362152622
2 114 706098799
1 283 552538572
2 368 765029062
1 59 520231685
2 302 155406973
2 312 30579439
1 11 404997007
1 216 98466301
2 69 786031724
2 41 933637556
1 281 797029156
1 287 793518071
2 319 372552910
2 95 270293402
2 18 776297377
1 277 182231642
2 385 620089441
2 227 401318889
2 394 148552679
2 152 505065984
1 67 978754450
1 108 145443272
1 83 274274888
2 231 211959734
1 15 216739328
2 251 965304315
1 45 889434700
1 21 185413326
1 66 979870740
2 229 654696333
2 94 731784476
1 147 226998239
1 88 788272373
1 275 386881136
2 273 472016396
1 269 511264441
1 234 131859148
1 116 129567755
2 223 482336733
2 301 977458064
2 260 716621477
1 124 525795609
2 72 819301252
1 366 395346658
1 309 688697024
1 369 868574315
2 155 421519924
2 88 728242036
2 223 969764092
1 250 410693104
1 199 834986817
2 351 205821786
1 218 86995617
1 83 812526575
2 94 765307525
2 344 727246563
2 157 126031397
1 243 140898896
2 53 404991378
2 265 821649690
2 274 30639968
2 86 245292983
1 192 274609203
1 298 530298480
2 323 997541960
2 282 958729131
2 150 908102355
2 235 760649383
2 374 785037758
1 93 62157054
1 343 922845440
2 64 793391847
2 73 930045136
2 371 14139982
2 61 443698084
2 193 386958776
1 223 419809870
2 197 152753238
1 270 563973693
1 326 126222547
1 386 13052094
1 78 241017042
1 299 83790797
2 388 433066050
1 147 130349555
2 29 596355660
1 92 61942608
2 221 395041968
2 158 768420071
2 376 8160754
2 88 102613600
1 75 562758165
1 284 702846327
1 122 297657
2 171 682524799
1 298 831181922
1 368 379893041
2 320 127498441
2 356 320397812
1 228 487745543
1 308 381192191
1 366 83916416
2 237 435684524
1 399 792413550
2 163 878163442
