400 400 400
204 337 430950538
295 30 924273212
115 281 252469173
210 70 422772424
229 174 111998351
26 59 15851294
258 308 614279729
17 241 900313807
387 225 210887561
358 43 251458728
376 164 854976637
323 129 534964970
139 357 51427263
260 341 221950508
32 74 323223594
393 148 529275353
142 258 310152100
379 314 46588043
85 395 161214699
159 94 321887254
76 247 439632939
69 231 917303121
70 155 824602310
162 252 335579388
361 351 169685849
226 382 180335451
96 95 194149173
17 46 203581951
241 364 934609510
377 250 387239293
306 377 98657859
252 305 292439582
396 134 171324418
150 257 982499373
74 102 456510146
385 17 765319383
342 103 452529053
146 133 492357554
378 112 941130535
237 164 324896297
215 69 823079397
34 349 157753093
221 294 49548549
43 208 792199405
17 323 568460485
99 111 97111871
241 358 389653907
147 346 558183325
175 190 656657679
115 180 125196843
25 61 930720572
394 11 105222730
257 33 731393967
234 339 579638317
70 171 924434971
271 203 637700003
256 191 624526390
125 159 393699131
179 381 28795984
315 306 587634160
83 64 363244895
291 222 404024860
126 92 41674475
208 40 45967992
393 218 557914810
303 131 541511542
283 321 282988833
143 41 773425357
322 32 912883157
19 78 258012283
218 88 366177467
187 321 851463287
56 94 537154904
355 59 862230454
335 167 805186389
237 392 864484655
8 131 704875417
356 361 194458923
87 42 465710773
345 327 817045582
37 334 783434138
149 174 236430444
241 366 828609625
32 359 349916758
285 274 462974987
307 298 894686400
341 298 244464724
76 28 716805820
71 2 961201160
280 62 52231188
122 284 764242888
361 161 180062943
226 377 397992899
354 164 156474331
266 317 942344025
70 243 885525450
322 119 129962286
230 236 659919563
168 181 34374128
176 161 530137613
212 226 544751207
287 362 329263811
103 293 458419126
142 12 846438216
121 56 65052675
75 299 801577572
362 106 168158952
372 21 701391152
195 192 41828827
193 266 426961119
214 27 84607096
196 221 730976897
78 106 79621643
347 399 211008378
138 205 93725968
394 26 93925679
339 235 340260620
282 359 153148959
310 3 834371239
3 154 31844488
365 134 21173632
90 226 499575201
184 94 840351013
364 248 880995464
88 29 557735893
255 206 297279611
209 258 131115596
336 77 327937153
47 53 505838654
226 179 669832770
223 397 437577327
94 264 505377416
338 387 313569230
354 257 652106279
375 57 511675191
236 62 767182210
9 39 566193157
112 386 63896690
253 393 737380611
329 400 206630863
400 398 576458257
86 332 728656892
153 90 565438866
351 185 923721559
103 329 143158303
299 383 459769797
247 100 228718128
172 97 225221037
64 147 607868346
95 379 643641638
224 143 499208135
158 329 793107057
192 211 465228618
172 152 821528217
179 89 417039999
243 223 976988574
295 37 157077921
128 72 478435535
288 231 217787973
27 87 211483875
319 201 874222661
185 163 177066040
207 83 426184597
320 195 511625331
334 234 835402909
184 337 234500169
89 22 165084290
35 366 213160460
390 134 806322085
365 273 743025898
208 220 704221730
89 398 265027961
243 226 505104923
104 218 229986847
258 378 236017279
245 126 770290981
49 51 139776831
34 1 135616048
258 347 464152700
181 360 408339405
96 26 875817104
258 21 604070068
126 180 227045246
323 78 779227837
81 52 913372140
128 112 851265728
10 80 751540912
45 364 406956193
167 1 164102919
235 276 235055552
250 331 68437612
296 48 188483940
299 318 805191366
376 225 294958468
71 190 629846533
320 54 404769310
377 155 734965087
385 375 724650398
389 361 478031036
252 232 84176716
265 57 510385941
76 252 170315186
132 278 589020080
360 161 852198782
152 203 323499677
64 256 203595024
328 41 561282620
392 228 662548933
293 203 35465241
373 29 342860866
276 341 167063007
184 213 909388379
356 371 91447925
265 283 739731345
120 27 680782185
217 283 194103991
112 40 102224947
116 229 265185450
277 75 899284042
221 22 958462156
300 76 405248296
272 111 141004431
175 2 121247670
203 388 409418277
267 293 640173925
145 78 538558812
51 240 832468685
149 217 824718547
9 89 209029339
22 160 55158497
226 341 727682048
279 279 127354091
332 56 172044479
390 9 688082205
43 361 332591571
269 292 286339886
28 165 385860458
250 276 925592485
247 17 163989306
44 281 301976216
17 388 853685508
173 290 307778316
116 127 931819798
376 236 427762429
121 223 521150630
144 311 722542247
151 49 633900749
355 350 954315644
299 195 966524021
9 39 378150618
150 57 587209893
196 35 776903436
208 222 237412417
233 174 583680268
214 6 950818276
11 370 453463998
24 157 520148982
247 130 247815630
122 209 2821832
71 63 142109668
7 66 281144999
16 173 238152673
77 282 416472213
349 387 166682320
2 165 608204181
341 310 823632109
126 40 777298111
90 258 157576970
361 307 590377938
66 207 817108024
382 186 500092770
98 174 54315048
241 103 722213913
43 175 423488043
263 31 797751148
329 335 406844752
310 353 984139653
67 311 690740856
141 394 423822056
124 217 533197193
380 194 423405001
70 5 485120968
142 240 595343359
147 174 769633607
36 89 975732511
34 231 981958841
314 324 57600233
369 78 665288638
7 326 628578228
100 84 837594895
245 332 43294036
37 398 269722891
263 359 765878945
228 81 866179174
294 331 890174040
153 257 530976068
198 203 561410909
338 136 65184912
25 399 399183134
17 61 925870176
263 76 517293057
155 187 956899263
254 143 795211760
243 280 73094399
328 82 273398559
390 394 75574212
86 325 600924260
372 287 572893899
340 265 144315726
193 102 253176884
177 334 946439662
319 90 281371584
39 117 416256487
78 249 721572385
54 300 920858122
70 276 160236540
70 199 698229440
287 193 670052582
137 83 794160754
357 198 288669714
169 321 671539855
160 302 503284809
391 237 151053419
390 191 385673545
181 43 863442663
200 379 345511832
353 19 914459055
232 37 697843171
310 35 694869690
391 152 663433012
4 112 82898666
109 108 482702777
205 324 250091499
55 335 218179062
249 85 403631217
204 207 552382355
337 137 345973725
338 5 479540339
208 345 922430265
372 392 370824385
6 45 288033021
340 112 789835114
353 357 550972064
101 97 202142543
156 256 241678084
124 91 402174471
37 266 489319991
243 352 933062250
231 262 594288571
107 10 804470114
96 73 460286874
152 350 509677609
29 37 305492580
218 104 434814202
399 332 298733197
19 126 654790576
238 25 359113526
86 316 115801060
68 207 976047401
151 377 749269983
279 212 98661487
204 100 535121783
282 38 707836840
179 308 685674357
217 166 282343166
372 279 718652315
320 20 456172619
119 5 142578743
60 370 963138556
11 177 242445458
108 284 863134182
190 350 289969009
197 155 24315749
213 304 301207517
40 218 910297672
121 339 362587519
378 105 606198559
331 345 949897064
259 242 377863264
234 211 454639109
333 381 128644079
148 265 930957878
396 297 334637603
285 164 616253323
19 318 931972329
201 66 436262900
47 237 658724182
31 60 495893970
271 356 482238889
384 37 337241765
390 232 827190833
28 382 8691253
236 239 779710350
258 91 669909163
135 22 22624562
52 37 374971843
311 153 285408970
51 253 735562169
221 244 117715093
256 49 64207051
