388 4 400
1 10 718201511
4 248 170454737
4 215 431559822
1 99 226264321
4 344 187626806
4 159 823781134
1 311 342689507
2 126 408900662
3 234 772522100
1 14 679768501
1 48 752289285
1 194 817804915
4 250 740210844
2 20 988005823
4 57 335079184
4 388 959520229
3 340 161432922
1 185 390004814
3 68 769636648
1 286 369645014
3 309 132360450
4 27 556269001
2 255 509357922
3 214 856203619
1 13 25072476
4 331 984443332
4 125 647980008
4 93 781681133
3 226 161379721
1 361 377484958
4 267 655917876
2 228 752267719
2 24 549443232
3 288 124358565
1 223 635044313
3 181 970159896
3 146 703729339
4 275 897475892
2 34 185373450
2 199 699720417
3 329 14416857
3 74 203179135
2 158 566691551
4 83 896117126
4 397 433593205
4 339 103106343
1 133 159087861
1 130 237538045
4 328 802150863
2 256 431734441
2 245 266898628
1 50 323794112
2 382 746371741
1 105 53017102
3 286 470345226
2 400 805618673
1 270 19766302
4 289 279073568
3 83 243286853
3 382 589982487
4 127 905253818
1 303 672483907
3 272 511649894
3 315 750517094
4 212 76614062
2 266 954559082
4 119 464107785
4 108 308902025
2 322 658634083
2 227 278621900
1 366 376397019
4 341 6209532
2 140 223924946
3 240 934648565
1 267 424463183
4 205 883625698
3 89 911062316
3 171 163431109
2 310 292307722
2 361 376149589
3 280 940222779
4 291 616227759
4 371 387304172
2 197 319421885
3 66 576362411
3 265 195096564
1 312 130212244
3 3 966417137
3 195 722971483
1 248 875717416
4 103 59183265
2 234 244287212
2 126 692151138
2 199 697055605
1 135 444778770
4 188 17857018
1 72 851103256
4 302 56862120
3 201 546726394
3 322 99716305
2 303 887017499
3 233 957037494
1 21 915596382
4 8 256406853
4 322 257133385
4 210 689591990
4 171 844971487
1 133 636691646
4 334 803579968
2 100 341133021
4 233 645362044
3 323 340140955
2 247 771272348
1 298 305520819
3 207 122739329
2 162 762793048
4 379 702838930
1 192 342699566
4 158 35934013
3 85 721850074
1 385 538582163
3 230 491272272
2 4 391975548
2 148 724437934
3 391 305631872
2 241 234301542
4 105 476545073
3 306 446074160
3 289 629809609
3 151 955335948
2 9 242005209
4 53 610756607
2 304 287441445
2 194 333146639
4 297 204017282
1 239 34770523
4 72 82612317
2 165 378976275
3 247 864468910
1 393 155923084
1 108 256785305
2 270 180817504
1 140 90996712
4 174 929771136
3 14 484612098
2 339 107332635
1 341 393714423
3 123 277622384
1 352 744423042
2 93 99794115
3 342 577955846
2 191 43459449
1 28 994092009
1 311 454536174
1 128 125884550
4 111 327292085
2 216 428687393
1 47 825256101
1 212 309358401
1 100 82367350
4 108 708423425
4 337 754885085
1 222 500431066
2 71 300632201
4 159 548593991
3 107 142485508
1 234 303005090
1 42 244165992
1 142 15602674
3 280 819184247
3 166 305987109
3 39 359443812
2 205 1979620
3 31 158370482
2 93 225365021
2 220 188127953
2 141 549282976
4 392 820359708
4 219 882892665
4 251 912673744
3 75 762657694
1 83 278560178
4 177 389232161
2 398 436585586
1 122 681611701
4 296 401082406
4 76 570627715
4 92 842776628
1 329 300240771
3 62 322663526
4 166 362800638
1 224 291243476
4 159 517728735
2 267 978033608
2 178 522629760
2 65 872917794
3 157 90546754
1 192 546415344
4 84 305695102
3 380 592571938
4 367 101338412
2 256 664070872
4 11 564081926
1 18 163815909
3 386 843301001
2 386 622771332
1 152 919401210
1 26 607275133
4 354 193934124
3 244 284612683
3 94 939375632
3 80 588263858
2 285 740049208
2 231 15173543
1 213 464084934
1 349 477664364
3 197 438531333
4 325 179515148
2 106 759614253
1 62 835648548
1 301 47067159
3 186 56555282
2 224 135873511
1 297 860264113
1 355 474392348
3 255 507652826
1 60 83164148
4 77 122694317
1 219 488980770
1 123 590829802
4 5 996746366
1 154 170164245
2 254 117514619
3 288 206555842
4 387 590371953
3 87 162844678
1 13 615561874
4 354 638012850
4 295 136065680
1 172 372236573
4 104 833780491
1 223 456630472
3 400 413679816
4 358 381562753
3 113 110357564
2 108 157985217
2 49 674668635
4 317 997841225
4 61 43099228
2 195 572366621
2 285 344543640
1 88 565972834
3 54 36454467
3 386 969304153
4 142 71167841
3 137 961644632
3 155 783234578
2 209 439147307
4 59 758071979
1 348 578315485
2 129 399607217
2 107 956164398
2 300 231102285
4 229 700270782
4 254 900372136
3 82 202077347
3 330 997745311
4 120 708268793
4 57 566882933
1 374 81163796
3 274 3887189
4 54 41673334
2 126 802077644
4 101 29318744
1 93 865683378
4 381 272101383
1 381 713415582
1 274 890474663
4 327 394964435
3 75 332512636
2 283 365854460
3 151 535022334
1 278 35915105
1 239 319411745
2 240 96791473
2 343 242191420
1 151 612057373
3 78 174672042
2 69 780602749
1 332 112730596
3 62 171456698
4 334 846042523
4 186 967607795
4 40 78188458
3 203 694928542
3 226 610471562
1 171 550785161
1 361 959961900
4 361 884687433
2 60 63617715
2 338 321763330
2 219 314953685
1 68 770665555
1 348 589569915
4 105 187278830
2 134 473449553
4 269 514470983
4 183 680622263
1 43 845620019
1 281 313800258
1 319 139698397
1 304 826668138
3 155 546456333
2 292 569651756
1 195 250224206
3 55 953371939
1 208 542888121
1 291 801352602
3 86 257269152
3 262 92500427
2 23 72358587
4 107 5544728
2 328 515406635
2 159 830163643
4 249 845079453
4 27 516284715
2 161 127291012
2 101 122670748
2 34 297517132
1 298 158874694
3 207 582587656
3 286 272197644
3 313 391839977
3 75 554390699
2 290 7237201
3 232 661170645
4 223 21737117
1 36 539817189
1 221 654814381
1 163 654166115
3 36 630995665
3 84 96932887
3 287 241440444
2 175 596270024
3 102 675351541
4 381 123721766
4 296 110546331
2 85 230227637
1 137 839175094
3 35 49176493
4 369 416706520
2 46 88733368
3 181 757618629
2 194 43574963
4 61 87353057
4 314 974340114
2 264 770747454
3 50 278816394
2 137 971968511
2 10 760935217
3 143 407996939
4 192 163284428
1 37 862426662
2 374 20669950
3 19 343789641
3 51 609723172
1 14 361180069
2 161 448036964
2 229 45976872
1 118 564247209
2 192 761642282
3 192 844936340
3 347 83236761
4 89 266519024
4 33 495769511
4 274 183144543
1 71 675117139
4 51 426257679
3 344 128201062
4 85 742249047
4 234 937245308
1 199 105723157
1 221 402636899
3 196 983682300
3 392 638111649
1 127 269044761
3 121 762608570
1 212 811304314
