800 200 798
58 97 904343657
5 405 82535629
87 297 437269975
171 792 395212785
4 123 446413815
109 553 671763753
132 797 245961359
40 718 529642773
129 157 145858479
105 497 253130948
94 385 855402552
75 515 485063179
108 788 812196623
55 362 962099492
180 320 886513264
191 514 568337862
32 626 175506632
185 446 981494278
86 56 579537834
77 191 572062631
52 163 199161623
189 358 301849340
126 115 925819080
64 324 437638543
142 269 328882380
48 131 392834708
44 443 584315960
93 225 141378439
158 328 227828795
172 144 936896022
95 774 356899763
39 469 810124612
59 620 135232822
152 257 700252128
129 182 879364461
169 536 994932792
6 481 629844722
149 663 266331014
149 507 829699462
199 276 244785881
191 105 506753663
114 608 311071516
172 443 799756630
77 723 809371877
13 40 818870047
45 12 687333647
73 22 650827853
154 459 459601763
130 482 292578613
128 459 11838357
11 464 766315442
99 756 946291406
45 572 498471680
95 750 727796853
102 626 903597890
51 489 441601087
43 609 353186181
10 118 130393170
105 291 891551488
179 719 277044855
176 491 383168764
166 643 517636890
184 741 450397483
166 79 385254046
177 603 592908856
39 482 224506115
6 222 40052727
103 217 969614017
184 573 902404178
86 367 697428186
67 465 509369834
69 57 916169193
83 190 612008345
59 785 422461978
134 189 889567727
179 253 157847711
101 428 934057294
107 249 655281906
11 156 834471845
88 724 316789243
123 506 733684748
161 523 846441533
84 436 313006712
50 405 161684068
3 244 860732727
151 503 84952547
136 789 859618797
63 691 614271278
156 319 358181069
178 641 766900753
50 678 528745998
66 660 931420081
65 133 207486240
131 218 199030712
194 462 353469626
174 353 680882527
33 290 745386590
167 761 183856563
68 435 498464177
5 550 319814760
118 143 328283382
132 118 972319994
8 483 423323375
149 42 147611811
60 557 831974146
125 709 538944753
79 633 618307054
71 456 650268244
26 762 427506657
67 431 735055282
7 540 474907683
123 504 140781937
198 454 257031973
165 484 633954294
124 189 132938861
48 219 673671153
59 727 885700826
39 13 93664659
189 391 128906663
196 527 498299428
161 453 77109400
81 236 720444635
58 654 650017292
109 495 140877655
166 8 402689732
108 290 183875055
127 12 599331312
121 238 223185962
31 655 160177352
49 133 158638090
130 343 500383463
4 104 581355101
181 247 746369363
144 633 736250611
66 362 174397249
103 662 748866107
111 695 242018834
77 228 193103135
179 241 792044297
85 722 216107003
42 436 804483553
157 444 781621991
102 519 794788791
110 50 628710927
139 395 176409725
126 552 891342717
119 322 588604625
51 57 930499556
36 163 871835691
140 342 660422300
124 459 884560710
19 443 636563694
109 345 440577199
187 409 681359262
20 578 120098195
38 794 292434374
183 436 23795867
199 433 940724237
19 739 547633781
86 790 453633421
55 686 281089117
68 467 18289767
53 569 423671489
130 589 72327
19 783 846351463
170 417 177783600
41 661 436260377
22 266 529147226
193 514 812724289
29 134 271523642
129 624 137078956
13 114 301244307
124 372 30796806
126 470 962273843
190 363 652379631
106 176 271918656
66 680 11274828
21 379 677524832
141 355 523118939
138 114 463823596
50 627 887342261
2 418 914164371
191 264 760924117
142 229 805643673
107 58 978825055
88 367 641385323
139 250 351728019
42 466 358659520
132 512 768991692
84 217 32929714
19 543 122153741
174 771 32811046
22 494 630276638
39 750 288142327
151 5 967374401
103 321 819171524
11 607 897103599
181 771 238074397
110 243 250211617
117 537 850317600
106 528 792304887
78 39 760605281
74 478 308998663
16 364 759005086
40 494 534084962
101 12 690663158
128 447 6133921
40 649 825350370
89 609 343595103
6 483 726208269
90 310 897248631
186 789 586515647
124 614 468156921
73 721 593041110
119 350 894601230
84 24 952092928
149 440 828467769
147 428 424709170
198 649 103013176
92 415 55312936
64 784 858118324
81 70 915517301
127 123 885600754
35 663 718041742
123 554 144299015
156 263 241418713
170 182 382609562
144 462 689074394
40 650 766560173
24 16 211514189
107 449 193045508
144 434 287243631
153 392 569230687
163 742 133093444
116 378 869542993
108 417 967953964
90 67 122622332
71 596 487443306
184 64 32721599
37 588 115109202
162 89 213580959
98 790 562258754
170 355 433438641
14 767 900556617
91 720 951495128
58 168 953660461
196 527 384433311
19 77 665282124
51 498 23096792
135 681 321344979
178 503 756306280
67 711 114194517
115 278 6454960
105 752 542089419
155 744 959456205
74 98 121374433
184 757 628582394
87 199 420391944
173 503 681866913
70 775 766689149
147 602 809261470
61 647 648304249
50 135 881502610
163 643 844551040
160 318 550688879
1 51 90901767
195 222 754922667
107 591 764456817
108 68 897854306
102 118 79061535
108 607 422422728
150 419 10373646
40 423 393804718
181 646 420875366
87 212 339576765
143 147 404937222
145 789 744852410
89 52 26627515
170 768 303221439
196 459 70171636
101 179 797535916
10 132 647349360
50 670 315552646
45 122 774488904
148 151 441154350
14 328 308922763
123 319 180415226
30 649 115547464
28 557 890182142
78 787 38069077
26 521 975981417
118 354 22143024
34 658 775602751
122 198 146025461
168 268 245055112
115 391 32009127
15 333 433049264
67 478 800864818
109 45 264086876
140 196 334243584
18 95 554308503
152 108 613557953
141 781 857565332
104 2 232378042
49 728 247714845
3 795 720210009
190 110 331888570
14 455 937149335
17 738 914205870
135 719 426241704
188 112 984613304
80 685 863730387
55 390 780520874
17 171 298971588
115 46 723845185
123 199 292004573
22 594 688481923
18 467 359925241
143 506 581702598
177 516 302305990
28 61 455933703
92 302 300540004
181 544 348698318
74 82 42117439
41 366 196681356
119 309 675192026
108 394 296422423
109 536 921628514
69 409 586184515
132 352 714315077
200 371 822444837
116 550 671978632
1 718 228986735
29 547 915188630
111 760 892200082
194 795 60261318
59 504 119894829
192 78 631448135
28 21 266274429
87 12 631146259
152 219 849059144
75 236 823231286
25 371 222908297
4 623 20209789
118 103 494836473
154 359 425805480
131 689 713834030
50 287 723040029
125 692 868193399
183 267 24104610
197 88 15141364
181 555 96231549
151 422 526646182
49 385 874219920
137 675 206819625
13 765 832267576
61 716 37334449
192 586 664268704
151 597 345983542
152 186 41057118
158 696 517311168
116 402 815391170
92 385 589544220
108 748 574925155
30 256 320608798
13 122 273308540
171 463 474767508
157 672 980690769
120 257 734096003
5 389 265494169
52 269 11325390
143 583 234254851
103 613 819669651
24 638 23235295
122 611 570355834
11 231 41962056
177 711 389347288
160 30 731011467
153 496 217272597
181 770 205220416
13 403 358268914
151 229 254658601
108 336 972486269
126 471 720192636
142 100 410702002
161 245 732339021
167 150 989794283
163 106 585598525
19 543 47488084
74 143 983716084
141 139 749147300
165 720 506472348
94 158 906278602
116 438 241722504
162 332 548804511
78 685 208729946
9 159 759803568
194 264 676120829
37 233 286045855
173 577 2872198
77 777 440460274
176 261 982327759
192 325 791965265
1 685 257142837
96 325 895394677
120 323 921956144
84 625 941388595
127 288 141336992
102 63 952979790
156 673 414714818
196 23 504276365
181 788 162725195
23 181 138424794
98 64 722626191
173 688 679950180
102 381 715693190
49 540 968022811
159 551 164200976
146 565 457975857
71 346 690354336
27 225 472076163
194 725 324743823
12 141 199660678
154 195 904979735
7 86 810705925
81 723 640051505
161 81 736629822
101 471 151045276
104 760 260701537
114 650 31269296
119 331 985559194
25 313 893365627
104 105 897969487
175 218 207482754
155 562 110849005
130 22 35799739
74 239 260177126
153 481 691610145
177 268 928736368
84 116 138117267
116 178 259069138
91 640 415822470
73 427 938433118
84 603 116239792
22 31 299399745
190 195 445342788
13 348 30279817
121 592 406380173
132 531 668258108
184 482 716184768
90 142 43524169
170 305 130997803
100 353 565705976
126 756 484266815
42 226 671348634
106 12 759869821
96 649 104259125
32 740 373523559
129 30 839439880
114 725 3880574
4 361 455162366
64 209 243987869
74 14 956095349
141 273 17594380
135 119 103607720
67 335 299297165
182 349 289132443
140 276 155255194
40 72 788073783
200 515 933132829
26 113 793865756
36 737 267571961
1 494 967759872
58 515 399947750
198 361 838850084
38 175 229240350
121 526 50053626
85 90 142225299
23 248 444754319
131 110 362136913
74 29 22686386
124 40 730807477
108 426 23928259
176 393 822515003
31 473 130239602
121 456 569199915
133 465 272077492
164 251 499810001
187 81 452910781
179 259 810290813
177 761 526206743
141 32 231251053
109 770 688421446
36 795 958924839
100 545 677508136
167 568 665213825
180 736 583797061
113 613 492659404
97 513 52951367
12 310 16620995
144 89 15105376
4 708 995474491
141 791 933436977
89 228 525229638
133 229 731134633
53 552 126034561
140 302 954357105
29 551 105415681
119 170 279210120
101 774 621069407
25 616 737567169
103 64 709155793
112 48 499619051
71 371 619590956
155 266 387661697
47 219 104223430
200 717 821177353
153 476 676618971
150 670 99387006
22 691 569882344
57 18 635503214
56 592 698275607
46 341 165270023
112 330 992104859
192 107 145501108
137 545 701516603
192 3 873141244
78 27 224243145
108 260 92790993
40 782 189199736
172 117 163790068
120 379 857209174
40 244 550784697
174 794 807161469
59 470 638316930
175 131 364876979
106 147 320847245
103 77 135634578
10 531 237751684
128 290 846488630
39 81 338408799
59 365 149162961
51 183 285373990
119 468 3301625
161 249 83053422
59 82 623641062
161 46 432197810
16 627 182768225
193 465 26232898
137 476 243444536
185 21 50126461
14 633 705385811
63 548 916246291
130 56 275165001
93 51 476754071
133 228 974120168
17 691 663347813
131 406 622824568
44 328 303455556
136 81 417583409
169 413 130127338
99 746 488427470
62 312 382389526
50 86 861024677
197 396 575390000
146 279 603896841
93 626 590576954
83 640 966482371
97 704 329681165
93 259 930257318
130 110 220651796
122 210 378578461
176 242 692053982
198 649 224573153
163 232 4813591
49 56 778004288
145 775 384372159
123 501 827489259
12 525 104285765
110 723 44194048
88 3 659440671
200 458 153410452
142 602 143337893
90 128 587153458
12 227 930459316
48 292 831695210
126 142 800346571
127 435 427423927
197 779 466456623
88 171 533412442
200 783 959677504
142 414 249046623
42 697 477511975
154 793 104785310
157 480 740045927
137 703 29804315
91 264 698216534
149 463 973868899
14 121 203696798
67 313 324899359
111 643 785939648
104 775 769334028
108 514 144814610
144 6 177024761
83 291 5105199
78 766 196791909
32 498 745168178
14 57 96333065
24 585 828051822
145 369 578992505
43 216 97994267
165 288 80542851
131 96 350557002
93 671 91692711
198 510 519712486
9 55 325520526
174 346 237903425
65 447 515518231
134 42 678445698
91 14 445364450
7 177 165874562
99 594 163840138
131 739 844629710
57 460 240518773
161 65 232483284
148 626 482407474
34 553 624372458
130 678 317863589
110 179 945117606
128 298 602051907
185 1 836791200
135 188 975426431
33 462 460795344
99 94 773994816
151 564 969977379
172 694 28691587
82 319 512657870
186 61 981031364
26 551 643887823
42 582 401961918
157 262 310521914
134 205 185285750
82 362 365748595
23 220 684079505
156 593 45562507
4 11 196671305
60 470 805944745
96 205 233300134
147 688 242275006
57 250 310041812
26 745 871147776
55 30 68360303
1 493 117729755
83 343 924709121
32 628 401178457
193 103 834294073
59 523 279104830
180 483 185788389
158 143 961645900
173 255 416967405
139 536 110534247
117 14 734071430
82 724 529094883
121 278 456076418
191 522 984483161
49 116 592456705
65 488 642691546
24 304 780265493
97 208 939965435
61 634 363857098
151 51 566398252
16 628 156720738
131 494 526749790
52 342 412523616
22 396 381270143
48 41 78035338
195 56 292400188
174 192 44491791
80 674 729007355
14 620 530613562
61 335 389769962
29 418 721917241
70 751 528731517
90 155 684470307
72 660 435857213
171 314 523184141
94 352 204308592
82 136 483397012
150 492 90919871
199 571 379351368
63 131 417413248
43 216 746321725
26 537 903813268
72 323 658522948
110 696 107938468
27 4 900772088
90 257 490876630
83 75 334350820
12 19 706786052
138 719 816106520
114 380 829093658
190 424 309855645
165 219 551797272
75 560 290668251
142 740 467470327
27 774 938610950
15 201 639107283
125 83 769844412
16 617 455164060
109 498 533770796
130 631 223776041
37 342 97856830
107 590 844788602
118 726 530936195
165 451 78223941
107 88 319604661
91 686 263950243
98 271 552835456
108 203 660524222
37 339 149358927
31 302 724375156
43 54 744910863
190 51 177678446
195 660 339025748
18 798 668965464
22 364 841198341
146 57 223991153
189 761 141306781
168 134 863498487
172 245 978072455
41 10 364902088
9 550 961851672
168 203 828951507
142 125 200690769
76 147 933154
145 417 156468371
176 57 214361347
40 345 667034003
47 715 977348494
84 315 24890374
13 525 883821080
102 742 671594330
157 666 889753918
196 755 128571951
25 107 615254125
23 769 878111311
69 24 286504471
78 460 208640568
141 86 448806964
74 770 79644077
45 700 225788579
46 313 179780534
16 418 111874068
116 784 67103712
172 120 425323821
99 350 545586922
93 136 99313627
141 132 818948413
47 237 222225729
89 702 104051082
115 523 857729456
188 796 209392497
72 594 575114388
138 690 71964400
150 771 697475417
44 658 279699349
16 95 742727621
80 289 87525965
3 713 239750267
104 656 23125390
182 700 610775172
185 221 340459461
181 30 366910410
108 459 882012489
154 541 841273178
18 47 689857192
27 287 173888355
100 667 451268362
85 720 10852263
128 667 990962404
54 679 558815489
30 659 147111955
158 83 178504823
75 475 866544676
81 458 573620147
89 40 315909723
57 85 384933278
16 560 385297619
174 382 104890
170 695 213229243
66 773 218430873
139 690 893542317
88 225 440445508
181 57 314434572
49 324 779372637
67 733 581677131
162 50 955820529
118 658 185771744
172 765 611652085
112 309 537365946
