800 266 796
41 437 999774476
175 416 999739970
99 734 39
131 691 999885548
154 665 13
88 218 132
52 696 976723666
248 233 151
149 100 212
102 620 142
234 717 994134357
124 109 998089276
197 178 999866499
88 572 998771808
208 144 286
142 552 247
13 468 972769035
168 742 998083015
174 789 995274069
229 62 999973454
47 244 999694087
168 212 998280375
176 660 161
178 718 998087354
141 15 999381649
247 186 295
9 495 999859744
165 472 997089986
239 261 976880974
105 134 996515639
91 55 998985117
228 298 127
32 71 10
209 391 996954282
151 655 999999172
204 203 997874897
71 117 992394217
96 602 20
223 389 999953491
13 556 999249024
7 734 998763567
177 737 989892968
234 275 987573027
58 21 24
77 223 999781853
155 294 213
169 511 997952560
239 437 999903519
143 366 97
1 493 999999452
122 102 999782201
132 736 974670942
12 621 147
73 781 268
82 366 995140801
62 285 998954248
123 253 106
118 685 81
258 507 960070007
187 282 999835400
33 54 156
166 522 999932014
231 315 88
266 288 999650849
60 582 999964603
138 602 154
126 567 215
218 617 930426680
45 476 999636026
206 574 998968988
187 548 999995264
52 342 996695600
139 438 999905180
153 423 988867145
260 662 992867529
11 563 999832194
16 42 180
71 559 999962164
120 226 259
40 532 76
159 337 175
239 703 965866913
151 479 973732836
194 281 999667234
182 225 999506329
212 494 999991380
72 414 162
245 170 94
7 380 999733512
66 318 39
126 479 999986018
203 677 1
125 400 999985631
6 307 48
169 687 999963981
200 784 999970886
72 768 999906493
33 762 990280660
130 284 261
128 80 993237666
252 506 255
205 553 6
16 750 977627809
114 587 997624853
263 710 33
202 10 989350546
215 294 999363513
175 328 985712006
137 111 999693646
43 235 999839987
48 557 998742614
236 124 999545454
117 671 999979102
44 312 10
230 124 178
196 366 928128835
20 372 999756613
106 277 234
210 344 219
16 662 994885481
3 785 999995939
13 26 951002500
40 90 986705281
241 745 999148179
20 18 999648518
223 301 999710631
77 665 235
51 696 257
60 228 996176796
208 56 963809688
211 207 999989936
223 35 74
233 180 999922152
217 30 999890888
64 366 52
141 457 992137158
80 553 999985445
141 545 172
39 366 202
202 452 66
177 29 13
265 222 251
67 504 999868583
39 278 995354494
192 63 999915665
68 76 292
110 191 999989878
259 719 146
48 469 991476973
241 479 11
122 190 227
192 593 999944756
26 179 999956477
249 652 210
167 26 203
235 546 999947390
164 48 49
92 391 103
143 190 999919418
220 449 999999992
145 63 989070014
102 532 995245136
172 762 998716049
259 277 999773158
207 397 113
171 167 47
180 380 999997985
147 656 952497587
203 235 995098118
211 649 148
170 435 290
190 69 215
250 324 998255783
187 724 999508451
48 27 998617157
40 2 996222918
6 219 998811276
265 134 995270009
103 275 998000205
265 576 999938727
119 707 3
218 529 913362508
15 353 974301118
143 720 999605887
264 95 998487879
214 567 999632261
234 629 996940276
260 396 999339816
82 720 995083635
178 10 70
227 714 985384189
181 456 4
165 648 295
30 105 125
231 669 999947151
180 468 996339540
89 615 26
87 54 999974534
175 770 999435834
239 349 999999537
209 479 58
33 408 999734253
61 396 998262123
39 190 999817542
266 112 998544820
64 720 999910271
56 149 999944856
15 441 945992148
98 446 999987607
112 187 999900998
19 698 289
135 343 65
128 610 294
71 471 994776197
179 413 999978203
104 314 999731556
87 762 999522018
250 766 996930007
221 467 998737474
168 300 999961555
99 292 999910946
13 114 986149130
29 679 999221239
91 497 942963730
20 106 225
175 504 160
87 320 990219671
134 545 999387633
151 743 998179369
46 165 276
166 256 263
43 323 59
161 19 999991757
166 80 999930194
5 186 999981701
4 170 999633487
1 139 999826499
90 685 998181435
112 629 999999237
218 175 990799712
54 279 999655356
176 572 992403572
166 610 999048869
182 667 996776353
103 717 21
93 674 9
261 534 999112053
25 592 999989760
251 624 991180891
107 397 998952295
159 249 998861647
221 113 999883384
195 724 996204270
176 218 994537013
185 401 998990964
150 184 998598489
191 530 132
38 756 999671582
83 478 997782308
242 177 989017870
151 389 169
196 12 997243428
142 110 999964860
137 553 115
219 391 993069961
34 571 999973465
67 238 998692943
129 258 156
71 205 999991856
81 229 996094570
147 214 999991604
228 210 999213099
91 409 997528566
62 549 59
143 632 998490645
61 484 158
74 22 997334055
260 750 999677008
184 124 999982931
232 696 55
152 557 18
95 565 207
188 595 144
215 736 999237777
187 636 996126474
119 265 998088159
128 168 999647889
171 433 997861456
165 30 996765208
135 255 999935657
180 26 966380544
187 194 885871768
157 569 971379699
227 272 999883956
252 64 999423265
14 155 999287360
98 712 998920952
161 373 997382773
183 127 28
53 761 985297444
139 526 999074313
65 349 41
12 533 999734660
37 361 999963990
131 337 999507960
198 719 50
222 736 218
137 23 979539787
186 56 999838549
7 26 927955866
195 458 992938860
171 79 997554491
98 92 68
152 469 998476093
144 4 230
76 64 998827405
185 313 999960639
192 505 996083718
157 215 999476329
23 221 999669756
127 443 997442073
8 135 995979943
205 465 995590843
69 600 50
41 83 288
114 675 85
200 430 41
130 196 998555015
216 122 999122621
134 633 989028546
220 537 999078691
209 37 999941911
14 67 998213189
145 505 985123186
263 180 999994985
251 182 999993027
5 540 920115813
227 626 999535233
161 107 140
5 98 996568028
55 559 989478531
194 723 254
171 787 999995006
246 6 999553593
230 36 999999898
12 179 999998133
57 296 999955230
168 34 63
28 502 176
72 326 997964591
44 490 999804513
18 259 11
199 271 253
45 564 78
61 750 991433328
192 151 998491589
204 645 47
261 92 999993446
127 89 292
2 467 228
145 771 996346406
141 103 999983715
17 410 998396586
114 145 999363086
11 209 11
56 591 130
187 370 175
227 360 118
171 521 999994830
39 632 944346294
133 220 36
6 661 982239187
134 191 999392470
133 574 947000270
145 151 135
85 586 999803542
2 733 999958149
230 478 999462565
118 243 999999357
45 122 999978109
84 538 250
25 238 95
173 713 998804209
101 234 60
248 587 995398710
48 115 984392762
116 746 970050610
143 278 998090649
48 203 225
78 274 290
248 145 985736141
247 540 999925259
175 62 980380068
33 320 999956477
107 43 998607478
148 681 94
36 154 997876573
208 498 997444609
131 779 993735999
216 210 63
15 87 123
160 409 967273766
53 319 999976866
43 677 996505362
193 220 92
67 592 998426228
105 222 999936551
7 114 170
33 674 999527262
87 496 999894362
136 778 996946664
31 790 150
8 223 219
211 561 999731789
205 111 999976951
223 743 983619688
59 323 94
1 669 150
30 459 995874183
80 199 35
217 384 998413296
220 95 964235981
173 359 941976012
38 48 987953741
30 17 988427227
182 755 999998463
185 755 975256708
221 555 99
161 461 939001388
109 300 998819127
17 498 189
220 183 47
76 152 290
50 419 135
129 612 986344214
49 9 198
5 628 85
2 379 999994062
130 638 991550491
21 177 68
261 446 998534624
174 523 225
164 402 999769372
188 153 999989311
34 217 132
182 313 999837189
18 171 987899586
151 567 998272325
246 448 997298330
237 327 999991100
252 772 999245784
169 245 999384577
212 140 6
139 84 999721425
136 336 999596897
216 34 999432281
251 270 170
58 729 995046332
83 124 278
238 740 259
74 110 224
159 691 999401359
214 213 201
147 744 223
107 485 117
246 94 244
192 239 299
64 278 999981330
112 275 58
3 77 242
66 672 957395398
74 376 993808911
81 671 999922996
139 172 91
195 16 999978028
96 514 993514344
62 727 989587031
266 642 999658741
56 503 993859125
149 454 999930721
140 527 255
252 418 874551826
20 460 999937225
236 478 999994689
63 86 258
100 120 998280030
22 111 986851874
233 534 998113096
166 434 999968372
229 150 999889787
85 674 245
151 213 999999937
174 81 999980288
177 383 998933805
184 566 953193244
184 212 24
218 263 10
149 366 999999217
225 394 153
111 738 987641415
172 320 999069154
90 243 997433016
236 390 999906247
128 522 998519890
172 408 202
266 200 996083441
185 47 188
23 663 243
36 596 999980945
4 612 996214325
41 349 999692842
22 199 115
42 3 998485300
53 53 995831050
97 429 59
260 308 999999657
166 168 992926176
196 454 261
47 332 246
14 509 999838221
125 46 999957876
164 314 996668797
148 239 999996794
94 651 999546557
263 268 999985781
69 158 996266485
256 537 777594615
91 143 204
98 4 999911060
25 150 999948719
44 224 999612173
52 254 998103148
98 358 991678709
71 647 171
1 581 937807588
206 220 235
61 42 999997185
226 208 10
83 36 942466876
266 730 247
24 304 284
37 7 70
44 578 998257359
114 233 979368784
102 178 992708047
105 576 999822166
142 22 689166197
223 213 999995334
55 117 997339979
157 657 89
184 478 999999274
201 616 291
11 475 999826645
62 19 999781620
224 324 153
233 622 1
9 141 233
124 463 978990547
3 431 998322860
186 410 996741384
174 347 996862285
84 96 996039891
147 302 993553503
261 180 18
74 464 972885018
92 745 999713481
163 546 999775973
42 445 299
13 380 999998870
111 384 269
228 652 999492781
61 308 997193490
96 160 999283106
132 28 193
182 401 27
236 744 999942268
113 388 61
62 461 999898447
255 78 12
108 762 81
56 61 996314192
151 301 965630700
70 500 995500866
155 648 983281069
10 224 999848724
237 769 4
57 738 285
63 440 999350204
169 333 179
125 488 265
67 680 18
174 435 999995120
108 320 969858223
62 107 999955774
260 42 91
243 88 153
85 232 998973925
6 131 997346528
26 621 171
195 104 149
40 710 999588124
163 192 186
79 269 14
63 794 993950321
125 754 998238720
169 157 998122918
239 791 999766617
217 472 180
142 464 999875515
254 141 285
54 367 215
132 382 999999872
186 498 274
197 620 98
184 36 999993127
266 554 930518215
36 242 300
140 85 992695554
191 88 982119702
209 745 995983673
158 582 26
135 697 999975158
168 654 998746325
177 295 999928465
89 173 997086621
11 121 999967631
60 316 206
262 723 179
168 388 999840659
39 720 999207957
21 89 999922213
16 308 991037261
21 531 997829092
124 21 999401093
13 202 265
136 690 997414043
121 551 44
1 51 999617284
232 254 999984442
222 294 999791095
193 574 999598815
181 14 999735947
67 150 999660871
235 192 988091610
69 512 998596572
253 83 189
169 599 999989460
54 721 999911702
100 474 999998902
15 795 999956519
263 622 982036741
249 564 999836354
146 107 179
239 83 68
173 5 259
236 36 999970299
256 183 38
100 562 206
112 541 998852910
113 300 998517088
44 136 994238969
53 495 143
6 573 955045454
35 600 151
38 490 258
59 677 955747216
47 686 977499219
241 37 999930032
164 756 988048006
162 558 287
165 206 991309900
81 317 287
189 244 148
219 37 138
60 670 999984574
187 106 999009398
165 560 996006415
160 55 1
36 508 999949313
254 495 956405526
165 118 999967989
49 363 999095413
242 619 984669380
16 220 994604188
38 402 996086783
144 358 999999621
119 177 999905302
94 297 992436732
197 532 999895642
52 784 25
87 142 80
53 407 998955439
255 432 993304976
156 390 229
255 786 998785257
178 364 999677914
8 577 999962631
195 370 978564878
113 742 999971922
147 568 999351247
242 265 35
82 12 222
199 625 999999862
124 551 219
215 382 27
212 52 997780722
223 655 983757163
119 619 997464762
233 92 998104245
29 767 149
58 375 999897734
153 69 60
229 592 131
242 531 999743570
41 791 999964900
27 482 155
17 56 999991527
62 373 999967228
110 545 999738232
33 232 998950970
64 632 999645273
120 580 999959181
150 626 189
213 446 24
55 205 161
16 396 941931191
131 425 39
250 412 282
4 524 999688985
151 125 988964705
109 742 992509616
236 566 192
226 562 997805304
127 1 997995176
189 156 963187206
7 468 998995556
256 95 987396384
126 125 948858152
76 506 973417973
89 527 999948507
104 756 35
94 385 209
249 210 996620383
44 666 995112763
75 489 272
105 664 179
149 12 985215622
136 424 158
240 463 232
162 470 999910824
238 298 999244707
90 331 138
216 476 999443467
265 488 857072637
29 325 987841668
258 153 129
216 564 948949775
257 690 172
64 190 999468088
110 103 998222644
229 504 969066675
68 430 994167168
179 59 285
146 461 999488392
65 703 994342876
4 258 143
117 317 281
122 544 998625193
264 537 249
189 598 999932668
152 115 999792469
109 388 89
86 485 33
116 392 181
162 116 997403627
1 227 999846942
180 114 74
87 408 998475971
40 444 949555795
115 18 255
137 465 999767129
70 146 254
94 739 999478562
134 279 137
126 37 999983749
40 356 996958176
244 202 249
234 363 215
241 391 999387117
145 417 998604110
14 597 186
10 666 178
85 144 995994942
18 613 999570161
65 261 997637320
22 553 999816906
8 489 999938031
110 633 61
235 634 106
2 25 999497179
