800 770 798
650 368 33
624 6 1304
320 599 1215
487 143 323
542 391 412
182 474 1994
615 492 636
145 466 14
232 795 1886
71 713 1811
484 646 996562109
41 258 1965
201 172 1305
646 678 1197
310 741 1420
611 58 378
69 347 35
242 458 95
746 482 467
694 245 1959
479 114 1552
696 292 1810
516 116 843
141 147 527
185 496 1464
253 356 726
228 578 969
315 269 999999943
207 149 1801
570 74 665
730 364 720
647 600 205
277 337 1756
679 333 1547
317 89 7
204 73 1369
675 418 983
766 174 1808
753 441 1209
190 284 1454
535 710 1345
415 571 199
40 464 1767
312 491 1075
626 154 502
584 123 1185
325 697 625
353 774 239
684 113 1763
411 600 1208
243 63 516
362 793 1107
143 116 1820
374 594 1750
600 57 1914
100 188 1041
654 668 473
588 583 1802
641 730 1730
493 670 1684
687 619 1952
250 360 1366
336 141 1608
569 101 1858
262 572 67
233 643 1696
434 93 36
633 460 1398
602 164 600
389 285 1681
365 87 666
399 256 1474
524 202 756
84 742 628
128 670 625
164 239 515
759 640 1715
594 248 170
55 626 1258
344 373 1761
49 490 702
314 778 517
275 433 168
405 525 247
102 645 347
735 351 1726
64 362 765
194 616 898
236 601 683
168 226 656
449 627 1516
129 363 1520
707 35 883
281 231 1348
38 187 259
612 281 142
710 85 501
581 388 250
95 44 349
19 198 805
224 143 1119
640 181 1740
426 577 708
51 578 1589
649 194 288
459 301 1064
366 76 250
476 495 1736
549 717 346
30 593 228
715 285 1370
326 782 237
528 688 28
716 675 690
223 414 1962
246 456 542
662 698 1636
322 711 419
546 179 1575
567 742 1384
722 515 999930157
583 304 749
637 95 316
77 383 782
724 736 235
264 328 1212
225 527 1765
458 545 497
195 393 1767
33 450 1220
118 707 1228
484 264 1576
548 677 42
44 37 391
761 34 1896
500 67 1487
728 77 505
494 717 742
405 109 965272739
723 576 946
559 221 1871
267 742 823
272 15 459
180 311 1093
561 227 1471
745 326 95
110 724 1480
506 741 1877
482 89 594
719 207 1203
552 506 1209
683 425 546
451 501 909
53 270 149
29 7 50
86 20 770
5 775 972
477 63 224
763 52 1855
122 57 63
46 124 183
103 167 1102
142 398 799222297
234 744 1205
527 689 1593
632 233 595
301 184 1425
331 561 1199
465 307 559
81 714 473
15 735 1306
473 227 1661
669 104 928
68 294 893
269 686 1656
7 320 654
689 612 1739
124 120 177
758 592 1529
87 608 1305
734 214 1743
28 636 241
6 94 1549
284 637 1391
498 603 642
754 485 100
428 663 1115
720 709 1190
170 469 106
490 203 1306
318 639 413
85 433 761
769 77 1073
401 262 246
67 327 1477
352 109 252
723 160 998535598
217 684 1225
371 345 1280
391 135 1033
328 499 1975
741 489 1576
726 150 1855
630 426 1842
171 190 998260033
673 327 1373
222 445 1846
682 589 1659
652 688 1964
268 327 625
252 500 638
510 328 1191
733 40 989581753
21 247 111
167 472 965
629 339 1138
282 109 886
406 328 381
94 213 147
442 123 1520
424 578 418
22 261 415
230 344 1250
27 157 1807
96 7 1657
563 363 1288
308 191 734
227 691 545
387 427 564
698 33 1427
173 296 68
270 281 625
378 185 441
123 351 1729
571 715 81
235 654 503
503 560 1955
32 533 1447
97 390 775
156 702 1561
542 773 986726407
295 786 1892
327 642 769
635 124 1411
358 248 1534
154 530 750
554 31 297
370 756 1828
416 702 456
101 442 1541
712 584 3
70 97 419
89 567 1038
348 558 593
497 184 523
112 582 1309
537 407 657
627 462 1471
501 8 1249
26 712 1072
614 197 71
285 395 1379
676 247 1800
17 475 1427
519 175 726
608 489 1242
179 130 228
749 131 1762
157 380 539
205 373 157
478 89 421
288 70 756
308 573 999997322
651 132 983
13 162 291
677 543 1684
300 525 541
471 41 1584
56 688 262
31 502 1147
702 761 25
520 621 1127
545 185 1350
743 742 704
433 782 451
704 695 182
347 146 1889
550 219 804
756 632 1686
644 323 481
672 222 1874
422 792 1324
605 478 1327
441 543 1874
311 707 1782
732 151 259
413 389 1452
350 275 1462
349 285 212
345 315 655
279 661 1272
609 602 502
72 207 12
544 322 1502
360 340 33
140 242 1231
452 326 1645
379 666 1210
499 517 1788
3 133 471
333 536 292
381 10 632
625 97 293
199 765 629
663 369 1486
517 138 1256
439 54 147
691 42 1979
480 570 184
10 559 1045
505 5 276
76 472 432
606 152 1155
290 98 544
607 205 868
342 409 1013
278 263 1053
639 265 702
444 602 946
622 126 785
533 10 609
762 531 236
193 140 1323
604 133 722
336 523 996993920
309 176 1626
534 18 1316
461 750 1837
150 386 1377
575 45 802
420 601 1430
125 398 1614
73 170 1981
214 215 973
714 627 1025
163 45 459
529 278 1267
92 778 1699
522 191 1744
332 138 1795
627 46 999054653
510 710 998181602
380 87 1558
299 26 972
429 34 1945
662 282 999925462
11 785 289
636 275 32
423 62 848
412 429 931
376 215 1993
747 691 1148
2 715 54
23 577 1151
338 480 1022
668 608 818
686 679 866
189 790 1482
748 718 259
725 538 1540
132 82 852
343 110 1502
304 501 1790
39 248 54
196 655 636
430 372 981
485 725 831
117 384 440
742 675 721
717 156 1582
246 40 998611484
109 263 1010
139 181 520
111 760 528
709 715 185
670 316 1360
98 745 923
398 749 950774261
25 709 1452
638 421 1941
437 439 1974
119 84 92
404 196 1601
432 418 698
579 525 192
127 229 425
564 431 1913
213 526 1473
181 389 1216
176 50 898
208 497 127
105 226 1364
557 796 279
708 292 8
231 520 246
149 265 1019
507 150 1511
445 210 1022
14 41 1623
580 226 45
257 681 997
688 667 219
186 547 1738
722 133 1021
4 117 647
354 304 1752
337 374 805
403 513 692
621 795 1207
587 555 1631
296 303 1531
474 35 1524
364 120 362
414 437 1127
260 751 343
462 88 1366
50 515 620
220 315 1558
764 28 1107
93 343 809
329 393 1427
126 790 73
731 457 1712
610 409 1492
134 163 1267
553 623 315
183 63 366
293 84 573
315 685 1217
218 567 1064
481 44 1362
617 169 722
302 38 1323
518 97 759
767 105 999973274
486 221 784
303 187 1221
203 82 310
514 331 998
436 273 717
665 721 1417
590 253 171
642 201 1565
456 144 654
695 43 1461
351 587 1489
251 317 823
574 263 419
502 588 2
238 409 97
443 752 1826
187 266 1014
760 453 287
192 100 1102
297 25 1588
248 465 1124
244 278 1477
162 558 1894
273 6 1700
18 323 661
718 435 764
489 284 774
591 634 1938
586 383 1154
254 677 1008
418 366 984
565 103 1961
37 244 1936
392 144 1777
210 155 1005
658 318 1206
59 583 1565
34 148 247
295 370 991756620
541 636 291
178 484 1290
369 393 644
427 54 1637
417 180 1944
305 158 456
78 427 768
188 712 1909
106 20 1196
341 709 569
693 89 952
661 704 252
664 595 1049
655 139 1103
566 720 1459
653 484 1113
752 419 1266
511 644 924
729 646 237
618 519 1520
346 212 254
321 653 1344
409 699 653
765 566 830
221 483 1848
576 765 993971441
446 128 190
750 376 986
592 83 970
460 288 95
165 690 1955
509 503 864
628 503 346
215 278 18
65 308 1242
526 608 432
66 74 19
585 167 1133
90 728 551
138 375 723
539 260 1339
372 565 734
148 425 89
593 140 1854
114 515 1803
738 369 1188
177 453 452
259 723 1201
24 9 1062
323 349 1949
307 287 365
508 685 1071
45 104 250
768 154 660
131 39 902
316 330 431
667 610 1448
551 35 1392
453 66 1614
767 521 1223
286 163 1071
737 466 293
530 543 715
153 571 1322
160 246 783
532 394 1374
48 178 627
241 464 216
496 22 730
107 524 1306
648 624 1975
99 413 491
705 544 1630
63 761 1640
287 591 1528
397 505 122
700 286 1668
568 149 1857
368 576 1747
601 24 1316
265 636 221
531 86 1142
555 450 1868
121 244 277
504 268 792
740 382 950
200 76 414
634 607 552
255 350 334
294 138 1722
721 134 1335
472 726 587
706 367 53
748 302 991356467
690 652 728
390 258 112
619 561 357
91 562 1660
136 181 777
540 510 143
685 494 516
198 759 256
400 599 578
573 412 1166
324 82 1684
292 266 109
35 496 1446
586 765 999299303
463 570 1141
512 180 466
713 132 312
74 59 979956424
88 737 694
599 537 1004
16 177 248
137 213 339
697 320 695
457 316 1557
8 520 1798
421 682 393
681 111 884
438 302 1363
133 23 1962
671 532 1358
733 456 1669
42 111 8
727 776 1965
468 34 1028
483 68 1960
113 273 506
440 606 776
616 382 533
398 367 304
470 377 983
216 2 747
239 315 1203
645 308 1206
155 666 1539
276 129 115
701 739 917
597 705 382
469 12 1275
515 600 859
197 247 1849
560 477 1921
447 243 754
521 407 660
678 330 46
680 358 1244
396 394 536
756 216 998380838
283 245 903
492 189 91
356 33 1721
385 469 1925
383 199 1733
471 423 999090608
83 769 1482
120 322 1011
739 265 970
335 654 999913743
464 464 1160
144 19 1321
377 31 1006
266 504 1161
211 625 1412
755 447 1912
620 13 1107
334 513 137
219 654 1476
184 611 1009
330 256 980
61 780 1689
263 721 112
116 489 69
175 212 1173
339 153 1760
435 70 1123
488 154 357
256 179 1561
212 102 808
289 155 475
384 639 391
744 526 991
130 607 10
613 732 850
209 723 421
245 227 222
666 694 351
273 388 981243220
576 383 1893
757 453 1824
656 373 1177
491 221 1011
79 224 1858
146 75 1688
261 41 1
692 303 1097
108 752 358
386 684 730
62 222 1484
467 778 948
313 42 137
448 777 221
703 13 1201
172 138 1477
202 298 1589
455 726 272
536 726 250
280 231 429
388 40 1902
395 576 1222
142 16 866
12 634 55
191 268 195
271 146 191
578 69 1731
151 642 706
523 588 348
538 536 1653
466 210 1717
355 577 342
135 72 798
375 51 267
74 475 571
562 738 252
367 413 1039
674 159 1852
152 663 272
659 774 1002
57 575 1956
159 516 1960
495 694 1456
147 197 1235
410 408 1022
54 301 641
402 744 1378
525 611 900
220 697 993800673
657 178 1195
229 458 336
340 141 568
431 448 670
373 381 529
631 430 1147
319 96 1519
408 49 962076151
751 517 703
699 117 1558
52 3 223
249 154 898
335 272 1919
47 547 481
595 749 650
556 230 254
408 465 574
104 289 419
166 543 828
174 81 1445
454 357 1483
247 248 1889
361 502 263
425 278 920
75 60 1758
643 73 1219
475 171 1924
589 60 1381
251 699 999283875
274 752 1434
20 154 178
407 110 1015
736 457 1612
711 241 138
363 94 792
596 57 1968
1 665 1503
394 276 462
637 477 998893605
206 295 1698
240 213 39
603 201 747
572 253 1354
36 582 1278
660 690 866
58 760 589
359 124 1256
623 729 654
169 173 443
543 596 142
450 704 1399
258 366 490
393 286 639
115 716 1469
237 99 1213
43 471 1924
161 659 194
577 346 947
158 287 1982
306 453 535
60 777 1250
298 756 261
171 606 186
770 435 482
357 451 477
80 210 38
547 207 1066
226 360 792
513 161 507
82 652 587
9 599 777
291 240 518
382 70 969
598 553 1773
419 470 890
582 85 1187
558 469 873
