746 400 799
398 400 263007380
328 503 827497866
303 335 366304434
35 164 767322249
261 497 494713262
308 507 199055419
11 358 73940591
399 279 276298522
48 129 377360470
340 81 913881737
135 39 430520399
99 714 974968512
193 35 448450111
274 431 713507943
393 215 51486384
185 580 31072218
266 439 33470582
299 69 824881558
9 94 795452416
214 485 818570906
360 743 668648551
9 63 91939942
368 84 180208907
88 695 508035280
246 245 584167415
184 210 936707536
245 228 636752544
234 381 979845426
93 250 725086219
313 515 689985823
195 284 231845093
377 309 853041849
338 202 956972385
260 457 680267004
301 546 32060154
342 44 820581505
280 9 619352577
386 322 164971957
15 264 542528460
330 204 74846549
222 243 265618932
353 388 911072747
311 732 65074848
392 344 557729320
225 711 707784992
267 441 162154047
88 483 309437811
70 388 696851842
111 214 924257220
360 130 111975768
290 568 380531130
283 502 929238373
136 733 728002592
150 391 766306601
390 105 871545229
203 62 134802302
93 355 503960046
229 340 535742128
338 273 913238404
6 179 437743836
10 660 439931712
78 5 532767857
60 226 729203200
384 775 437562461
319 712 938291386
40 711 688645178
49 469 96085006
397 370 460254971
101 404 66842507
99 710 863951155
276 277 717575798
188 52 970151382
104 71 498680616
121 338 857089659
365 169 590104564
270 359 973581189
358 173 174554639
306 288 728486901
291 457 287286154
255 376 1597007
26 336 213488676
312 273 895687687
190 398 625040977
59 61 644997645
160 281 550898671
378 650 858440632
262 698 228818218
288 213 707444279
115 651 374052640
371 698 214539513
50 193 70791554
174 712 864462426
4 705 156403802
242 267 400572044
172 525 677555927
93 224 664145763
127 33 768295698
276 794 573185071
386 175 384751596
344 479 71143922
58 368 446472104
157 130 380738560
51 455 607937985
176 475 825144862
390 90 46363633
301 214 110454636
77 445 282613081
345 784 138963969
150 193 603420279
63 61 933454401
391 354 267338713
121 401 271313580
310 72 913354513
265 770 714546695
382 54 436926939
238 425 210786379
321 724 712840951
128 413 817033204
60 656 527920271
125 101 1760168
286 374 652063396
78 164 442425468
141 752 733251907
299 277 359604607
356 626 703335531
252 550 803145390
335 584 935439120
129 513 898335947
8 163 522496112
257 354 804379937
77 587 458305162
45 756 797081763
370 637 795928305
111 357 305305186
9 162 201331819
68 208 501958178
390 798 341198282
232 611 599335934
13 60 921477273
5 734 74808967
273 563 255627193
199 593 95593601
354 469 338391329
165 642 914854666
23 325 430460797
270 17 334395821
57 403 383567804
274 159 808774335
343 222 495875485
335 700 323405469
142 598 323540228
38 743 104841919
200 98 223137280
278 365 729400296
258 134 691492009
70 556 324413234
310 362 727811200
271 209 139922729
6 37 76769053
31 743 69755098
394 479 724341400
95 762 391030961
299 277 561558879
126 269 267374773
205 433 61255771
232 56 49571329
131 194 537467489
136 332 940074440
73 257 172173334
125 418 780000837
137 132 532167589
169 362 343250357
49 73 404683669
172 448 180175569
182 423 961295176
54 722 129268858
70 429 800843897
359 399 384068878
324 94 223015618
91 481 833981286
90 555 867479843
180 755 568584791
332 664 6061374
333 399 441078526
146 111 648946864
72 51 135444417
394 528 935551577
192 472 803057459
28 238 787402397
119 657 352675094
20 667 997003638
289 474 596147658
143 306 22917645
315 522 803799570
388 590 714802177
300 547 827171521
42 689 344614959
287 427 526790610
163 573 475192425
211 752 134690737
128 795 226981624
334 2 102891914
279 527 629259733
235 571 979972193
315 324 894627740
247 741 955887489
139 343 418363111
378 555 493189284
138 764 652879004
285 325 694857727
209 42 262512318
6 181 485026956
329 793 86198566
117 77 694632567
184 440 374373143
358 747 990552422
17 175 82554653
145 251 768671918
144 18 565680562
364 747 94714357
383 549 61828696
293 51 565562766
311 229 816401046
240 553 171250685
134 528 895613611
309 180 245916116
373 459 411835424
117 273 826686992
257 202 171425762
83 475 661039096
287 344 383223175
199 178 365952007
102 722 172059936
92 102 92672907
31 592 840176059
217 604 849178425
182 305 386677734
116 644 987753964
132 760 11184995
1 413 446932985
389 248 7550977
285 219 728725633
92 653 462246006
354 82 590715943
111 134 567027352
98 285 219178902
297 217 569213887
371 670 357857517
192 78 417841925
132 596 752064806
54 547 589426790
275 586 345999423
237 597 821282416
285 535 552257197
265 233 554106875
20 742 662750727
86 280 691730921
182 300 958187461
356 451 166783965
222 110 414825580
355 241 52007774
75 250 841898871
37 618 396645026
10 798 862353136
263 409 887575848
291 350 937805882
347 511 328607631
23 44 543856556
205 742 127198632
163 616 183442273
13 42 789522344
357 426 181508364
253 420 313712047
131 677 511532838
198 416 251517224
254 280 634054246
366 719 608209080
233 338 839543732
43 388 325593384
194 753 759861454
400 220 425444630
64 518 962358347
272 43 720815857
48 780 131110907
25 742 102057464
216 84 779101294
316 493 259122267
229 152 598445943
92 704 405344080
302 309 801019972
97 35 352389870
170 759 342128218
195 611 87794477
331 347 769967503
352 584 870014678
391 378 422706042
156 620 177823708
202 401 998454299
290 777 205809084
348 441 233214426
53 279 859443141
33 77 907142066
143 641 163344394
155 480 447114610
277 797 567627821
231 96 405997300
256 717 992585522
105 525 886965227
334 582 560290402
140 8 323491983
135 408 373782371
359 552 674737992
220 521 615048109
52 607 13439552
202 25 751649894
197 149 969360921
52 718 178753028
315 292 289756172
24 251 73801866
323 106 259357238
108 774 850358339
124 149 276355913
35 54 753530586
199 346 684572449
161 442 395139570
260 15 111922300
287 400 866306729
141 386 495537150
209 726 996563165
317 402 512575615
86 304 485763915
196 659 40185087
296 403 864691925
122 286 260826174
166 198 438300395
360 65 17898605
171 329 180025372
52 524 904360906
149 304 370389700
79 474 195291121
327 46 904692328
347 754 930267606
4 627 357401099
385 728 814174823
82 123 65145327
39 603 906294776
263 581 556643462
120 134 742076141
345 225 29726016
336 136 993231847
187 634 900106240
335 442 747129097
364 73 348511696
275 143 592183241
32 778 701378439
44 452 78082051
391 200 792501254
67 786 424388677
213 223 267431004
260 667 103725412
67 532 632216576
230 643 41023516
19 267 709836489
64 63 713586233
244 516 580031126
185 490 336421608
349 290 861178144
278 567 666551748
199 443 189172210
2 673 726782128
218 409 829852487
332 615 730628863
352 23 843473915
101 345 206951362
71 799 572518618
220 561 406778989
81 8 152344240
239 603 151429434
186 726 247690431
338 57 384290992
4 627 611523875
207 175 719362440
292 21 820105630
16 574 9574933
275 590 769625575
69 480 142607588
123 254 96738168
271 641 553164446
378 650 82419398
237 285 973542036
234 730 135857667
175 579 623245200
45 358 907441578
37 720 445446303
84 175 123141883
395 618 894445947
36 170 301255018
367 117 721458048
3 392 799766645
380 448 643255307
298 339 51474530
223 386 919265740
96 570 748789846
249 498 113316538
359 287 983633586
14 393 197051461
69 78 215909074
112 205 1940106
162 260 867202499
322 150 222049062
72 682 208743879
60 590 668970729
303 82 128224015
295 60 255447089
158 56 927925620
110 673 640620139
284 70 521206514
160 485 68788752
80 183 978985424
44 513 20818938
307 475 681796373
375 339 353348007
255 47 774247779
38 371 415948686
216 36 61779891
184 130 768220606
106 599 90080833
171 348 59509846
318 435 842160225
34 555 283948119
102 609 1865881
326 506 701402059
6 669 964271556
339 173 464935816
303 191 157246191
114 770 508835101
147 538 459594616
180 722 355547546
86 184 775575349
44 97 621616682
334 427 492600305
22 699 609536281
344 143 559575162
8 796 915520725
196 743 14475812
241 296 268914318
125 469 851622419
372 340 8279870
323 754 930542954
147 736 292157785
362 414 511101747
256 440 473413066
282 661 769548271
209 598 848296376
34 246 212165549
369 596 798379483
145 497 885133967
56 338 472435612
7 326 653712396
127 12 193861213
221 239 114355784
46 296 266816266
395 232 291985504
281 33 480389873
52 398 934561919
233 780 988345514
128 292 353623821
239 436 885929290
97 40 6063548
294 713 869147895
304 605 883377235
298 101 952471168
356 20 99878923
185 517 124177398
58 148 455319671
243 354 104929538
66 634 541909511
62 7 725934376
57 88 287008296
89 410 852452983
370 331 534894707
219 279 811884001
196 665 423783105
99 43 592238179
120 681 375041756
108 152 967930962
358 7 307092183
176 590 16076306
103 26 714947939
251 649 285397168
84 154 111404808
109 716 600658856
103 251 970083558
87 553 27723573
346 433 799854502
224 223 30968285
247 407 978201093
253 311 968777440
301 620 569865839
123 104 431769838
127 101 374687477
387 353 63980471
155 628 844412077
78 68 308758487
194 375 596613930
92 7 792747010
288 321 251281229
22 624 990832180
167 752 774400390
122 164 41534181
67 33 540338809
5 613 454021052
32 770 775258803
351 590 778963080
131 79 925149260
267 222 144764141
319 99 701409272
320 546 589425288
25 281 279727553
353 393 97338551
77 429 963482547
357 558 797251296
81 664 100332201
268 547 250002032
174 490 103488909
132 562 905090447
228 164 118541145
325 462 28611987
41 675 106314295
181 441 916424437
331 778 382542632
337 447 148290097
184 350 499753205
85 136 825104556
316 172 576398633
204 698 539169316
334 795 297788875
312 669 545776151
21 84 707553713
357 656 541042796
196 742 305061975
295 399 156047729
206 136 966443827
370 397 466899281
374 520 56913997
363 195 581894219
7 145 175011263
115 226 130698733
214 755 403047997
180 110 83780206
79 702 614655267
51 33 401781847
374 527 742639129
2 700 744470228
269 218 174462871
376 719 682521216
124 495 998901206
65 366 924298336
61 38 614320647
99 326 844980741
96 82 619945092
94 229 589763444
230 551 984526790
236 662 267626178
93 599 500576563
381 772 958840502
328 736 568279037
17 239 904468300
213 114 998040706
122 69 298275497
241 198 333548921
232 691 689723237
47 339 618724622
264 279 682069990
137 240 289804255
177 448 316222041
307 569 944086870
65 46 769175394
133 46 118460365
298 587 134699860
196 520 27927332
81 290 429981179
382 338 168415369
178 477 998788397
164 414 41255123
206 305 43088614
336 13 65607829
153 743 102574566
355 654 534882578
248 462 547838686
3 91 92036597
189 79 935072890
346 232 246494068
370 450 38982017
26 165 741521917
294 663 968134660
221 406 40159072
396 322 728401004
265 124 827531925
303 208 247013066
292 740 124433819
221 215 776795938
74 171 772102222
22 687 628969549
278 699 306548377
355 609 538798690
118 14 43244955
340 789 930392890
113 202 482348959
47 254 167551890
227 54 637147290
209 26 5566629
173 158 592161387
151 709 207090881
364 739 720010684
360 242 305626832
243 198 755611440
53 492 479649142
244 485 840123681
130 519 274872626
97 727 777096155
208 776 910058972
218 702 648710027
27 612 411444526
25 20 39780729
174 636 411168681
96 489 302217376
138 402 927043772
235 752 930647857
226 207 616065101
286 497 565403835
73 677 137481509
340 483 35509610
32 500 316844071
159 638 958750464
289 124 547164374
148 740 639816039
120 721 474833712
241 324 231595759
361 688 669156035
28 192 279694653
305 659 520320205
55 93 453133282
332 8 967814449
201 500 598411822
387 559 771189639
151 141 277292671
204 279 795950649
198 749 295306187
171 357 827166009
350 456 207354769
315 44 380216929
17 521 658223486
140 216 996258728
165 463 240943561
253 561 601033730
20 519 479979662
399 355 125338563
162 319 208184194
379 144 168984131
179 590 803819503
286 203 438166959
133 679 274810560
259 683 733045141
380 275 18758034
362 8 702870223
250 799 693142578
274 8 662432431
344 222 857518084
279 35 483092035
7 546 33443173
245 165 799909129
204 40 689352445
102 335 178052792
385 459 120601587
152 237 568363417
187 677 136415866
61 701 768065081
135 252 64706340
369 369 411179200
240 413 14677013
26 289 67257386
109 717 365591121
306 558 336351016
166 39 498529847
85 548 729534349
212 420 821823077
248 83 961190302
295 95 978428220
248 564 330324906
256 493 820489790
45 640 501543366
170 544 705606162
341 196 415458149
123 666 481860629
249 211 37268744
55 718 500702807
242 386 675902473
168 26 445311949
167 93 819039021
12 207 69746091
199 773 150970038
188 393 737463883
292 261 529096661
232 640 196286808
337 690 823929200
250 253 326585573
55 162 93123190
342 138 862331881
76 455 627525736
84 503 499970109
376 722 236323785
309 762 391445306
103 119 129382024
397 357 470363131
210 328 276949374
77 117 885519422
30 212 130978599
376 319 675444883
390 147 230030395
381 382 15225383
215 154 152909169
104 574 618157214
107 430 703356730
377 763 685535282
183 218 661854401
18 351 478542538
15 780 832804407
326 668 356194483
78 470 323980430
90 277 361935038
154 780 165513420
216 518 18322155
314 2 835193512
224 694 331215756
114 448 830835791
160 600 993551783
186 490 156093598
100 178 263453083
248 596 121257619
109 159 997452144
29 322 384371236
191 416 481803217
16 11 214218051
12 138 97175795
287 705 236911019
