800 28 800
17 367 465017203
16 797 609236617
2 56 497548260
17 736 574777943
1 708 252856959
11 632 217815736
19 154 279130966
26 362 538526942
7 218 322637960
11 385 64421589
9 519 500543355
19 525 794918858
15 582 19662994
25 717 210889149
10 505 465485761
17 591 466681859
5 294 123732308
23 384 182306532
19 586 50758150
3 230 586443811
14 304 479509346
20 168 431944958
15 603 823476288
23 113 432529203
14 116 954982910
5 515 450609618
21 330 310606808
13 658 205951160
14 327 759792805
3 548 765111958
8 320 432950506
8 577 798131445
6 27 983605963
9 484 914835095
2 243 214454331
25 757 435264436
5 541 812569198
8 244 469493584
18 166 770751312
3 89 97147075
24 705 437715599
6 568 930128615
10 690 659890050
23 82 853199788
7 609 925178401
23 739 352718125
27 56 386375776
3 92 957592468
9 383 665239060
19 670 998659505
4 597 955233284
16 527 269406972
15 534 41528831
22 539 907573423
11 396 73960564
17 609 444195078
8 256 913054487
16 35 485950402
28 12 404190595
26 708 698677732
19 58 189388565
28 200 821776414
3 776 154500622
19 85 468024179
7 11 800593097
25 185 686450210
9 485 64312197
3 70 662283167
15 747 432066124
16 1 490893185
24 557 29195103
3 681 336122915
1 722 924890467
2 748 249934510
1 97 720597220
1 246 20353737
22 319 195482993
12 382 482474963
22 515 290411350
28 496 263771658
6 795 853119710
15 645 39461492
3 622 742223835
1 743 143281751
25 726 820264881
13 430 492376544
18 618 970079769
18 258 5230717
2 196 660133465
13 180 627735596
25 434 287534280
25 457 137508154
19 606 852658055
12 79 884761393
14 781 925242780
8 35 203168455
23 470 165873286
11 330 37035496
17 456 421540455
22 347 18204303
6 87 841375801
21 500 166190652
7 606 217645814
16 649 332135664
12 388 46664232
1 111 191394776
13 782 780987441
11 288 488829608
5 650 219358994
3 389 20169531
24 494 324974221
4 399 828638592
21 644 555673503
10 577 216745719
19 762 733559998
25 768 800654461
10 315 808193580
15 207 747624199
9 178 150714717
2 266 446283238
5 253 890692332
1 61 775421710
8 722 348971124
3 343 289330598
19 295 936534336
26 338 843113177
11 764 761533656
10 777 932906654
24 596 53117513
14 716 799956593
21 143 337702136
28 479 461122109
21 292 707959355
17 748 660259742
14 429 957467238
21 274 321619256
7 319 248935733
5 508 651451
14 375 562165943
4 520 356426657
24 515 659020932
24 451 260612741
21 379 687181880
7 433 142980347
19 31 328598891
8 425 959356431
21 138 68228762
8 420 385635760
28 97 880026493
25 795 755585564
27 24 150651516
19 116 808507922
16 402 311617729
4 547 250225083
24 362 88614847
16 492 687239702
22 214 199601093
25 492 101106876
24 571 491241319
21 165 21600403
9 612 103554855
9 736 550815361
6 11 18094069
22 422 937555421
3 678 184810047
18 424 672208468
7 54 230689053
16 221 402319181
6 568 194772209
24 299 244413379
23 793 478605912
15 77 250100201
18 56 179204459
16 387 51529921
15 402 61192784
6 110 254166311
6 710 109266282
21 129 528343396
10 723 182287993
18 6 183723105
4 565 971685217
4 594 131248773
23 435 198133636
26 506 847642301
16 92 723052009
9 300 999779604
16 63 594886815
28 565 835966315
12 470 576438465
13 149 723947739
26 324 776083913
14 329 971825470
1 701 19997238
25 173 490573227
10 543 152457641
23 143 703029538
20 787 94459280
4 464 556899329
20 595 328499802
12 685 460184165
2 307 632634429
10 458 417666284
11 660 240683730
13 625 271949298
3 558 280926991
20 204 921077198
26 29 231675676
8 77 365309164
18 700 625431376
5 311 13335175
21 433 426371635
9 441 600329131
11 169 616071731
6 293 98422244
27 30 621761268
11 71 528400753
11 383 257639342
18 200 952621442
13 214 759865188
19 712 230558191
26 682 93519204
16 70 371498631
1 50 684985148
26 73 43227025
2 334 707881466
23 189 416503007
5 339 128895954
8 285 564228521
28 113 756411425
3 744 95127902
19 129 512668729
25 149 770998943
4 732 746766354
11 218 489447645
15 777 655142383
17 792 651215008
14 699 346917189
14 36 509560850
27 210 161171668
17 450 709114831
16 458 784663176
11 728 80768316
11 195 123467043
7 394 552263666
14 718 552314284
8 179 733096382
11 544 8935860
7 335 899724207
16 637 464091383
7 96 537491483
5 378 805239787
27 190 359397744
19 798 937707677
27 292 53920241
24 171 1529522
15 462 435339362
28 8 566644992
14 365 372812728
19 309 538224445
4 290 676738758
13 552 604540199
20 173 67622978
10 677 57318601
6 47 348805466
9 6 654609801
22 448 793294305
17 578 978081470
3 552 277920976
6 465 635020011
17 133 338976703
2 586 253840253
12 308 68073345
19 783 148348077
20 20 321070435
11 533 132119405
16 151 386493194
22 719 761631685
25 246 925685797
27 555 343055292
12 659 490956228
12 484 779946930
3 301 275763329
9 277 289476289
1 701 598297829
8 421 217346410
25 731 108623026
8 212 412444168
11 393 609494379
24 393 187257295
8 469 206836555
19 353 1225598
4 737 16669401
24 242 337938737
15 705 657181093
22 485 65412404
17 346 480523673
20 451 372632036
22 17 160354482
15 538 307813881
25 113 440196270
19 368 79866350
16 146 430937570
9 202 985734440
26 509 661652241
21 410 289996743
2 163 243408336
19 272 551271969
11 91 815717344
2 115 433582191
17 756 173906735
12 624 215013660
15 780 111772397
19 32 671764816
5 21 6578081
28 415 722928450
22 15 197923433
18 271 12409084
5 633 318201327
4 786 290906269
17 599 203826333
22 666 654215407
17 371 223546322
11 553 279023908
8 725 370298226
16 711 633435841
14 98 131626079
18 403 810524565
13 116 884337925
26 574 245112100
10 119 521115702
19 34 595742111
18 309 698535231
11 759 69230903
15 29 383399028
4 359 600679266
25 212 70095991
22 274 201717201
14 188 230596607
11 413 556449366
14 568 342518963
18 517 238998348
3 634 525757984
2 438 674803263
23 151 947840579
18 683 937819389
16 388 978536763
23 741 755636420
15 555 110336288
7 276 190903011
5 679 156211500
7 228 169828920
11 58 669249051
23 682 561389405
23 514 631087983
17 691 63613993
15 765 223871144
2 246 697026714
15 707 142824030
17 197 84070641
17 617 42527283
1 128 370086601
1 400 801000425
8 498 646254289
16 795 197371619
13 106 58100729
24 681 47714258
3 142 522182781
7 67 990670899
17 353 976958593
19 491 906367873
8 257 844180035
21 292 167195042
10 701 781322728
21 233 720643043
9 112 75889738
4 541 751237375
21 741 833287903
11 442 330148987
4 232 866859559
12 283 700761353
26 10 4267976
2 427 153296721
18 273 573068692
25 649 716150785
3 550 991374507
11 421 11781154
13 104 780174480
4 351 138758812
6 474 937234075
23 120 83220579
19 11 314825680
18 235 91323988
25 43 703698753
2 714 195394775
28 633 460968397
15 387 117543319
20 726 729320644
22 697 534926002
11 18 993135178
5 643 635023932
13 80 186239089
19 41 743870651
11 271 69145834
3 450 230697489
5 565 264053537
20 127 599389731
10 103 956768500
3 769 868437647
21 710 861600976
10 541 160588658
24 374 778794077
10 700 394579424
9 694 957431197
2 161 890397640
4 451 252224461
9 457 520159070
28 87 9477643
27 26 498960793
8 247 175251000
1 328 262319207
14 543 469196828
21 444 167601381
11 400 312315484
16 205 1538932
27 735 537236335
27 214 803903865
4 584 506677517
26 754 333304002
23 409 648615724
4 626 818588381
16 517 505509792
19 684 524446461
19 148 873014595
7 492 167459340
1 580 780178546
8 682 67350663
6 282 367038624
18 569 666010762
9 376 840824708
4 210 831261439
3 208 349670801
21 314 210580322
9 608 942489088
27 81 618698000
3 228 59827158
8 122 598733713
17 536 378462811
12 179 201448226
8 799 236141264
24 697 402056060
13 403 192147343
12 83 474254228
21 792 205244062
5 223 591704198
23 361 555206166
23 548 819464692
12 559 691949248
24 591 289395535
20 794 811995126
23 725 378193223
1 447 742058571
11 220 608314305
5 182 457641371
7 350 69706628
28 568 964070234
24 184 478853040
19 168 279551546
25 731 939995211
5 591 156335627
19 427 84687308
22 536 855441843
28 712 10241029
15 174 308302420
12 298 611533431
14 485 777968265
3 531 959342754
28 85 989312056
19 506 700993787
9 368 715960507
24 783 211805713
28 629 183288861
5 204 870503535
9 779 34952621
22 47 506891879
13 170 367010911
26 384 218239711
18 405 74144362
20 243 16203747
18 763 351523567
27 248 20823423
9 245 175788326
4 513 100765837
8 65 850757778
26 166 480037023
28 169 65002997
3 253 829364334
24 658 979011583
23 382 805119118
1 574 655863104
19 130 808093354
10 194 628661913
19 699 874103915
25 163 795817645
5 477 886179746
20 397 765570436
13 721 348551637
17 74 629873887
9 675 102309266
27 643 214714740
25 93 195498217
2 572 300202454
12 366 534841800
27 352 304134144
14 70 238793483
28 54 18190305
26 282 934219886
25 655 978518534
21 483 308020804
14 214 442855361
7 599 519704422
22 311 685997865
12 519 958594876
24 162 820545538
21 308 397909912
24 124 125538646
17 358 862624164
17 12 731768764
12 715 823762074
3 442 687769065
15 561 450600433
1 707 829950680
17 740 630473370
3 796 444873002
18 112 427331245
22 722 223280576
12 385 642037511
23 256 629766535
21 767 365724413
21 668 549586540
3 17 811816648
21 470 768336210
26 147 475868711
19 784 389135913
13 340 548144503
5 463 705215240
1 62 99803912
19 555 743288713
21 266 14341016
10 598 452203625
24 692 604545060
12 452 607717872
18 498 243252085
9 473 540874906
21 226 908917386
8 61 285419263
16 732 659543085
7 703 858689578
10 525 268029991
7 751 200064668
5 558 274440165
1 552 608359345
10 403 25692262
22 370 615491890
14 49 91134385
22 218 722999214
1 366 395620486
11 542 386618069
27 559 265161280
16 275 142977743
27 666 83277835
21 767 88476806
1 642 821293842
7 113 46759628
6 449 226012225
12 547 243220160
24 327 599737891
17 724 785103322
4 223 497483167
7 776 62041875
13 757 110569571
15 313 77906329
14 609 804615577
18 268 685443432
1 124 752162042
2 767 255835117
22 9 222961454
3 300 633922024
2 107 873761150
19 364 993668176
27 415 591733253
16 182 164183174
1 56 70795558
15 667 578905110
22 799 604013767
24 52 639840962
11 326 893439590
21 52 708013824
12 616 21948285
24 549 952189448
7 600 63486530
1 214 311423494
23 491 140012541
27 32 757939685
15 741 464483593
14 364 813907778
4 593 274262150
13 206 126531766
19 410 31595460
9 178 177933182
25 362 487871617
21 721 984877355
28 721 96797426
18 486 824688645
3 426 674111114
5 675 998341979
25 273 703227778
10 407 566861844
18 502 27923354
17 777 656117089
18 273 114646694
9 380 799217735
11 684 971022353
24 317 191213944
10 256 294465218
17 13 452608002
14 412 299605818
4 244 845449606
19 333 157388532
7 696 185095682
14 356 294960117
27 438 174798261
1 669 574719072
21 648 768198020
22 337 412009833
7 367 372005581
10 38 189195920
2 88 143258729
12 392 638892586
12 675 362512267
27 205 649703806
16 742 753110781
20 745 69184742
28 795 461534307
1 384 278901411
23 168 899141682
18 678 673632277
24 517 488922566
15 214 547123802
10 481 30723205
12 208 2071739
12 434 495812938
27 573 946062238
13 539 400595396
28 754 17294305
11 28 645056673
2 249 539263272
18 525 228617422
9 375 945378729
27 382 247429499
9 140 623815136
24 418 903501709
5 527 621370237
1 205 405110548
9 351 10578580
21 24 117253503
28 157 460620514
27 140 57180843
3 247 898294807
3 345 694001486
18 359 757458394
5 343 379937848
2 139 637530905
21 37 83853204
14 245 745793425
10 585 713560354
9 516 652210455
12 243 337776839
8 531 195684009
24 136 567964912
24 508 533897281
24 632 743480945
5 641 893463144
19 127 72641301
10 309 361550828
6 290 730836388
5 492 605276675
7 93 711741859
21 783 946054762
7 632 903351387
16 353 867885647
4 554 100428782
18 382 350718627
9 708 722262587
18 308 612370926
7 470 610657471
15 723 199424829
27 92 362242165
1 787 933789260
7 561 867084042
21 711 380504387
7 463 682994846
23 454 663665251
16 511 17855543
24 347 252143076
18 54 778070150
15 622 134137367
2 762 106184211
26 416 480932472
26 718 263374121
13 628 717511390
20 460 108912771
10 142 4671650
7 45 600983105
27 297 641178610
21 745 791971454
17 142 217210264
26 569 909885144
2 603 15031960
10 718 572891473
21 249 472736175
6 231 558832072
22 261 347210427
18 126 639944890
23 445 164508073
4 673 533661156
24 523 205721904
11 621 441980644
20 167 274687476
13 491 350023793
21 111 855866286
25 754 834522245
17 664 559400954
3 56 253615041
18 138 715818937
13 208 988209814
25 11 510529496
2 579 264730130
24 324 358335856
15 41 980200019
11 707 10546735
8 414 941997937
9 778 977064908
25 519 576147324
15 725 951228247
12 448 55031285
3 750 819745525
22 669 648247246
21 352 528401817
8 647 207020680
26 741 956372134
23 402 663786853
26 796 208752276
23 267 730544505
26 668 341671575
24 797 536192952
18 345 71682071
8 157 348116043
27 549 99294407
22 275 803096377
26 451 292702707
20 542 706829778
2 623 241746634
8 179 927922659
17 688 946258861
11 382 281136765
16 485 459914208
25 358 439838493
7 361 591664338
22 75 629807112
12 344 485132452
20 561 396190583
4 636 759620464
25 42 877607720
26 13 152427135
26 695 492428415
28 178 183253345
5 415 118002562
8 92 544243735
21 788 403240486
26 89 23198778
10 430 778662961
15 240 389610070
6 40 148006429
5 544 193380086
1 594 104712651
14 174 328887141
8 594 354262495
2 216 915564839
15 301 726066723
5 209 614332565
18 669 927386829
7 493 965119658
13 594 953832112
23 109 529287425
28 168 498522897
20 64 341827778
20 661 720037541
8 396 676839889
9 480 553829172
25 715 578651909
