800 266 800
216 520 70
61 342 999728546
183 133 999906142
71 69 999777755
122 441 999795765
53 53 997083771
168 558 999936353
34 327 995365075
253 418 992472899
125 326 999866400
177 716 1590
3 745 997397716
239 366 991721464
264 23 283
208 45 999109140
142 349 968804973
71 403 997465878
55 753 995095396
89 730 1707
46 300 373
153 130 999950569
207 655 381
230 567 918
61 8 998613810
252 224 999145156
162 463 998158824
214 176 954095384
106 418 999996072
178 52 1604
12 11 984911629
36 489 1121
248 29 734
236 750 999947067
40 18 152
143 420 999999261
159 621 1999
232 401 998953967
86 386 999327765
151 679 781
1 252 952526515
88 219 944467386
108 449 357
28 181 997559125
121 47 999175048
115 75 999993315
84 373 999629024
76 534 920735644
166 286 1543
17 755 1462
123 174 1316
3 279 891
189 612 999985120
246 174 1439
119 456 999728481
129 612 984663683
181 280 999382930
234 624 999388462
223 736 999476578
258 520 999415960
240 796 988826022
133 595 811
106 286 999445975
137 336 977623595
262 561 1514
133 727 999665784
218 548 1293
220 287 833
174 284 999362228
226 701 999970959
27 454 1352
210 223 1922
18 190 996212072
115 409 999296889
59 775 655
250 760 378
96 679 999930022
110 484 247
74 55 1420
76 402 998958398
2 669 999911666
95 597 828
144 141 999472291
166 418 999328858
138 613 998380720
163 290 940353049
97 443 904005865
72 231 1188
1 120 999656374
247 441 999871035
169 562 999823520
85 40 998927854
92 361 1054
92 159 999727301
230 699 999981214
26 540 998886227
99 158 999725270
256 343 996591175
120 170 999859368
249 127 999920431
71 535 999999342
7 731 996688115
164 85 986100236
131 54 825
16 276 999645370
4 706 1316
254 727 1812
163 624 993424809
181 746 962212854
37 198 151
11 612 267
147 673 993728087
237 527 987382889
244 591 999975115
226 103 1729
152 279 1776
82 9 700
69 83 977483391
114 19 1922
231 321 1640
82 607 999920231
229 323 974264379
162 797 1437
161 103 4
96 213 996467433
95 263 999922120
213 37 184
238 316 997959491
18 58 1319
238 650 999588225
40 484 999969621
249 593 999975058
254 191 997156718
106 550 979585773
67 140 1744
52 303 998662781
255 170 966667255
1 788 523
224 469 999669166
39 374 618
5 32 988034240
206 797 807
8 790 997879786
135 730 990069401
52 373 957250159
141 734 795
233 701 991818699
143 754 491
172 329 1660
119 324 984742656
44 788 19
89 396 999076779
92 27 997506636
215 444 983326943
144 475 76
68 174 983793633
224 135 990820113
243 486 999670748
205 515 997857698
143 86 970658572
239 234 1430
255 38 356
223 402 999993362
233 235 1906
2 335 999967116
33 749 1354
88 685 993203841
78 198 997002746
149 650 769
241 56 999974824
191 686 999962951
259 135 999844976
160 572 998721651
140 70 1740
133 261 999827958
106 84 996469105
86 720 999992934
66 139 996389945
132 682 999984684
30 203 139
12 345 1117
198 324 1190
60 386 997910421
169 96 999867183
248 495 998205846
234 756 999279588
124 240 1882
126 449 135
208 247 394
102 289 1357
194 210 999980374
54 205 998940796
48 595 993781278
2 203 997169020
157 576 999997836
260 103 999866519
242 250 7
170 550 999935167
167 518 554
2 467 999998194
169 764 997772679
191 220 868481745
48 129 1468
157 242 999396346
137 468 996792307
68 508 999864967
266 135 999987928
35 234 996216598
225 111 997799651
6 547 999770861
147 207 1584
152 745 989750748
28 647 999623298
240 664 1763
157 778 1245
79 381 998792271
10 366 999669805
8 122 994825651
14 281 998319453
62 763 991472332
195 497 535
204 67 999850737
6 81 402
263 702 999478842
177 48 996623472
174 618 637
75 410 943600955
93 386 1454
231 453 997205700
235 644 999780319
156 530 996655551
250 92 999554441
256 475 999476301
165 178 999990635
157 110 999960324
205 181 999971545
77 540 999451682
161 235 999432533
257 504 977
127 7 1852
221 122 963237636
69 215 998458495
119 588 998352424
251 406 1628
236 618 769
258 722 414
130 482 610
10 700 912345403
150 169 599
82 141 999434344
219 64 999824530
75 744 531
43 4 182
175 528 948811209
259 469 999936809
129 744 999986853
193 251 183
47 386 986776142
100 126 1508
138 147 999679304
113 649 999799053
163 158 990639449
35 568 1801
53 651 999654324
234 492 998855673
184 316 976237159
9 293 995916243
56 580 999997976
183 467 1974
132 14 999287511
258 388 999979795
197 791 998856450
243 354 1565
142 683 551
42 555 953
67 272 980147879
167 316 999931275
97 777 954
214 510 981316971
129 278 999925737
229 657 999631641
202 102 999883729
91 496 999824284
222 715 998771687
80 16 1483
203 183 141
254 393 999992896
20 152 1205
138 15 320
234 290 982945730
9 759 992950824
87 112 999902745
86 588 1369
112 186 1554
87 446 985046463
181 614 1952
171 542 1198
199 282 999986761
136 76 1750
55 419 999388304
114 283 999996284
192 634 1132
261 111 323
153 464 999679403
138 481 999992649
221 456 1686
200 9 999201608
222 249 1443
189 14 496
86 254 999994819
188 579 998872244
103 123 962028210
214 44 994783809
223 270 439
116 642 996685210
103 791 987563353
114 485 964488009
34 459 999998297
173 133 999885867
9 627 1558
234 158 999888448
52 39 987611932
132 550 456
134 230 994219130
228 694 1974
156 398 1959
104 460 998252678
227 446 996229512
36 621 999298375
156 64 999098184
136 542 999072765
188 447 999943813
78 532 974
112 784 999999914
178 518 995471482
230 233 999798025
199 748 999487163
99 492 987914371
157 444 992271114
170 84 1255
63 581 989816623
204 199 999999162
24 700 999148167
18 524 998491465
263 236 998729551
65 497 999800848
30 669 963028712
146 198 956174757
227 112 995809357
38 618 991146066
62 297 924410732
52 171 999471107
168 426 1665
58 344 998899770
16 478 1801
143 552 999383508
61 676 1363
224 601 999995128
76 68 999043001
72 363 991971890
117 566 885821056
31 253 403
116 510 999856611
203 649 998420732
85 374 578
131 652 999992375
215 778 1531
53 185 994253640
49 562 996348477
168 224 999884521
109 547 1841
134 696 996110690
167 184 996482732
189 146 990649261
161 569 995234987
176 742 489
188 781 233
99 360 1561
96 547 1295
113 517 407
148 671 1449
250 426 890688095
197 457 983542945
22 603 909
165 512 1134
160 106 344
188 113 998847221
39 40 997881565
108 581 992030649
243 20 999999758
224 3 998385168
68 42 991936270
249 461 1108
113 315 999979725
137 670 999560442
69 549 999754906
202 436 318
73 402 483
81 271 1768
1 586 999943826
162 129 988710140
117 100 757
196 734 1481
58 678 927
14 615 602
54 539 999957915
34 125 991682251
24 234 810
184 184 558
204 665 999723517
99 26 953869943
256 9 999999224
20 284 995284470
219 266 976
166 752 998954163
25 549 1275
34 793 999976358
91 162 990705349
135 598 1146
47 720 1953
91 30 1987
234 26 276
264 489 916249071
225 445 1813
235 310 999578248
116 44 1436
7 265 975126670
247 309 394
28 515 329
120 636 996286372
180 567 1796
259 3 930
4 372 999997882
98 287 668
7 397 999472564
74 187 982080157
197 325 1477
50 478 999996138
63 115 128
65 365 1771
76 736 1332
90 792 1003
244 257 995464360
187 664 1073
228 26 999979244
158 714 997133066
165 442 998971147
200 343 273
192 300 999985580
98 419 999524114
194 676 999669249
77 206 999329746
135 264 996740687
49 96 861
115 743 456
122 775 1959
263 570 1894
13 678 653
222 381 999876249
229 455 999880810
164 419 633
224 337 999998759
88 553 1527
135 396 998765710
92 493 999668647
190 708 999548931
43 470 992624680
33 415 999901341
114 617 998677174
225 577 999994210
237 61 1239
196 400 998125278
53 721 1360
65 31 999999009
186 135 1784
238 386 1399
132 348 995840724
241 724 999940086
82 475 999986148
195 163 997127794
101 3 562
154 154 1050
50 610 987896420
56 246 999975588
165 776 999690252
23 733 1760
184 782 999884239
241 258 172
124 706 984153155
221 254 997836943
142 481 999930129
19 452 987752584
168 356 995731489
147 339 999680375
221 588 999329314
199 616 1154
111 556 999972519
207 321 999866769
177 382 999746805
32 103 782
245 519 999607154
252 558 333
244 125 998225981
38 416 987471399
211 102 999968122
212 265 999458020
209 749 898081746
197 123 999955890
181 78 999711860
210 355 964725979
150 301 999806908
96 345 989318274
162 595 998760850
227 780 896
236 284 999548836
246 640 959991622
136 208 999917536
218 214 962547074
217 531 411
51 376 790
166 84 999653152
205 383 813
106 620 588
112 652 997991742
21 11 534
260 771 1013
85 506 999824814
163 492 1567
245 185 992498006
189 480 999570447
132 216 999884262
114 151 999910321
43 602 984295471
16 610 998963952
20 618 998991345
41 515 1251
228 360 999998450
238 52 999940835
47 52 998644465
211 436 280
168 92 999964181
26 672 999753890
91 294 999348871
41 313 999392138
266 3 182
91 628 999173697
103 457 996944627
256 141 991625400
31 385 999922231
141 400 988506940
232 67 998114252
60 720 990479492
232 735 1621
8 456 994795996
137 204 866
229 191 599
56 448 1876
244 459 1182
131 520 995134843
238 518 996290641
87 578 993712074
212 599 987723331
101 469 985825560
91 760 999912475
204 533 983397555
43 136 996626593
111 90 1114
29 195 998669644
7 599 935
60 588 1573
5 366 1271
213 503 999996980
224 671 998781580
150 635 997967280
181 412 997768087
126 115 999949713
37 330 989798803
104 126 999436909
79 249 1324
168 690 999942884
113 183 999562623
26 74 1916
169 298 1095
120 504 953189716
264 621 991114158
12 143 993078952
242 716 966019245
34 661 1427
23 399 986725972
180 233 995582702
44 454 977234300
127 139 999990219
93 518 999773347
117 232 999184160
93 52 939098453
57 174 610
74 521 999567281
32 569 999427748
52 707 1242
36 155 999990568
246 306 994723699
265 293 1636
184 650 996941434
1 454 993145165
258 54 999617846
231 119 999992680
129 410 999907725
224 205 1442
45 258 1206
127 473 882378131
175 62 999708011
12 609 998929483
37 664 999654559
119 658 44
98 753 999688075
52 637 993631924
72 697 999653941
1 384 996704020
105 785 1793
214 378 413
121 513 999982123
136 674 999997760
205 49 998437634
102 421 971452073
56 114 999772007
238 184 999705996
219 398 999788307
100 592 946406074
165 310 999992661
30 335 999440567
158 248 513
133 393 999969460
176 408 996453763
265 759 982514096
104 724 985453641
228 492 979208976
154 620 979139254
128 70 1223
29 529 279
2 1 994904803
108 247 999412413
175 396 195
151 345 996243348
256 677 1374
180 699 989803863
87 780 1910
46 766 997738121
38 152 1875
266 469 999516969
116 176 998666362
90 458 999269799
56 712 995888598
245 53 840
31 719 971200270
149 316 986707589
50 12 999550408
96 477 993682305
155 78 999766114
265 425 989353432
231 787 995697809
240 330 999903172
79 715 999903705
242 382 999929110
190 374 999995353
10 234 1725
209 283 995394959
74 653 841654711
41 647 999586146
102 755 999978192
120 38 936
239 700 997411368
129 146 212
173 467 66
8 324 1785
209 617 8
202 568 999706243
201 359 1935
69 417 1387
104 258 999204652
204 401 485
62 631 1723
208 713 999567410
185 738 938414646
108 115 999994856
122 107 997217258
171 208 985028349
167 650 943396709
182 543 1383
51 508 998368049
226 569 937034762
255 504 999966302
16 144 999207099
81 403 999993915
218 680 999670177
125 660 183
38 284 998667076
15 679 878
170 216 994705050
19 786 491
207 787 997834409
128 202 999805263
118 417 999965602
185 404 989243395
110 150 990756173
41 181 999707981
233 367 975095507
169 430 999812038
253 752 1668
52 505 999772445
251 72 979585957
68 376 391
131 186 963985655
229 789 999992792
41 779 998984606
212 133 1607
40 150 999042169
260 437 999769980
241 390 999569706
259 601 999159900
179 262 591
67 606 999998199
12 477 995411253
159 287 999935007
47 518 999243523
191 554 1443
104 592 986243222
66 473 1962
121 381 230
243 152 999865774
128 536 998336320
101 135 996322023
254 525 985917708
94 665 1789
84 707 1866
9 91 999806255
220 753 996648772
155 746 1954
155 412 999328756
107 47 803
50 346 456
208 379 989979655
190 40 998319768
38 750 999998611
53 387 997890348
235 178 1280
111 222 998908024
50 144 996137152
118 751 501
1 718 998761390
54 73 1618
104 794 235
51 42 995028465
146 532 1220
210 689 987460222
29 661 977094539
64 675 1064
139 521 1605
247 775 999250587
81 737 999566591
132 480 997083001
55 287 743
194 544 1423
26 206 996087064
106 752 999894712
182 209 999904044
103 325 1091
119 122 966003805
83 790 999638944
77 74 1316
60 254 994987751
71 737 1858
93 184 985725075
83 324 122
226 235 991280245
48 261 999637072
119 790 997372720
53 519 998828804
149 782 999875080
153 798 316
142 15 999768362
248 161 996438476
33 81 993484035
165 644 999933267
137 2 999021837
219 732 995279605
134 564 1670
9 425 999918552
70 277 83
118 83 999704142
145 215 678
264 155 998728644
254 59 998946785
209 415 995763014
2 537 783
185 606 268
263 368 989689988
190 242 1894
185 272 994932044
236 416 925117371
112 318 997057924
96 11 997338960
