800 80 800
21 477 17676467
13 257 719326162
70 23 422986296
51 739 858634817
71 502 775938152
77 337 181418769
7 381 600288360
65 372 28293073
35 652 825791959
68 615 190306169
78 533 432318137
59 548 979796063
19 690 476478051
70 797 545393898
43 756 160959816
39 304 449387251
65 286 608558661
60 105 175925082
77 158 626915269
33 356 397074729
65 193 905359107
75 406 611294110
14 123 928296113
31 459 690730776
78 372 158858842
30 703 303886693
10 719 396055492
10 55 688015436
45 740 295003837
27 116 277744540
60 379 310399225
34 704 800068350
55 218 395970758
58 722 261024271
66 307 15603651
80 379 246529239
67 309 42042850
3 370 593117125
10 374 115705269
49 124 3933109
70 669 388673838
63 239 839171277
2 275 251138847
14 419 227321320
43 83 882161634
31 247 316211903
78 696 692620964
32 277 238701177
18 2 721925147
29 292 159035968
22 279 486536606
12 443 727246384
55 171 768954799
24 695 352941859
21 177 84993290
16 162 648143484
18 793 850505997
42 576 31806528
37 163 590032524
32 534 14189382
58 748 290073408
71 523 95341610
78 602 936393261
18 264 273004769
20 134 976972630
69 357 654205000
52 546 553229229
79 482 924619308
3 165 649485398
7 781 934084171
24 782 9833195
50 276 539842025
65 478 77646126
52 705 656838541
36 108 103360037
66 37 779603485
70 464 11289645
50 679 606364695
56 586 512069791
10 658 543054935
55 542 168498089
39 499 346112285
12 144 293886997
18 203 591469094
80 362 883348146
43 48 675012379
43 61 826737313
26 302 652466368
8 27 336968909
2 445 230303928
26 15 100583882
42 219 425463926
35 449 636956315
50 763 388673232
14 450 560412715
70 753 640038433
51 691 367333564
18 299 996623522
26 489 829729860
9 171 425133249
4 173 722012820
72 512 589460737
79 759 934436041
41 593 424418136
41 151 467449679
30 730 921094199
37 642 267398492
69 163 280435476
50 228 596686463
60 67 61654137
23 757 17633271
47 558 232761902
75 644 288271008
2 158 290805993
69 702 697993549
20 377 822519614
45 698 968890465
67 751 988650262
27 14 827296978
48 404 250045585
33 165 996156567
2 424 881939444
70 716 283520506
68 721 163622667
37 639 246074503
49 611 89573624
75 384 810452695
61 229 657634068
75 59 501045275
27 352 589315268
18 388 491099571
59 357 273081948
58 757 910448274
25 752 956495496
47 553 966071909
71 491 351632441
14 650 321775103
9 738 391076271
46 220 444820692
54 405 916723327
7 318 558125214
76 790 74272853
6 528 598187158
60 411 180907770
80 369 732970901
70 168 253453393
12 55 849222611
24 623 24682013
3 397 667011229
51 477 137512025
31 171 879528818
58 144 8283184
19 614 766840047
71 393 74834616
80 335 580414800
68 633 815559703
56 282 400661456
51 619 930213271
15 625 593231379
34 499 849282194
55 376 211654812
16 738 920195124
76 655 338116368
34 54 262125543
79 760 205566217
54 98 711880396
50 326 797261611
25 109 506793000
58 502 668519871
78 615 967400310
17 328 716020011
45 656 631588651
43 237 324652785
39 412 468060679
16 414 191731996
52 23 200330946
66 531 453033400
47 495 462366500
72 682 451004946
40 618 680362762
13 251 755906992
76 110 954112734
46 169 254121312
66 181 71254209
35 334 985001070
19 521 842563339
12 513 28772631
72 96 996317959
11 752 827292014
38 198 155378638
22 152 173918094
77 624 57459283
73 169 480708618
65 375 787090259
10 533 24127651
30 700 513512217
74 35 812672675
60 160 51005809
40 454 462460408
62 158 575805588
12 443 393531882
75 300 274778303
76 363 249767018
55 763 350971556
63 209 503357450
42 188 556575976
77 476 674722666
72 571 134092788
39 401 566663238
48 119 798182440
74 484 411170201
11 194 658727316
27 528 125129807
35 442 505697580
45 589 256653161
18 646 812122286
46 130 740064039
15 381 491032552
33 675 196642279
63 769 732230518
59 367 940228128
11 29 825837866
23 778 100680447
41 582 324244433
15 780 981931914
7 131 306241713
47 139 274991604
41 274 615961715
80 590 510574146
33 137 411417722
13 56 179102118
59 251 858914103
18 502 109311280
25 214 844063264
41 616 848410733
32 520 254747895
22 46 787474316
55 355 993184683
56 416 248701511
24 764 169287188
49 24 99359145
76 672 703849292
33 639 928868103
53 699 886566587
25 765 661230757
61 367 13233539
55 401 1345252
27 506 107699994
46 71 170549539
38 222 947861395
67 675 154040116
73 168 925633671
66 705 207950949
51 1 12849326
29 640 242087165
44 395 195695675
62 5 735627831
64 570 887333190
29 216 736191063
9 576 242922985
66 536 328488735
48 131 570191089
5 231 663563384
25 243 484733341
45 638 626221593
55 539 385762670
21 758 382701945
39 468 201893064
25 339 738485690
67 533 281648703
33 434 242986595
28 644 886940633
29 92 61809532
9 763 157601952
16 483 869796021
1 543 53490031
53 455 473712876
3 615 518634255
51 201 653884221
57 32 50076108
70 546 488846627
38 308 772127420
23 177 794127094
33 620 285553698
20 242 3328643
40 241 395103042
9 784 618560871
16 718 98103956
30 538 711114209
21 160 571165577
41 354 176731270
24 784 257722073
21 647 807431767
58 255 616973190
77 153 67631745
42 436 655529657
42 5 54092654
45 341 987611606
34 547 717842686
53 745 563317309
60 419 893007348
26 603 664734383
49 671 896515227
52 103 479485074
1 254 66911744
79 165 890517101
51 667 662679153
22 61 569845333
72 65 652099297
55 771 324162947
51 705 841555371
48 657 820508829
51 663 211566379
31 171 546747944
20 542 459157965
58 761 987747060
1 292 507842066
45 524 501593042
4 351 169990522
75 753 196724956
5 662 787791758
75 544 243721495
74 206 838304991
18 356 951373290
78 729 18532357
45 255 111933984
12 471 941905792
20 726 367744724
38 249 233047355
36 725 11237490
26 377 412510241
55 316 79289205
47 616 731218737
55 253 42233701
64 643 163078551
5 236 63124438
53 433 208844812
11 419 724633451
22 662 908413516
80 723 771136503
13 241 940249201
12 117 57130477
65 626 886039322
67 512 704092274
74 394 743079517
33 58 370683879
32 371 645483093
37 376 26131611
8 230 468753580
37 186 39156664
53 234 368614896
30 798 870224444
31 60 748035114
32 381 13948067
65 530 826621117
3 540 403442416
49 285 277842465
34 469 128253516
69 528 690267802
22 27 662650976
9 148 604968121
78 17 441242300
16 612 775220576
48 735 54646483
34 373 83852103
50 291 69560091
64 791 196374229
67 355 763818874
6 754 689285166
50 585 637291250
66 387 547906274
51 334 391225596
51 326 574708173
19 158 469660220
59 340 255728869
47 66 644911859
23 630 100715415
22 255 392059366
9 385 177153596
26 733 964333385
48 60 91762147
63 193 358962894
76 373 23253992
22 783 913264312
18 387 827187703
58 247 541088310
16 377 196361909
20 34 268318682
14 108 600638903
69 746 119993673
14 570 337224040
64 96 203230276
46 138 74446753
48 197 581871470
37 45 636778637
68 127 627612760
9 111 922264998
52 643 994773648
13 655 437142170
64 272 241946449
51 243 541266629
62 34 566890719
19 156 489178438
18 118 783786770
24 411 722802541
37 94 486365865
21 358 518065838
17 220 60372506
16 447 118113172
80 608 198646367
39 609 340049258
60 206 241453290
57 175 131681000
64 202 855219542
14 16 811240499
3 503 230088366
32 668 220320660
21 448 380587857
74 189 883656528
66 795 332628622
39 162 652949775
39 174 92648781
68 224 871978258
10 58 724946410
58 721 38534695
19 360 384663512
27 444 56267210
8 238 243217431
46 113 223013442
3 419 870225493
60 601 2436686
9 766 269838266
10 747 101978545
48 308 206310333
57 731 258498838
16 471 934833803
55 367 85328824
15 272 193810269
5 322 399801237
58 572 5620626
28 37 497436503
63 484 655214683
57 763 33476096
40 45 918349994
53 44 386686878
3 27 269672293
70 691 148961737
28 82 992801764
47 233 119383782
34 389 9764369
36 455 311267711
20 547 502938405
7 405 487634487
9 744 636871066
54 193 793299094
31 292 812379709
2 187 558849136
17 431 874652700
16 129 348395191
64 732 294626169
71 185 652280321
45 217 843411391
42 692 295228687
70 635 248617146
28 271 40056475
11 460 460371486
49 566 760213254
8 72 232389085
14 110 299176158
64 187 841737414
45 399 675027570
60 418 724816967
2 539 262193609
26 735 626656777
48 638 946794385
76 362 793030737
12 298 462975623
3 276 851268150
18 655 76993936
20 70 545456246
66 280 926851273
27 533 953770078
50 566 6476557
33 31 269011716
50 262 4011449
67 367 374853295
6 11 84747192
38 174 247484691
6 132 367672009
37 696 906641648
44 110 41503628
17 611 676810388
67 770 33993315
50 252 327883620
21 735 182342141
22 91 443692240
71 396 167773359
43 468 887306284
40 120 983898459
64 781 380705132
44 52 612379082
45 650 285387117
74 180 220975795
56 283 218496566
35 230 667945790
19 601 465352431
66 454 451526059
67 117 456722392
23 691 135688773
80 661 481195169
64 701 993511086
23 474 60234581
74 647 122448507
32 451 775223485
76 91 743489050
1 506 188835141
8 728 319990456
25 768 12934723
64 175 366578197
53 794 898505265
49 185 247036853
74 574 513409983
58 486 76822394
38 296 103100750
25 431 648519218
48 571 507347915
1 616 782265553
55 81 905530657
17 764 853172758
55 260 790417688
54 782 834384712
74 277 195050117
7 93 853376330
72 377 849248091
56 246 129758004
40 91 570531770
34 707 832021245
2 708 712745398
43 99 913603623
32 41 396652622
23 298 7915662
1 752 656429258
64 304 272470172
6 699 603231712
80 485 70339286
52 1 982940680
13 520 793715666
45 762 29753812
64 258 471765439
1 219 224422487
75 652 954317816
58 458 603663351
9 252 435150601
4 56 124638881
4 59 278948670
66 186 562253456
59 321 485403582
12 252 416448783
21 201 790397536
37 394 66432563
39 785 559853073
64 634 496471632
17 41 597482714
17 189 295539934
27 583 497041519
58 31 283456491
40 36 943061139
69 684 539650669
34 358 992351213
60 85 212811825
28 598 610982843
35 407 82636958
77 535 37478383
61 38 59955389
27 46 102413510
30 313 143642131
20 179 115983010
57 717 296984023
72 290 384020139
39 619 511393103
5 29 242027232
61 47 581547747
36 520 270325768
32 584 682431583
76 64 470042461
20 147 238070779
23 161 805100975
72 686 317734057
8 175 978659055
31 167 285674000
11 712 732959290
54 66 909810053
71 496 438411293
26 533 864274172
29 14 840268858
4 134 451656191
54 743 150186342
68 213 367668992
37 778 838666385
17 98 920802651
45 303 894693519
51 545 207868282
40 315 193952138
50 720 300020811
59 289 918244009
13 404 85847616
11 14 348287945
5 180 545592954
18 208 292198651
59 274 199173222
28 437 398762335
17 475 815324449
59 797 283039653
80 708 758439570
49 300 860142134
48 559 53981186
54 515 845375932
71 42 783244233
8 151 346984556
46 362 938252439
71 245 322160032
70 58 130695730
26 737 652722546
1 663 8766178
37 520 203117756
39 431 257919850
57 181 594177329
62 619 391719910
66 605 832877391
60 25 74653786
28 346 974489069
17 91 43633479
21 770 2889883
32 4 100741383
78 342 461913454
51 570 818304149
40 588 722579302
12 100 768763998
77 203 444650295
63 770 655611042
58 68 242556936
19 331 118145153
17 786 947162463
33 239 287268854
47 30 832672041
78 313 430316867
16 729 95785657
67 152 499797693
39 25 447921825
57 651 224578096
43 573 44709108
71 446 89711237
43 316 467770421
77 9 759239820
58 321 495192470
38 455 729129817
36 197 554253789
37 534 587990071
37 747 734865065
33 303 499691107
80 287 4338283
17 558 806473900
74 631 937069928
30 180 517506944
49 73 812556271
10 756 581670726
63 41 494910676
41 764 839432536
9 5 741891997
10 39 129101405
34 589 949697351
42 322 271287444
79 750 724181622
52 334 544245331
16 531 8191812
41 197 185424742
16 1 177839845
68 115 676397781
78 260 698238020
26 560 444466728
22 799 988179423
23 222 230697616
15 703 304892150
54 533 23098436
5 615 606759847
35 621 521393402
33 545 163724389
76 578 50801166
27 161 416991644
22 185 125012071
29 312 748643255
4 594 117006981
60 721 14846837
35 501 847855991
57 310 527098290
30 89 629153413
6 569 528132643
40 30 65035114
14 641 824262087
22 655 989375277
79 436 743169800
73 439 673825540
17 160 228978126
63 136 482248495
45 422 32107759
4 311 220409803
12 445 471961498
13 157 697669203
68 625 336873741
36 139 349731410
5 539 452754178
58 592 999959296
2 483 75934807
46 481 246230925
76 767 868575309
19 411 191890379
58 716 233151690
80 760 477006439
53 123 743083845
29 91 772635338
36 628 504629638
63 253 185574315
68 619 243399190
56 692 362452411
76 311 491769817
40 799 932775067
10 346 291784854
71 247 23341197
61 781 54912388
65 266 290858346
2 115 730414846
24 515 340951220
58 789 660227709
36 681 888540313
55 515 156887538
62 37 174520801
78 799 878587793
69 629 21034294
77 75 804576068
36 328 800132109
23 297 909977377
39 4 978145554
10 585 548440789
78 318 711265489
41 9 131808851
18 444 457272435
48 164 608688810
79 478 896912058
8 690 633487314
42 529 431857046
56 118 316186148
44 246 187271516
6 405 973973358
75 59 941171009
55 551 489544297
75 369 431586883
43 85 451474133
3 680 698525349
32 571 118323840
23 577 648529281
76 691 106508631
38 717 172591343
25 689 806031872
70 594 251747324
66 490 43934115
46 176 984395060
13 647 485408700
32 605 618363924
22 234 782687831
54 369 6347797
18 507 495955831
18 524 413622826
10 690 265946905
12 159 852882175
28 504 740100665
78 546 840009658
29 315 415997820
12 337 568217802
43 262 225068039
77 769 391015543
76 481 151794757
25 68 269942369
18 171 18390424
20 699 359502531
13 693 145773899
51 379 754404577
4 243 342251758
37 667 24910076
52 421 383788215
60 482 989285589
20 173 565992716
48 297 64594081
44 516 555397314
64 287 247894084
75 652 921805158
80 511 53159234
33 244 199595795
49 12 672728148
49 98 8059327
14 319 577941336
