800 799 800
453 800 1000000000
135 800 1000000000
30 800 1000000000
565 800 1000000000
702 800 1000000000
379 800 1000000000
33 800 1000000000
156 800 1000000000
721 800 1000000000
748 800 1000000000
138 800 1000000000
518 800 1000000000
663 800 1000000000
429 800 1000000000
540 800 1000000000
318 800 1000000000
502 800 1000000000
709 800 1000000000
497 800 1000000000
476 800 1000000000
210 800 1000000000
71 800 1000000000
627 800 1000000000
657 800 1000000000
665 800 1000000000
352 800 1000000000
276 800 1000000000
365 800 1000000000
655 800 1000000000
529 800 1000000000
463 800 1000000000
591 800 1000000000
444 800 1000000000
612 800 1000000000
117 800 1000000000
504 800 1000000000
254 800 1000000000
28 800 1000000000
244 800 1000000000
306 800 1000000000
643 800 1000000000
224 800 1000000000
592 800 1000000000
183 800 1000000000
428 800 1000000000
538 800 1000000000
316 800 1000000000
245 800 1000000000
433 800 1000000000
280 800 1000000000
552 800 1000000000
522 800 1000000000
687 800 1000000000
114 800 1000000000
201 800 1000000000
186 800 1000000000
568 800 1000000000
493 800 1000000000
613 800 1000000000
795 800 1000000000
434 800 1000000000
784 800 1000000000
402 800 1000000000
586 800 1000000000
85 800 1000000000
425 800 1000000000
714 800 1000000000
157 800 1000000000
176 800 1000000000
501 800 1000000000
455 800 1000000000
68 800 1000000000
634 800 1000000000
260 800 1000000000
560 800 1000000000
660 800 1000000000
703 800 1000000000
471 800 1000000000
765 800 1000000000
320 800 1000000000
405 800 1000000000
40 800 1000000000
261 800 1000000000
409 800 1000000000
243 800 1000000000
212 800 1000000000
674 800 1000000000
799 1 1000000000
514 800 1000000000
520 800 1000000000
578 800 1000000000
24 800 1000000000
182 800 1000000000
233 800 1000000000
677 800 1000000000
738 800 1000000000
382 800 1000000000
737 800 1000000000
347 800 1000000000
488 800 1000000000
143 800 1000000000
585 800 1000000000
733 800 1000000000
206 800 1000000000
286 800 1000000000
2 800 1000000000
573 800 1000000000
91 800 1000000000
11 800 1000000000
64 800 1000000000
334 800 1000000000
81 800 1000000000
119 800 1000000000
129 800 1000000000
782 800 1000000000
16 800 1000000000
646 800 1000000000
695 800 1000000000
768 800 1000000000
65 800 1000000000
681 800 1000000000
666 800 1000000000
92 800 1000000000
647 800 1000000000
598 800 1000000000
219 800 1000000000
517 800 1000000000
776 800 1000000000
238 800 1000000000
259 800 1000000000
383 800 1000000000
13 800 1000000000
112 800 1000000000
728 800 1000000000
199 800 1000000000
312 800 1000000000
430 800 1000000000
314 800 1000000000
329 800 1000000000
553 800 1000000000
715 800 1000000000
454 800 1000000000
628 800 1000000000
239 800 1000000000
610 800 1000000000
163 800 1000000000
3 800 1000000000
300 800 1000000000
62 800 1000000000
158 800 1000000000
797 800 1000000000
686 800 1000000000
622 800 1000000000
588 800 1000000000
566 800 1000000000
618 800 1000000000
526 800 1000000000
637 800 1000000000
8 800 1000000000
288 800 1000000000
774 800 1000000000
46 800 1000000000
464 800 1000000000
273 800 1000000000
359 800 1000000000
790 800 1000000000
351 800 1000000000
127 800 1000000000
194 800 1000000000
475 800 1000000000
387 800 1000000000
15 800 1000000000
789 800 1000000000
536 800 1000000000
251 800 1000000000
745 800 1000000000
442 800 1000000000
739 800 1000000000
48 800 1000000000
164 800 1000000000
791 800 1000000000
509 800 1000000000
763 800 1000000000
214 800 1000000000
390 800 1000000000
619 800 1000000000
101 800 1000000000
125 800 1000000000
799 799 1000000000
360 800 1000000000
417 800 1000000000
783 800 1000000000
51 800 1000000000
708 800 1000000000
772 800 1000000000
137 800 1000000000
103 800 1000000000
380 800 1000000000
706 800 1000000000
335 800 1000000000
60 800 1000000000
406 800 1000000000
247 800 1000000000
32 800 1000000000
688 800 1000000000
611 800 1000000000
534 800 1000000000
159 800 1000000000
111 800 1000000000
620 800 1000000000
197 800 1000000000
222 800 1000000000
63 800 1000000000
485 800 1000000000
460 800 1000000000
205 800 1000000000
326 800 1000000000
266 800 1000000000
337 800 1000000000
697 800 1000000000
780 800 1000000000
626 800 1000000000
599 800 1000000000
394 800 1000000000
131 800 1000000000
445 800 1000000000
311 800 1000000000
462 800 1000000000
756 800 1000000000
450 800 1000000000
693 800 1000000000
456 800 1000000000
228 800 1000000000
653 800 1000000000
516 800 1000000000
749 800 1000000000
414 800 1000000000
252 800 1000000000
532 800 1000000000
323 800 1000000000
190 800 1000000000
99 800 1000000000
123 800 1000000000
559 800 1000000000
172 800 1000000000
452 800 1000000000
377 800 1000000000
76 800 1000000000
731 800 1000000000
551 800 1000000000
391 800 1000000000
225 800 1000000000
59 800 1000000000
576 800 1000000000
574 800 1000000000
699 800 1000000000
792 800 1000000000
310 800 1000000000
18 800 1000000000
324 800 1000000000
416 800 1000000000
478 800 1000000000
393 800 1000000000
398 800 1000000000
483 800 1000000000
461 800 1000000000
128 800 1000000000
734 800 1000000000
200 800 1000000000
498 800 1000000000
268 800 1000000000
339 800 1000000000
638 800 1000000000
80 800 1000000000
218 800 1000000000
301 800 1000000000
753 800 1000000000
263 800 1000000000
386 800 1000000000
729 800 1000000000
481 800 1000000000
515 800 1000000000
229 800 1000000000
439 800 1000000000
207 800 1000000000
56 800 1000000000
168 800 1000000000
683 800 1000000000
741 800 1000000000
274 800 1000000000
602 800 1000000000
415 800 1000000000
713 800 1000000000
474 800 1000000000
84 800 1000000000
97 800 1000000000
308 800 1000000000
636 800 1000000000
396 800 1000000000
451 800 1000000000
625 800 1000000000
14 800 1000000000
786 800 1000000000
580 800 1000000000
561 800 1000000000
279 800 1000000000
496 800 1000000000
144 800 1000000000
67 800 1000000000
307 800 1000000000
69 800 1000000000
388 800 1000000000
162 800 1000000000
668 800 1000000000
750 800 1000000000
368 800 1000000000
187 800 1000000000
408 800 1000000000
609 800 1000000000
322 800 1000000000
140 800 1000000000
21 800 1000000000
376 800 1000000000
297 800 1000000000
557 800 1000000000
698 800 1000000000
27 800 1000000000
569 800 1000000000
725 800 1000000000
88 800 1000000000
539 800 1000000000
282 800 1000000000
134 800 1000000000
58 800 1000000000
684 800 1000000000
582 800 1000000000
370 800 1000000000
87 800 1000000000
287 800 1000000000
533 800 1000000000
423 800 1000000000
75 800 1000000000
285 800 1000000000
716 800 1000000000
400 800 1000000000
150 800 1000000000
333 800 1000000000
477 800 1000000000
654 800 1000000000
717 800 1000000000
77 800 1000000000
758 800 1000000000
175 800 1000000000
240 800 1000000000
171 800 1000000000
651 800 1000000000
295 800 1000000000
53 800 1000000000
543 800 1000000000
459 800 1000000000
767 800 1000000000
468 800 1000000000
642 800 1000000000
9 800 1000000000
345 800 1000000000
381 800 1000000000
178 800 1000000000
220 800 1000000000
523 800 1000000000
290 800 1000000000
6 800 1000000000
271 800 1000000000
185 800 1000000000
600 800 1000000000
105 800 1000000000
470 800 1000000000
691 800 1000000000
525 800 1000000000
366 800 1000000000
346 800 1000000000
513 800 1000000000
23 800 1000000000
256 800 1000000000
262 800 1000000000
160 800 1000000000
541 800 1000000000
482 800 1000000000
623 800 1000000000
673 800 1000000000
617 800 1000000000
275 800 1000000000
216 800 1000000000
723 800 1000000000
248 800 1000000000
49 800 1000000000
769 800 1000000000
724 800 1000000000
746 800 1000000000
47 800 1000000000
670 800 1000000000
226 800 1000000000
421 800 1000000000
34 800 1000000000
519 800 1000000000
152 800 1000000000
469 800 1000000000
392 800 1000000000
336 800 1000000000
350 800 1000000000
348 800 1000000000
354 800 1000000000
550 800 1000000000
121 800 1000000000
353 800 1000000000
615 800 1000000000
629 800 1000000000
410 800 1000000000
136 800 1000000000
705 800 1000000000
126 800 1000000000
234 800 1000000000
624 800 1000000000
149 800 1000000000
545 800 1000000000
303 800 1000000000
631 800 1000000000
446 800 1000000000
510 800 1000000000
432 800 1000000000
193 800 1000000000
19 800 1000000000
291 800 1000000000
43 800 1000000000
148 800 1000000000
153 800 1000000000
555 800 1000000000
491 800 1000000000
524 800 1000000000
440 800 1000000000
685 800 1000000000
544 800 1000000000
304 800 1000000000
680 800 1000000000
701 800 1000000000
146 800 1000000000
142 800 1000000000
675 800 1000000000
601 800 1000000000
630 800 1000000000
191 800 1000000000
546 800 1000000000
633 800 1000000000
44 800 1000000000
781 800 1000000000
50 800 1000000000
587 800 1000000000
479 800 1000000000
98 800 1000000000
25 800 1000000000
82 800 1000000000
37 800 1000000000
73 800 1000000000
407 800 1000000000
512 800 1000000000
281 800 1000000000
358 800 1000000000
349 800 1000000000
237 800 1000000000
639 800 1000000000
270 800 1000000000
302 800 1000000000
590 800 1000000000
397 800 1000000000
321 800 1000000000
298 800 1000000000
584 800 1000000000
499 800 1000000000
184 800 1000000000
378 800 1000000000
357 800 1000000000
736 800 1000000000
720 800 1000000000
678 800 1000000000
154 800 1000000000
650 800 1000000000
257 800 1000000000
38 800 1000000000
165 800 1000000000
141 800 1000000000
355 800 1000000000
771 800 1000000000
109 800 1000000000
422 800 1000000000
757 800 1000000000
472 800 1000000000
766 800 1000000000
549 800 1000000000
90 800 1000000000
759 800 1000000000
55 800 1000000000
367 800 1000000000
124 800 1000000000
671 800 1000000000
177 800 1000000000
732 800 1000000000
52 800 1000000000
424 800 1000000000
227 800 1000000000
528 800 1000000000
45 800 1000000000
253 800 1000000000
794 800 1000000000
659 800 1000000000
760 800 1000000000
179 800 1000000000
211 800 1000000000
596 800 1000000000
361 800 1000000000
362 800 1000000000
700 800 1000000000
661 800 1000000000
325 800 1000000000
107 800 1000000000
12 800 1000000000
531 800 1000000000
779 800 1000000000
118 800 1000000000
747 800 1000000000
508 800 1000000000
785 800 1000000000
556 800 1000000000
507 800 1000000000
338 800 1000000000
577 800 1000000000
292 800 1000000000
581 800 1000000000
793 800 1000000000
669 800 1000000000
436 800 1000000000
78 800 1000000000
317 800 1000000000
764 800 1000000000
284 800 1000000000
505 800 1000000000
480 800 1000000000
527 800 1000000000
246 800 1000000000
395 800 1000000000
743 800 1000000000
258 800 1000000000
340 800 1000000000
385 800 1000000000
796 800 1000000000
96 800 1000000000
616 800 1000000000
558 800 1000000000
761 800 1000000000
777 800 1000000000
635 800 1000000000
79 800 1000000000
594 800 1000000000
447 800 1000000000
170 800 1000000000
775 800 1000000000
102 800 1000000000
296 800 1000000000
547 800 1000000000
364 800 1000000000
511 800 1000000000
26 800 1000000000
231 800 1000000000
20 800 1000000000
726 800 1000000000
652 800 1000000000
751 800 1000000000
603 800 1000000000
208 800 1000000000
374 800 1000000000
241 800 1000000000
484 800 1000000000
506 800 1000000000
39 800 1000000000
467 800 1000000000
458 800 1000000000
189 800 1000000000
735 800 1000000000
694 800 1000000000
221 800 1000000000
692 800 1000000000
563 800 1000000000
277 800 1000000000
169 800 1000000000
344 800 1000000000
437 800 1000000000
438 800 1000000000
773 800 1000000000
662 800 1000000000
151 800 1000000000
595 800 1000000000
22 800 1000000000
341 800 1000000000
372 800 1000000000
583 800 1000000000
204 800 1000000000
289 800 1000000000
401 800 1000000000
589 800 1000000000
656 800 1000000000
198 800 1000000000
788 800 1000000000
465 800 1000000000
605 800 1000000000
371 800 1000000000
155 800 1000000000
72 800 1000000000
133 800 1000000000
554 800 1000000000
217 800 1000000000
487 800 1000000000
787 800 1000000000
108 800 1000000000
272 800 1000000000
727 800 1000000000
264 800 1000000000
710 800 1000000000
411 800 1000000000
718 800 1000000000
696 800 1000000000
327 800 1000000000
343 800 1000000000
676 800 1000000000
604 800 1000000000
116 800 1000000000
740 800 1000000000
5 800 1000000000
202 800 1000000000
36 800 1000000000
7 800 1000000000
66 800 1000000000
106 800 1000000000
413 800 1000000000
672 800 1000000000
93 800 1000000000
567 800 1000000000
427 800 1000000000
722 800 1000000000
645 800 1000000000
457 800 1000000000
489 800 1000000000
95 800 1000000000
315 800 1000000000
375 800 1000000000
798 800 1000000000
147 800 1000000000
754 800 1000000000
74 800 1000000000
283 800 1000000000
122 800 1000000000
441 800 1000000000
167 800 1000000000
597 800 1000000000
537 800 1000000000
166 800 1000000000
235 800 1000000000
94 800 1000000000
570 800 1000000000
110 800 1000000000
530 800 1000000000
419 800 1000000000
132 800 1000000000
120 800 1000000000
412 800 1000000000
161 800 1000000000
492 800 1000000000
667 800 1000000000
223 800 1000000000
363 800 1000000000
373 800 1000000000
770 800 1000000000
548 800 1000000000
293 800 1000000000
682 800 1000000000
130 800 1000000000
278 800 1000000000
486 800 1000000000
313 800 1000000000
752 800 1000000000
579 800 1000000000
521 800 1000000000
104 800 1000000000
195 800 1000000000
614 800 1000000000
242 800 1000000000
342 800 1000000000
267 800 1000000000
608 800 1000000000
356 800 1000000000
89 800 1000000000
719 800 1000000000
29 800 1000000000
54 800 1000000000
494 800 1000000000
448 800 1000000000
712 800 1000000000
621 800 1000000000
689 800 1000000000
389 800 1000000000
640 800 1000000000
369 800 1000000000
328 800 1000000000
399 800 1000000000
435 800 1000000000
265 800 1000000000
562 800 1000000000
500 800 1000000000
332 800 1000000000
420 800 1000000000
236 800 1000000000
70 800 1000000000
711 800 1000000000
404 800 1000000000
704 800 1000000000
426 800 1000000000
330 800 1000000000
113 800 1000000000
443 800 1000000000
690 800 1000000000
644 800 1000000000
742 800 1000000000
139 800 1000000000
299 800 1000000000
466 800 1000000000
250 800 1000000000
61 800 1000000000
755 800 1000000000
679 800 1000000000
535 800 1000000000
196 800 1000000000
384 800 1000000000
209 800 1000000000
309 800 1000000000
571 800 1000000000
181 800 1000000000
658 800 1000000000
232 800 1000000000
593 800 1000000000
83 800 1000000000
744 800 1000000000
730 800 1000000000
41 800 1000000000
542 800 1000000000
664 800 1000000000
606 800 1000000000
213 800 1000000000
35 800 1000000000
575 800 1000000000
431 800 1000000000
495 800 1000000000
100 800 1000000000
648 800 1000000000
331 800 1000000000
249 800 1000000000
192 800 1000000000
203 800 1000000000
4 800 1000000000
1 800 1000000000
632 800 1000000000
564 800 1000000000
319 800 1000000000
17 800 1000000000
57 800 1000000000
86 800 1000000000
115 800 1000000000
418 800 1000000000
10 800 1000000000
778 800 1000000000
269 800 1000000000
649 800 1000000000
305 800 1000000000
215 800 1000000000
403 800 1000000000
173 800 1000000000
230 800 1000000000
641 800 1000000000
762 800 1000000000
473 800 1000000000
490 800 1000000000
449 800 1000000000
31 800 1000000000
607 800 1000000000
255 800 1000000000
572 800 1000000000
707 800 1000000000
503 800 1000000000
294 800 1000000000
145 800 1000000000
180 800 1000000000
188 800 1000000000
42 800 1000000000
174 800 1000000000
