800 770 797
761 621 160
113 428 243
521 76 80
4 125 251
282 393 217
20 280 154
179 90 8
36 334 202
481 112 999998878
166 351 193
51 169 97
330 192 270
492 86 168
472 220 74
387 337 216
428 93 190
481 460 15
568 693 199
515 508 63
538 532 195
258 2 206
105 310 238
67 499 999981845
146 344 256
243 733 43
207 448 45
216 182 177
404 665 111
451 562 28
223 219 292
331 453 56
605 8 278
316 188 259
734 219 194
327 577 126
253 94 183
339 296 295
571 317 17
665 407 211
283 323 23
10 42 205
427 387 266
411 278 164
311 283 18
541 437 72
473 38 170
494 176 209
304 446 94
633 601 236
462 375 217
609 473 197
703 766 278
714 21 4
555 614 82
516 444 999963465
127 94 152
117 784 98
191 711 56
749 754 999991411
559 421 135
738 289 191
188 430 9
35 252 2
386 270 210
421 258 28
704 184 175
469 340 57
700 413 292
431 402 275
466 350 844269491
425 269 6
747 539 260
547 26 998892724
25 374 95
599 714 292
231 339 240
225 521 252
365 625 287
88 168 36
163 84 219
152 662 1
158 460 177
103 242 223
375 553 173
570 791 177
729 720 212
92 468 298
505 565 146
512 65 280
129 607 153
356 422 235
321 612 238
313 546 247
725 503 63
749 305 22
315 375 121
221 266 39
543 107 178
712 235 246
366 713 63
641 710 28
281 426 21
527 289 119
737 648 236
132 516 213
298 415 281
337 535 55
437 363 248
159 59 234
486 39 998786244
691 180 96
754 250 95
270 46 295
486 387 128
644 283 175
370 533 186
344 678 9
591 27 226
548 465 60
435 680 4
81 5 103
112 388 68
343 309 107
744 642 176
250 521 202
336 109 57
636 680 17
328 184 248
560 203 79
61 733 12
84 764 266
426 108 90
382 348 287
528 210 241
585 406 128
237 242 86
407 194 75
176 330 148
727 128 216
217 790 94
40 39 151
533 600 282
656 235 233
201 29 232
15 351 274
414 205 189
294 675 16
39 389 161
487 24 265
698 336 60
71 92 14
588 66 284
350 72 239
461 153 6
139 779 256
97 546 245
690 690 991565093
485 578 262
136 622 216
476 764 238
342 770 194
405 262 14
245 198 160
116 476 201
222 715 84
329 611 296
463 111 220
314 494 225
436 529 60
319 437 37
627 710 113
716 381 244
96 370 148
6 552 135
444 381 88
257 465 228
180 151 247
629 709 247
733 728 140
545 574 32
593 675 152
616 360 274
353 716 188
501 564 50
156 137 21
413 346 92
333 160 87
290 783 290
50 625 286
58 693 243
499 160 4
760 97 129
768 367 232
135 661 28
19 198 200
576 186 38
620 720 211
419 47 42
424 70 68
62 491 175
111 403 224
617 360 297
306 729 264
119 714 999966304
743 187 203
362 450 229
684 387 25
415 730 219
175 126 87
537 177 284
394 760 215
759 536 272
230 122 257
628 705 999404643
596 416 269
214 87 191
626 669 152
100 70 117
534 148 201
376 354 116
694 205 150
150 797 284
48 147 51
70 793 37
232 330 23
484 489 146
711 19 231
355 731 89
170 278 116
273 11 240
491 240 166
621 772 155
79 102 71
302 460 132
741 46 212
608 199 160
94 359 14
124 155 206
195 416 57
514 292 100
147 159 184
495 296 267
189 617 115
246 622 121
178 51 150
307 324 188
322 16 120
380 547 196
726 62 22
142 582 165
687 410 20
329 263 992945342
434 324 230
618 324 77
677 421 999175707
374 547 295
586 139 203
649 99 300
726 511 965629571
198 131 39
757 579 267
167 400 2
450 750 155
497 336 999979490
200 411 135
272 469 109
697 183 55
335 602 212
688 44 272
737 300 999959765
248 177 123
640 746 256
133 349 112
762 48 190
500 182 184
391 575 178
155 447 297
63 481 43
595 281 86
196 398 235
589 639 279
496 795 209
718 90 150
522 698 108
229 616 285
174 502 62
465 510 247
78 164 99
446 497 7
590 2 98
658 431 138
348 211 293
288 86 32
242 788 53
765 241 169
120 222 268
47 52 222
254 472 239
430 291 258
134 746 238
448 210 87
359 495 64
507 444 27
489 411 130
363 550 299
699 54 112
238 585 145
75 44 88
763 260 165
598 671 97
256 194 105
60 648 54
575 645 299
31 440 82
610 344 9
675 395 202
388 405 257
475 697 51
287 274 79
34 203 7
324 594 973115863
396 619 105
604 674 110
438 239 157
192 661 168
624 559 163
594 107 112
260 691 21
82 445 21
16 436 23
654 312 140
64 503 172
218 344 92
295 571 208
278 429 202
183 498 30
690 241 46
385 614 7
228 73 160
442 515 187
497 684 238
308 748 76
531 673 247
730 374 96
98 331 54
529 503 6
106 340 127
477 743 48
748 221 53
291 166 41
518 439 191
558 178 152
578 119 257
742 120 44
423 461 7
547 374 89
406 574 56
674 515 164
235 693 113
168 71 20
12 666 188
373 285 166
204 713 140
5 456 179
479 468 265
613 456 300
148 268 256
767 356 201
69 398 153
401 259 10
433 296 249
488 275 159
323 182 176
764 9 220
8 759 216
234 64 223
663 21 247
519 638 96
551 67 115
498 635 202
99 547 53
285 192 70
209 720 194
506 28 296
676 5 44
185 224 109
635 247 115
144 597 22
368 96 55
720 651 48
584 292 24
647 112 168
265 27 194
513 284 163
30 203 229
553 735 8
14 617 132
10 491 956838935
65 449 2
631 138 170
165 794 44
642 16 27
381 26 83
583 411 89
194 716 77
199 161 146
324 145 110
746 27 39
277 89 27
89 200 48
664 143 287
542 646 11
508 144 162
331 105 999972222
141 124 284
341 102 47
503 139 217
728 6 184
224 139 241
601 425 85
562 39 117
101 316 201
393 407 206
651 18 151
280 518 271
724 678 99
670 9 223
579 108 125
672 39 162
606 222 131
745 223 255
72 385 5
462 27 999999245
395 347 199
722 616 21
320 714 160
536 99 252
736 463 272
269 577 142
708 616 175
402 218 161
565 161 83
354 66 106
470 607 80
372 534 97
511 205 258
417 169 61
615 583 124
239 69 103
530 191 28
130 172 25
104 199 52
535 366 175
275 75 63
3 330 182
21 280 212
713 248 8
334 667 272
597 331 275
524 670 31
43 288 197
504 787 246
206 161 52
420 567 165
309 307 270
208 180 183
177 299 85
639 293 97
587 263 121
681 620 299
80 176 78
160 766 261
212 359 199
459 51 284
552 360 223
360 105 294
233 231 167
292 700 114
236 4 139
358 570 113
449 318 59
582 506 245
561 439 38
668 17 129
187 49 122
577 476 67
154 12 295
343 758 998040982
592 572 108
480 792 28
710 484 228
312 439 51
211 264 179
661 396 209
95 211 190
384 265 224
76 629 182
751 506 249
274 727 999939555
707 188 267
318 3 205
474 21 2
466 698 92
286 748 84
389 250 8
213 244 18
678 5 206
42 736 92
383 712 213
33 490 143
317 496 171
392 28 280
769 178 125
268 120 191
516 792 253
151 154 189
453 121 87
753 74 23
709 34 152
659 731 180
628 256 240
673 710 219
657 379 71
115 170 196
683 758 5
460 747 155
701 763 142
464 5 2
164 195 282
645 29 242
740 251 91
44 605 54
520 413 277
123 642 175
510 100 85
171 421 1
49 90 176
441 763 292
46 337 298
98 780 999342385
717 340 78
203 716 248
705 748 214
752 193 115
56 6 247
623 298 173
338 724 46
493 325 186
66 481 251
467 357 90
54 560 10
349 542 112
399 705 266
550 31 260
445 415 167
255 517 996547660
108 5 256
41 343 18
680 650 146
9 37 217
556 316 190
118 75 214
2 570 209
332 555 90
274 278 175
347 709 63
432 165 88
573 152 159
655 21 195
632 70 265
240 329 273
299 12 143
666 310 98
186 626 16
607 644 120
145 518 108
410 373 279
110 437 228
662 348 161
87 326 198
630 417 188
546 26 179
361 125 163
390 83 167
289 351 297
567 693 171
456 4 174
202 2 292
526 79 197
114 249 215
263 113 263
169 554 8
226 744 32
193 345 279
122 480 147
26 590 200
509 482 201
758 408 74
715 604 101
297 26 132
625 460 151
143 739 53
121 273 123
190 148 93
569 595 248
566 273 108
457 361 107
637 782 239
482 448 184
399 357 997922400
682 741 32
181 467 201
247 733 109
67 50 275
7 140 84
184 112 148
564 70 225
73 283 145
619 512 263
766 447 33
126 258 2
109 97 179
310 621 121
483 277 131
418 284 104
215 584 288
478 584 15
264 203 183
408 580 3
153 709 72
652 495 189
454 335 241
357 161 144
205 61 226
107 183 266
326 48 93
249 586 140
764 458 998851885
262 761 72
300 23 287
37 444 284
735 362 105
157 582 291
29 651 21
646 491 150
696 425 69
370 185 997904994
739 283 260
346 97 18
549 348 188
261 689 61
11 756 123
352 700 150
516 96 998131828
422 733 231
545 226 952939080
255 68 88
128 387 93
367 194 267
17 756 41
32 133 283
378 287 101
293 308 54
455 37 251
93 550 117
52 621 146
1 524 22
572 40 70
85 360 18
581 618 200
271 510 148
429 293 76
57 797 27
611 146 151
125 304 60
600 190 226
634 491 190
689 115 131
301 759 102
692 533 248
210 38 297
440 600 222
756 208 90
24 354 64
303 458 282
13 259 110
377 531 40
305 36 189
173 430 261
409 782 297
252 257 146
544 176 201
557 462 12
369 562 211
721 283 209
719 61 91
400 689 111
412 5 184
458 39 205
18 391 51
439 662 44
137 408 180
28 198 217
172 265 125
517 70 295
554 116 238
23 71 289
416 517 33
602 480 299
149 204 49
723 568 242
53 404 106
686 11 52
669 683 214
660 119 123
685 244 5
296 58 290
161 299 61
27 240 236
371 178 77
162 24 115
732 732 71
679 412 2
468 69 107
471 344 211
523 676 24
614 400 278
770 57 222
91 670 13
443 190 231
603 6 30
219 616 154
241 569 120
140 342 127
38 115 132
102 224 153
45 242 2
490 492 126
580 435 24
351 538 80
403 107 273
643 222 222
379 700 181
276 121 256
345 5 16
532 562 182
638 381 2
447 741 19
284 411 239
138 54 59
59 114 112
68 378 178
612 662 262
320 366 998917967
397 629 5
677 769 71
695 744 73
124 604 789920033
364 131 21
706 668 79
182 585 192
90 641 235
540 483 120
650 463 166
750 177 88
77 761 217
693 689 292
251 158 258
653 629 115
539 585 230
131 426 49
259 784 86
502 316 109
119 265 183
325 337 209
622 438 17
452 413 15
55 522 82
563 494 187
266 454 88
74 349 174
702 698 120
244 680 230
755 440 234
340 355 23
267 711 41
671 365 114
86 179 70
227 498 80
398 397 254
648 413 261
731 574 253
22 303 55
220 23 238
525 501 219
279 220 198
83 146 66
197 253 210
574 766 171
667 227 88
