793 1 800
1 290 604453394
1 279 499450458
1 790 895978946
1 460 2056625
1 628 462950181
1 294 618469697
1 668 697631666
1 800 807220807
1 463 356851697
1 689 797183205
1 674 645113723
1 272 556623699
1 361 202898764
1 655 779193735
1 226 887691362
1 620 14523199
1 476 704320683
1 788 63689618
1 377 252047456
1 224 611081364
1 662 622227199
1 223 689483270
1 184 986731721
1 211 966712818
1 329 650611554
1 258 591885824
1 390 554808738
1 208 312384846
1 22 437658963
1 120 658237013
1 26 215817560
1 131 441641398
1 5 127923089
1 186 91490344
1 710 571696297
1 57 192975443
1 501 51786878
1 151 76409435
1 187 138318692
1 112 306885219
1 267 723612989
1 714 426702715
1 307 500573577
1 738 304081092
1 490 233368738
1 636 634719691
1 108 763293256
1 741 361917597
1 677 782270675
1 271 294521578
1 760 896046671
1 462 834129287
1 654 204822927
1 109 826729454
1 41 394655156
1 694 315693180
1 5 117430713
1 474 558502979
1 459 134689224
1 745 49367271
1 340 335241270
1 549 825812033
1 664 647975671
1 214 519739283
1 759 272272385
1 261 133561945
1 567 26682269
1 244 53318227
1 584 451402680
1 347 522968871
1 201 789845209
1 214 953626092
1 80 13094822
1 616 871065453
1 200 571193732
1 433 631776386
1 584 233566548
1 254 247474048
1 2 238140917
1 406 998580350
1 753 232712429
1 535 557579240
1 287 147183020
1 85 668037472
1 537 455579676
1 409 21894368
1 547 165582429
1 200 840531400
1 86 687234515
1 284 181986684
1 800 222322205
1 152 556460967
1 561 902627856
1 590 381517003
1 743 573321346
1 296 390405166
1 534 285768308
1 45 291826377
1 381 293008735
1 335 411451506
1 215 644833155
1 689 690552226
1 546 58306726
1 242 150649624
1 270 819539756
1 576 794387447
1 534 118831590
1 380 612522865
1 623 613325923
1 760 448567972
1 159 809274239
1 434 819907996
1 26 761518118
1 705 269167326
1 798 195063935
1 468 139050710
1 733 384202534
1 148 975850528
1 59 695921288
1 475 639338060
1 582 856875106
1 300 18681059
1 556 46983941
1 319 48358667
1 786 590118068
1 148 512759064
1 300 384512462
1 232 735377811
1 593 460387422
1 13 121846637
1 330 26763569
1 530 789738734
1 525 660659646
1 470 954366415
1 134 887440819
1 763 7157716
1 10 167522101
1 773 81991630
1 529 242025377
1 645 47467881
1 126 944271569
1 396 406516786
1 144 895712814
1 667 79617045
1 548 86912179
1 233 197168186
1 101 231641418
1 522 469208709
1 680 124118323
1 488 759316178
1 105 751216658
1 7 636673381
1 223 201525927
1 170 339120240
1 570 831217993
1 727 973456150
1 112 830206000
1 582 522278152
1 751 376142204
1 629 758780754
1 57 263138787
1 771 54258456
1 202 931932453
1 217 803297029
1 118 753054813
1 374 278091801
1 511 651306638
1 575 831797173
1 602 342855430
1 57 250246843
1 775 428207503
1 301 439671679
1 758 210543864
1 539 794650692
1 653 801621577
1 535 767405888
1 256 167998652
1 414 596127256
1 334 700375027
1 393 621846742
1 626 620940565
1 331 174966045
1 482 232167694
1 410 387527987
1 546 170758291
1 268 785281888
1 268 986442077
1 764 788169224
1 64 892024733
1 328 593287409
1 312 591376723
1 528 109559085
1 580 592222431
1 30 711562407
1 309 639773070
1 379 121574108
1 169 321340638
1 785 497006964
1 622 279853055
1 436 562207749
1 509 28585766
1 506 462872995
1 86 2805180
1 116 462397382
1 297 614594085
1 589 525912512
1 28 8580035
1 444 398111044
1 330 260164495
1 605 586832948
1 145 940016668
1 679 271243479
1 509 201302000
1 366 661953092
1 463 676343570
1 187 250617439
1 671 742097718
1 628 620408370
1 547 759277501
1 382 483127803
1 505 531264129
1 776 663871167
1 513 634801918
1 786 257909522
1 533 870898
1 712 49721365
1 758 427041381
1 183 136836385
1 460 831236547
1 296 175282250
1 433 933616110
1 384 383393705
1 517 321205939
1 290 723910821
1 749 188396424
1 598 45816549
1 141 577018576
1 235 227000920
1 19 45770597
1 55 254406639
1 291 214618742
1 686 940131589
1 26 141998757
1 784 499485508
1 653 395183143
1 249 397077506
1 659 886944700
1 281 509631044
1 206 533573006
1 230 20307969
1 196 759843630
1 772 968658084
1 477 542155581
1 670 814123320
1 430 578016137
1 233 793525615
1 611 346403790
1 637 806725944
1 281 403462512
1 779 990899544
1 84 444405302
1 535 608389596
1 682 976745353
1 745 206760769
1 653 194258645
1 163 987840786
1 51 166688109
1 140 623403678
1 371 266594228
1 252 217883556
1 729 373889609
1 408 304933936
1 569 670353216
1 230 505263095
1 762 458571224
1 527 520914141
1 796 576249760
1 78 200589433
1 42 192673613
1 373 719429825
1 674 131678495
1 92 130862283
1 107 974594105
1 246 551899854
1 149 116800151
1 380 674134145
1 563 834046640
1 294 156602959
1 429 121841236
1 666 521238018
1 733 99670185
1 389 928352163
1 417 425594309
1 723 881982730
1 48 687384661
1 371 832728431
1 736 235950936
1 289 164702125
1 242 443724350
1 214 105415721
1 409 566934765
1 332 697340217
1 217 526033663
1 286 242222294
1 502 833573922
1 766 487259455
1 264 836913086
1 276 700196586
1 564 263145375
1 200 82307156
1 118 451986210
1 441 473915955
1 212 334953246
1 469 7318403
1 712 247019444
1 15 929054757
1 93 559217062
1 618 230668226
1 216 510396460
1 115 242291177
1 243 484852677
1 26 424172315
1 531 19756748
1 575 458483556
1 161 282406904
1 621 647344972
1 285 87334701
1 124 536108899
1 469 264560655
1 25 151607077
1 653 556129522
1 576 947365954
1 3 717261758
1 441 66916137
1 575 839029044
1 741 658392916
1 497 81098714
1 453 853989502
1 405 67477525
1 274 621673821
1 100 93937210
1 657 404221074
1 735 239400920
1 356 135985774
1 722 29016476
1 607 255338557
1 269 403108804
1 435 117497707
1 440 636929453
1 13 64720561
1 129 207714759
1 520 999645999
1 204 423202150
1 406 238398669
1 711 714614643
1 270 385286609
1 488 994506006
1 479 230475718
1 358 547357690
1 514 506607120
1 418 843634823
1 380 926974428
1 612 756768959
1 217 908506607
1 569 842164837
1 654 804860974
1 651 216707853
1 131 443873723
1 52 523116111
1 406 548344519
1 350 67969480
1 166 859586585
1 9 924423162
1 405 36787513
1 48 333279909
1 527 938621363
1 265 824298232
1 158 409456430
1 356 110327442
1 476 273871978
1 63 378155230
1 345 542984550
1 641 930956908
1 436 841431278
1 454 479207601
1 363 261250960
1 700 412926993
1 791 794864422
1 782 92958609
1 492 398757090
1 135 221400378
1 402 166529122
1 472 669329209
1 539 553521465
1 368 161132092
1 404 186936987
1 82 704940658
1 517 637086645
1 672 219443264
1 264 839451473
1 313 545883760
1 45 469843640
1 256 975287215
1 575 378198259
1 126 410281259
1 612 121261367
1 336 496856630
1 290 556430273
1 264 744137857
1 575 931663295
1 15 859172460
1 790 120903385
1 659 753040985
1 668 596467469
1 441 820133359
1 422 653051083
1 139 193198415
1 432 257319324
1 741 580109551
1 158 826296434
1 537 285196943
1 494 953916561
1 508 765247679
1 790 763012496
1 569 715358576
1 273 474643941
1 86 48806429
1 643 66314734
1 202 78875635
1 528 407610829
1 169 398965910
1 566 680994391
1 499 568786865
1 794 477096531
1 537 109860985
1 368 610699300
1 443 304458692
1 441 977025121
1 197 835785738
1 237 769449348
1 242 450088473
1 282 937889653
1 753 183314457
1 151 932359554
1 14 470859698
1 29 91508468
1 797 618079829
1 760 935083774
1 178 493498570
1 699 760716298
1 83 450845135
1 634 449206020
1 694 92149274
1 473 619446396
1 28 151531701
1 11 28225703
1 797 69221471
1 380 957863534
1 299 509509668
1 367 747688359
1 426 87039045
1 126 625114304
1 224 153505814
1 389 23002167
1 114 465309679
1 476 553280545
1 381 846384127
1 443 478346277
1 357 47522814
1 223 689624236
1 134 489529516
1 196 394107783
1 723 497112634
1 126 606216851
1 83 251404380
1 351 99951334
1 236 254983496
1 510 904819385
1 546 350715203
1 695 150562078
1 794 255297806
1 141 99386413
1 196 451198949
1 378 876604379
1 783 178881310
1 230 380823499
1 108 401934662
1 730 583516519
1 341 128868830
1 561 785520148
1 464 336021771
1 765 211599312
1 605 899715618
1 569 556340196
1 791 312958353
1 452 84287415
1 24 854157974
1 770 968487873
1 567 471079599
1 72 231940863
1 510 365055457
1 798 130609969
1 85 195442503
1 324 102454868
1 268 592791385
1 23 649929972
1 262 713248767
1 298 963001562
1 693 763864913
1 155 586514215
1 679 829877521
1 572 326956668
1 356 222703027
1 424 939573431
1 499 55580425
1 209 678810138
1 47 477091703
1 539 616062905
1 499 528865589
1 581 329716525
1 198 318387490
1 259 891960526
1 181 656870743
1 327 931389835
1 786 508811779
1 341 567784658
1 410 198808802
1 170 544822171
1 240 39703376
1 19 186244959
1 522 201212063
1 147 390907888
1 761 850491293
1 57 264710638
1 109 949432338
1 190 568358360
1 330 427666340
1 74 737710996
1 298 492369279
1 714 56771762
1 283 238385672
1 400 441673062
1 496 179829785
1 360 143610987
1 42 298412365
1 377 120874172
1 699 935218684
1 468 615871968
1 767 574272153
1 772 383508480
1 8 469639521
1 169 846111640
1 172 901394003
1 679 91739166
1 4 508321970
1 163 104607273
1 189 397140794
1 530 630980769
1 631 11755522
1 625 558538339
1 19 821414438
1 258 137427294
1 496 819626646
1 63 740377085
1 597 989241553
1 698 797135289
1 136 850349132
1 180 329799013
1 384 321348759
1 351 931574306
1 340 948504589
1 380 30656033
1 783 446562506
1 713 750087137
1 249 639455445
1 541 583527337
1 196 778871373
1 555 741640055
1 645 40337827
1 442 217813256
1 353 167014731
1 209 160833097
1 562 127007465
1 444 346084516
1 767 752689667
1 298 483683086
1 366 523143327
1 632 493907327
1 700 153141404
1 442 685626852
1 135 455313310
1 372 772983787
1 231 24791271
1 145 693372062
1 161 804285099
1 6 398072639
1 332 733241711
1 238 676316449
1 216 544973235
1 566 372136320
1 583 122608359
1 52 794060885
1 361 238810865
1 94 156420629
1 77 377448827
1 532 164648290
1 220 708720339
1 313 72004106
1 429 810461370
1 33 795358304
1 230 303203373
1 457 79728698
1 369 17260074
1 585 151637947
1 744 751494191
1 487 342059272
1 761 779479449
1 379 533484262
1 116 95497629
1 626 899315992
1 508 116908972
1 323 581451938
1 762 323146383
1 8 113693663
1 664 327198453
1 728 367641885
1 683 21539412
1 13 443724608
1 781 591047359
1 208 940660059
1 596 268251099
1 547 776333871
1 783 490689469
1 687 522611885
1 796 554559178
1 237 542142025
1 510 491954477
1 242 888020797
1 394 693655045
1 698 829471622
1 289 537278609
1 589 947430437
1 496 37232841
1 151 173921297
1 609 763844594
1 156 234285973
1 605 424420656
1 735 146182276
1 307 450289384
1 733 794631427
1 708 728274195
1 401 127547110
1 558 629030843
1 12 68454195
1 347 87477869
1 337 503097565
1 557 75158258
1 288 172881131
1 545 98929838
1 707 833624176
1 649 739562897
1 585 76464792
1 196 335717287
1 761 417872329
1 729 282511297
1 123 197483599
1 584 139824046
1 354 556013908
1 657 385131297
1 30 878562955
1 266 238627635
1 676 218905939
1 359 46920434
1 451 954039514
1 96 77967192
1 189 205587965
1 387 86199920
1 355 652956922
1 715 669882644
1 265 245285923
1 672 599593457
1 398 632702106
1 439 129346583
1 655 253122455
1 247 143075088
1 415 921168185
1 728 735314602
1 174 166552574
1 558 541520554
1 739 490578492
1 198 317636622
1 111 257588998
1 320 740484511
1 266 998830712
1 288 467694678
1 420 187385507
1 699 425294476
1 366 993467821
1 763 737245471
1 99 244217324
1 3 131423994
1 317 192737103
1 448 49584259
1 742 763464277
1 26 191651240
1 155 924656697
1 444 93523892
1 205 161811455
1 497 985775618
1 599 300516903
1 781 239183972
1 678 656029411
1 543 20161809
1 612 414279673
1 381 981200826
1 21 274147285
1 800 570787295
1 170 778733936
1 437 681355068
1 99 33317972
1 364 824547805
1 467 40091055
1 589 40729446
1 352 32042458
1 235 592295248
1 250 261491274
1 314 871834527
1 548 132294124
1 60 558063860
1 518 235315363
1 638 162553715
1 373 109922089
1 601 229178720
1 593 134208780
1 530 517147324
1 521 848819442
1 524 891939816
1 705 948332670
1 557 239593987
1 555 991672826
1 364 98519714
1 555 251075899
1 227 657781779
1 633 287919327
1 296 658425733
1 407 809163338
1 434 45658730
1 564 143504150
1 98 850383301
1 439 756504414
1 357 282678715
1 695 648903827
1 14 594469173
1 518 206323412
1 92 829902471
1 517 229898580
1 675 385903977
1 494 125515377
1 581 470822746
1 190 471196205
1 583 819929016
1 699 361402288
1 183 526637357
1 574 330679617
1 708 148652382
1 408 95038077
1 506 92337827
1 492 866884300
1 541 284494333
1 732 235529817
1 289 546568812
1 315 956370048
1 600 272062056
1 622 934330191
1 144 236461288
1 430 242457151
1 52 321261310
1 664 586878362
1 445 81385478
1 699 500605122
1 661 637642268
1 254 396202756
1 150 653976578
1 670 763606851
1 72 671503770
1 198 481276539
1 348 347884149
1 775 966337465
1 405 116919749
1 359 162081934
1 50 165993014
1 181 849406654
1 347 305004577
