800 800 800
372 774 792764855
568 782 28843109
80 235 773021759
459 446 105905143
42 454 991288908
34 69 187530559
455 283 601212506
81 170 405267631
754 72 802675611
452 42 719202771
400 377 229727817
67 491 681023377
541 268 735962569
71 124 740723121
733 764 430420296
400 226 620752699
783 65 472098663
253 799 334642020
740 788 92727960
443 248 682960392
594 406 450578141
5 357 88337502
46 277 986214473
26 329 861951203
757 560 646275399
764 547 12552131
117 469 59929690
378 205 175182318
735 757 778888548
50 496 204906614
35 696 47064440
304 493 569887639
783 341 595251457
187 369 631709727
144 523 647240234
553 527 607240127
614 247 269739487
783 23 163038073
543 84 817471460
125 469 95173418
14 308 639010923
249 241 103657043
482 677 259654562
388 197 991185488
238 765 74864197
758 165 346255037
486 184 743577044
227 10 781816493
59 451 985580179
170 190 124472840
625 240 906356756
357 16 192731300
243 58 90113543
191 35 564783272
718 203 241358238
107 305 381688762
23 771 651528555
693 732 594378673
96 754 575083334
285 660 255860460
769 81 240588633
797 612 188426870
613 594 894000535
357 214 412848119
102 574 963993487
328 466 548031387
366 89 982536160
573 464 182575930
284 389 245728730
77 552 572011853
758 628 488339444
719 440 163777321
592 535 695093930
779 411 506697406
660 388 369689969
772 202 201479076
746 746 819993472
79 714 926560864
467 344 727437254
660 800 312381551
508 570 78853869
300 566 394347973
86 86 483943775
754 100 113846932
618 130 670106462
505 247 589282872
436 689 568498712
604 349 191820681
287 788 117387811
672 276 259037604
623 176 119909734
371 671 550939705
739 345 238582599
458 695 868233083
194 77 259824562
22 112 666608561
712 249 207078058
337 604 256279842
7 521 894633900
717 27 737474966
531 248 529052609
548 168 741145426
506 161 613424769
25 756 767936507
275 433 263281517
119 361 58591316
263 284 972514892
573 376 598662394
326 258 195045823
550 202 697844275
563 396 505472553
263 683 652044701
223 182 394291051
576 769 450954012
337 589 934576135
742 755 883099662
647 740 274852900
178 543 756882959
588 649 860624770
187 354 510353496
91 41 425078305
681 561 867880798
607 329 127230408
400 659 875761817
223 440 179568192
70 749 160233966
147 613 272850168
448 507 123484283
325 378 137148845
22 596 282134317
26 113 710071540
80 436 317714081
729 132 145956895
769 262 166875146
138 104 808779217
79 457 911640104
332 397 901422192
447 543 329709734
665 745 196003535
544 145 668438602
573 381 232704436
390 67 144556050
721 28 993687371
714 167 712578869
215 399 792215072
18 711 78953825
440 421 181100333
632 589 382949405
83 585 699020529
752 59 953397280
372 703 615802346
403 522 331011220
492 352 578003523
518 704 765342409
605 279 563406223
216 433 155038918
589 598 151966400
386 189 756331427
564 365 280226927
192 39 333239661
519 618 945161849
382 665 238596605
456 448 151984659
203 252 938637801
348 228 643544399
557 177 489003212
353 53 81861169
759 482 631670448
507 282 903228244
50 594 830601471
11 635 864900317
100 700 335303529
260 384 984423524
189 67 805168959
70 568 103229282
725 447 341621853
608 229 327094077
745 459 118879115
220 560 889563764
258 228 778795078
602 253 144510760
104 166 240089358
38 657 187744146
364 431 602293156
773 625 325362819
454 496 987242429
664 742 235225108
603 225 211979558
614 741 875985846
754 92 221361503
642 670 43510583
763 43 863267367
122 385 150995327
544 613 57934132
476 443 9212715
757 630 210438973
592 396 587823629
155 80 925775493
702 701 999730791
382 354 686706979
153 347 425836296
738 524 309803346
59 93 907451724
260 404 470350170
124 380 680117026
658 60 336637436
699 49 342975450
260 187 284206881
3 210 347660242
283 410 24899553
769 138 244551478
687 324 250749501
476 192 107640941
631 117 308642848
327 401 322192087
741 548 76869994
502 631 131192772
418 774 281863961
592 534 571849834
51 406 382182451
47 359 101059882
20 85 394953314
505 536 329545549
574 644 987749841
244 690 351491555
291 8 146186915
314 458 10724652
187 118 306467935
161 317 60555143
229 88 68841784
518 713 77820182
732 620 910309033
517 169 597409392
380 607 246077912
115 333 615238910
295 333 276881225
88 155 778511040
10 587 434858828
784 388 739122433
358 27 762403710
520 723 432463411
698 34 962482505
715 486 769380965
77 264 93260188
82 780 190095700
724 25 516964983
246 666 775287476
574 435 689341430
289 180 120239879
612 158 38666749
683 157 458726425
445 186 494507517
712 381 748530775
452 746 793218832
214 427 934220786
181 70 128342993
794 523 152708788
174 97 257368155
78 70 786739537
272 124 249343560
528 227 725076518
735 352 183683867
333 298 691901744
723 751 77063205
520 233 553644417
421 277 65945482
514 403 15680762
309 33 562475508
478 709 831488014
748 75 274562091
179 706 379024429
489 720 627040982
347 673 647448695
631 18 892457242
11 222 329219955
223 318 253565040
34 377 16904860
560 759 236219509
49 307 296546517
363 512 420451264
634 416 448130307
240 410 483393646
234 631 859635378
590 193 153301045
177 722 381768588
640 738 345857836
343 34 970125193
614 760 795460823
101 91 504854365
293 791 885279929
250 417 812576028
221 789 2937442
442 629 379079090
554 177 227886110
99 386 361211600
398 76 972169865
92 646 291288991
557 252 638925330
577 494 904459094
683 130 404443406
732 198 432877955
462 105 668960964
743 355 862658511
200 780 171510993
225 587 674024649
761 797 268231096
533 445 213572870
678 314 397877861
476 385 371416815
526 774 422368816
435 423 772313588
604 519 594581755
94 226 581693367
393 148 691213030
125 208 762340456
654 475 255589654
573 556 591812270
137 57 345629557
505 314 597404875
426 715 421870441
382 268 606608878
173 595 486841524
231 694 218355021
586 572 33787436
693 67 185426074
798 296 285955604
391 249 237925407
311 294 152360505
702 69 86422232
62 310 950121593
183 62 799475105
738 548 851926893
760 381 130751879
372 312 950458296
183 185 257133672
144 455 220161865
771 7 904106644
539 162 166879410
266 199 196578902
586 3 687571652
139 450 728503862
489 336 125771110
793 361 643290662
197 569 293900604
573 548 636835127
488 495 541903581
331 672 976238987
543 148 713085968
43 341 180738309
289 305 821827255
226 133 122486993
694 539 202844993
589 763 553769515
57 556 778971889
742 763 830808225
182 256 821634791
557 118 898193380
35 567 867781619
712 712 173832654
759 378 102274408
330 361 801195568
731 301 449862466
420 439 38203276
681 664 460620580
94 57 586687819
356 163 563774578
496 166 909919433
5 767 272145019
674 509 113524079
393 429 449966340
761 659 21184755
250 772 340415796
724 167 757595419
151 461 552664768
108 530 744294634
691 699 510688550
46 552 76327510
638 496 875573769
313 136 651046771
437 660 735832527
585 728 567816763
61 765 881127724
280 163 153793288
31 7 631674283
648 286 704920517
612 359 205225011
503 3 907315567
25 711 658229998
117 472 416644800
765 685 215625181
212 134 559035059
100 486 756177496
303 349 885967813
225 720 300675546
785 233 70855538
229 9 862356940
423 319 85744826
353 91 357107020
242 368 81068143
561 437 912897827
285 144 400857813
555 171 579278573
556 284 911012078
743 787 118641135
232 529 736188950
720 365 351211335
657 698 952759621
469 173 895050497
677 395 934748298
118 759 330430128
192 262 715672679
519 393 813332797
428 294 89894384
396 461 883130632
73 738 780525225
671 65 352801120
287 746 984488984
78 52 97572853
146 670 146027067
426 708 315915238
555 208 230523980
787 263 146035433
202 790 122850779
326 375 799539334
566 519 429969932
592 180 634773017
551 354 697387974
469 269 927381154
543 749 800230870
624 225 407930056
334 459 517255577
456 661 780730976
503 51 386365221
99 368 813282072
529 516 678218720
215 385 641972888
377 458 632014491
100 361 26567661
583 185 171706778
10 790 588445177
114 462 526604885
211 593 441506146
22 718 924136970
417 153 96736188
180 775 127090304
512 630 735369633
98 293 535068283
729 647 958188509
83 74 806017678
681 123 130239124
675 108 351665361
85 654 620565550
484 590 4766475
155 354 576535138
724 372 463086035
35 786 13244667
305 88 820086531
214 743 838541063
573 508 113150098
84 338 325594558
724 728 287866021
235 129 168687418
101 415 789130972
367 509 844877497
458 52 147066072
43 486 726166483
154 524 856161229
286 151 341875207
575 619 601273500
129 781 882216186
8 499 813269264
316 119 425854274
778 719 455600748
325 721 461258788
661 145 811441401
89 242 574906087
593 18 844890945
198 491 383590219
400 104 920956609
31 402 169808663
184 84 200977034
342 753 294208113
665 634 263283756
139 264 868951475
456 665 29282777
77 405 462247152
647 756 410457682
672 746 651129166
518 135 446339152
231 607 88797348
247 631 537303512
764 270 372999442
477 377 453376798
445 683 387476212
570 77 452722611
703 273 299400673
114 22 57091456
192 132 98278236
626 797 787999172
491 207 205125927
510 139 812601179
759 435 361387607
449 313 578944283
209 232 533152186
601 746 260246258
419 371 844102982
794 374 11082925
144 304 616236249
413 621 232403798
96 536 551123423
178 210 864991127
605 420 680585344
751 111 20668373
265 203 797523852
637 495 394897836
3 791 104729448
704 489 659992054
717 505 577973688
349 525 484880267
93 49 294642582
15 532 39233959
360 318 605764357
694 333 62077261
481 473 136122758
719 624 997308137
137 454 972327260
218 472 360267924
15 658 851552405
503 750 997088748
520 588 619980113
559 83 275307494
236 204 897795305
573 734 806555711
181 347 708784928
512 393 657666030
342 40 468798913
402 411 149497026
453 177 135702174
498 594 880787469
695 580 18567035
576 661 637134774
62 77 532687721
214 449 742259156
746 634 71560115
242 626 709436496
57 8 262809588
238 403 948390000
416 48 200315730
198 464 291684500
607 291 826078037
117 780 317159182
415 331 266813964
263 580 117738099
507 393 136114365
291 193 4022870
608 297 63106079
730 118 638589532
651 164 548048921
680 275 583746843
14 53 351494564
6 315 450597435
715 272 210202027
350 136 397135866
269 780 996146224
717 209 29611454
561 649 890957836
110 625 123441671
217 6 670733247
340 460 980368393
353 357 864026713
730 645 945511894
452 328 583967487
15 355 352958596
302 561 909659705
586 539 207090662
292 629 159171247
106 605 96729355
263 474 82560922
757 701 640829910
196 793 930337318
618 34 491372409
800 434 651490898
693 313 378202528
768 168 173969380
193 479 894351286
632 499 209416526
559 342 895000532
691 79 684706966
79 492 261683440
580 126 262627670
790 398 277080512
398 757 923907658
329 252 828425813
47 291 753541508
408 791 874832732
92 554 42547055
662 752 886661509
352 217 261194645
273 509 611758964
557 335 599908590
636 728 45480082
614 767 292095894
4 605 309805838
629 711 151481329
355 427 964241883
249 589 373752447
567 529 346941124
102 669 696366122
546 209 563649154
563 634 643796637
536 706 512224308
544 249 860409838
469 364 575333770
654 635 712440881
475 483 255244128
574 669 522391017
435 149 805710254
702 634 646201671
769 622 365345242
547 456 56686484
343 798 637153382
651 92 125539501
10 138 98783004
321 257 355303340
238 341 103184640
190 415 685722363
218 247 509697123
751 56 755839485
82 357 806432416
124 270 776179644
241 467 813219573
215 521 696196010
61 94 991423542
580 766 460770859
496 790 169250399
30 409 683993651
29 16 821360462
320 4 133826973
437 543 811015800
166 72 880739131
498 799 889606574
480 273 33067958
273 5 975643765
238 337 814280787
150 553 763536527
6 2 843644177
635 612 191013291
354 128 80168628
61 606 611323149
165 737 168217289
413 625 182323066
316 230 943073952
153 57 29715450
30 319 167986112
109 651 219075586
263 211 386323622
72 638 820170805
238 412 230203994
361 460 366097229
226 690 779185914
107 93 632289110
246 767 271952569
462 41 682256040
108 501 341027555
245 790 36240890
76 106 724961214
97 164 3550605
362 164 987727815
509 116 365509840
38 251 169727668
575 619 470425779
344 733 76282330
330 300 36098756
406 503 145201440
7 737 673049389
83 761 179178494
366 386 872434278
432 295 2788171
76 634 474911346
501 509 944576939
498 693 286695078
403 398 167722695
24 108 188516099
737 381 226612060
91 309 710112937
73 729 233321414
156 305 678687484
162 117 335616945
209 753 657157980
680 290 131392631
689 683 619787271
163 285 953571237
78 30 538364720
24 761 247121047
180 166 545349049
601 437 19396390
429 129 160936764
543 784 555171246
154 628 814932970
796 605 539581927
305 786 474142137
446 719 24670612
554 486 81929040
468 14 794087957
695 271 320509817
71 775 963111141
643 471 292844579
605 536 692061168
92 509 296677785
210 719 632969340
696 441 2909467
734 186 119472987
237 776 834142754
382 367 489604966
373 223 464327559
464 468 272193656
22 451 148844816
279 302 276620635
87 114 65131873
433 370 948734535
525 231 559459189
77 302 304406807
486 289 497510560
497 461 267166848
218 554 964810253
746 184 479567640
335 606 65856393
598 78 261028193
420 683 126459732
128 42 128219457
390 730 915550584
488 165 817077809
644 84 872521741
358 195 91516786
705 525 858273018
533 48 471732124
471 568 37130147
44 188 97974658
639 530 197990363
48 787 760780698
579 784 920131621
262 635 822376531
278 754 442191226
618 414 3779843
485 134 358260822
395 636 333096885
510 616 552699522
201 666 472860966
475 53 486452269
227 33 676475370
306 337 776556470
524 438 280384147
252 493 330814243
517 459 260158408
697 441 209893686
441 431 374271504
366 101 835068220
694 795 183564209
331 787 775540398
617 298 261101348
294 431 994856593
64 420 153164111
128 594 880737960
760 521 93867640
121 631 233171994
346 318 400257705
726 612 846429875
621 739 97774511
782 742 340856822
369 443 211055796
187 225 83687190
230 232 650427040
514 470 90390183
480 404 7043880
454 268 258170537
519 368 214691620
558 362 93478471
689 101 267879748
428 174 941461517
376 789 660945360
116 645 894356648
333 733 354242703
20 519 122681180
132 704 106469440
383 711 128947756
721 575 43616201
220 784 268543326
58 212 68624410
167 22 35940628
18 796 737284664
149 505 299662623
64 520 505675473
85 259 364962580
461 572 37404277
245 199 368343526
3 60 624910505
698 652 878186775
345 449 434087567
731 153 519973564
251 448 236787378
