1436 2 1500
1 373 170242396
1 1004 747735130
2 954 389975059
1 963 197811484
2 1339 596292568
1 1098 221283957
2 319 916838940
1 92 9407811
2 1110 861910846
1 207 329834688
1 1454 962667548
1 1110 295107090
2 315 166804767
1 320 950075287
1 184 750924284
1 1193 477158724
1 460 501322060
2 1459 405731005
1 1138 893479882
1 1096 663070896
1 1269 666592468
1 299 11046663
1 506 201780879
1 1403 387833347
1 917 86520401
1 298 628340323
1 479 588006556
1 1411 584045849
2 244 943797086
2 1279 442567241
2 625 282667570
1 1475 241160583
1 815 467752961
2 747 252389658
1 187 719717479
1 1071 654426408
1 184 499817340
1 813 945083772
1 39 158580229
2 422 837439537
2 733 581578156
2 485 964635603
2 1086 311663934
2 1329 908871449
2 1221 799983665
1 897 35250125
1 430 838341865
1 154 634714704
1 1453 74563330
1 390 629966217
2 150 965378992
2 1313 974579614
2 1475 460351260
2 230 824124346
2 1148 483679185
1 728 139622659
1 725 269471496
1 1276 498741627
2 335 51437671
1 141 553885742
1 263 717914069
2 225 567802575
1 408 335289553
1 38 582951324
1 425 401256195
1 1234 902449036
2 441 516617450
2 1467 877859723
1 1050 122173792
2 659 356038848
1 1006 303191903
1 1436 184576494
2 1210 798905837
2 90 63984646
1 607 684731263
1 905 828192654
1 367 513068093
1 1207 232397875
2 1196 329695490
2 173 380283724
1 551 31473364
1 279 913204292
1 190 837807508
2 1315 105165187
1 1475 291675524
2 270 720357054
2 421 774830212
2 953 346365838
1 1126 491534057
1 1274 5567751
1 1309 787374325
1 464 107735731
1 451 565405930
1 930 373695610
2 554 235872292
1 1285 532423954
2 658 651744087
1 722 419955536
1 1276 118996574
2 1090 471815419
2 597 645423876
1 701 624893608
2 639 733240247
1 1308 953278914
1 1106 584831008
2 958 979371862
2 689 241580476
2 284 41509681
1 598 877762593
2 1432 733802194
2 322 965114266
1 1442 523237841
2 85 824600473
2 135 965606975
2 375 23831651
2 1400 864816610
2 867 961639291
2 393 14577003
1 630 224361751
2 1344 137158365
2 449 475621679
1 447 552929579
1 25 646624879
1 560 461262473
2 100 479622686
1 1332 581853865
2 447 996769194
2 1251 711367365
1 729 403999814
1 500 390406022
2 911 635314027
2 349 862622682
1 667 786860254
2 188 643294328
2 11 862880845
2 952 646833852
1 1057 655471577
1 388 573145301
2 614 672513726
1 53 522215949
1 219 640033663
1 531 972328399
2 315 108518852
2 855 836897974
1 221 658074776
1 51 683517567
2 185 829426580
1 391 433610504
2 616 70417278
2 642 394550309
2 619 459498222
2 1205 782189967
1 307 889682645
2 589 135496815
1 902 505273413
2 837 850675385
2 1492 97444873
1 1108 777425990
2 1103 17342996
1 143 763046647
2 341 799002598
1 1436 206375285
1 1125 842885764
1 124 110116068
1 1067 61083286
1 234 483872765
2 974 327476327
1 716 865482570
1 29 472771813
1 338 762614585
1 1036 873894684
1 1136 604277607
2 1044 569441837
2 282 271615483
1 474 691877066
2 1126 389366047
2 323 85981363
2 1463 251307722
2 1468 545344065
2 1069 272024698
1 926 326088677
2 1224 256832356
2 84 693329153
2 805 487974314
2 848 463676898
1 226 103447898
2 22 282555927
1 270 674561643
1 635 179442111
1 480 812297292
2 1198 57066224
2 1281 889127570
2 377 2351219
2 549 412997689
2 325 733082344
1 1141 270785399
1 550 981498370
1 245 597442548
1 521 803751307
2 208 686269691
1 87 662164204
2 535 255321665
2 1040 108389711
2 1227 571830239
2 499 224932402
2 612 680579681
1 212 916881603
1 890 672638981
2 378 1487809
2 172 231958932
2 407 60549912
1 1284 503538389
2 1104 228282898
1 1318 126629401
2 567 931453175
1 353 436122754
2 777 269183473
1 944 729296945
2 726 71744062
1 923 995380346
1 1041 390599191
2 586 173137719
2 1419 671508160
1 1366 777326997
2 396 284333746
2 1498 151378514
1 269 341543704
2 890 248261795
1 548 499231917
2 276 899590060
1 1363 877282521
1 1085 647473462
1 895 381505435
2 832 604100967
1 422 954697074
1 1378 129499258
2 1126 918581022
2 550 148551787
1 868 163609247
1 1167 481681288
2 330 963333652
2 900 26648660
1 875 405761754
1 1223 359329663
1 221 946456710
2 583 711837924
2 546 51534560
1 194 267634401
2 668 84465522
2 221 7194443
1 980 750481453
1 296 525040264
2 759 679596672
1 1362 739525759
2 414 241754041
1 1388 951073331
1 797 526630760
1 494 537106998
1 938 744413111
1 1282 419480542
2 1275 109474776
1 469 663348178
2 1041 146181598
2 1050 29651433
2 353 638517464
2 330 239831917
1 712 452264073
1 821 349622460
2 1422 973258253
1 1476 259332582
1 586 102893138
1 1 178376100
1 583 171196975
2 446 346791057
2 316 764499990
2 883 273354352
1 728 442039626
1 771 44965621
2 608 115737749
2 1127 148061666
2 1210 698088376
1 832 159668498
1 1225 854695465
1 291 432817488
2 809 985048550
2 210 745660984
1 1379 651958993
2 1496 5211028
1 782 589974593
2 1013 681431088
2 1200 670453487
1 623 208281695
1 187 573407849
2 1289 725881244
1 60 360066889
1 266 93227837
2 1335 769706481
2 1467 28261591
1 1340 85456956
1 1487 543896646
1 1129 884960965
1 1260 542153747
2 899 795897477
1 543 265825571
2 980 324997848
1 718 109508626
2 1189 540464944
2 1279 623343297
2 407 853222937
1 799 927254630
2 33 208985733
1 858 950105351
2 1263 590844757
2 429 763964450
1 29 476795257
1 1062 82255184
1 778 754930692
2 667 219183872
1 969 316906021
1 103 446442091
2 495 213197954
1 995 962381334
2 603 480218745
2 643 860525422
2 48 216354679
2 1029 159309379
1 760 646768387
1 1234 546278020
2 640 34852193
2 534 883999461
1 1409 209178231
2 1096 769537732
1 1191 476798756
2 209 181329614
2 832 918167080
2 807 963465812
1 854 858535412
1 278 61612793
1 759 730336499
2 1261 328505893
2 963 187286324
1 1455 895057403
1 495 314050222
1 208 118396978
2 94 186094859
2 974 683984708
2 441 826697326
2 599 92677267
2 1385 967145972
2 1046 605626454
1 1217 30144726
2 1384 152509832
2 125 161540850
2 598 552168477
1 580 858065737
2 97 579237913
2 850 281726410
1 436 200432406
1 575 382324390
1 888 122627859
2 1455 184564936
2 348 711836133
2 1406 86470155
1 1135 59217253
1 347 877554111
2 457 889769506
1 395 796499721
1 438 153318129
2 1415 424906360
2 299 322757476
2 584 145051246
1 132 86183659
2 173 243963864
2 152 148878614
1 1164 545279877
1 363 440330058
1 1362 551776129
2 1248 257541502
1 1107 672397647
1 886 181448456
1 1128 875108140
1 81 300422647
1 191 383695661
2 352 774107033
1 1228 124867809
2 1105 494644689
1 751 272516853
2 502 60866957
2 1033 151652288
2 470 150530436
2 633 682868161
2 392 360440192
1 190 199942369
1 1191 164371299
2 1474 620061393
2 412 494004312
1 99 355323224
1 616 56608367
1 606 749612818
2 539 724354507
2 634 921007573
1 1227 35227154
2 674 536564515
2 436 436342147
1 321 651775109
1 1272 624284823
2 494 571925341
2 1003 629534768
2 662 298597636
1 1272 40150142
2 1100 753229626
2 78 143166073
2 468 315497491
2 997 839829109
1 14 194399399
2 693 684288747
1 1015 210692337
2 367 916430067
1 639 456631391
1 702 610364293
2 541 308834807
2 1479 48666797
1 377 670174168
2 21 162307778
2 39 862226127
2 796 484500453
1 448 577726824
2 555 895889648
1 688 63937066
2 131 873514905
2 177 577332344
2 268 751801207
2 527 547116300
1 377 266972266
2 1483 634727746
2 372 15294005
2 750 751067428
1 1329 461644322
1 450 535613745
1 1243 156686861
1 711 119630306
2 935 301197951
2 392 484605490
1 978 369193426
1 823 946497597
1 719 491311927
1 916 581912645
1 802 536948
2 835 526375775
2 932 673641788
2 1435 146033437
2 99 74917168
1 1070 297111170
2 1162 459970496
1 216 864329767
2 1343 743811752
1 155 590550487
2 706 688162801
1 781 167387426
2 520 136281667
2 111 408868596
1 67 147843093
1 739 108828806
1 285 636040327
1 1052 604865616
2 456 683532133
1 862 640212443
2 1073 122210268
1 978 845131724
1 805 514402157
1 499 36710650
2 806 300116913
1 11 560596605
2 913 348513171
1 256 383950578
1 665 804428528
1 582 9076163
2 1104 78765765
2 469 45445991
1 1449 391565926
1 1480 900195715
2 1035 771115508
1 1122 241368974
1 51 127169947
1 60 315237606
2 1245 643927446
2 527 129701573
2 300 247455272
2 443 744372886
2 288 273107791
2 1377 767186406
1 1000 264826720
2 899 109590340
2 942 831145373
2 245 590298269
1 879 255017035
2 160 127799544
2 856 711102467
1 1051 727736199
2 938 827116646
1 604 324946627
2 592 118305185
1 1466 210489414
2 723 375779093
2 795 674631698
1 513 227593458
1 1086 237732691
2 274 906964440
2 185 96898678
1 1398 697840960
1 1202 980687841
1 215 689013542
2 1274 131210351
1 1165 52583074
2 963 806578131
2 1227 91291976
2 1440 532589299
1 1094 622292398
2 804 481492631
2 1326 682672360
2 1258 949190981
2 1069 355108708
1 669 444639094
1 55 29217157
1 1306 913827114
1 402 161219812
2 1424 518986569
1 1050 187379639
1 996 41302450
1 1282 416074487
2 642 894807766
1 420 138655765
1 1153 358191137
2 722 199590222
1 824 51671088
1 1115 774968842
1 998 82159012
2 790 319582992
1 471 327233248
2 146 437087052
1 1425 707916407
1 1171 76123364
1 14 421968148
1 136 715338501
1 487 938532897
2 1036 942548341
2 856 546081417
1 702 243646205
2 548 234296694
2 358 279332134
1 207 222009783
2 1140 501339970
1 654 385317203
1 1001 26493380
2 1237 148170059
2 1495 434323850
1 1044 671873601
1 413 345735305
1 1295 317625397
1 423 432652110
1 553 878241796
2 1255 171453331
2 820 770105176
1 294 322390938
1 281 122659996
1 124 36847825
2 236 610988214
2 636 811491311
2 1222 891599042
2 347 995472752
1 1433 611528886
1 1382 269308586
1 403 261311843
2 1466 480792298
1 144 523580218
2 300 332454188
1 1446 581092689
2 772 461617851
2 367 238678890
1 112 252483717
1 214 162568726
2 811 795963680
1 1038 691797629
1 227 506062611
2 1244 363999422
2 2 161268943
1 865 757599060
2 863 248322449
1 1308 189609317
1 657 576924764
1 840 240512249
2 346 893099535
1 687 889314294
2 1066 261914022
1 34 81874145
2 1032 46665455
2 440 363498648
2 1393 802209663
2 394 91697970
2 695 264523476
1 460 143275785
1 810 749997107
1 1413 88587880
2 222 60291734
1 1083 394479645
2 1331 988840475
1 1419 134913665
2 1271 94171944
2 1471 461550881
1 537 489189695
2 1328 545996073
2 540 587255291
1 15 545075108
2 684 42027630
1 111 36564250
1 163 591607900
2 261 125760658
1 368 703385057
1 284 514631037
2 206 166252289
2 634 790550532
2 921 695640836
1 871 224351547
2 651 745073089
1 488 255932826
2 233 615087551
2 400 238046320
2 644 162960762
1 350 445069103
1 475 938779682
2 1106 571981146
2 14 444175469
1 915 163967934
1 1446 961767960
2 1244 117600601
2 1259 5360382
1 306 322453916
2 898 640907543
2 986 691263657
1 642 340728173
1 697 724260810
1 1130 740818272
1 223 791308086
2 1392 28572528
2 1371 608429432
2 144 371282956
1 222 753781262
2 431 173372246
2 744 66597462
1 1252 80685748
1 1302 132866481
2 549 763865991
2 1253 106337599
2 1367 921818571
1 1007 8741044
1 346 167923646
1 728 58530360
2 469 650925317
1 768 972397330
1 1205 933561887
2 796 149322648
1 27 71398795
1 855 177465313
1 1190 425077307
1 1121 273460802
1 351 947753861
1 1500 862771035
1 298 885872288
2 578 888681458
1 528 317312003
1 481 870280201
1 635 200874977
1 564 85690353
1 176 881030782
1 889 379815008
1 691 663654984
1 109 331904707
2 960 64634694
1 642 711952556
2 1181 343737991
1 1396 95984435
1 1448 400769504
1 629 150487169
2 853 310869939
1 519 148602807
2 115 678253665
2 1220 767676984
2 1360 139882831
2 516 182077678
2 1031 568146247
1 612 515832099
1 89 724265175
1 666 133138740
2 833 752560862
1 333 709382251
1 1246 11289670
1 189 156401300
1 645 825726197
1 1364 859312305
2 1264 979200280
2 316 266751673
2 872 586039640
1 649 34323263
1 394 87568453
2 976 657556643
2 771 102775479
1 1348 541870474
1 1314 279377231
1 1407 581701309
1 258 72197747
1 935 604556642
2 620 241816553
2 1448 876515106
2 918 136228254
2 221 633292946
2 1352 487453869
1 64 269308277
2 952 497324197
1 146 208819644
2 484 387604735
1 451 123861489
1 907 349962010
2 1169 262421385
1 533 320998932
1 1329 650877972
1 581 574605385
1 890 317359737
1 1064 716235273
1 1168 12838776
1 991 569291705
1 1186 76915304
2 113 439175999
1 1199 717118960
2 535 344402851
2 51 532112375
2 495 485389677
2 938 747145698
2 1105 212996343
2 195 121363902
1 534 805107094
2 788 695042084
1 437 847943990
2 707 914719063
1 719 708176985
2 1202 974220102
2 111 655905525
1 1311 827401167
2 380 434894043
2 1072 215349833
2 874 214917209
2 296 933122847
1 290 575104386
1 1432 673618532
1 357 287317625
1 1328 841228769
2 1255 424870251
2 515 586426384
2 322 707929195
1 623 207322344
2 409 306113849
2 620 499398746
2 1074 542740370
2 337 556830208
2 703 141412242
1 1114 738470108
1 205 206037607
1 520 229611802
2 474 465851960
2 390 31517639
2 357 382205839
2 1056 358430857
1 1395 203252357
2 122 642236046
1 1 267902842
1 1434 152685989
2 1214 35639021
1 1147 998364163
2 582 777084378
1 6 661722174
1 609 681075253
1 1363 335736589
2 307 393446656
1 1302 953921267
2 175 980116581
2 565 769881612
1 118 794701118
1 1402 742337237
2 125 48379127
1 1041 817284739
1 1041 576421072
2 630 431316610
2 845 620716351
2 1318 453627258
1 1206 290203807
1 382 85404439
2 1316 904746438
1 1184 565017184
1 99 962562960
1 973 8483201
2 877 641949746
2 701 18685442
2 1464 83496322
1 417 983813693
1 1397 740686212
1 437 326058502
1 27 179734340
1 179 167130843
2 340 913695246
1 821 325650352
2 509 397985384
1 704 334471539
2 242 450168632
1 890 642903491
2 1055 209768152
1 1292 860274345
2 763 237646347
1 454 465569584
2 600 693259792
1 714 919589165
1 688 176290851
2 17 494088197
1 877 311506084
1 412 370993971
1 440 77093921
2 1070 247987895
1 1202 614271305
2 466 800803164
2 23 732238047
1 440 580304798
2 1473 88578162
2 1209 149236394
1 128 899036833
2 91 311832747
1 320 13592502
2 147 667879756
2 244 883586863
2 1077 97365224
1 34 298424416
1 481 791827260
1 596 302021311
2 210 853764228
2 951 589032233
1 1072 470878088
1 697 844710341
1 135 635093302
1 38 934460079
2 38 376856782
2 3 570822295
1 880 250477480
2 1255 773329918
1 256 795923973
2 367 777899705
1 586 185852784
2 420 168991610
2 962 10043632
2 1383 269885676
2 545 752373393
2 214 767964748
2 971 991260056
2 524 24847223
2 838 986582654
1 60 86155490
1 464 179019321
1 1405 951769976
1 484 276216918
2 190 958022669
2 1345 917237698
1 1227 231111273
2 640 452619959
2 335 279414423
1 1447 177423538
2 330 219097418
1 499 909668300
2 73 780529875
2 132 427869095
2 1223 863764130
2 695 356860316
1 19 701819126
2 540 33033298
2 596 810586276
2 127 526535714
2 1026 390567521
2 704 426824599
1 1046 451342864
2 297 736577592
2 1182 671196427
2 838 165399842
2 121 649404243
2 831 434557676
1 1140 245256073
2 523 727659287
2 627 455195855
2 130 939545230
1 411 703675223
1 339 963960411
1 95 418866748
2 1347 746840567
1 358 98721922
1 215 790253018
1 1058 883942915
2 796 604323290
1 233 410493394
2 1174 770920371
2 129 864543798
1 176 590561382
2 648 191299722
2 633 213472593
1 1076 41202519
1 88 371992620
1 460 48387311
2 608 770677697
2 1402 240637856
2 1177 42451389
1 692 51289523
1 1420 328475400
1 583 683945745
1 662 51660988
2 333 143161016
2 1088 513406253
2 1273 604534850
2 743 713204551
2 216 746129211
2 1489 390775785
2 1445 918798785
2 824 912168159
1 1017 729439738
2 1065 623179850
1 815 764751226
2 628 505113231
2 774 711088728
1 8 176880513
1 898 35270904
2 289 532489146
2 760 505210572
1 210 183540577
1 160 19789012
1 829 545961181
1 645 407978406
1 233 414427137
1 656 802443971
1 1459 232031349
1 138 50772462
1 1242 206408613
2 959 743130230
2 745 255290679
2 649 238844890
2 156 986063274
2 343 261086050
2 730 657313979
1 424 28282249
2 1085 836499019
1 988 151318940
2 528 756842217
1 1396 154237313
2 908 118698560
1 247 276260528
1 651 970409878
2 831 798651999
2 1477 51875971
1 135 661082981
2 1136 940633689
1 87 115466484
1 1040 671310845
1 505 319123838
2 562 128955567
1 926 591571699
2 894 415079525
2 383 397431382
1 709 242514866
1 543 995259923
2 1305 807454826
2 328 502668431
2 75 655983661
2 893 499623959
2 117 890510815
2 403 343596961
1 574 72185096
1 1137 456215851
1 351 172512649
1 972 169293890
1 328 57821325
1 61 129634800
1 821 765900286
1 674 311733877
2 31 799082318
2 1297 321128128
1 588 56273590
1 49 17758705
1 738 109960471
2 594 116296360
2 1057 917754967
1 137 416717615
1 195 350832447
1 833 923611806
2 686 170296756
2 448 733026900
1 1354 400134671
2 312 173609974
2 918 196522283
2 267 291000821
2 69 531552537
1 1152 148823426
2 519 148930423
2 894 489091196
1 1243 234153683
1 355 159878872
2 1105 742268560
1 1059 924771104
1 833 930990840
1 105 559486397
2 635 705463272
2 1186 104980918
2 222 233613744
1 540 355543093
2 556 450829670
1 668 198685943
2 25 286099193
1 1186 380436972
2 805 732847099
1 621 530700104
1 1428 201155556
1 388 370808828
2 90 924228670
2 1396 574016249
2 85 878612484
2 596 342789238
2 275 427011458
1 638 397102293
1 206 792721379
2 893 595712400
1 322 139847076
2 1497 63072912
1 751 88817299
1 834 184514125
2 1169 429180792
2 1174 581459550
1 1047 165705613
1 216 903518900
2 1241 889633936
2 1293 559017917
1 1079 271756927
1 645 776502315
1 131 212692849
2 377 125337436
2 15 481319688
1 1320 563998415
1 538 243054889
1 941 72188517
1 1164 972379358
2 655 460610615
2 244 733728449
1 223 893468335
2 89 912000291
1 427 170352336
2 558 558850366
2 447 364058746
2 410 673375386
1 730 692477494
2 827 191286710
1 83 434458819
2 513 979865529
1 623 425358526
1 483 782313678
1 1121 328674804
1 1369 244369109
2 825 14129315
1 97 189277287
2 804 662008364
1 1125 634892370
2 310 177928386
2 128 315940599
1 666 803672567
1 871 445120532
2 1173 834994768
1 1061 705359901
1 1465 673528437
2 1113 924094366
2 812 869475263
1 1108 548359612
1 578 610743652
1 878 955550143
1 665 481388944
1 1020 549345192
1 1069 865367827
1 767 339479721
1 981 606365337
1 1496 340454865
1 366 970853978
2 988 929858
2 948 481378042
1 527 655964751
2 202 163420553
1 52 238159613
1 105 695224302
1 1258 495390414
2 1197 572337725
1 1190 70957167
2 1074 58585463
1 683 918288521
2 775 151785300
2 988 496198274
1 1306 720381274
2 959 460967579
2 1212 334494929
2 1281 894074954
2 133 137333150
1 604 146973797
2 1172 753496686
2 719 456857030
2 997 523413019
2 448 273236763
2 899 154372577
2 1329 733573191
2 406 218579121
2 735 79627359
2 714 287566499
1 693 459073502
2 389 184901985
2 1306 312821929
2 1462 400014230
1 136 392540690
2 406 932932047
2 1167 980659179
1 81 178226906
2 1499 243596536
1 149 655821771
2 871 832947887
1 1381 455453089
1 1015 131655620
2 1091 300330109
2 35 808682782
1 394 130613072
2 739 498087965
1 1224 164594563
1 487 975278258
2 85 226690503
1 651 251953315
2 53 721376276
1 1255 741837472
1 837 917450567
2 702 120423225
1 797 490123636
2 310 330477640
1 1138 678801364
2 477 823982038
1 480 748782580
1 13 160411181
1 887 325729225
1 362 237850357
1 951 192563856
1 1460 182333225
1 258 966040763
2 901 201676241
2 1372 505517495
2 30 352260300
1 321 516531379
2 248 579663633
1 1459 229135772
2 1177 754242507
2 1317 474703204
1 1427 795172938
1 899 331989451
2 393 392676872
1 990 388202747
1 251 969573129
1 1299 983062038
1 664 926176824
2 350 283475765
1 316 43792218
2 906 637166006
1 323 268534936
2 165 30534063
2 298 613741139
1 419 228719853
1 785 663317277
2 386 849530547
2 1325 115757047
2 288 58585895
1 74 825741046
2 867 853540608
1 1456 229679539
1 188 586678984
2 736 25905570
2 589 697810341
2 382 322166953
2 957 565691308
2 1462 867258650
2 1273 451374817
1 830 988066731
1 867 283207374
2 798 692991809
2 728 631648690
2 542 364863070
1 385 258875436
1 645 257780755
1 940 753529049
2 103 708536628
2 1448 517559202
1 591 450606989
2 1292 849801656
1 330 166430369
1 358 777283675
1 871 134094196
2 1242 301243246
1 215 224343394
1 101 385140211
1 293 126323093
1 1038 690679219
1 383 392447332
2 395 697273579
2 330 178437782
1 196 570733195
1 209 332098229
2 796 993743858
1 86 675410009
2 59 424429307
2 1452 278651522
1 656 798138693
1 984 267671579
2 160 63313373
2 920 756564038
2 723 865513101
1 739 119085727
1 722 648435425
1 761 450533689
1 1496 602245531
1 422 136363949
1 469 202630519
1 830 762574599
1 435 636577375
2 185 356304854
1 617 914660702
1 1341 625782013
1 1378 208552073
2 1334 264224183
2 723 470812757
1 729 730619897
2 620 326554043
2 960 894875525
1 924 625345171
2 911 39051222
1 1128 59468250
1 492 765259400
2 822 866443091
2 1345 758683226
1 775 859223185
2 257 52688253
2 1305 608034858
1 50 678515082
2 104 753431338
2 1000 969564673
2 1000 900802089
1 1002 250006547
2 878 479453045
1 1034 253893276
1 1151 29355123
2 1440 28597879
1 150 673464587
2 1192 935911591
1 582 479144575
1 1293 983009239
2 489 261096294
2 651 396600412
2 456 921462862
1 1223 883687442
1 1464 696729903
1 34 548387429
2 579 65324377
2 1175 196387297
2 956 900880281
1 945 595563870
1 649 860961696
1 672 636327786
2 1088 252894520
2 736 474117144
1 1144 523570508
2 1356 810176517
2 769 461832640
2 434 243777990
2 1289 649159543
2 1046 915128511
1 1493 717889208
1 228 498740519
1 1345 887358655
1 296 580900720
2 1185 331338246
1 452 609731603
1 1174 408035299
1 1208 641854635
2 880 629765717
2 145 129261971
1 280 181059451
1 354 131777783
2 853 883758761
1 1382 772109875
1 1380 571903835
1 545 699577198
1 381 958723131
2 320 282352331
2 1489 268631382
2 663 687381080
2 952 246863773
2 464 271497828
2 987 150920133
1 615 159702928
1 271 334501138
1 439 619292663
2 607 487014223
2 1347 705603684
2 306 434114305
1 755 135346596
1 1195 561055774
1 1060 621447124
2 919 576410596
2 1344 588382483
2 1387 68808510
2 444 957420702
1 456 951428012
1 1258 223795686
2 1125 11581033
2 197 751600464
2 698 105048306
2 1470 901199990
2 1458 94840017
1 977 351313958
2 1491 554841295
1 498 573805439
2 1368 607189516
2 765 855966276
2 1433 81607205
2 54 89729440
2 1478 27302131
2 277 64517256
1 257 151959886
2 187 858064005
2 1127 218535679
2 1157 900930194
2 330 769545223
1 298 264107144
1 1200 712102669
1 769 232024680
2 986 642018847
1 664 64253532
2 554 955310297
1 191 202183139
2 180 76410443
1 712 259758984
2 1318 929584138
2 762 380952617
1 490 392993148
1 708 831013933
2 404 978852403
1 1203 751351925
1 1457 293248531
2 1207 859469533
2 1217 41225438
1 429 121539923
2 986 24582779
2 480 484418417
2 196 397763331
2 695 637649954
2 72 916105095
2 1495 530231603
1 467 788429548
2 1052 844495276
2 658 594250592
1 1051 990834807
1 97 904386127
2 360 646454535
1 300 686472786
2 676 45411020
1 396 254282912
1 971 816252199
1 133 841433284
1 312 54079331
2 1034 167707767
2 1412 905041824
1 190 77864641
2 894 753847588
2 862 216020856
1 1265 500351737
2 405 273854397
2 472 604838811
1 1119 192413786
1 245 340522612
2 909 681429383
1 742 708183547
1 360 481571038
1 747 622321270
1 901 347220135
1 1418 983791639
2 1471 306074269
1 56 971861555
2 710 860595926
1 1167 986046139
2 234 748921201
2 605 74040418
1 440 686526854
1 1196 204267266
1 1499 347285188
2 715 772878363
1 662 113976841
1 233 578025974
1 1493 86327942
1 120 915583863
2 767 501245992
1 643 33598647
2 1133 980332432
1 173 389510545
2 1060 169859402
2 739 424580372
2 608 271302002
2 559 138997777
1 273 655587156
1 587 205658775
1 122 59055815
2 734 701255075
2 956 75784335
2 1259 318990255
1 964 983079505
1 1195 390921852
1 953 527618377
2 577 148113345
1 118 368576880
1 76 179193830
1 1005 826835650
1 1054 731879126
2 249 777431810
1 106 180380630
2 374 618442893
2 1149 17752900
1 106 69498342
2 233 369187674
2 209 641322831
1 582 562948382
1 1370 644091935
