1500 750 1500
29 806 43
250 180 31
735 154 986254277
583 752 999335692
642 183 35
159 260 979529493
611 620 71
700 203 998198669
750 1024 197
421 359 167
609 1498 998411594
672 1446 982213528
455 895 989567153
686 479 92
258 1494 206
282 331 233
599 593 999922479
404 131 998931729
311 946 999948510
112 496 996216782
351 402 999912845
40 878 154
488 815 993060096
123 892 995249591
220 224 998293050
593 1029 999994433
101 1361 188
362 711 155
186 1070 999148348
237 910 127
717 1169 999999401
93 678 55
313 900 95
142 1249 991086538
419 1360 992841794
15 619 999707354
736 1158 995585493
697 1014 998987528
396 1307 999957983
241 1240 92
1 990 999877549
158 35 946129499
524 518 62
170 603 258
485 1427 167
314 900 230
677 733 999972927
482 279 953682046
332 875 999716156
124 464 136
724 946 979964763
601 1135 150
715 168 995450702
104 791 999875269
522 531 47
610 1461 204
419 394 207
561 987 208
532 188 996464501
620 1167 997139628
435 645 999925567
132 660 25
323 62 136
734 1333 111
159 794 20
497 166 994575515
305 581 145
245 1176 999979975
30 447 136
55 507 72
160 646 18
550 971 998282971
596 351 997989288
140 753 88
585 1199 64
723 574 993537112
657 1078 6
378 1357 183
111 285 983871954
514 1064 999116290
455 1429 34
459 71 161
325 455 288
358 125 999144190
685 1308 995309875
398 653 83
671 1358 226
332 1409 104
429 524 975031782
576 496 991388263
690 823 999713390
581 111 201
124 1430 998902306
741 1435 997380879
134 873 155
467 1201 997196113
731 1313 80
344 477 259
230 1451 227
346 685 134
510 368 999984116
367 532 231
429 1058 87
732 537 999762636
65 845 146
254 555 125
660 1099 120
521 1062 119
325 1421 999991971
721 1438 19
60 123 997177970
371 862 998995601
235 463 110
24 1372 999476121
11 1003 999934855
154 492 982915538
449 579 196
184 1227 141
514 98 176
611 86 995148749
677 1267 63
185 1500 195
708 1162 984947757
472 503 59
629 1305 51
608 51 997597237
525 454 96
492 182 252
161 544 999573521
30 1413 999863000
478 810 997675732
536 1404 999990494
563 481 994668930
87 703 997974909
546 791 999996307
418 968 37
20 648 191
9 506 132
284 217 999976723
452 633 233
271 990 82
373 40 198
257 1316 152
33 1366 989795427
372 388 19
495 1068 999620905
45 549 999110166
136 1407 203
733 1466 999925258
28 893 989568458
238 182 982942966
167 547 995465394
321 1164 999952107
8 489 55
632 878 261
248 662 997295697
614 88 999796206
194 290 999273513
334 419 183
15 1153 20
651 1405 20
637 33 165
361 1029 63
477 77 221
687 732 15
295 1470 999195200
185 966 984775844
373 1006 995696039
402 1483 263
264 1236 271
405 964 195
345 424 254
132 126 961304157
511 199 995265896
467 235 271
265 1126 999312414
573 1034 996948271
150 1054 80
2 1074 3
92 140 999472125
328 929 252
602 8 274
345 1390 999756930
664 353 999384351
349 472 973027918
219 1257 121
298 845 291
531 396 999570141
680 304 999978104
506 785 223
190 1307 103
143 935 999979413
224 29 91
481 1491 103
636 1482 999846544
686 1445 978050688
105 190 117
260 231 193
506 251 999783808
748 552 194
266 1058 216
321 198 209
272 628 999997916
226 1363 268
668 264 237
430 7 998592074
616 762 999424055
569 454 997730415
451 970 124
235 1429 988498737
100 1054 30
458 763 296
306 965 149
244 728 174
433 1474 998433470
165 1132 231
181 562 277
339 446 992490311
707 37 907623191
36 714 997946146
633 948 190
433 508 242
750 490 979301493
544 1373 190
703 924 996647729
422 713 991971264
586 346 97
646 438 45
592 420 81
707 571 34
29 272 999641655
155 482 243
84 489 49
392 258 912717021
456 200 71
410 646 998552283
17 1327 995789782
189 88 999542804
172 1419 139
641 125 121
471 467 970454912
389 762 997995386
740 414 999988060
59 880 999429979
598 412 67
305 47 991398659
473 206 998130195
370 1495 101
483 275 999996438
520 855 180
53 1331 990609323
130 275 186
290 571 79
720 1037 998375506
363 497 993678246
682 1072 119
568 194 2
77 936 172
670 749 999405749
379 1141 9
711 279 991616796
320 1160 999899671
626 810 94
7 758 999807871
597 1357 999434401
509 273 998336185
277 89 205
411 198 983693445
669 1188 999859842
678 1076 999122584
138 300 990278465
261 1450 998942041
701 1459 944586849
183 643 250
213 949 999076223
125 147 999850670
706 55 159
157 964 103
269 789 999450004
114 137 177
1 24 62
28 1427 291
393 1020 999970122
428 1461 998332045
633 414 982190213
736 192 268
539 403 14
649 620 928713389
99 916 241
689 1089 265
557 672 998769051
499 722 204
302 1389 982521832
196 1290 292
645 549 155
39 1389 166
575 1171 289
376 1293 181
133 1444 999719803
515 296 26
446 1017 147
46 888 999999839
334 1385 999950262
557 1206 73
440 1108 996438091
139 976 64
182 227 138
353 756 999722981
310 23 73
240 869 999997275
674 866 884148481
572 391 980077093
49 545 23
424 1086 998421991
437 148 998172164
71 1310 244
674 1400 285
340 166 37
565 709 994976197
413 573 995976946
653 886 998936851
179 374 996227749
35 754 270
605 16 999399266
119 1227 999863492
286 215 999953473
388 1497 300
46 1422 150
552 952 133
346 151 984895947
554 183 997614665
129 1055 39
34 684 184
440 142 120
491 25 119
252 1194 145
563 1015 224
396 341 210
432 118 105
501 1451 8
591 572 213
456 1166 999810428
229 1046 276
295 504 245
225 284 997353798
380 1411 998876161
745 156 3
469 891 986141131
415 549 999982884
719 380 999003246
688 817 998928075
533 341 19
715 702 44
640 1480 999983076
126 762 996642775
11 37 281
606 692 982758623
667 1487 999279259
394 503 139
699 1269 26
12 1236 996037562
158 569 59
591 38 997676478
203 430 234
188 893 284
697 48 32
556 452 81
505 494 6
17 361 82
535 101 201
222 1060 80
508 1364 998996723
262 120 223
523 875 990847683
654 1274 999783084
329 1362 997299860
668 1230 999862068
187 1222 41
287 32 963033216
471 1001 136
93 144 997046521
187 688 999000010
315 969 986180293
717 203 203
399 881 996677074
198 1479 995564661
116 1303 999999990
12 270 19
661 1162 60
144 1113 219
565 1243 79
215 890 999573637
747 483 999674493
748 18 998381894
272 1162 228
169 795 980036336
745 1122 999412805
466 444 987027163
463 881 999513766
561 453 991322474
461 481 136
341 519 999692389
154 1026 200
24 406 206
242 567 98
237 376 999990971
502 4 201
619 17 83
271 456 995956472
327 1498 258
724 1480 250
147 1269 55
423 560 999940773
692 138 999997458
84 1455 999102915
336 1418 22
160 112 990509272
501 917 999789332
569 988 212
236 804 83
193 1461 998351293
120 1444 976263498
365 1165 51
420 497 192
723 1108 87
326 277 999999932
145 986 230
161 1078 175
574 370 999928818
16 1040 999406435
364 791 986782452
257 782 980811510
552 418 999936753
732 1071 189
548 294 228
618 428 295
542 202 988315262
291 1199 15
460 751 36
573 68 42
679 13 997777709
424 120 30
578 1089 997724833
438 1340 968111386
406 114 999727620
283 417 118
661 628 989822823
278 260 244
303 740 259
201 1202 998215105
425 970 999849290
296 647 278
324 878 993286881
376 759 991429594
637 999 999902480
189 622 255
268 668 994927496
82 829 93
417 1089 82
714 1122 225
7 1292 251
48 568 172
122 808 999890623
388 963 999248244
508 398 15
665 436 202
208 1279 201
534 288 973189996
119 261 163
273 286 271
652 603 118
713 466 957918745
34 150 999012179
503 298 999861465
20 114 999791120
700 737 23
720 71 14
168 131 222
566 822 258
730 337 222
245 210 24
470 947 17
152 1439 999933277
369 1240 244
676 1110 999440297
654 308 80
62 1041 32
462 657 992379300
369 706 999969105
280 1039 155
322 642 999989950
276 7 93
590 219 999592446
473 740 193
673 33 154
303 206 986199013
673 999 998106873
61 1476 41
103 103 217
294 1338 73
140 219 999370112
519 475 907541034
525 1420 998036701
202 1116 51
575 637 992605071
663 1357 39
532 722 163
263 523 150
213 1483 205
368 1463 235
218 771 137
67 1421 998441116
551 1299 70
37 373 7
52 1197 989657375
82 295 999603924
135 1008 989477645
145 452 993785808
710 31 999155386
519 1009 250
743 628 161
692 672 206
101 827 998035014
280 505 983011784
529 1381 981349952
694 301 992533868
643 1311 994988860
342 724 143
556 1418 998506107
363 1031 8
341 1053 45
528 1210 999452093
439 957 948583947
206 283 998766163
706 1021 999963718
602 974 933120722
400 744 950864863
299 208 78
537 609 189
638 761 999911682
313 366 997430070
307 1252 925091093
209 1077 293
162 802 91
407 388 205
39 855 966749843
176 475 999929078
9 1472 975914938
232 640 23
491 991 992404475
122 1342 244
304 736 995486093
375 167 999997893
348 478 47
587 705 89
449 45 999836469
227 1089 980303544
73 76 999895485
666 1444 999805928
365 631 996067834
163 274 999313843
712 411 172
733 500 147
468 264 976283589
625 1071 978588766
309 584 998645326
142 283 299
589 664 999951985
53 365 188
168 1097 999996989
604 1033 995394817
486 1218 993435611
308 833 114
664 887 47
627 797 997140083
317 146 205
415 1083 249
690 1357 240
191 587 248
178 1106 996488530
540 1481 999924343
443 45 70
246 491 998010981
421 1325 999451107
64 405 89
127 854 997168862
99 382 993404725
349 1006 23
512 323 199
738 43 93
138 834 268
423 1094 234
558 889 28
253 176 967078641
743 94 999742186
199 874 991857212
296 113 994051253
318 635 19
134 339 973664582
480 800 41
139 442 991858831
453 1311 14
475 371 158
275 1006 998831442
489 1307 999972444
578 123 278
72 1462 978662181
236 270 918239666
107 768 999967831
208 745 999265629
25 959 999970064
658 41 999683034
180 1410 27
657 544 999988002
21 1275 233
262 1086 999872933
684 98 154
483 809 84
233 548 116
604 67 214
37 1339 999694100
306 431 994992701
639 254 283
77 402 999999890
727 1386 282
507 356 104
285 313 240
555 740 999997772
646 1404 999941024
258 960 974069803
443 1011 999717915
546 1325 107
378 823 999998542
108 301 175
635 772 999956561
615 980 994484283
19 774 999993485
13 648 992893092
372 1354 991722266
326 811 222
172 885 999926765
44 691 999827921
141 561 39
454 580 886595536
366 760 152
156 826 46
621 57 999831919
260 1197 999539806
201 236 61
316 1492 998674251
127 1388 264
492 1148 999901405
721 904 995880486
570 88 151
267 360 984765627
212 454 994815384
749 719 94
292 181 66
90 614 260
375 701 41
579 1373 999327289
211 610 999444993
75 543 999947955
200 694 998744170
594 1008 223
292 1147 998262265
69 560 999966348
58 568 181
385 1466 999956104
418 434 999827399
711 813 196
698 1079 168
335 1263 984409885
255 1472 999371351
282 1297 999497513
541 1155 214
152 473 273
360 604 996545975
581 1077 999945615
315 3 86
465 1327 998965056
66 513 991129974
182 1193 983266936
649 1154 29
239 437 215
647 641 993026034
474 275 999970834
651 871 999739009
254 21 997009842
394 1469 999591282
146 1423 979374320
510 902 160
205 383 66
645 15 950919158
4 1182 140
352 407 999998277
25 1493 173
89 1171 983355361
601 601 999989646
186 104 110
247 309 999602714
716 938 998999427
658 575 18
169 1329 212
683 610 145
698 545 983594272
335 297 219
500 319 994664750
390 1095 113
381 959 13
608 585 72
422 1247 30
164 706 998667537
484 500 998737596
286 749 110
634 908 996026466
129 521 998108272
10 260 50
95 1263 168
551 765 992145555
579 407 223
156 292 932532344
560 1342 999838153
499 188 996840321
543 717 11
737 1393 96
436 236 107
67 455 60
74 1397 999999018
464 1303 995915269
204 1278 999971441
518 1360 253
51 834 60
749 185 976956089
26 721 988118374
133 478 152
287 566 54
128 1322 145
351 936 262
702 1064 999958411
533 1307 999975919
442 575 203
340 1132 993807569
231 1085 999109588
617 1365 995003891
328 395 997407386
693 176 19
624 887 37
116 337 31
233 14 992084897
56 1342 46
4 648 999765628
234 445 985483566
439 1491 126
497 700 186
70 1420 154
434 372 257
311 1480 99
567 855 235
10 1226 999963948
207 657 22
121 336 166
457 168 300
746 696 988876077
356 1019 144
647 1175 99
705 972 109
193 495 86
354 1226 79
195 987 999903505
722 955 163
366 226 972531678
555 1274 159
448 949 999858539
155 1448 999686235
542 736 97
648 981 172
288 699 30
339 980 233
22 150 995625795
524 1484 999997829
359 1042 999008816
81 167 982396842
23 1029 98
171 148 999998824
96 511 999996092
224 995 999988532
149 1204 999999964
285 1279 881548682
667 521 187
214 974 998997266
693 1142 998755196
176 1009 172
330 1135 999661071
584 1161 286
729 361 238
192 843 129
679 547 231
683 76 996363690
437 682 295
200 1228 261
596 885 276
397 872 55
431 246 997532733
85 985 209
183 109 995717006
487 887 998146714
526 581 999850006
270 149 996532802
126 1296 222
644 482 208
117 618 273
301 961 996975548
618 1394 999924673
128 788 999998997
588 1414 996307643
112 1030 183
61 942 999912368
78 1451 998365626
65 311 910661865
115 1435 210
226 829 999370161
47 952 999040699
479 1216 999989188
447 1411 995930089
541 621 984630947
607 723 16
479 250 118
644 1448 993047131
106 467 994096635
33 400 258
382 61 999802652
643 345 193
347 1325 104
713 1000 176
86 1072 224
350 352 999802768
634 1442 47
179 908 252
516 825 202
31 898 202
496 783 959479722
194 824 154
103 1069 999481644
359 76 203
659 844 166
174 327 46
406 648 78
653 1420 191
91 1367 995893009
466 978 121
333 944 991495815
197 1331 123
662 671 999966327
746 1230 169
217 1071 999993137
357 205 999471276
171 682 281
496 1317 244
621 591 151
350 886 118
528 244 127
534 822 104
357 739 136
701 493 181
530 1165 145
559 427 31
81 701 169
531 930 180
149 238 92
210 1 998076444
381 425 977513487
613 866 999454717
620 201 57
170 69 999931772
659 310 999319786
76 427 997702170
279 407 84
597 391 183
395 822 989994812
539 1369 993162194
459 1037 998108015
612 225 999527357
671 824 999292338
56 808 999997429
630 632 207
153 348 239
428 495 33
461 1447 992846247
699 735 999377556
166 934 163
92 674 78
98 413 999998081
120 478 217
250 1146 999579004
97 540 254
630 98 999999275
323 1028 999966644
293 1369 999920057
570 1054 999973257
239 1403 999320395
249 1075 999672673
43 518 145
742 442 228
709 851 90
21 741 999537709
477 1043 996005765
42 795 995525512
474 809 209
343 1151 992482732
264 702 920227588
147 735 998780956
356 485 999997159
362 177 993311786
104 1325 217
680 838 19
744 286 64
400 1278 77
164 1240 276
498 557 999757324
571 1305 978632474
329 396 237
74 431 59
102 64 38
426 159 997474054
108 1267 999781709
523 1409 227
251 1423 253
177 12 995687619
118 514 214
516 291 999997656
151 1101 208
75 1077 181
689 555 999997706
566 288 999586966
740 948 193
703 1458 133
338 1036 992958546
725 944 4
76 961 262
68 243 111
131 13 86
603 853 996175089
217 105 86
517 150 278
141 27 999228559
507 1322 998903413
115 901 992943706
656 1495 237
204 312 258
322 1176 171
18 1349 999924331
626 276 998130887
536 438 282
232 106 982869535
316 526 294
243 501 999361352
211 1144 18
441 939 83
196 756 999628998
66 1047 269
8 1455 999753465
36 1248 187
503 832 22
691 583 8
592 1386 999641469
167 1081 238
69 1094 159
177 546 22
407 1354 972485816
584 627 999803247
137 1090 199
71 776 999117754
577 698 999747657
205 1349 999672841
600 1288 166
121 1302 920077220
60 657 281
527 1373 238
230 917 999390781
397 338 998385339
342 190 984321548
220 758 26
117 84 999432819
281 1214 300
324 1412 235
291 665 999993029
392 792 98
382 595 135
728 1070 187
105 1156 999877614
44 1225 174
146 457 259
228 536 999037553
476 1203 999996333
678 110 80
458 229 988159152
558 355 979118531
554 717 181
729 1327 871923000
588 448 85
550 5 198
157 430 999980588
268 1202 238
403 62 999571155
191 53 999737863
131 979 972361556
629 771 999986492
238 716 1
730 1303 999963724
51 300 999650083
216 493 181
195 21 101
63 516 997418478
660 565 999949464
148 969 199
91 401 284
215 1424 136
682 538 999880188
595 210 999992170
548 1260 999829561
665 1402 999912871
619 983 999994431
568 1160 999772724
655 868 90
432 1084 991772525
574 904 25
494 157 64
210 535 274
624 353 989968931
83 601 959597973
576 1030 189
41 764 996356635
377 1479 120
540 515 136
174 1293 999915099
6 1005 999372709
299 1174 999254820
361 495 999959546
571 339 101
426 693 183
251 889 999999071
452 99 999823332
267 894 278
399 1415 36
445 1333 993089241
675 1256 41
409 1496 176
688 1351 185
564 400 44
35 220 990302164
43 1484 999848427
605 550 96
522 1497 976467661
38 279 104
319 589 993501718
476 237 112
694 835 22
289 1080 84
123 1426 92
395 1356 173
136 873 988636222
586 1312 988115851
180 876 999608868
650 908 999979228
57 255 998598929
62 507 999829763
462 1191 51
216 1459 985518706
414 832 994559036
485 893 999998922
434 1338 999866577
567 321 994147684
468 798 112
705 438 994848285
513 250 142
206 817 153
669 222 172
31 364 999611813
500 853 183
300 1374 251
493 1018 972842381
212 988 70
435 1179 268
431 780 242
173 1221 277
294 804 992846195
390 561 995641953
23 495 995504984
408 948 999998493
14 574 996736611
384 1012 245
278 1226 952396622
631 1452 74
118 1480 998603403
27 1307 214
151 567 998813835
490 1319 998911592
175 909 999978066
695 1346 16
249 109 40
202 582 999744200
386 1492 7
628 457 999013241
109 187 989848119
307 286 290
537 75 933208228
436 1202 999394534
549 562 85
595 744 300
331 340 992560594
544 839 940354865
293 403 274
502 970 999653934
487 1421 280
538 484 997754954
681 287 999950484
482 813 112
106 1001 9
331 874 51
270 683 94
469 1425 183
562 820 994787719
266 524 999508162
32 416 999884907
6 39 275
420 1463 961330092
636 516 269
639 1220 999679852
594 474 928102290
143 1469 89
297 944 139
125 681 37
451 436 999955288
511 733 84
178 140 181
408 1482 4
623 415 987032126
454 1114 204
348 1444 985636620
716 1472 245
441 405 999966766
95 729 996086558
518 826 999668057
453 777 991662047
564 1366 999642662
609 532 102
94 377 999717480
52 231 93
666 478 205
610 927 969633089
464 337 300
68 1209 998446357
297 410 999472095
247 843 106
504 756 121
742 1408 989300155
79 1433 57
520 321 999284677
606 1226 160
353 1290 15
379 607 998114189
480 266 999747927
261 484 251
110 919 48
553 770 999881414
427 397 289
289 546 999982558
744 1252 999940383
13 1182 185
622 672 991749609
670 1283 133
582 4 67
572 925 198
405 430 999830794
370 961 996851957
80 192 266
549 28 997891477
364 1325 19
416 699 129
615 14 259
559 1393 998023042
696 1317 53
72 496 276
344 1443 995900293
310 989 998970657
685 342 237
246 1025 107
684 1064 999373944
49 11 982484012
355 857 281
327 964 998185490
192 309 982182692
113 1434 999169127
590 753 79
628 991 100
371 1396 157
190 773 978414758
738 1009 999050840
54 1215 286
199 1408 4
276 973 980228085
197 797 997580467
622 1206 50
662 1205 272
317 1112 999499482
387 649 195
166 400 999828225
314 366 998443160
87 1237 253
598 1378 999334638
354 692 995098766
78 485 143
387 115 982419533
5 800 261
90 80 997545846
360 1138 59
312 788 39
2 540 999994652
367 1498 999922216
545 618 999283508
681 821 196
274 518 999931151
725 410 996955803
163 808 72
42 1329 30
252 660 999917121
493 52 285
446 483 999835680
279 1373 999747973
337 251 996361956
89 205 279
728 536 994726477
438 374 258
580 815 999871088
304 1270 93
26 1255 216
45 1083 230
109 721 242
150 520 999770491
54 681 999122399
312 254 999904293
162 268 999986823
175 1443 64
623 949 254
718 804 214
227 123 250
59 1414 115
712 1377 999977263
691 49 999191847
14 1108 142
198 513 36
457 1134 999844570
734 799 997066086
283 1383 994507239
256 631 999709850
465 361 38
398 119 998668655
585 665 994574344
188 359 995997876
726 22 980163116
708 196 95
110 385 999334596
515 1262 999999202
416 165 974491087
47 1486 143
672 480 191
88 483 996603126
383 1464 56
409 962 998514404
560 376 116
587 171 999103981
240 1403 84
513 1216 998270506
547 846 197
355 323 999682572
242 33 997644183
719 914 6
444 713 114
627 1331 84
253 710 135
509 807 89
538 1018 3
704 862 999819005
219 723 999960684
412 1191 966016227
722 421 999710187
741 469 266
545 1152 98
470 413 998754356
111 819 85
617 399 209
404 665 259
114 1103 982661542
484 1034 28
383 930 990503805
223 1334 977131977
22 684 255
710 565 172
85 451 999244351
380 445 98
32 950 122
535 1067 966964609
401 1114 999979114
599 1127 111
234 979 275
3 860 944105716
676 144 136
529 415 102
613 1400 193
481 957 999988605
38 1245 959817113
241 706 999341614
488 1349 168
244 194 987320202
225 818 232
358 659 76
228 1070 283
512 1289 991157813
55 1473 997608403
425 4 171
144 579 999721123
583 1286 118
337 785 45
19 1308 110
135 42 196
347 791 999927670
475 1337 981720306
702 98 171
727 852 998859963
641 1091 999845809
642 1149 989934473
687 198 997067983
207 123 994367488
377 945 999588357
3 1394 122
209 543 999940576
298 311 996084360
527 839 997804680
675 722 999994104
391 624 999979766
448 1483 158
284 751 74
218 237 999521774
259 39 985693823
302 423 239
655 334 996591480
165 598 999459028
374 694 990460329
445 367 82
737 859 990723971
48 34 999995337
148 435 985451601
107 1302 35
384 478 999465713
181 28 999799083
614 622 296
214 8 71
427 1363 992305107
391 1158 8
301 1495 112
88 1017 130
489 341 66
413 1107 84
656 961 999031015
417 555 964096128
273 1252 999070452
526 1115 126
504 222 999885095
460 217 993525436
463 1415 56
248 1196 227
265 160 130
612 759 136
269 1323 298
450 1326 251
450 792 998884267
275 40 288
288 165 999190740
83 1135 194
709 317 998773198
648 447 997830170
582 970 999955331
402 949 990541425
696 783 999986368
308 299 997684884
442 41 996210240
223 368 145
277 1055 999464365
320 194 209
543 183 999972809
153 1314 995492240
173 687 941580092
472 1469 989436553
50 1292 999680339
444 179 995955821
735 688 63
486 252 155
41 1298 118
580 1349 294
97 6 999994950
410 1180 173
243 1035 19
27 773 998397243
318 101 975864299
650 1442 182
18 383 73
222 526 999363540
607 189 998936040
600 754 986448370
478 1344 172
255 506 86
203 1396 999945513
16 74 64
96 1045 169
221 489 25
593 63 118
5 266 994778642
714 588 999993230
338 70 111
50 326 126
747 1017 279
57 789 253
718 270 996622873
447 445 35
374 1228 266
652 69 947612552
229 512 999688517
704 1396 56
94 911 98
64 1371 992347021
414 1366 193
635 1306 250
739 786 109
352 941 179
498 1091 1
319 1123 60
281 680 977107258
495 102 109
386 958 973744551
726 556 150
625 105 162
530 631 999929041
130 1241 999780978
632 344 999898349
393 54 143
603 1387 155
263 1489 998676817
616 1296 241
80 1158 999641269
547 312 997431242
663 823 998323211
401 148 168
113 468 300
553 1304 193
631 918 999861115
343 185 60
517 1116 999469762
330 169 143
102 1030 999736453
389 1296 246
184 693 975243118
411 732 189
490 353 217
695 812 994915825
79 899 999634623
739 252 808484423
731 779 997407005
100 520 942309193
231 119 230
589 1198 185
40 344 999332022
70 886 954070853
638 1295 111
256 1165 175
494 1123 971881241
63 1050 127
137 556 971349676
562 1354 25
274 1052 94
259 573 157
333 1478 281
221 1455 978593596
98 947 111
403 596 204
300 840 999972839
58 34 999993690
577 1232 32
385 500 216
640 514 67
521 528 991528599
336 884 999422046
430 541 194
505 1460 993120525
368 929 994064513
309 1118 276
86 538 996453409
73 610 197
290 37 997654212
412 225 247
