1500 4 1497
1 454 489715965
1 773 461092239
1 880 982815770
4 417 366960051
3 143 767396295
4 274 740158900
3 1150 270022839
1 1495 747461947
4 97 670536673
4 189 557724841
4 1388 660642135
1 505 253676189
1 29 198538833
3 433 93629510
3 159 593292144
1 580 88324536
3 687 957931011
4 286 135320300
2 1424 116855849
1 843 196278502
1 374 128078426
3 1127 654817329
1 386 200633067
2 682 945680634
1 620 422341365
4 727 49298472
1 1471 220593037
3 165 81480000
2 544 546456579
4 1000 217956426
3 909 525584553
2 1253 739140053
1 19 693612648
1 429 510828735
4 1491 665516934
3 77 251719727
4 857 192368706
1 321 624567512
3 1006 424848606
1 832 891051600
2 721 311826642
4 81 902517707
3 1202 405892559
3 422 693983146
3 208 169264344
4 1276 642200500
4 1052 704044590
3 922 698924160
1 226 649159219
3 190 277584547
1 185 276109690
2 273 852790707
3 29 117349472
4 1322 357692351
4 1085 112837487
1 898 511762626
4 707 921831366
4 607 66470285
3 1436 65574110
1 191 848138969
1 1495 770957044
2 1398 590561419
1 965 443519067
2 1474 475092322
3 427 28605902
2 708 815486114
2 765 879017983
3 185 283146612
4 716 622336935
2 756 120292261
3 966 380650291
3 318 85688485
4 411 781171294
4 726 84181347
2 71 122807638
2 749 563006388
1 368 829858330
2 190 387025973
1 1316 204346261
4 1129 967222382
2 101 953715578
1 1307 330046674
2 516 316926349
3 613 677909102
1 1063 170470525
3 56 581543441
1 620 452471101
1 100 492898354
2 1206 386066494
4 57 878197360
4 834 906711940
3 174 802737866
2 835 63757943
2 535 526205250
4 1085 729442358
4 1412 95571120
2 624 749370444
1 1340 695258558
2 1485 331360121
4 1278 648725674
3 1382 3381726
3 918 980779839
2 320 280119812
4 1434 743227163
1 1475 126754873
2 1191 306075426
1 1309 883110652
4 1454 880574732
2 985 576263315
2 148 838556566
3 224 656478336
2 57 533362875
4 1061 417198452
4 1411 833135235
1 1078 45232425
2 660 930348178
3 788 538815839
4 1497 567056864
1 1439 286851395
2 973 457375731
3 191 83295996
1 1228 772659249
1 789 614708467
2 1279 880034087
2 107 677380676
1 685 992563524
3 126 575429144
3 690 65816420
1 898 956181382
4 997 194035238
2 1349 456316585
4 632 19598419
2 598 71332353
2 793 416237804
1 1153 122885287
3 1029 361950654
4 1208 250668394
1 822 439015155
4 707 953846109
2 1317 952963628
3 523 280597181
4 432 601332019
3 74 359304287
4 644 368403535
1 1492 235890094
1 73 628663589
3 853 679311520
3 1365 697853925
2 319 723858932
4 1141 486100843
2 376 365966344
1 1304 380561246
1 1025 179730172
2 483 343220165
1 534 501507038
3 1320 556608071
3 127 859632789
4 721 319139683
1 1471 948309119
2 701 153589707
4 2 369636445
2 947 168540168
2 464 425647488
1 836 594279202
1 159 20416244
3 617 457612068
1 145 561298245
4 746 85537756
3 1260 607040995
4 215 388640341
2 41 852131196
3 1194 157658646
3 143 442627606
4 1016 873398417
4 1324 143350728
1 1114 522194654
1 790 89515142
3 1203 555434217
1 631 459044694
2 593 153786143
4 212 257793450
4 1190 66424169
2 1084 587226594
4 1392 852288428
1 967 242173820
1 673 915493821
2 697 297719391
4 182 171149813
1 1180 10559376
4 493 158421261
3 868 677874848
1 466 721843651
3 494 381467515
1 849 897596893
3 891 917314107
2 1363 94654335
3 598 61593176
4 948 136836807
3 895 937550358
3 243 140253058
3 937 748008158
2 1304 790072608
3 769 211982085
3 1265 995292159
2 384 156217474
1 67 119376506
3 363 183919949
1 169 587744713
4 235 694952175
4 733 213674710
2 1253 443138286
3 284 482840612
1 563 815685323
1 1095 488422352
2 45 882818916
4 439 767294738
3 791 7021549
4 1206 867555837
4 1245 105984452
1 914 479467739
2 1463 101149422
3 158 201089801
2 120 327292602
3 1055 250313496
3 798 300470558
4 1256 271478076
1 876 376329001
2 1271 22874549
1 257 990512327
4 1049 895206831
2 552 427018396
4 1394 155269138
1 651 882173886
4 856 703445614
4 1482 754922
4 613 172229384
2 1186 288493062
1 808 129332017
1 814 804478639
3 365 216227821
2 1363 886743907
4 741 215029851
4 285 499893252
3 1390 762667318
3 447 114792524
2 310 189101300
1 704 562172981
2 413 645454113
2 1030 120647439
3 723 128029837
1 429 890935471
1 295 946656816
4 872 986639183
3 840 502517740
2 704 499582021
2 352 226579702
4 93 187595130
1 784 943807070
3 767 125842649
2 552 383186141
1 1278 775464584
1 261 946337965
4 434 8155692
2 873 705606442
4 777 105640296
3 583 23164181
4 1137 36082198
2 465 663685316
1 810 778174254
4 427 823150921
2 696 728855382
4 618 658965089
4 863 557939833
1 445 617989273
4 989 109033072
3 431 739088258
2 240 67551605
3 737 109726527
3 238 890015130
3 926 35764491
3 1337 92792260
1 1027 251375337
1 1073 836924021
1 655 488281223
4 449 986464618
3 578 99149431
2 601 489576900
4 800 998348235
4 1288 924377768
3 1453 592149798
4 295 605197262
3 1357 762827026
1 101 463936922
4 1125 56815760
4 427 911212349
4 893 131732474
3 1405 434327089
3 80 415632459
4 670 173325343
1 765 462871045
3 757 998899000
3 889 898194262
2 444 803301455
4 590 907164316
4 532 682480668
2 11 1215095
2 1327 219543700
4 86 507152942
4 556 102890056
1 1119 275802333
1 350 584297823
4 1178 795989047
4 409 212912275
4 1126 961865636
3 50 441170815
4 985 640725798
1 1058 211542078
2 643 498163870
1 792 22886598
1 872 194095900
1 1480 350560940
4 705 467955518
1 1465 345832762
1 1359 114291625
2 1137 89425669
3 660 102691950
1 614 850106697
2 1409 448581656
3 1363 367227560
2 921 146194727
1 1087 341696118
4 1028 251723757
4 556 926149055
1 1469 85398455
3 1146 325726632
2 1114 78634427
3 1016 692166934
4 477 794716786
3 1117 81810144
3 927 337653534
3 748 746411999
1 497 22289012
1 1022 270469528
3 401 329940634
1 1323 264866680
1 705 460632823
4 772 835984751
1 13 468456073
3 570 976504758
1 1267 87510909
3 504 166028623
4 709 276233928
3 963 817026501
3 688 59464403
3 1299 603667262
4 221 933994553
1 1106 879025165
1 1487 244576951
4 221 69917469
1 1320 862679160
3 1481 562572267
1 1463 889084788
3 1234 17876315
2 1010 243732210
3 1211 658538352
2 1104 662674135
2 1377 848856051
2 73 861717123
2 333 184433820
1 1213 990767366
3 28 383031232
2 92 376418259
1 1164 877674782
2 1156 568065944
1 905 774095021
1 253 880879462
1 142 309869502
1 88 838066675
1 970 272268698
3 1126 980743141
4 68 588921564
4 433 714546114
2 1274 220043743
4 963 679837534
1 343 458296354
4 1123 740302336
1 224 2184093
4 79 755957963
3 414 494507466
4 702 883249128
4 603 730676634
3 134 189249868
4 1226 273422157
4 432 109832733
1 1254 724314883
4 1275 699493064
2 33 740410839
2 1100 261090386
1 615 209279934
3 1421 435224086
4 86 415917573
3 1482 737173036
1 830 249766602
2 541 639563970
3 1407 97250080
3 403 592140765
3 1354 67408578
3 93 512379589
2 980 186282828
1 1228 374235141
4 1220 750301873
1 1379 247864846
4 931 847987598
4 138 633734472
3 189 358287631
2 586 225101153
2 434 248111456
4 1226 510628884
4 1124 633887974
4 128 435938651
2 917 370261459
2 833 14165110
3 1470 278374378
4 852 151280450
3 1235 592509364
4 1071 249963582
2 177 132594036
3 147 785389729
4 680 891962475
1 1170 93635916
4 236 239895655
2 257 170965759
3 141 22542841
1 108 580302750
3 418 225589187
2 893 153492824
4 785 404645213
2 136 754394015
4 1349 650766488
1 546 604779606
3 582 131918092
3 276 68352493
1 1444 439866192
1 155 190322423
4 189 787344450
2 1385 148499685
1 97 49264248
2 627 727122178
4 735 237531841
4 1175 185384333
4 538 687926897
4 994 393156273
3 803 957655436
3 551 312173579
1 358 464593903
2 383 437981863
1 359 482686277
1 448 424198978
2 185 760627565
1 797 403829519
1 489 339642542
3 66 393244379
2 961 109529913
1 1491 895410728
2 1067 457004720
4 810 510739145
2 1288 934889837
4 500 20895873
1 369 270196656
2 93 850032205
4 735 364585092
2 464 295724395
3 512 41425270
1 333 185944521
3 1078 718339859
1 926 91498619
4 363 551036520
3 1057 98854061
1 556 903384661
3 1475 105545062
4 540 970567927
2 840 991553585
1 662 2602528
4 914 596126131
4 1293 860215355
2 980 564645014
4 1053 659706286
1 5 195647790
4 1467 608885636
3 586 528694797
1 644 904923129
2 643 477887595
1 1058 120859312
3 108 879830690
1 1434 376454791
4 817 95622247
4 662 213429019
2 92 225865044
3 1018 963638470
4 92 193809425
1 1175 685440337
1 211 389857787
4 1210 387623622
1 323 300575909
2 1187 949481820
2 307 764654643
4 1312 880389692
4 1446 271657407
1 862 76078026
1 132 529066818
3 1442 894954898
1 1491 315392358
4 1316 793477672
1 783 274861988
3 472 187233248
3 272 117512152
2 881 606935300
1 1031 763155973
1 52 239158359
1 80 507325267
2 811 585760331
2 737 716236160
4 1455 108996805
2 462 259292115
2 1287 760191213
4 961 751719679
2 1425 672128364
1 1270 815584091
2 125 138279586
3 1424 511455229
4 877 359597676
4 1181 554436628
2 987 875924770
4 837 254845251
3 901 972733698
2 765 217618244
4 677 512742384
1 554 38739565
1 15 705941791
4 276 867158487
3 842 843095912
1 791 857545935
1 962 196887599
3 688 41218448
2 670 581855292
2 877 416789167
3 288 13728789
4 1130 851291627
1 1253 914655580
2 1393 682689387
1 962 593679092
2 1048 392828021
1 1269 92102022
2 1473 353274197
1 311 842661931
1 546 935713629
3 210 778541646
1 604 526548269
4 704 920873373
4 58 789804262
4 89 773662973
4 334 882748957
4 727 753027115
4 639 348597823
4 1195 614410204
4 765 745014642
2 1274 363562766
2 695 90675991
4 1402 800162478
4 1207 112836338
4 520 982735620
3 1229 432878867
2 137 800880424
2 101 574089168
4 1204 776565921
3 111 739809143
3 833 668008209
2 898 85838614
4 1391 359682141
1 1195 419920092
1 1031 987138831
3 1246 234147405
4 1386 247223926
2 1471 446738222
4 1371 118591348
2 739 237405080
1 1131 288854125
4 1071 808304161
2 1013 307564215
4 722 20642727
2 1351 396288206
4 1130 423744319
4 999 880374660
1 1295 489204232
3 692 292170821
1 949 132854388
4 1334 911310559
4 659 523449504
2 729 874742589
3 356 431059675
4 104 507671224
3 899 559938002
4 377 875523658
2 741 254448235
3 987 704360690
1 1108 989058085
1 1433 931130889
1 368 498529555
2 1435 506570734
1 1009 744801724
3 1283 247796778
4 130 918358350
4 1340 350921783
1 1188 716086822
3 1412 543283163
2 540 677132142
1 850 426430519
2 1236 233178760
4 457 766884720
1 950 263780266
4 1200 433057937
2 1278 978661281
2 869 956439017
2 1046 682597688
3 220 457200041
3 1430 292243857
4 452 981607993
1 71 510246342
2 45 811327830
3 167 767524830
4 1416 895433223
3 778 434754807
2 340 872880904
4 509 340061838
1 974 923066657
2 955 33343660
3 835 420248345
3 1317 836184296
1 519 423590352
3 241 444479352
3 1098 641061400
1 1286 495367258
3 26 103950998
3 156 807949643
2 464 17717974
2 22 879328348
1 1390 243088420
3 108 29357952
3 134 386336147
4 941 215074029
3 1445 639093082
2 1170 565495021
1 449 852619401
1 389 216406553
1 985 716117027
4 1249 694487941
2 63 13883315
1 1244 10159176
2 1350 10219823
3 235 830680167
1 1045 520028363
3 800 291308056
4 1139 875887146
1 16 352536945
4 724 926203303
4 1428 558129338
2 1046 921549468
1 550 506795767
2 1427 573286212
4 534 520832584
3 1485 10866447
4 1309 615678860
2 810 449013693
2 250 220768784
2 1050 310841967
3 1426 32053369
3 1087 857575342
1 577 503966663
2 684 883332244
1 284 462459954
4 968 960732795
2 988 764620667
3 1122 159932393
3 173 242832487
1 1450 37119168
1 365 733766400
4 746 895348536
1 934 569838027
3 708 639659243
1 1422 849730034
4 328 417446750
1 400 787153705
4 1038 862390686
2 635 732508706
3 250 11966829
4 259 459774894
2 946 745129294
3 757 574494468
2 865 957005689
4 781 964881740
1 906 206176472
1 1145 635421454
1 927 402407177
1 1491 348332625
3 449 671618401
3 1179 722136778
3 1416 821096264
2 879 828205513
3 496 457960159
2 271 481623449
2 847 677948519
1 1194 808807002
2 1438 45109345
1 813 489599377
2 730 969276793
1 1193 944694050
4 493 638345637
2 1348 257494366
3 1004 806516512
2 1293 590009190
1 1465 977602592
3 865 767032760
2 1136 426440741
3 346 104346995
2 1114 698955713
3 323 655361902
2 323 87596185
2 1118 621432616
3 376 600842080
2 113 572504734
4 511 336306092
3 1386 842893384
4 527 20168364
3 606 458937370
2 429 181877596
1 970 127346926
1 1166 448364228
3 848 608780036
3 708 173169119
4 275 670396806
2 748 882518187
3 681 882714564
2 1210 757666117
1 1432 114713078
1 601 349829297
1 23 354218139
2 940 49068964
1 996 117158302
4 1430 161284758
3 348 229392101
4 108 865958252
2 936 747890867
1 141 701622329
3 196 192078238
2 592 655282536
3 473 272975117
1 72 36412010
1 1459 360433616
3 413 915858577
4 822 680709891
2 236 896325900
1 732 871933414
2 1165 82857633
1 206 697688476
3 1420 478653203
2 1333 290883000
2 1119 34619522
2 780 480479192
4 808 25068113
4 1477 285927229
4 430 141853615
2 18 51483467
3 1052 272466963
1 314 440701550
1 1302 224022460
3 1165 486451573
4 996 159254499
3 833 745931194
4 667 482267304
2 1177 434700899
4 333 438662121
2 219 489011297
4 1479 54615064
4 686 648686801
1 204 533578263
2 468 595581660
3 496 676461947
3 433 682524729
2 1432 995845470
3 339 186384763
3 541 320152851
4 821 683256981
3 270 179871433
2 443 835860878
2 1445 156467272
2 277 149343374
2 1422 802109531
1 314 373853545
3 75 945708313
4 1359 948840169
3 1405 891062776
3 140 703586795
3 789 84301666
3 671 238286121
1 261 641271512
2 330 881778243
1 51 161333230
1 1453 205083009
1 720 259799727
3 470 840845240
4 274 721016171
3 71 460931575
4 152 301910715
1 665 441508624
1 1361 520115293
1 335 213381551
4 498 863213618
3 522 340742285
4 496 982459438
4 283 892415724
3 858 646118798
1 25 753869098
4 674 215521440
3 920 741776871
4 619 893895805
4 1233 720030478
4 1089 111191054
1 1120 215134870
3 334 447708662
4 1338 519715225
2 768 510394256
2 955 108730950
3 563 608793248
3 1279 839448866
2 944 575432275
4 67 655577831
1 1324 563713734
1 767 101730475
3 170 474422173
4 466 606462398
1 371 580807833
2 69 954727645
4 205 710476305
2 1330 8949258
2 676 62702857
1 893 581841990
3 141 311265848
1 170 832616349
2 920 314183334
3 1256 437701918
2 1029 264395474
4 1340 56604168
2 592 531626440
4 674 588409828
4 20 98088200
3 271 159817348
1 879 527181223
4 762 896059579
3 734 516118309
3 1019 911088657
3 496 781922499
2 617 544240972
1 1340 159800606
2 1305 774314553
1 981 2562710
3 467 155870196
4 307 161509614
1 1250 103972409
2 622 834144220
1 76 772531980
4 823 1255041
4 1106 638504043
1 892 534484445
4 167 846227081
1 1248 100429675
2 547 598240422
4 247 352627484
4 980 984733681
4 899 441037524
4 1290 860379103
4 862 182883105
4 848 750155270
1 1350 633965478
2 558 627292500
1 76 507366152
1 1165 592931052
1 1460 249279597
4 1376 974174140
3 454 484541442
1 917 835905444
3 721 972274123
2 623 338966532
4 1173 192249876
4 1294 714842332
2 1313 168842662
3 1200 760713791
3 1410 336576434
4 1239 39763347
3 717 965731882
4 779 71405274
4 1310 59377006
4 84 817050334
3 1380 719176331
1 1404 666779318
3 101 330451598
2 1354 218384583
2 664 370126381
1 606 560087480
3 1160 366678780
4 932 178215222
2 1031 248707772
4 833 267222024
4 1173 639668194
2 499 665541603
1 855 242224079
4 689 760356030
1 821 137607730
1 1386 106456566
2 1467 681170604
2 1302 136985846
3 1202 987460057
1 252 305341771
3 610 969763337
3 417 987796760
4 620 964103880
4 150 146938616
1 69 966482787
2 76 83295809
3 754 502193546
4 501 212322380
1 673 127080388
3 243 298677598
4 1073 704838698
4 1196 847343241
4 1251 199814333
4 261 274869291
3 333 154328863
2 142 25950918
3 282 976635315
2 676 856059097
1 750 910873690
3 1377 961981937
1 986 164055655
1 1123 768225425
1 744 264146875
1 1392 74276138
1 441 885510539
2 615 84103899
4 1026 786842763
3 503 965584135
3 117 885135569
2 1458 268283832
3 33 198160577
4 1319 10146668
1 702 908190916
3 265 714431710
1 87 170612447
3 704 26014165
2 893 426479602
4 893 680360500
2 909 609352828
3 379 557529978
4 1110 830809614
2 1249 183234265
2 925 487853793
2 875 86664302
2 696 923333894
3 1378 869971852
1 277 462220059
2 975 312861023
1 342 250892480
2 546 380575315
1 612 456691521
1 1447 850480042
4 724 42077650
4 205 396005428
1 945 638655975
4 100 563418677
1 500 175219053
2 932 597873525
3 305 98349493
2 373 73043101
2 1236 963060877
3 428 317310046
4 623 619002937
2 54 55782309
4 837 174740169
1 476 529524062
1 1483 820672675
2 966 269494380
1 1152 943296548
4 1085 562979374
2 752 234309159
3 1488 645057071
1 1449 186064643
3 732 598726803
1 274 921933828
2 55 411520106
2 1184 441250666
1 10 215675790
2 77 583400258
2 471 180630349
4 1442 2698349
4 322 26218192
2 244 610289571
2 858 733268025
2 450 516214075
2 110 376057729
3 272 232949263
3 326 916290117
4 589 788568577
3 656 312499402
3 994 622716566
4 1194 785858639
2 968 865782191
3 875 155383548
3 1276 745064481
1 718 113239566
1 361 956487769
3 1306 296047577
4 128 921697518
3 331 549562821
2 218 431973505
2 771 174336031
1 29 865127272
2 1357 68705449
1 1199 574942280
2 332 931854154
1 454 281990146
4 30 434395207
2 1381 508844504
4 51 114887311
1 1207 26607429
2 522 120052543
1 783 174460925
1 147 487671985
4 150 663246779
2 974 61190331
2 1497 632532865
2 1454 166412908
4 1153 774837203
4 1493 549150091
4 393 10334234
2 1473 541272760
3 603 953748834
2 1002 332870183
1 404 430537370
4 1291 243818541
1 182 799051325
2 712 117182454
1 181 166452769
3 1041 55523691
4 173 380992328
3 614 180211713
1 839 445575100
1 296 105998770
1 1417 472445651
2 213 65350303
4 1106 75022710
4 1219 194259133
1 1358 160057832
4 529 285221666
4 350 60579322
3 1253 688121448
2 560 83109788
2 352 51936665
4 105 664277515
1 514 300949237
3 936 444757212
4 779 668179161
4 593 2543601
2 1040 352489946
3 1197 985181699
4 172 277498260
3 1201 846112280
3 759 278838585
4 1073 49779542
4 1326 81605178
4 1412 867178031
1 1083 34998749
2 1079 653272632
2 1152 902155787
4 454 847973657
1 1388 869804182
2 459 742842516
2 835 812046938
1 781 781414813
1 1107 780116637
1 767 239260198
2 591 322882826
3 1282 293690110
4 722 625538704
1 600 487210807
4 337 975105838
3 606 914656531
4 914 543574494
3 1138 96074934
3 439 636302946
2 138 788664977
1 1218 368658473
3 1415 489065908
3 1070 683472379
2 882 413819657
3 1134 103620398
4 369 531763832
2 154 230249619
4 666 776010419
3 690 178432577
3 306 215177275
3 1229 112317102
2 131 113213502
3 1000 269311583
2 1277 715386078
4 994 168061014
1 170 266102067
4 1235 520408606
4 622 997202870
3 1047 69964032
4 774 427709323
3 1359 777193041
4 568 251212775
1 1224 186553989
1 1456 501111636
2 294 109836838
2 1340 388926767
2 1372 113665936
1 474 174647343
2 1124 645166662
2 641 768763980
1 110 347384856
1 636 525498782
1 974 113181741
2 1306 587990112
4 195 700437230
3 518 743113741
1 1067 141692785
1 1019 606140179
1 1099 597584902
4 275 143941665
1 1400 476667212
3 1207 100212680
3 432 497300456
4 1448 739244003
3 812 95747555
4 702 575107202
3 339 666265925
3 1423 342048326
1 174 220468609
2 1496 245063496
4 874 796319220
2 1398 530951152
4 219 391658152
2 911 830379244
4 1464 990115152
1 197 134879213
4 644 37501387
4 602 177713234
4 573 435061347
3 1389 626269757
2 507 548777160
2 118 849036363
4 441 380582103
4 345 98111566
4 141 607090015
3 266 534822346
1 913 363272491
4 1153 494787190
2 1265 116482188
1 107 473213047
3 412 844061307
3 1495 461569065
4 479 248948590
1 3 867063044
1 913 227326933
2 185 365630373
1 221 261501896
4 520 213781324
2 848 55826815
1 1403 603633457
3 1448 651307203
4 991 504601571
2 893 993347457
3 400 771467403
3 1496 239702180
3 822 50947558
1 1449 906263445
3 621 984459436
4 148 211481849
3 652 53329848
2 1050 726218856
3 545 924689832
1 1476 913178340
4 695 973152041
3 1139 905342686
2 904 939925533
3 224 202636053
4 380 475092922
2 1370 84913369
4 177 22212110
2 1361 64389812
3 995 221154715
1 366 404883419
1 560 63174919
2 938 260269575
2 1201 17117684
3 113 75975063
3 281 534172298
2 1126 38969300
3 1249 20175870
3 923 967690068
4 943 587861571
1 1270 541060164
2 431 215644315
1 1428 651788369
2 1408 880811868
3 555 989614140
4 472 96586776
4 827 308292869
2 1045 170153993
1 272 36847589
1 1084 96428896
2 488 946904035
3 1028 462519769
1 725 268021770
1 103 88142241
4 383 576582774
4 405 993310353
3 645 67567105
4 1035 898717655
2 1295 794711164
3 1049 82923980
3 1005 879223593
2 119 449114031
4 1489 422085639
1 1135 24493980
4 814 151783279
4 121 982751811
2 1201 352160797
3 351 863376193
4 922 314063358
1 790 128346649
1 890 309434388
1 1271 898612217
2 1410 803047626
4 1373 237885965
4 965 72738738
4 1157 572959803
1 1389 465390693
2 62 103356126
1 707 859667132
2 221 178930148
3 1474 521194903
2 1018 36985516
4 1137 830791851
1 733 30725682
3 298 42792938
1 300 207158065
1 910 508140715
3 952 756608894
2 1298 100088093
4 324 321120631
1 53 732936453
2 1052 216523645
1 659 295365359
2 767 285489775
3 717 956194731
1 448 2908082
2 930 492013313
1 1167 755468259
3 971 514089143
1 271 561919206
2 119 351467733
4 836 646485744
1 225 826522795
4 179 250572794
4 919 546720858
4 723 814573134
2 224 204980513
4 1313 581579457
4 1050 890567783
2 1002 363637672
4 1081 724590542
2 750 400471511
4 12 665769394
3 1401 399326474
2 986 630058952
2 56 583695580
4 1126 53253139
4 1086 779292809
1 1357 287687324
3 1009 549071296
2 1251 16858182
4 866 716806785
1 1149 313216720
2 1068 695483532
3 225 507003421
2 568 591900313
3 562 333742084
1 480 563609789
1 1094 443704281
3 598 340899552
4 162 253440812
4 241 124620827
2 1475 70565756
2 1493 505701400
3 694 472862343
3 593 702571520
2 1366 257923658
3 1101 115547275
3 1234 37753159
1 365 380382316
2 913 36622590
1 587 255302760
1 782 960548461
4 1281 675751015
3 1086 39348970
4 1429 332062332
2 773 299955076
4 492 21649292
2 1036 906593916
1 698 242121394
1 649 399634795
3 663 164788114
2 523 527292372
1 294 195853163
3 695 729372701
2 517 860743418
2 920 357656975
4 74 850726299
3 876 415619864
3 100 790179840
3 1488 504246348
4 1289 555282731
3 561 719608235
4 121 270468733
2 737 862818652
4 1379 592969310
4 649 15075366
2 697 848754595
2 1042 272481865
2 800 557540271
4 1190 344232245
2 461 852804157
4 1252 213209402
1 687 363055638
3 627 415510414
4 392 382983642
1 995 143418938
3 310 681241397
1 1272 104996766
1 1303 784206780
4 453 540886442
1 1143 494079031
3 1038 908240932
2 1271 198261693
1 950 23280918
4 797 3758717
4 745 965878699
2 356 430197566
1 248 434007433
3 1099 31604186
4 603 859187929
2 333 437637822
3 180 89718570
1 1342 427743169
2 873 273986465
3 256 312529605
2 410 997798619
3 309 382117961
2 1214 286429341
3 26 277636223
3 532 637010877
1 1173 707464764
2 331 599644568
4 255 206903161
3 934 843873734
4 983 235449926
4 77 294968400
3 275 478787152
1 18 595598527
3 386 16726288
4 1302 466929324
4 894 103845926
3 1303 894991411
4 300 445134010
1 123 600351251
3 224 184183669
4 345 408728485
3 1296 774360679
1 904 926111145
1 852 774413639
1 1131 660623366
2 1130 782857713
1 981 238847336
2 786 709959384
4 810 892457622
3 1335 670364441
4 1341 841275513
3 809 328629820
1 143 536755438
3 942 538061643
2 254 837589177
4 380 392076544
4 1259 770636823
3 400 455502322
3 1260 558437385
3 1272 437593971
2 381 171187942
1 1472 478514229
2 658 933766773
2 1136 69695155
4 1110 685154640
4 1310 691993868
3 1008 425677835
2 46 735179227
1 1291 500040720
2 196 32663983
1 1280 119607902
2 369 98065897
2 1255 81617978
2 1341 273681835
1 597 269037595
3 69 917360683
3 140 105115899
2 805 849011944
3 118 69438518
3 437 518839677
4 1176 290363560
2 838 40199834
4 476 285645285
2 887 681076174
4 446 387143704
1 515 92535666
1 1148 281978778
1 1227 116568736
4 1459 549477783
2 1237 560095689
1 510 530372631
1 1425 670896251
2 107 745968207
4 1132 988352957
2 1494 234603081
1 1270 577053281
3 1058 956596815
4 1196 711265090
2 535 846552354
4 558 190385558
4 406 636584139
1 116 539026699
2 739 80240524
3 691 201797823
2 1082 743040221
3 618 517330363
1 531 235942211
2 76 577067429
3 272 12475061
4 808 393758563
2 733 834395357
3 627 87223564
3 1420 341122232
3 793 634407491
1 362 912106160
2 1007 806438301
2 448 523479149
1 979 323281925
4 963 426225711
4 96 639945987
3 656 712190495
4 857 438822441
3 1373 123945658
1 187 803949484
4 57 531520709
2 1158 231531506
1 1030 465963110
4 775 465922622
4 554 125725071
3 856 922491225
3 442 946761458
2 1409 752001398
3 364 654383289
2 513 418682941
1 782 230362940
1 794 632825388
3 1455 910750839
3 1020 838156344
1 278 269241752
2 684 344363852
3 1081 36570673
3 1415 748445146
1 717 522534804
4 467 287718688
3 960 259051835
1 1275 404980500
2 906 728328862
2 172 455871038
2 1047 343819982
2 1272 141483528
2 1047 730821987
1 225 615949607
2 766 700772454
