1471 150 1500
6 1251 593115467
104 1330 245897258
22 899 33317971
8 870 791893796
94 1300 457642388
125 1331 760691998
17 405 729472856
2 1302 921141898
148 123 29562913
113 1425 921332598
26 1229 479981750
93 1469 361882679
36 569 241165014
107 1407 380905113
90 524 113950333
119 20 715390573
103 536 78244829
129 664 415524467
122 997 377629816
121 647 191596846
56 1316 245912848
123 430 783909756
15 177 317962669
135 1352 260548741
131 884 91123640
105 538 296296760
88 372 834956156
25 480 44357438
9 1253 252201233
138 1438 5705794
19 1050 15598151
26 1130 37565318
114 582 939947909
103 1415 796584976
132 176 552280349
101 501 95608716
30 553 230086329
98 145 806517892
61 995 118505230
123 38 418869856
136 961 518109551
73 1262 12566433
56 483 145615007
115 1079 643185938
44 1158 69454893
94 208 992978003
112 759 299141573
34 459 364588935
130 352 688849250
75 1129 485964516
77 947 983591693
119 1090 258224894
40 1258 902698800
111 630 501510166
78 1341 270622076
108 1470 695830504
15 254 705038964
77 509 620563660
106 1195 698464582
144 937 822595123
88 962 46987474
44 403 724121758
24 1097 811213874
91 584 110938677
147 1498 1930067
16 225 530675233
65 715 236988430
119 768 554397105
69 109 350271258
108 1457 162970464
106 1257 129015534
109 1267 436149683
61 11 280039706
92 956 260031185
127 620 496723081
143 395 142473227
3 193 796888818
25 875 406477752
126 445 97714870
90 1175 665053650
98 495 813963882
24 76 358167386
14 934 706689428
17 1278 895251842
83 18 649252810
139 1203 816128208
21 858 389475917
88 709 803405329
136 1365 525377439
70 323 638443646
136 346 406345869
92 44 167591339
50 1149 912346355
111 1111 101665257
18 666 445136990
73 31 660110158
107 921 817297625
14 7 86310188
118 50 394604835
102 542 20975547
2 422 34941510
137 1246 340534874
33 1412 293792719
119 942 811230946
25 205 336073730
11 239 895785649
101 1156 298795829
120 1260 749766257
132 749 454930341
144 680 172736677
13 176 782446370
79 371 181819083
26 1240 979506947
3 312 354690977
16 1016 250376811
98 640 315047104
93 743 290953664
33 1225 555974369
24 1260 198155724
9 403 266638130
53 1115 999890731
116 590 256932565
46 1260 34384300
40 1485 621177851
148 1475 535747617
138 20 432614245
121 492 490758062
148 1222 8689640
121 1419 246899840
113 943 397230049
83 357 618977609
26 928 421409972
52 600 889761138
130 523 880022093
124 1351 577960590
72 687 885856596
143 1349 720069155
99 956 825450152
5 239 217421302
48 409 67876016
142 1407 512264755
72 1176 571855726
135 763 696276112
113 828 95654800
7 665 826943169
108 360 389823855
6 498 603025309
30 471 750973573
88 431 455944241
44 1227 470214131
132 1084 907297899
111 320 407347766
62 717 699014805
50 1256 770626515
7 1495 146871520
103 36 712725184
1 1488 186953168
138 1372 538233328
7 883 487648712
93 1240 213866295
77 81 19327069
86 278 260146112
134 44 164356172
143 733 231987481
74 1277 842331339
111 707 647374035
62 475 482125976
61 1234 161914700
64 274 21727489
114 1181 561760623
57 851 531791666
76 967 648992506
35 1162 168263244
40 536 119273764
16 839 404770030
112 88 173945714
139 959 597467635
49 507 215404594
142 759 497169712
91 613 643550139
102 1063 479744465
132 801 418340931
23 604 976815786
145 103 228266863
103 268 441745139
119 1206 987688418
19 429 193959935
66 35 653597994
134 1230 951813903
57 636 646044328
12 192 149508613
115 728 417648501
113 985 4096938
34 477 191946038
18 78 435455375
22 961 902629645
103 1135 530465419
50 412 583818562
120 762 410663815
106 421 399785817
66 621 230260775
26 227 113491349
127 1148 910545736
128 171 502024902
129 355 677830977
119 1125 498936460
149 292 949085236
147 514 264651784
108 1213 153386479
23 69 916199625
51 1366 700512246
73 990 475804031
118 1196 84638585
92 225 794269470
129 1041 881137539
21 369 930747497
3 767 345843406
28 271 729811248
112 534 790883093
9 151 332184691
150 1314 658619610
128 701 773945203
134 1029 181898652
53 1461 915732585
124 59 157000145
142 1038 758238540
150 985 589375596
8 260 329775099
84 1073 808763542
44 283 430565489
134 616 842886848
146 1101 758214112
55 378 271434493
59 1197 859174102
143 806 481319858
88 514 70276947
107 897 478688189
79 1272 717716321
95 972 493782596
129 1050 531759213
3 264 103560513
50 189 80343176
44 518 805001365
72 1014 999525088
56 586 873836421
142 960 167088864
117 1403 718846908
61 1203 607191479
111 610 255578741
121 647 111173492
80 1060 986067798
114 1347 872663251
78 240 291677559
53 1295 853536975
82 537 60978071
24 974 134585744
71 190 187132083
14 744 920163595
51 1012 813532672
32 777 241620696
137 61 316930356
54 792 818319804
138 1070 335455859
13 757 672698328
96 99 373766847
53 443 175634355
46 1104 410252754
114 115 630872276
20 1054 752669127
102 547 580562296
47 208 293887625
135 459 195673296
74 1171 959491240
13 980 370748017
54 744 9708001
122 1020 353304566
130 31 381047607
32 585 29331075
100 1074 746251062
12 1296 812292627
37 1472 409785468
24 809 417200156
19 1260 191615271
51 998 376845410
66 545 485673562
7 739 166763838
19 799 95477852
110 976 353568498
56 961 584646043
74 698 357151664
122 116 205382099
128 497 500364064
74 344 449048116
58 564 609490192
79 1054 455121957
60 937 951505239
68 724 482173213
23 22 332711472
126 476 24327912
111 1419 357575951
40 1445 658444505
113 779 53662445
65 881 747909244
45 588 788917140
98 1485 702284427
61 70 618429604
85 884 746702365
150 213 200930028
127 1417 426197449
100 261 345834969
9 1150 200746573
25 772 51521491
118 1194 544631593
123 1299 851605038
81 714 793041593
141 529 245476594
41 507 77727958
118 192 687825191
66 207 737139407
23 543 331537956
86 1214 532078873
22 225 10957582
57 693 238486881
34 154 118872556
131 442 578692563
35 21 385777580
71 211 681610632
112 890 908500175
61 973 641938278
137 1356 722068544
36 602 158653726
18 1338 97872384
54 108 887008891
24 915 711710250
110 146 375308113
56 109 984749716
28 100 386673934
40 1115 465965444
134 466 853012201
119 539 711321706
82 1106 65564545
139 1138 866091376
109 208 164434349
149 622 474864527
128 422 332534100
69 984 453420293
140 952 570867800
77 1100 235156788
140 302 200669195
127 136 453637392
94 1421 353087403
57 777 858871059
18 92 780754404
45 1319 400649264
90 638 48161765
100 536 196133188
62 144 947097721
106 304 119752205
94 685 985037368
143 261 121457792
121 31 872712542
21 787 760416883
126 1421 883401821
45 818 149008336
19 824 168065083
102 344 31187996
37 1117 440045049
74 1214 797390472
94 168 892228509
115 209 31354045
43 17 861882167
97 727 885973391
50 1155 41542409
77 1401 136635901
137 209 77032023
83 878 428697671
102 182 241709123
101 792 201416995
35 106 336253777
81 1103 123677965
145 289 431730166
125 523 41603885
37 448 827076799
101 849 790182683
8 1302 628646904
31 290 795024653
116 767 200681210
68 31 127529739
38 749 531701525
123 1242 417724868
25 670 755636173
45 1102 810930108
131 1241 950945477
142 320 627840900
24 127 648599990
70 1219 158774119
85 387 548875537
58 479 597574918
109 1194 117455897
64 1429 27044379
16 660 597682863
61 1095 395947320
105 931 844095230
40 710 949787391
81 682 292204143
56 623 785863971
82 845 103620173
68 705 201144709
104 1128 45772765
65 326 413261147
58 250 175276313
92 1317 808213687
82 641 932964226
99 531 186318462
27 206 509739995
5 321 269371038
62 1174 303785297
25 791 415206325
70 1100 314547910
37 1309 361059703
146 653 543747921
18 662 116951917
81 510 772538230
11 345 761485538
141 84 832073427
41 341 365120822
94 736 946248262
117 1286 927432458
90 276 985902254
76 98 915404457
24 999 589421511
22 1447 243048839
117 471 560107753
20 1315 802553632
69 1394 589770903
35 710 222938098
119 1311 943126232
43 796 326918635
20 689 890290757
53 722 314446607
102 1354 600214317
21 1317 993739714
118 71 593097466
53 1077 99505139
105 405 978974201
38 780 279010390
94 490 771508482
48 270 983313362
24 1022 223633113
28 797 168230371
46 60 963566580
61 698 64159703
107 1087 67405092
70 616 312222037
50 897 749262906
131 769 86304861
8 1303 724474026
43 495 685035161
74 1149 314747253
19 659 836882289
78 1110 172086134
34 36 858354654
94 1397 969152205
135 1324 368018684
45 300 848240147
18 1012 197695505
31 302 437054608
46 256 428602724
79 870 953744065
145 903 967509596
62 1387 392660625
28 775 689502362
74 1331 998193657
148 1473 366181353
110 412 910685694
56 480 655884289
15 146 288349017
48 1204 57416279
72 370 242749316
105 1131 765929633
58 408 243670402
66 325 740251331
146 583 169520610
70 864 258014041
146 91 687621455
147 658 33795959
142 595 377621802
115 602 190804392
99 1385 661886650
129 418 812718771
84 756 778496274
71 177 309584520
131 1193 116900690
101 59 8110503
76 1278 819790793
51 561 668536311
4 590 770662198
96 245 349309503
4 395 795710861
140 1320 847310869
69 655 713883756
132 33 190789953
42 1071 850036770
107 908 678508285
143 156 181751572
148 198 747174244
14 1301 250319455
88 1229 35266017
84 852 163989862
17 650 941078148
44 343 442993902
106 589 424290457
51 572 184798774
66 1136 453786149
144 709 349120427
145 656 928056524
74 459 241059612
144 988 37069011
44 519 800765020
119 153 130392242
104 451 684727415
40 294 720719054
137 519 330280425
6 1396 166096126
63 755 67701021
90 943 655876885
138 1048 489641550
144 1155 353719746
55 395 563509782
17 1129 93922119
58 105 607759515
129 1362 108626596
99 859 976549835
18 1066 143053884
5 37 171042453
112 260 486654344
52 1093 144265720
125 172 401897463
91 1246 288419954
58 1445 169138835
111 346 212786190
105 302 55226030
146 222 650866893
47 936 44597253
34 288 53081850
14 1207 978557195
13 1162 650009170
136 670 470257262
111 1340 21962191
27 1363 46233790
1 85 495930705
75 401 454712296
129 1267 660367587
24 1307 673653945
41 1189 635145373
116 1070 4564443
28 883 101414478
62 695 796314909
47 1262 566824914
60 1393 183063318
71 1391 259563751
112 1082 62890002
43 326 948581782
39 155 793400963
66 1105 928485209
126 155 141717297
82 1179 791925306
59 133 98015259
132 498 437097413
41 1298 940973663
51 1493 99600238
86 1062 941015673
92 1418 210575429
101 1076 920328869
18 1242 504227646
28 296 639178405
45 1273 629710845
94 1294 240398659
34 1274 824794429
131 299 217370839
102 1089 183114242
119 1005 446776950
46 83 108790031
119 429 160639978
148 773 133317844
126 882 714748516
102 1215 60626117
80 930 8461952
150 1316 437160467
45 1062 22946446
21 757 969311195
3 375 65504263
109 1308 51349311
87 385 207368897
43 679 250986528
17 910 114278631
13 586 487258328
32 300 40848485
64 423 615365868
52 436 494112312
124 380 782914349
75 78 21258726
77 391 793017288
25 529 457680492
102 1212 746813364
6 1335 658875933
34 1200 864771689
46 13 203645225
33 136 467371962
51 734 43355898
32 505 548507574
93 210 99293941
108 440 192913161
115 632 594563781
135 1270 4994340
60 1166 804722829
142 493 228099062
118 25 241368215
50 745 229964179
126 102 22879060
133 793 613107574
114 359 393681444
8 1131 330994849
104 848 507898999
94 154 417949060
135 265 840266924
113 521 941746263
149 1417 508144810
75 1411 683550898
88 75 478868765
101 265 761777210
86 71 274172088
45 1309 405597062
59 115 975859443
115 651 504343027
85 1135 232984291
67 1436 870274575
10 886 361077078
61 949 577702899
78 353 738127805
95 536 669342001
146 1416 780437633
93 1243 167523042
115 1035 444174240
142 76 411042855
65 1009 290023890
148 1122 410555766
100 1118 377932754
114 218 40656632
38 160 488372286
53 877 127522538
55 230 593951979
73 357 589813063
22 444 493410652
42 2 620723184
132 867 810082492
52 1210 264515216
97 606 309867609
21 870 52537881
113 1364 469973719
106 462 83053970
117 79 679237406
82 1426 657633202
103 788 114138561
35 593 928312930
7 1028 783033671
125 12 23052966
129 226 566364594
127 18 971862786
150 640 975437276
50 861 981922347
62 1500 501596617
118 734 700137539
39 371 934379824
41 958 596192010
42 331 499357634
25 750 211556697
146 552 470476381
91 1395 288975719
9 1041 329453276
75 1030 935395436
113 1028 680978220
138 183 10999636
96 30 728805698
11 1415 556683160
14 409 51800822
53 1243 508516757
119 283 93503279
48 387 932239280
133 1198 997145968
94 1451 570785217
84 1179 903360019
34 995 103263371
115 1307 744109354
33 1425 613685601
54 1127 152751705
68 282 28962761
92 394 813988044
77 925 102156194
119 882 95551223
70 524 643870942
115 481 203452279
127 339 891958467
74 733 964818924
101 349 257913139
47 774 339480848
33 64 317809726
95 1264 993841967
53 175 550645579
23 91 276099102
126 882 184422294
16 140 519348477
49 417 135697367
70 138 834277851
141 1389 203938340
124 1166 927669163
92 941 263561296
16 387 946714492
39 1182 49765504
87 952 915734226
85 792 850018089
114 43 273374449
107 721 927673191
114 1215 625096393
133 725 194950718
52 1063 285183745
3 575 726488446
101 1295 555159341
85 640 437808990
48 336 91314482
66 245 314114359
112 1442 779369562
38 749 593935628
118 671 383314603
84 632 899159806
119 396 488105614
43 470 939699020
56 576 10822537
59 1337 194368655
87 460 288042464
16 539 143822079
63 1290 603224595
139 773 15807076
133 582 384877174
13 861 453664682
90 1351 956661182
124 45 229145102
141 904 727900382
96 548 68773077
116 835 182344517
52 934 148583284
36 1082 608828257
93 765 790795113
146 83 65290806
42 559 149519958
144 876 562743006
58 1374 651377185
72 1393 771772996
47 1167 460340942
2 1400 364162998
137 1293 413927749
79 762 67746488
32 423 940862797
116 671 511134651
109 777 776082985
144 1303 629371898
22 690 732299763
26 263 982173494
100 158 900997732
48 1136 426261488
146 615 949661829
42 1438 735521341
82 168 55364882
99 1447 900416497
128 846 876099495
85 387 62246800
14 310 482332374
57 728 593333599
79 145 800532724
129 407 589399586
84 1415 204824432
115 1497 71503332
136 74 47529460
147 198 683898873
14 968 633192147
131 715 9146307
43 270 196828399
103 37 774908292
46 697 36204313
84 1098 998321440
98 1385 78751474
87 573 79183062
4 978 924503051
18 1069 957953935
29 455 459176448
5 352 528304281
77 1264 497791690
42 135 754750692
11 1234 739545263
100 11 837833198
75 549 218353576
91 1331 104702600
23 1331 239493051
22 1397 783695750
10 1172 844081677
34 10 20300582
79 424 116041581
129 103 165928195
150 7 344947449
96 1387 87801905
75 1381 36602971
102 1422 547628702
29 785 762985077
12 704 414212834
119 649 224121557
130 297 914927914
138 1433 940348449
2 1086 227652699
149 120 715806560
105 565 917282860
110 1043 17441267
4 1150 246892941
78 1168 269676732
144 171 957983244
113 192 577517389
22 567 271286972
98 787 948053155
97 1324 1479075
89 949 339537761
13 114 802377037
127 1206 701877673
47 1107 817471131
42 570 560333471
19 536 406562523
108 238 57358048
128 381 373828686
88 540 359752837
133 614 65487465
72 84 201894965
87 490 213932163
126 908 11985299
125 168 901608776
136 265 875243770
108 1453 905374200
90 383 433266731
65 733 663982753
147 956 539904342
100 117 595317351
84 1449 788522984
57 13 723361871
150 724 38030221
70 20 52351471
9 961 96980685
30 419 482963349
142 1211 248283495
132 1461 511261418
58 1378 902770026
19 198 396131419
17 257 206197783
68 1364 408532459
44 908 55774865
53 379 849753644
37 188 766864309
143 291 630611919
98 81 764777053
32 456 502004263
75 548 876216107
147 1488 142116130
147 1061 738395424
103 311 908101620
29 141 894995972
79 1176 338761353
113 1193 158170107
1 110 505036425
149 1207 611489538
147 1361 442235489
38 766 378615926
104 152 560888185
99 1012 615052750
50 1063 262692875
14 47 994461091
98 281 549324959
142 1472 315250603
13 33 928116201
4 848 669837934
30 428 452910714
62 610 503631208
129 368 380637537
51 543 311203871
41 1421 315229319
111 222 34206957
84 1011 693224977
16 163 422264823
84 356 523290369
41 69 143255799
102 236 461344278
47 227 801612840
117 413 32336248
148 205 50140523
66 1268 556151641
149 1347 445818223
53 942 964418939
45 960 199750203
71 655 125995067
136 534 476415053
25 794 126233628
131 839 369836439
89 967 641665572
8 663 210503322
5 1055 150774352
25 228 942774982
55 1234 277229554
28 982 397263959
24 779 544889235
107 1029 180489041
110 796 520453972
66 1046 598947088
48 1293 947312278
31 778 575603624
49 1433 236169314
19 1416 47215392
145 1263 703372982
130 492 976237032
40 539 562800354
9 624 693492187
133 507 462737150
9 975 994776036
37 434 471803670
15 685 516244303
12 748 210411429
130 1234 118150686
39 1290 26615085
106 948 723237847
128 405 222851249
81 1373 724374773
60 633 859758
43 1266 212960803
54 63 471363599
131 217 204322469
100 860 136235995
92 1479 674802376
30 1293 36181132
56 1336 586299971
147 1367 514693677
92 569 243606893
26 646 703976060
124 380 801469901
71 1044 258248244
80 568 212098805
31 82 704472904
129 360 492683761
49 760 186638672
47 55 860415867
16 1479 655944993
76 853 121712901
35 653 755041095
70 715 110855349
107 1338 625684529
72 113 550621626
36 758 730877845
87 327 476503068
47 639 432387717
143 140 318897846
124 1034 214231018
27 1293 36920416
9 1047 251672614
119 803 932447284
102 62 564746692
124 1393 132683565
43 729 817742890
70 1370 797540274
106 1070 133780186
46 40 217505580
139 68 178370798
104 702 506657432
144 452 345091021
44 1381 672776568
133 1456 248147015
6 1311 807693207
150 517 481127564
135 519 358570751
137 806 772209740
51 1367 980774262
76 807 815465477
79 498 919522070
146 1275 512035264
127 565 221268401
19 283 829200188
16 1062 669689810
15 634 917449698
138 180 765140874
28 593 60424790
38 405 941208544
62 1221 216375674
78 1486 664867932
48 928 846511876
130 769 152136401
56 492 798939884
42 943 636975980
49 77 996799350
139 1490 130633169
145 1330 351737527
108 1059 456933869
81 203 774759506
130 1042 387191750
102 1080 447814764
105 467 107570680
113 1080 681178340
31 1187 201439942
106 1056 595987265
34 130 950393343
47 135 641642173
18 1245 996705448
46 124 626384112
63 568 28174898
121 606 296359185
59 258 626175849
21 881 710400048
26 686 42373680
64 165 919754415
85 73 736417927
29 473 17308063
127 55 116171376
87 1193 320635395
138 616 77888475
43 1061 613788536
83 1289 449106131
59 534 167238980
113 1294 618234981
94 1143 60131897
125 968 581193796
58 804 44125870
84 258 145694164
37 1014 350783460
17 85 496787111
137 980 319851705
115 1355 629850182
8 815 663924383
110 229 460241630
118 1094 56518322
22 834 284192413
130 460 974035849
6 1179 598335902
61 948 310725759
98 482 233631368
131 1380 518809240
28 529 116118909
9 567 500783555
36 802 445857913
96 33 413247535
27 1179 77032659
113 1499 457975309
76 780 757656335
21 1206 638647336
69 916 811726096
22 1406 738439430
19 507 510872571
105 414 844336887
26 635 966853153
142 1003 13945997
96 1165 642628540
149 1035 699751806
121 1334 121806702
149 65 423385226
127 240 462112856
72 924 142706315
67 1118 7209262
94 777 803034798
80 1373 665547702
23 279 232650470
83 823 841302325
51 623 200015889
131 932 572109096
103 510 37025045
33 1158 484903170
26 609 906506637
13 1056 529576062
128 341 174430405
113 26 460147256
63 156 518848535
108 916 594099036
137 519 892942313
126 771 213669276
89 237 215817866
62 861 113761170
105 1457 36657166
70 770 413155417
70 646 995362287
147 1129 478288833
53 1107 826529239
65 1101 900660687
78 562 300954512
43 103 849554211
29 1295 983163452
3 998 249748824
107 764 621732337
121 1105 886740320
72 890 942317939
70 14 942349316
115 657 845662781
148 745 624764180
102 909 275597735
1 525 691958312
20 683 44711019
31 480 741144531
5 567 298914478
131 189 829056008
46 1425 282309800
98 1160 271911554
118 1085 118104551
68 868 258730277
70 1150 775588821
94 1164 356961313
21 146 871484246
43 864 272052783
132 633 53302749
82 1200 761671325
116 244 343802244
138 722 865142902
147 1244 675810999
100 774 468405585
29 1209 677434086
78 108 344852394
139 703 420749274
11 1222 122078376
84 457 967223893
103 130 413542367
99 1382 998626820
75 1122 357185669
6 151 201728848
77 273 496759676
105 1079 219887914
48 877 997150531
26 481 624452721
6 1334 232508699
65 523 443545350
86 1332 422912186
15 911 376495247
96 48 941591129
71 138 762617516
86 557 109406456
35 913 896174146
73 1391 728048740
128 1117 248564638
86 603 293616558
134 307 317437116
8 926 566044997
38 1311 882706687
130 1451 948268027
49 78 122533495
28 1034 670056018
119 1468 759916154
135 1213 85557234
39 1142 197911027
144 426 801323127
15 1426 861655056
61 962 938766250
148 33 121258074
144 1059 92685350
147 843 793591954
34 1258 396598014
134 1220 16922365
55 801 14832466
70 288 423455771
120 692 734552490
150 1265 655402732
1 524 122263828
27 395 392489384
59 580 553214888
49 1275 315737296
47 468 22360210
138 93 400075800
34 899 683295530
149 1351 395225309
99 1156 419329086
11 5 252065401
98 1280 228976316
138 1210 268817819
137 613 96924223
55 234 747097634
1 738 652187421
17 879 242940096
31 707 17192811
123 752 635291727
3 1084 271974145
42 1128 917983295
22 73 3332644
73 286 463882092
28 1451 83086064
84 17 246028658
64 1117 861476390
14 694 720320183
10 485 999123024
129 990 624952952
37 1315 583535151
20 345 8442034
69 1478 885878868
146 600 631547949
67 227 101113477
146 1135 688825043
89 908 239476072
70 42 10105498
33 1408 788011672
105 486 748623971
117 410 831987252
141 1286 193394305
12 951 611475757
9 5 445674476
89 894 678683986
6 1453 670776030
49 1014 177191725
19 987 53768509
100 859 926463378
56 957 630015548
133 817 19675609
10 696 614357772
138 472 207139685
78 1107 123266387
85 1356 448315473
80 116 686786255
12 357 997847835
98 1089 68942005
83 928 188138789
1 216 40377978
97 551 55566752
69 459 701797257
18 3 22867536
89 842 428824911
122 510 692040089
20 1044 604583990
67 1500 386504572
126 1096 549540220
79 347 115022360
36 78 904684598
139 1291 448851931
62 1473 476968413
116 367 609536296
53 1143 542990186
34 1063 550079434
81 1339 136170329
98 80 429417341
87 64 944111955
92 360 605373078
56 556 300019529
83 856 775385459
25 664 290104874
83 458 455424164
43 155 243751246
92 574 997009172
102 1087 707762033
51 764 158810131
124 441 368484682
129 11 927441478
64 449 639084866
20 1088 47404236
48 1322 202562929
80 553 392731202
8 912 586570824
124 1032 91146881
58 193 264258475
12 1229 995181721
74 797 580262300
112 1195 143552880
95 909 499706256
52 333 195647565
86 885 804088289
11 208 985523293
22 292 918828136
135 393 195503040
140 948 4871441
26 1454 733257539
57 360 450773749
19 640 35304006
7 329 138103175
23 980 690315200
85 197 316810619
83 1129 255233800
2 1361 550005708
62 685 222720679
70 1428 239410865
68 683 548342178
3 1185 276063185
84 179 83500136
126 823 216771566
94 1180 151448972
98 694 887883495
35 1419 693080568
63 194 386689396
9 1100 85681203
50 720 873508172
57 1364 583690978
129 1354 244517445
44 226 575829003
44 931 994634536
132 498 210483820
63 107 346256831
147 1289 484194092
140 1150 48244576
110 79 598408540
53 1246 429574733
3 728 181128226
136 614 745958996
58 1190 904444428
115 47 184754381
130 851 99208127
36 1122 849685256
17 459 736580775
123 200 440417443
69 689 322630001
53 892 617196573
19 347 427753195
144 370 810722400
89 1198 288695760
95 996 741762531
71 459 284871174
103 882 207421316
28 75 884603201
144 1380 231901073
136 1279 945246363
91 1368 905437746
52 943 216344682
29 1230 288635980
80 8 778611331
108 138 855719052
30 238 512623239
21 603 305507382
14 1063 132100674
30 180 12146186
117 722 900935136
70 305 258591601
9 1059 598879493
14 490 42304128
104 1391 245177384
34 1069 802307206
6 288 125492053
69 1473 771477106
63 608 178889835
91 943 819258707
90 726 992547595
26 1184 239263474
105 1457 210964664
7 537 422562611
81 954 99197521
136 933 178565021
64 797 808436
72 509 12275421
5 105 985190494
137 775 412558732
90 792 389200042
122 1372 824509123
89 1266 134156989
50 1110 273188197
74 172 868130011
147 316 165404850
20 150 884016449
52 285 242686974
3 801 696802446
121 917 271559041
116 1187 663627418
36 987 976380733
104 224 69266983
83 680 132778915
97 1405 716246673
149 51 146536370
141 1295 765102691
24 173 251302992
76 524 75285368
28 1039 972213292
40 861 910449420
42 837 480971864
8 492 35817721
12 759 79375581
74 1112 74605772
109 189 467344968
65 346 196141505
132 1059 160801977
4 427 69787231
9 549 123101775
123 343 346098667
112 1073 310878367
3 512 362445804
16 1371 423166582
65 699 537281258
124 895 933622710
46 1445 876204627
94 725 756708826
41 173 465238685
16 873 818874686
18 66 34022324
126 22 506913096
42 1172 125917910
100 252 778254748
104 1019 759357551
37 1356 748959660
64 1274 809721936
102 1149 579312096
57 254 210215951
32 1044 315692959
78 100 672430921
81 404 802272230
64 358 728607355
120 1156 559760700
5 582 441885961
144 838 696378555
126 436 505378545
119 634 219272661
140 1130 869130552
148 447 145624825
73 298 841276128
113 392 600414059
87 333 191686951
87 927 737560438
109 711 593198783
40 288 552198935
117 851 246719159
100 475 509356928
60 1014 688523016
137 474 193443071
15 868 400737303
62 26 716860390
91 926 356101337
111 1293 936103255
110 1084 479951885
13 319 336871481
29 493 655187745
9 106 68397561
103 342 478161614
29 683 199749888
48 813 13747107
14 792 660667233
100 1091 62937444
50 556 477482509
137 1152 888669445
83 932 772597514
139 503 810662898
30 509 414764173
141 707 996126689
45 1120 94227069
79 642 853014389
1 206 797011898
23 957 186334696
102 1399 282199272
66 1426 398685290
120 1361 668415806
74 99 939436825
76 1305 623831104
120 892 42852038
35 1468 901963409
88 1495 177987119
60 801 91065589
50 1491 278719710
55 241 293537664
17 1396 271694016
45 34 437687881
116 656 445304588
5 630 129005216
83 874 409603124
2 1470 231283137
137 713 204711876
111 351 848476122
49 695 652262851
1 919 275359501
87 1433 680628774
119 1198 25989360
5 508 311706120
145 682 278757527
23 484 477771453
143 1233 610076162
75 1256 370148445
44 421 455078216
13 821 673955281
