1500 38 1500
38 1081 33455781
11 1484 17218366
32 122 640497892
28 1273 520589600
18 1213 164577281
6 292 339139055
6 358 551600972
29 306 821370227
31 361 237841561
13 1361 661603567
33 954 894490309
33 997 506352796
15 1374 356737115
12 975 290191465
34 335 481442078
36 1061 576983432
11 112 600886777
14 1054 285501030
8 76 603648685
2 963 945730523
35 1303 129312772
35 1017 939283651
24 407 594691041
28 715 622024695
23 424 12846729
11 1470 726236895
20 635 660076384
27 485 736443717
24 563 615063377
1 696 897703395
30 751 248424879
14 333 949671080
24 1301 193700050
5 253 311863116
22 853 290264971
5 243 462287320
28 649 1933081
6 458 237688353
32 375 208789877
12 1124 658077573
11 691 938195095
18 389 837943929
29 150 744402599
23 654 825379257
3 834 129437670
5 1196 866286856
21 1242 727252481
16 671 774161182
21 144 36042862
4 1300 739194797
13 663 797282456
33 736 119787388
33 223 991335101
28 562 974649666
31 544 689242387
8 523 866565952
37 1356 210214917
6 478 162396254
13 1184 497200154
31 763 886913382
12 1230 756522233
7 328 891240647
37 1023 686582731
16 1312 608270644
7 8 431966937
30 605 817526530
16 13 454653236
17 1356 947765516
35 1285 414912675
24 240 600148945
29 154 523501949
18 35 997877738
5 1075 997169467
14 1173 459470520
33 713 933721403
22 1405 237868813
4 1284 983844816
32 1071 968845762
16 656 90973096
27 673 5101893
35 581 192739316
4 9 430361227
2 1264 270157181
33 989 978023444
31 416 600634905
14 431 506633060
32 619 496189538
9 898 872239025
10 865 875681748
7 892 108492443
22 1074 603735522
21 474 180491626
24 381 814044123
37 258 858508119
22 818 331448666
14 365 786453783
30 952 470030954
6 343 907115906
11 1089 417932808
14 162 881076891
28 631 693612731
26 923 384456280
36 1359 240891999
15 1450 987910344
20 83 909494311
28 98 95328122
30 10 143193634
2 1429 272695150
28 1133 177054908
14 1079 762470884
20 97 318001446
37 776 110879567
28 692 56814886
34 322 316157975
12 1267 581935834
4 479 918738800
34 1479 456070834
23 1197 781974485
26 917 328276734
8 811 898029516
15 1130 854285003
19 740 250796027
12 689 483527212
1 782 460199105
5 703 753884744
17 478 341090476
14 1017 253083104
28 1069 285870647
28 1131 329430038
37 1305 624882024
24 23 736440787
32 1494 610418582
5 1210 594010980
25 440 976490262
25 182 889873728
11 769 690350346
13 964 847614902
32 305 108235376
28 528 505787779
14 75 453090174
18 1215 136510482
21 1284 957584804
36 566 207307512
12 110 129116742
35 524 102932077
6 1308 939409905
35 255 638269440
1 1026 781814530
21 1334 924851890
4 926 226946700
20 1204 269129998
16 893 360035647
20 1488 413668823
17 545 339164074
33 1460 537892
20 489 788707448
16 425 787586785
19 1081 820599515
37 758 240134993
33 106 569829405
6 155 174936676
29 988 434658798
27 1390 319837021
34 1067 343495545
2 1462 466695747
8 1292 39608367
30 478 183317270
13 1342 814560630
35 738 504984111
2 245 259237973
11 1035 691701900
7 1179 512297057
5 1071 97180103
32 1426 250365922
30 1212 496646269
10 1152 508826576
22 824 418382480
13 277 476855585
5 1124 838854240
19 882 412876033
38 1212 200820804
30 560 990980492
26 507 283877691
17 306 846810332
16 1131 800756529
6 1123 994419064
8 389 640519903
8 474 817356443
31 108 798820754
6 760 583332263
4 517 798355246
17 365 527704311
38 789 873694887
10 596 74450769
6 89 574033831
30 1024 125704241
2 559 701114792
8 682 181746741
10 993 236571720
30 1035 42341106
15 1273 81492754
9 62 334678133
34 1254 594581139
28 168 108192986
32 1036 450103482
5 558 894441905
3 767 556605545
26 591 59589950
14 1475 420233437
27 931 356968988
34 819 979336186
36 408 461646754
2 1395 894843545
2 1257 554909487
6 187 102921822
2 1300 256659030
26 1311 141517075
36 1019 524961032
37 907 895975386
36 561 527106267
7 22 585791857
24 1416 815632283
21 1330 65757312
34 348 977610620
34 172 37810143
3 1488 357167696
20 314 974418866
32 660 123418032
16 72 879045812
22 773 190428473
3 601 712051970
27 461 462540630
7 262 177406119
37 284 644961368
19 199 129074363
1 306 627823768
29 923 171525314
22 367 889865594
25 1213 537350445
14 1188 811632656
22 1159 102325076
35 1141 176587594
20 58 690906897
33 253 525679842
4 423 86282621
29 844 692117301
19 704 51340006
16 1447 301922023
22 1055 305851761
3 1329 560910992
22 1438 550050155
12 599 999752824
21 210 687320945
14 710 306204121
20 769 144708346
35 220 430142737
8 1141 194343341
24 11 232974168
8 74 355941454
31 741 58415423
16 1477 209107418
35 1429 10347596
10 773 750814061
1 1175 447543843
22 799 637674393
26 1054 704850094
12 952 850092438
15 1143 81960050
21 805 299615938
7 419 347180190
28 657 465407908
6 787 177975331
13 460 167228976
29 1398 409955605
10 432 458879434
21 1181 424566904
12 208 504855212
1 926 143468542
13 1066 692728187
3 1361 963312695
26 643 320381604
29 223 28948184
3 655 869123295
1 516 990103183
35 1380 90980669
18 1166 874970737
36 341 38704755
23 404 33835362
32 164 261609239
14 346 287502803
6 469 841339402
18 171 55360709
16 740 49839138
29 1013 866480951
10 48 958971339
7 451 911357638
20 160 263437995
6 1273 707782273
25 1089 60846181
38 1041 925186463
16 41 159736762
8 247 608941769
29 1400 578712424
26 565 744334774
15 1141 510940475
20 1479 888574353
37 57 886215051
22 471 191272848
23 482 65148705
1 1002 123818793
28 276 411729211
15 1196 716453069
17 1222 272324082
27 1363 12839824
19 529 535103001
27 577 763450664
16 1401 456349505
14 40 736666949
15 809 446792090
8 564 449808985
13 771 100255271
15 614 953239907
1 1231 938386831
26 558 308833425
21 297 597680996
28 544 682071581
26 286 694295496
35 619 512202789
5 1365 614189059
31 92 907275880
14 121 30944175
33 583 62342211
36 199 379212247
24 1184 305714847
6 1424 558620820
19 1389 780466953
21 801 897982892
10 41 480028913
37 729 60817883
8 576 272575803
3 1097 231993138
30 578 854723065
11 300 146763440
33 1315 448324131
18 850 153886483
22 779 201173310
35 865 227434206
30 1292 559823070
30 866 301053829
11 658 418240578
19 885 525118514
13 1299 535362362
27 572 536994203
16 287 856328511
5 1032 438670442
29 664 482803360
34 875 782494141
19 1295 360872486
24 64 561245332
20 83 276785681
2 585 914747962
1 733 825434456
7 819 83991795
1 850 378724833
8 575 30838830
10 1130 292963931
32 1066 462698535
8 757 745398669
30 935 781324055
1 467 442516035
27 196 474513138
1 620 43221325
2 982 455044852
26 695 128505478
1 509 763810131
15 445 917060065
2 254 339076133
36 18 953006301
27 369 710605811
37 490 215558537
8 271 486717968
16 1430 173210571
36 496 911057083
6 931 743188026
28 514 389322783
32 1487 729234269
18 12 12195503
24 1457 690695349
12 270 354223273
38 789 931082694
5 959 552849546
33 647 648821462
28 840 77591102
25 1051 920867634
19 1234 912149944
14 416 999393250
23 884 399810280
6 753 805469561
3 45 771794434
23 1155 786826136
35 1458 126317418
7 781 495297882
24 313 680499771
15 1433 179358528
3 805 839353840
10 1363 194962997
5 1398 277215234
38 541 253924728
8 315 354288100
15 1306 378308217
23 116 223241832
31 360 56261681
21 130 522873187
5 823 464712241
29 269 407746149
29 333 462971623
14 133 793621777
38 1142 322991676
38 242 68172939
6 1048 814118093
9 1421 535838556
3 1307 379933980
19 1146 500937611
30 573 569181513
10 631 49081409
1 842 427738858
30 865 450945144
29 571 586233651
14 1020 776857045
19 568 110522263
15 1426 446166776
8 931 104507567
24 963 401422820
8 179 891105681
3 1468 740167689
17 590 967886144
33 935 757684741
32 837 365098878
4 722 432123369
25 530 614608433
26 943 296571131
29 1487 853949764
13 837 373404572
34 675 867528418
16 902 283876981
30 382 996499260
34 744 93888090
2 566 60859161
34 776 18963210
20 1113 35952816
32 1337 214406291
15 1358 483457724
11 654 327557199
9 662 457717939
3 1343 915618066
1 581 408087093
25 1213 643969715
19 647 818497611
12 1278 968951872
30 370 740588829
11 904 664252823
3 565 410458998
3 1224 556923269
33 1393 146492138
31 1439 643009726
33 759 196683128
26 1407 540061343
5 480 707931546
14 218 713668301
23 1169 701064025
17 902 452037938
7 989 538901502
37 1301 846718844
18 212 955825832
26 322 664474704
9 1003 415370850
18 1342 525882030
30 1251 906999982
36 712 753790886
33 1263 908289374
19 305 465846493
25 1336 264977122
3 751 474846971
17 1152 509856206
1 247 314882165
30 1256 571428716
1 306 238746367
24 1288 280447736
5 1342 223231606
3 1163 471716949
32 1105 506889556
15 1317 155503760
38 821 67535296
37 855 986512391
23 546 356532777
16 1391 239373256
23 1186 968917849
29 1268 600066476
17 307 286050066
13 556 591743966
27 817 467823516
38 423 319379203
2 529 774087458
15 1079 3759383
15 1250 565715851
13 781 192942456
4 233 399197150
35 443 126114064
25 1046 731713383
38 1315 650615807
2 1439 294300865
15 326 343027124
29 908 629440838
29 1013 41150823
22 1085 258696342
7 866 835875925
31 1394 738789928
22 1411 709239503
21 1349 347554291
3 336 283448273
18 325 302161394
37 611 562736195
12 924 608409783
27 1426 709414191
27 27 133516915
30 842 787648694
19 1244 340437425
5 624 822359351
32 474 169590914
13 1012 205156556
6 586 637021487
10 425 620495901
11 999 448866860
12 215 595139933
27 619 642906750
11 289 666869783
10 35 70414485
31 1144 93039400
10 934 104859996
38 521 577577898
6 1431 284236260
22 172 154338366
35 630 101958106
32 1214 333684019
32 205 64660562
27 584 646308723
13 1119 9491740
28 954 738307583
24 565 755961670
9 1438 559773810
8 408 568397004
14 1315 769237530
31 900 138359490
34 975 388789034
19 421 7664379
2 640 215524881
28 1194 909889188
17 339 258924159
10 125 137654841
15 302 216559252
5 282 332027855
2 445 972380298
17 1366 428531090
18 98 93334757
36 412 171336325
29 1348 240338254
15 1176 26609629
14 268 767096270
6 15 111280218
24 1287 815825778
11 1122 888486602
10 894 359145369
8 813 250109213
4 312 204231417
26 1382 598764418
4 1032 61341500
24 1261 916384275
32 1428 254991882
29 674 480765036
3 445 601620657
11 283 167632009
21 1149 620861747
36 852 547224197
23 169 420014322
23 1039 231963369
35 238 279385188
12 11 750730565
33 446 825434444
15 689 743462907
33 1238 825395132
27 1420 89647251
19 594 828883894
38 1000 452479927
20 400 262529473
34 796 54045212
2 588 779531814
36 1351 681970801
24 54 568485180
3 76 398394942
37 404 831982468
31 102 611444812
24 593 761023761
22 726 350773008
21 555 821408059
8 1324 544118088
13 237 644727284
24 556 260390444
29 1413 447571648
1 598 646025220
2 74 721135824
22 685 318169541
11 790 480275066
9 209 876900301
24 151 894804300
8 1399 705469207
25 958 383055813
23 654 104450647
20 731 545510103
10 638 380366984
31 1355 967673561
24 1179 647339961
34 33 642050004
32 243 662485234
8 589 830709004
1 717 79753957
37 1380 648638264
33 411 184333403
31 1490 605768293
21 1092 98551242
8 924 945846380
34 370 685543624
31 1250 699731289
7 24 986011458
2 426 880012405
10 354 715707825
19 809 800614572
2 873 552485642
31 855 268894450
26 598 691630597
30 745 765900070
29 283 754401230
27 1090 960680907
2 410 870120857
29 54 797583830
28 466 363834532
5 1480 456951339
2 1416 821997555
19 1430 36019920
8 630 144167133
5 365 763078461
17 416 540727323
10 953 279627949
25 411 716679381
35 336 375854912
11 126 755578372
8 1075 861250221
10 1 187848121
33 246 396919902
27 304 678601604
34 141 368872135
11 1035 98371620
6 1339 584840950
37 19 77097138
23 358 578750067
4 359 642064900
30 371 394825906
24 780 38169531
20 633 271316665
23 141 689788792
33 1106 356503469
34 966 70119537
23 734 681987468
1 1343 520282829
26 1377 368187552
18 501 924771350
37 836 75679580
23 1212 586641131
9 1332 158663201
20 855 194622142
21 894 649530154
16 1347 999696366
7 855 863410109
4 416 977051904
38 222 705826732
8 1452 313941252
5 1479 403528755
16 71 952447140
27 709 737977304
14 550 402539264
19 1388 957476246
22 918 487264725
22 146 37178887
20 1288 899207896
28 300 649462821
6 1371 577375398
7 848 491166069
16 220 493648253
5 644 116260421
24 1394 133588936
30 107 836167516
30 15 916265423
20 55 252300896
30 648 749069793
2 788 765194313
6 295 426151530
14 471 194211430
14 424 182146980
28 776 226106785
13 268 143147554
16 960 245956962
6 1496 777976248
3 1102 217992516
28 960 950358760
16 953 862746976
10 1367 608260287
28 253 554741141
18 930 759352134
4 467 239407968
14 460 52323768
38 769 188661813
33 722 382992687
31 516 433777638
4 972 318020794
25 85 517140964
8 1348 483992670
2 97 817680571
31 570 369230811
35 504 190081046
21 791 441315111
19 856 543346610
32 1155 377143035
25 842 168626466
26 1478 755401021
7 967 571428439
23 91 327070679
9 1156 230033781
19 180 531183644
30 663 25898328
7 1442 63203965
32 73 30573449
26 44 65477638
4 83 948301955
24 1256 721403785
9 722 52114035
4 1324 519593571
31 337 243163798
32 1078 155203892
8 1271 920496020
35 504 621758879
30 839 940992486
30 205 371418885
3 912 105758125
33 1393 905806498
22 395 449631929
35 197 850668609
14 274 696919924
1 598 674492061
23 1287 95322848
13 116 462877153
38 575 741504023
38 989 532969843
37 415 978851486
29 1115 520058736
5 75 178624036
22 1325 675922276
14 742 189364314
30 1174 718334036
21 381 928746147
37 540 600321672
20 1491 918050687
22 1004 730809122
23 526 83450562
24 1204 244625786
11 63 80699864
20 11 587577717
19 741 355003086
2 1251 773554673
24 21 549881289
27 898 603244176
32 758 210347870
20 1318 557905589
30 395 617949679
29 1231 699326169
17 1316 885121106
8 434 136582993
18 685 249489089
26 377 188489553
27 431 874657170
28 328 62713998
23 280 610289097
5 116 836715194
24 35 459161427
31 1130 874195448
21 510 89597136
29 320 320336612
28 390 939323883
32 1245 198673161
38 149 397134490
7 1053 598245154
15 736 669725949
27 528 176149222
26 916 951596012
30 953 940515631
2 434 452167997
7 1326 595510062
19 417 194331578
26 726 182143843
22 1250 238268850
8 63 625474454
4 1491 640781235
21 1370 771332807
28 179 44103313
12 1434 302244788
19 143 825770649
16 1124 634553928
5 541 345932245
8 1165 365297339
5 486 657173969
26 1081 306206569
17 1165 318757935
17 460 536490629
20 1073 218664806
17 1276 437735855
30 1181 666665238
22 594 700072739
12 3 464694834
5 1189 831812082
22 274 903846651
32 1495 815066789
33 1075 4212531
7 403 967858419
21 437 161440457
8 1098 11272526
10 580 488998247
38 419 226080413
22 532 235113966
7 1188 840092617
30 561 767079702
20 1264 218379525
8 824 279216079
30 1055 99010887
2 216 562817897
5 559 700240989
25 776 833211870
38 153 330542755
15 1361 796304743
25 782 110207477
35 306 473538857
12 372 39026812
8 373 913715022
33 945 328730261
28 305 815567906
2 92 840591081
13 1213 103697780
1 1265 804423395
26 684 160433076
28 1185 710153384
37 187 347570612
27 531 480840151
31 671 956233065
27 557 350802740
31 962 842618929
26 1289 378845621
22 429 958092276
6 1194 145458353
22 24 397224166
10 65 218600249
33 1184 339360907
7 584 47396230
18 1469 82066115
24 1369 388780678
35 1194 286116354
2 368 161766161
24 919 196187528
38 615 753025560
4 802 809366897
26 241 399674811
38 684 290052382
8 617 784094684
36 1087 913073085
14 425 330195549
18 926 296470692
13 896 731276991
1 174 14729646
22 164 539700532
11 606 892011132
38 203 914233701
37 317 841579192
37 326 83238340
1 865 121205586
34 1214 269290166
10 786 951057369
7 633 834519536
6 917 423937141
7 194 918055909
30 1272 531605649
11 873 659323727
23 1166 660573222
10 765 133691157
1 1010 421326167
7 219 375260071
38 41 21773530
36 436 984462462
33 874 759795097
16 1242 36510568
1 518 567750431
21 208 78062679
8 233 136465623
38 345 680871832
29 248 664329831
23 1222 374073183
5 451 838747198
38 1304 113762342
16 601 745364007
8 978 258152340
36 190 494132743
10 283 270107893
6 907 798248023
38 290 415204393
6 1066 734473645
38 894 443932956
33 201 434626344
24 654 350650223
33 432 592079888
19 76 55712580
16 864 904032728
18 1141 985983817
8 996 116501702
14 175 331877576
38 754 243248500
37 1426 556443476
11 330 191616751
33 859 440090073
2 511 92642731
28 317 729930579
10 1434 735667587
38 635 859791802
9 406 909245225
17 1418 445110254
26 1367 94762919
30 1495 105649345
12 822 702443505
38 1261 979304259
22 215 963435436
14 378 60844520
21 639 558663779
9 1334 970235624
8 810 768432444
3 1 44528174
32 1500 232660572
33 854 63354339
15 1355 553429285
1 756 706314102
19 469 130850176
20 6 842777654
11 1180 730580394
28 1323 536903310
2 355 677961853
1 460 453224521
34 590 308597746
24 1063 145949463
35 1493 584157709
8 967 104426809
16 993 969043921
20 1280 938620465
30 543 139732161
31 997 529355061
28 454 258557170
20 108 916881766
7 1350 118721460
2 1478 177732028
11 1278 174223708
19 1235 119794002
22 1006 7250660
32 1243 275735254
36 731 822160779
23 816 952729634
26 1330 923032218
21 558 950643085
15 1387 867075107
17 549 221000812
2 765 294029700
21 585 647207990
36 1391 12955354
10 266 741204394
34 327 571700193
23 260 365316224
33 1249 879093760
34 845 889728356
21 942 657365717
5 480 296992902
21 1459 369828735
29 308 605793097
12 1053 643592411
5 409 48884989
27 854 941451986
7 1121 195670777
23 749 120967029
29 844 906825339
35 1069 770151529
11 1139 293296687
17 718 702084767
14 26 886651181
29 687 89327300
13 1317 145904598
11 857 778878372
37 699 569985470
4 524 884053171
23 1318 81068453
22 1435 481585469
19 476 754854939
35 500 511632205
7 655 977880447
3 1106 187404492
32 201 800982075
21 1147 81661766
17 978 549477559
35 738 446974065
10 520 29159410
36 989 181525460
5 230 770090694
29 1012 171290279
11 1230 965592902
16 646 192782543
25 132 219749599
36 420 492763413
8 922 717845310
22 152 341693958
1 517 465265439
5 1100 105788473
13 1334 321784403
38 581 793782973
4 663 753278457
7 1080 407795127
29 1027 898440872
25 440 718049867
9 1489 302354431
30 251 821984653
29 1326 476493298
34 33 728339434
30 327 720563810
38 1048 275693411
21 815 21300788
8 468 646066173
37 1309 744684149
24 711 145580638
13 1012 175795300
5 343 168948698
18 1193 839229639
26 215 424298771
6 291 336167445
33 185 709528973
25 4 938774888
35 399 23780004
34 815 696776495
2 1026 675268639
12 1080 800569444
14 613 990698523
10 1342 952372708
35 1406 789796866
36 89 924767076
10 238 945300205
30 555 715065579
9 1347 743317481
35 412 634450131
33 307 780665949
4 905 733670513
25 1380 954320924
10 430 284402140
34 551 393554240
25 424 707043567
8 806 899614930
8 149 680989229
34 1338 601662956
13 263 148282883
38 310 428061616
18 167 718032560
32 334 219323721
15 110 437277882
35 865 834643494
3 1216 290400886
31 1065 988578118
35 462 860876669
31 795 854266489
35 1339 548120222
10 1344 776362655
8 956 40573669
8 604 134599626
9 526 702921933
7 594 184423212
21 394 234886070
38 619 432602505
25 1260 585470457
27 180 18930719
25 185 425714783
27 1079 146879072
12 752 607266084
36 563 384157024
14 71 389322743
36 996 970652447
29 421 55019521
32 1158 670025014
33 1359 876179317
26 714 959453668
17 1078 842907200
10 1182 638450202
30 1212 837511275
27 434 673994578
22 454 345449217
15 1067 256265725
32 1429 263790001
33 16 695854264
35 1320 183750661
3 106 891544190
4 217 66782225
36 263 972762855
20 875 444032783
12 1000 246106116
14 980 53925303
38 1299 335892504
23 776 20440705
3 1191 686396333
23 1129 70524733
4 738 46725327
34 1215 214542111
30 769 535647457
14 1087 467539446
6 1115 365365339
21 60 480156307
15 911 165270070
28 929 90958735
15 7 826234945
2 137 8873434
28 725 781189601
24 1114 713237027
23 856 70034655
30 90 700176456
23 627 472563996
7 1084 688411762
9 875 177403230
31 380 472320964
21 571 212978820
20 1185 821388160
12 269 837531038
16 368 782829762
17 1206 505247728
22 1209 807368399
36 760 258242037
25 59 389530737
35 795 763368408
32 482 277554632
21 636 5327989
4 1124 74944783
11 411 520195999
37 378 391375427
28 1453 861424533
16 1023 284146465
15 809 802143955
29 1217 524316588
14 638 460459146
20 1492 258304160
13 483 293039607
1 349 735554207
14 1464 189900988
37 335 136277157
25 1209 172726465
35 69 712394741
27 613 149565228
27 694 165867691
17 509 186949546
13 1419 16107196
30 744 938588611
33 956 482258430
4 1299 868785852
31 1345 725251102
2 1484 595189489
16 436 262425960
35 1333 929494126
23 1010 671831251
28 731 206574412
37 1243 324239305
16 24 689673025
31 194 30008953
30 1094 813811124
30 1105 257547356
24 125 592860623
31 840 462391047
2 78 725175179
20 824 555579679
25 111 130715174
32 229 990614663
7 1344 558910398
21 546 403119872
25 291 552930432
2 1468 945280968
37 461 137612337
19 1140 651384154
5 1370 10538817
16 1240 223137443
22 973 108293205
10 423 576463953
4 51 477847280
32 20 943562831
26 996 33645464
26 1296 635762535
15 52 759846518
18 819 275441097
1 56 409354118
4 973 13215755
32 15 156515927
28 1048 873486385
36 149 754705072
25 1442 195688295
33 383 704640624
24 241 64620395
13 1290 23928229
10 47 258494343
24 1306 858700219
26 1132 816296873
35 831 688822945
3 1294 869433076
4 109 176136552
14 836 260605084
18 1381 676519357
19 747 656006848
25 870 171775700
33 1296 446430560
29 1107 237429778
14 1413 457398713
31 506 109284881
6 1209 515849610
15 175 308434271
3 641 422598227
15 497 279459150
5 822 879330768
26 1110 94513717
14 1290 488264659
23 948 984651303
35 217 920093042
5 80 677670985
33 765 124097158
14 1055 725756452
24 671 307224458
1 903 742878688
37 151 834105784
28 928 396270697
16 1136 911857027
19 154 649839355
16 887 64915001
33 1328 968165737
11 273 87689190
37 547 586972293
10 787 381612172
28 611 708441111
16 177 649370546
11 31 26197637
26 1463 662659626
17 999 258234485
26 625 124215677
5 183 443563203
3 1258 581217202
38 576 47211664
13 1467 716894102
9 539 888383503
32 240 982058047
14 68 636075086
25 38 494421282
10 908 3028658
17 663 279591459
18 1108 339823787
23 1181 750369167
5 1416 89802821
26 948 418735796
29 1046 839520347
6 934 49486049
37 87 523684766
20 1299 647561545
7 942 163210706
8 1363 335197306
7 882 759465460
19 1333 474624368
12 946 110146049
38 921 43719881
11 1122 318342455
10 1343 474601843
17 439 352825501
33 316 272069642
34 84 625410514
24 1427 795995811
2 555 795336962
33 289 642866623
29 940 197740050
16 1499 530480311
22 198 380039173
29 596 818045843
9 72 375991831
25 1004 223017606
32 1188 940459437
3 1030 281056596
16 338 24431132
21 648 769237677
6 926 481042817
27 923 734218852
37 1372 149045185
30 408 642986729
11 302 599960372
36 1423 868137695
20 1191 750021658
5 916 324240028
14 954 592840309
2 1090 838284142
11 1318 407744674
9 750 265597766
29 906 158834359
10 1129 251324123
8 10 427481731
5 211 962074318
13 1298 682670874
27 915 982271149
2 733 588626468
6 1385 492295640
23 954 683392532
6 826 397006883
8 1263 626703965
8 1447 107138500
30 968 64293468
37 772 75165463
33 839 342574535
28 1174 768957653
15 661 124430387
31 880 999638107
20 1059 935971883
6 299 62813525
35 783 997457390
28 481 148881847
33 396 231843271
6 538 699235418
4 1264 189202681
15 912 811121074
26 813 336931500
35 1214 808667734
34 810 224470305
30 1078 858650625
33 804 529632000
16 764 908303898
33 443 908316873
14 419 313181529
15 1451 709341478
32 260 112237993
13 1403 250064318
3 1054 115418042
11 360 622592043
34 1194 739479550
2 798 745358881
27 856 525520507
3 411 847315900
22 1419 249333344
33 1421 115299862
18 47 513767606
10 1133 501162291
23 895 302792119
38 1109 158129718
20 379 762112348
31 225 425052324
29 76 995915083
33 167 419616784
31 575 436124885
16 1337 793301400
17 275 204663170
16 1468 336435451
7 547 412433354
17 668 397986544
15 325 736026567
20 1377 274527003
32 596 353322205
35 228 869809907
25 840 596487392
12 1249 39384658
4 1109 311682870
24 581 860744138
29 290 918422691
20 201 436413702
23 1453 864170435
28 1154 584562373
4 1079 15446260
34 407 938189160
21 396 91758124
19 198 747239396
1 1110 706465338
22 304 154465409
19 1139 218391617
6 721 462702680
31 1243 466728590
38 1192 675572698
17 1428 664446192
30 239 491124445
25 560 126047682
11 1201 712189662
18 724 9223645
33 20 1776249
3 1244 551440456
32 859 666480061
2 86 304044622
19 153 303571128
33 334 549030844
12 558 961901685
5 312 62459595
21 910 917394618
18 1362 218867201
13 284 49390395
22 1089 110401174
31 497 22250626
12 1346 943744193
1 1123 646886326
20 407 393020521
14 184 599334501
4 1252 577697713
33 556 232656272
33 751 576418105
28 477 972575175
32 1345 14862508
26 1159 948817647
33 583 300766277
15 966 367882624
23 1303 871733668
20 1340 982422866
15 1056 474553109
18 1175 523170652
5 160 758059624
29 1052 705660596
4 320 421460626
32 1486 420537803
16 159 347327809
30 992 32781536
1 952 451132959
30 1201 715704722
38 895 493944576
9 1251 95589489
25 1294 840082040
21 1382 742156399
35 1432 620497674
29 184 126878333
29 198 571286359
14 648 866092964
27 1326 19301470
6 121 450631587
27 906 819021572
34 1247 193101059
23 1442 845904865
31 934 49287517
12 1442 815454488
5 903 662788465
31 1058 622336221
31 927 147239724
19 605 700491091
29 1459 42648725
27 1426 796879648
31 1281 462606559
7 448 672971518
18 508 312636268
27 874 297471198
2 759 161689318
19 646 617716322
35 482 183813438
8 528 615127647
21 936 884523609
17 1227 898417726
23 1200 857331530
16 259 726155819
34 113 25528665
10 805 64978254
20 214 800557136
8 1309 117225798
4 1137 792807199
25 542 207680201
16 1320 741862865
25 941 282672715
1 18 258891726
12 745 314167358
16 93 220427072
12 1219 264485825
38 881 13939784
38 1212 268237018
21 118 520989348
23 256 244193679
27 798 604129352
18 174 47399435
2 61 157527767
10 335 943271177
20 109 715311171
8 351 826450722
8 68 110195141
11 128 11770291
2 1204 612194939
21 1102 108047475
19 405 453652897
14 1098 484047781
19 1077 500043515
16 1180 299060697
7 447 109521626
