1500 1500 1500
515 1239 801457483
853 98 314888396
1112 511 19981247
161 34 84878716
1313 1440 784832799
371 961 897481212
1100 932 957805279
807 93 396412394
1093 753 720495755
1174 1443 989095704
347 1196 823260858
518 988 461764962
1066 441 222999081
1294 1293 294496104
253 1162 816689685
848 291 558273587
1157 1475 134156160
1335 1220 975544651
1067 298 759406108
953 355 133797773
505 851 755459921
1275 1449 179988304
332 296 428295313
1108 748 874197938
68 1330 125019109
1198 281 834577690
1495 1110 423080910
431 957 21340468
1078 1203 368030868
1045 718 309447552
1008 707 93162854
426 1247 216180911
568 881 615734700
19 437 943144322
370 562 520749064
1095 1456 805871461
1500 333 908947152
32 363 943054728
451 276 316422010
809 1369 990663597
1259 124 154965171
1282 996 338780680
365 199 789514531
180 1099 387926914
134 61 57976982
691 610 607159867
186 260 219681949
1189 1106 646611917
897 1420 377465962
1324 212 691550466
797 501 587492548
957 389 579481739
1059 1027 255712295
467 154 279470391
1461 1388 219199933
794 360 738038512
1096 811 256965844
717 744 702167207
575 109 265617690
913 87 853451377
1279 2 946943859
766 1468 369625427
151 498 242239047
1153 466 968629534
1124 1244 864519266
681 332 930616890
644 644 871425241
1018 1243 627658833
1321 997 926138494
1490 541 114766015
299 38 537151411
870 1498 846492327
819 1139 472887678
607 1313 626639814
331 265 215383605
682 1291 240362645
466 335 36391319
110 1209 586692066
599 1017 545705410
424 895 917739865
982 129 85244736
258 808 7730560
98 1268 168074091
789 1348 919497739
124 715 829927405
516 446 959030228
1016 772 316484444
1224 1071 153918948
738 964 693023736
559 281 100462113
1439 657 563733561
693 913 536151721
1378 1461 729775403
530 1099 276986650
250 71 725198725
1254 1116 655523049
498 1429 650364388
1479 616 546488683
813 3 790753424
143 280 183999346
401 681 552802919
1312 579 375649989
91 833 235434682
810 1329 71054080
410 498 811578660
35 713 809339420
915 371 589856283
1462 677 145438164
719 1447 587476928
471 1493 155272674
1039 84 517654508
569 884 862817551
373 958 889706781
54 84 854550648
334 852 50283968
598 1314 34065217
1109 951 792837783
432 1214 157089903
864 593 453227866
1367 1205 657439708
964 1137 392056178
306 433 561140313
311 1067 826430826
93 793 764835684
966 847 227711501
858 91 271834511
934 321 381023005
26 1060 107431049
636 464 199299726
544 929 472496714
944 1199 356414183
666 1291 585479017
951 1460 104855397
31 1282 118941235
611 453 945772883
586 588 363332914
1173 1103 117873875
683 1158 272732348
935 1365 756742138
868 952 128741642
1014 607 938664936
973 1284 740917212
184 550 932830465
650 186 964472692
73 1180 142081698
406 853 87485689
776 996 800009779
256 1433 65572835
1068 662 39421027
1358 739 73160143
1432 1458 851444586
368 33 396824510
1041 1203 583667837
422 280 914076972
1064 1195 57016849
1117 228 592474789
929 647 423646216
621 233 658336201
1142 295 499835984
989 808 705814688
699 236 984785660
39 742 311835440
210 1152 831836845
504 1392 372173232
172 885 393638610
1005 1325 665087820
909 1096 157604767
1260 86 496054878
283 366 144968181
905 1049 295772682
922 420 411916390
183 296 636740863
647 1055 696902578
1242 870 374438664
376 1016 192709362
992 277 205812120
287 270 138926263
755 1021 4751928
274 1228 202719424
1205 1452 553444077
246 1099 248363630
1374 577 60233299
648 225 956331086
1235 234 653589306
1292 553 795953438
1104 1304 55027057
51 562 945508872
243 1172 291202148
1492 1149 815509533
573 870 612724316
1241 466 169486542
1286 1021 660998457
1075 1213 321882164
1448 836 115083636
745 29 932729751
768 660 134508889
537 1081 486722515
158 553 787176692
455 869 33325713
1004 1072 304643726
1499 613 812937750
812 1218 242270757
90 148 218396459
1169 594 258828094
706 258 597748494
486 1077 405642074
325 801 112868865
207 991 308937284
655 857 643324063
206 452 198609556
1013 77 224084503
960 877 312855534
1289 731 612103183
358 1406 288767392
398 88 739998386
223 183 891715518
1438 75 219453140
352 1424 376011921
1158 442 272972462
1387 1001 400901995
444 385 534363767
735 1064 652021678
1179 1224 259038424
318 1319 754049334
1057 737 814809245
179 1346 241585658
261 1287 10337468
896 526 862329276
638 1261 536891082
163 84 481887436
880 1306 701604363
1359 45 600317103
676 607 442020041
66 1316 993674776
1276 826 358998882
199 414 248593760
911 126 73797262
649 1128 199704233
1232 447 512123335
1251 1355 541325879
927 1043 933322529
1219 1290 103253240
10 1460 891880966
1459 112 377695259
1385 287 852411865
1062 805 774978131
295 736 232957249
1060 1362 297064959
545 878 310547352
437 1105 383375266
652 618 897831364
1230 491 175279228
1148 1322 158206822
1310 1389 855544215
1353 1030 966885792
154 1073 927138161
1121 1118 999663249
993 663 435139004
765 625 489662645
871 1213 897938633
1476 1228 925292529
1456 1416 133460879
593 1223 937532449
1261 683 449377794
1194 188 960837188
1164 331 479811058
697 890 502383828
659 1365 851953714
409 1349 70786564
522 378 253982663
1300 615 397337040
876 922 17695212
747 1349 102904582
285 1426 961894325
109 364 673591561
1362 458 914774547
626 1327 359728136
631 705 775939456
950 1087 811231807
1030 419 9462645
1190 449 529263193
472 968 133245381
1416 306 94721044
489 1306 965763501
1147 202 142534484
503 368 47855206
1079 781 504616555
1487 1197 511057386
312 777 685821967
1452 6 356128810
1003 1216 395205062
1209 523 308793921
930 779 264870076
1478 1410 763076778
296 549 824568583
923 251 153781216
276 1362 107938376
718 54 727084886
178 198 230550131
754 1204 309528226
169 779 338782092
851 613 496509947
262 249 909656327
501 135 692022149
831 1435 562172011
1301 1036 497908458
286 1481 294437813
264 584 196556217
288 642 386445438
1047 320 976712338
672 859 25946781
1204 323 293028811
462 740 542216655
1373 606 227262218
757 166 730253248
1377 1005 739996734
1034 450 287941001
259 393 891427907
539 62 910677642
1180 208 143997841
567 1268 278050036
916 160 598774601
235 1216 538868289
1028 1280 473381956
13 290 103357824
40 1270 958566636
407 253 369013573
902 322 211259840
174 449 709655020
168 258 317188775
1398 1466 270714705
589 364 92510286
712 278 364307588
193 502 393200083
323 581 958325173
862 1346 303754102
292 283 28091812
732 362 94920785
727 732 484219295
641 177 852096263
698 121 528693241
189 1323 330067931
340 137 120674353
391 1107 9740581
1185 785 693752639
1103 277 939122723
159 431 61456561
385 793 813739804
341 260 741442246
828 857 420631803
826 1242 927895129
1329 1172 256206861
762 1488 60673089
556 602 787688727
1477 368 895939697
226 1200 955328988
713 277 774823540
239 166 53910583
1221 1277 139502049
748 165 588337763
526 1296 18295117
534 1002 812133197
662 946 78872610
739 891 700694562
818 163 428968782
799 1076 578399646
81 814 592968234
1460 1052 679355943
390 244 507133482
1069 918 335560906
397 216 515296566
113 936 470911431
23 998 285202498
628 1087 82626912
196 492 262470612
1 1201 117748015
490 233 966921029
129 578 472522021
47 279 152193138
219 102 816247612
640 1365 62937662
146 1374 30322662
1440 227 534153669
1042 168 152924467
481 1054 391056813
1298 352 833547328
1444 218 744382633
177 726 989064013
1496 1449 452712273
188 180 929668501
998 1166 502438773
49 934 849242890
1038 229 288034738
64 295 684419039
423 564 535653973
1465 1169 752915707
845 1368 162022364
1243 808 562651741
377 1379 964355117
790 1495 128780082
1370 1024 276820083
222 1412 378624992
919 923 904825752
627 688 180233769
1131 1478 20731368
345 837 721220855
658 1388 29543385
1181 80 872440842
972 55 963560151
249 532 623232518
1290 764 613795417
664 249 441541567
513 1076 740787122
50 350 566626964
1252 545 980198350
1155 822 690636094
33 1384 45809022
56 239 653142968
1182 1383 349077367
1188 286 77897915
947 101 678437969
436 819 305429577
1036 283 829039956
408 5 86827148
7 48 762805942
974 132 586852801
37 239 208902898
327 1042 457896697
959 529 161972268
733 936 84189329
555 1151 37072638
1360 1183 438787694
1229 1133 986261170
814 1431 120962120
1421 1449 558595836
1410 625 45075487
657 202 916059436
1308 994 651676843
562 950 998080833
827 486 62576871
1138 452 668263546
1361 1467 658116905
9 575 715306609
379 473 871974301
1311 563 275099221
615 1079 858023561
882 994 148235532
1210 1239 281656347
770 9 108048678
59 467 563935051
654 1240 952728671
1472 1112 678972564
1072 94 700591579
485 473 977164799
338 1436 594833918
361 29 660666041
854 92 205410645
1097 1404 239834872
1433 838 115157676
1493 1272 649232278
1149 509 643128058
92 620 353375768
87 1169 546554969
542 1213 235887920
215 386 552093644
543 759 83056426
749 1212 139256298
577 289 936529635
667 1203 659520065
1044 827 249299707
208 630 80951907
268 1185 347876274
2 767 68721864
1283 83 878744021
1436 1244 595712658
767 1479 134091284
949 1304 637992375
297 992 344990159
1151 30 183446525
531 1120 165838346
833 726 350365058
795 232 113998877
1303 891 320602007
512 990 533992383
773 952 471236352
1333 133 24989946
587 38 359341694
492 159 894728298
251 1189 79258290
1233 692 13161668
1342 265 239354769
1186 303 681062369
996 1230 793117963
1140 413 615315899
886 1225 75863960
1211 703 213995831
687 528 198405155
1404 928 158798018
610 956 871674052
343 1246 298317835
878 1110 435515741
171 513 614182068
725 249 528522365
77 429 105583227
673 302 476486026
24 707 983119073
591 964 746556767
1343 1236 760974654
79 384 588505002
1027 780 259192157
399 69 145867015
1408 1364 729366923
133 467 279827062
1089 188 997311892
218 933 414709247
791 1467 824555548
1431 1420 636830823
1372 794 790806265
1031 129 112290665
1145 977 47940391
384 396 187471772
742 890 205552473
1247 584 144959200
1418 980 748945220
729 1387 186427422
1390 1487 885299386
584 1332 216810378
84 1384 99207401
1454 603 695606102
835 1339 888686090
453 1332 206050929
1191 743 650183334
602 740 26308628
783 1029 105876445
920 520 559631074
1263 1136 7635228
675 347 119801556
48 566 947088769
510 971 404824770
841 428 596912078
308 393 937422072
581 438 656535514
1309 777 64333091
983 1257 775385938
392 845 277039559
1063 477 90724058
1383 1433 786997492
386 866 328965075
217 794 177971559
728 924 293855690
942 969 740124462
532 871 704800170
1032 1483 295086314
148 1150 833492599
83 1007 92816436
464 384 228158064
1240 732 442496497
195 1474 428271412
96 1290 534364336
663 1048 534463853
248 960 642011446
303 324 814255525
1443 434 957020724
995 558 135910174
65 682 193559350
585 281 451759629
1163 982 675841675
475 690 345012712
1193 1065 331523811
277 945 860716731
1167 672 97012855
709 417 437672666
107 477 647360511
167 1291 346182409
415 672 464651918
865 1388 160295643
348 538 759580049
176 452 318817177
1249 120 228365288
405 442 409742616
1331 908 30273658
1006 800 130041177
887 1224 74927850
225 283 897308971
1316 591 809841075
1202 817 718858558
1052 649 162851095
1430 1290 947889239
339 796 656675147
1471 870 321327654
470 588 180510075
1381 1168 325907427
440 823 518601213
232 47 120791079
460 1292 203474242
752 1359 571358458
1170 922 461276576
165 454 173010396
802 1290 48733518
806 1402 49040556
987 975 30828093
1065 843 163124489
132 1486 837944378
642 604 165885030
4 910 409172030
623 1405 267311280
731 1234 694114787
1022 925 884329497
1029 857 833633993
753 72 83755719
138 1324 437207781
6 1042 789153196
904 806 154086507
1270 886 410351500
1396 60 206786184
1231 1188 784813492
633 214 151785415
893 208 205850792
3 13 544533716
204 1449 327529368
121 432 635341836
509 1443 971103897
88 1231 50076722
632 1424 83988326
785 559 369893254
551 650 246396972
329 507 210231439
820 635 805663106
1050 1149 117307087
860 1231 630082426
583 1168 364094730
1120 135 421648390
46 334 890154506
1351 1200 260367761
70 1483 56035707
737 279 175585843
1482 890 105800421
1284 119 314166148
57 1497 22389803
369 336 126156364
1453 308 293742967
34 544 99560617
603 967 772895510
529 758 918637319
1127 124 869199432
1391 1027 403268414
523 176 537670796
270 746 497177139
439 1168 672898342
1403 1207 486864525
139 941 396396903
963 1019 378468635
609 677 51745236
357 1116 998553204
166 1283 215158336
382 589 135251781
80 883 52626945
449 658 94701767
540 289 162773260
1150 1059 427816733
257 701 224971784
1412 1311 609693490
175 711 454382436
1152 923 806409766
1328 223 148737587
702 538 151960433
1411 1149 951988333
645 636 513204468
115 582 355382468
954 545 661768475
380 552 497002513
496 697 428664686
1015 1144 979793677
53 360 201421313
112 813 736599362
58 1298 995538514
255 1498 393218271
736 127 896219081
612 204 656502366
1130 1151 386371582
1201 233 125828299
643 650 606610707
302 938 735073063
316 1316 537394920
403 40 469470731
1267 1220 273000146
844 80 646640532
1088 793 428399266
1354 63 757336399
990 391 433848741
1278 1099 873106056
224 706 668287876
144 538 18159091
1339 1224 880223522
1228 1438 766311749
938 1017 174863542
595 946 203020122
1285 551 551128320
637 115 403187651
105 509 330584156
1239 1467 146197432
244 577 908959362
538 424 648870065
441 1419 778391669
646 1259 104158998
787 1080 981210601
1200 578 290938809
241 763 172449110
597 1125 651579178
1171 1470 183002358
872 783 255164791
359 543 197739714
21 1435 347225665
1000 149 943365444
547 1280 65494596
275 781 455384924
1314 518 378767878
832 524 337177951
918 1120 411461908
1407 1409 953550751
1320 139 946965669
1475 1443 876151180
941 1438 833120214
349 571 158408082
1139 1261 329567034
1424 123 282567738
1136 1223 591244695
869 781 676177646
594 1086 314432742
238 997 617969689
342 212 840639363
11 859 734862316
1160 1090 665699457
793 516 218672296
1256 514 817639752
881 636 370540135
875 1370 863945455
1035 1089 304915176
552 248 895326980
1291 760 953801682
1195 1108 877183826
656 1115 325028531
44 152 711115929
1111 1379 673851928
1394 84 263627738
220 171 439955634
1010 1488 608156412
205 645 620714701
322 844 480058593
690 1312 182285405
1382 242 878953661
1054 13 881366646
1332 702 894110379
202 664 668483701
387 685 596758661
1491 1021 216489572
494 1467 166324274
1255 544 82645747
128 1040 117729644
491 1069 241396646
670 1448 876324534
1144 374 422391317
1419 317 55616437
1083 172 955766046
99 520 199132200
278 1008 217032189
191 959 576979747
997 1060 135420433
1212 1488 900042200
786 1295 320456463
866 155 690789414
524 284 216232847
910 1005 634727483
289 971 31024027
846 203 79304439
955 1429 404541736
1012 1458 454877475
221 591 860051143
508 10 341448334
18 311 839818382
604 1440 562136129
162 824 101831867
72 451 233338147
61 650 727506431
344 992 890806200
200 1039 433944821
362 153 257828028
1033 412 180069370
1076 1268 740195677
1049 1013 963783742
651 720 94273083
304 515 560796057
686 926 586853025
465 1399 149809261
1393 1023 139787360
653 400 425027941
265 1102 413708566
333 376 774133968
1470 387 661832143
42 293 127794476
1116 272 207843922
1009 199 29383267
1468 1194 9563392
1011 1287 23133900
394 1179 167813858
507 468 197951489
580 222 315859428
30 732 250294161
1347 1459 914457059
1480 1129 273692966
267 938 151988291
608 537 857146299
469 381 21473176
104 1359 785670146
616 391 116535442
8 247 999152803
606 1309 713544968
984 663 243620816
1481 882 73431438
1177 1416 535264771
12 922 702365562
428 1295 155659693
1086 217 830982297
375 124 610925400
231 560 275831660
230 474 584195862
1094 1254 703254835
1091 224 210729729
137 741 156765520
895 1221 883105271
566 1059 498844439
1165 247 227906818
721 342 809333839
74 443 60780672
355 407 927098016
634 915 78868839
1226 775 429127012
1074 1064 163885377
825 902 24079539
1021 585 571181533
908 594 928559998
823 243 667559716
36 1424 283122194
52 37 471551556
1244 362 97873405
740 42 65104389
43 977 710113727
237 232 360956904
704 1093 47409844
86 1354 565324669
1340 920 818103369
233 97 965403629
1426 571 279509153
1134 1018 260562526
298 1173 380120894
925 913 109678388
1364 611 896262011
1371 1030 176031208
999 1282 650669977
571 52 713386160
482 1477 180243055
1457 646 375844426
1237 1122 952872891
1368 1019 561000159
710 207 784874870
596 148 36989594
364 218 45653234
1101 47 132119122
1464 1094 190645592
181 1184 971786477
961 762 752351405
521 319 693014483
413 1021 857025436
549 871 243271221
822 1478 343735764
943 35 105567502
1037 620 145223285
300 721 437819749
1236 111 793472742
1352 721 454486764
29 270 173122744
280 414 701631828
127 346 962216558
425 278 146092354
1090 1031 449559530
411 315 84223590
546 967 515669394
1007 1359 232567361
209 516 480301973
1218 1346 403835776
879 176 38247794
678 250 497155069
446 126 674240268
815 209 33777337
152 948 72468752
1266 423 145592841
1325 565 10748077
114 688 569070941
535 355 234149458
988 947 84804328
71 722 583246389
119 555 423223996
800 1307 986963283
294 893 7749195
863 1452 678964093
97 161 866996304
319 1341 993831282
680 874 810748479
694 680 917545032
933 1462 928529228
723 516 762210459
421 258 396769236
1025 342 855434963
560 825 738315830
326 1054 136871567
155 1221 708804781
194 359 904037766
254 1188 902191846
157 421 529063055
506 780 67525833
1280 1362 947481731
82 474 50787491
111 1391 404600126
830 1190 354244045
1268 986 511438217
1449 1165 499271797
817 394 71788963
135 1236 943758507
622 293 685965160
27 1104 907954061
1248 172 741255169
511 718 871684349
1305 162 666662716
1485 1377 894780187
309 983 983545485
1473 1479 307771485
660 961 57170368
856 1397 840169893
1154 1292 381194470
1466 126 969678751
1277 793 644867649
885 345 291155863
227 1335 619566839
1106 474 711596851
1379 1251 533445774
1227 1471 219974171
684 1024 207404169
1330 922 745034887
1334 1177 576330723
600 1243 657499879
240 1318 222773635
1216 1056 145890277
1327 1324 104930936
330 440 391423836
578 238 192055034
197 451 869844223
784 1225 181705465
479 1108 288786893
756 67 139751412
834 1339 960302311
899 1337 252290030
336 1278 220937178
173 499 285665006
245 176 187962321
1386 1247 815419404
404 1201 441161688
122 830 514607144
1338 437 985436072
447 1348 7660183
936 1444 302202809
669 1464 130831088
986 1171 270273574
975 824 171680695
1402 237 882857629
1498 965 596577324
351 1239 106848166
1048 1205 708205073
1406 844 661289997
1488 990 382635201
1172 1476 553149186
55 1320 696483606
635 994 403411639
78 682 115757526
779 261 315906543
500 790 994378687
252 1097 423871195
1446 424 219253053
1349 745 374143401
553 201 831405953
618 1181 22963315
414 454 425391912
962 764 578324094
1135 428 751536757
763 148 193611682
1269 854 76685121
433 1024 852252626
730 889 274123312
759 265 905501389
840 607 91994728
1315 16 880380415
417 1429 885181864
824 377 902140227
468 604 802286473
67 215 38969462
1409 632 785380145
236 655 734918844
1053 204 324120068
459 902 636885767
928 856 312812291
629 1052 281065204
1197 363 211702386
1319 851 532138759
442 1381 489154495
335 638 654722877
1336 1458 47582700
777 318 752483284
374 1391 532686141
991 1274 994895539
170 509 846950665
1113 452 84533772
821 381 892806728
1115 889 151503709
1423 1320 536965407
1415 1407 745786387
412 261 73412864
320 1430 637612370
458 152 372484508
1337 511 939012328
147 1224 256883219
123 579 143961208
701 943 450326938
967 1187 687641700
1132 1015 838641053
572 115 201104329
985 805 38702044
1399 582 106878917
354 736 440904898
1297 690 434375125
1092 19 790094449
5 74 95967233
315 130 652990618
1265 1396 505392242
705 452 709462440
1455 218 633280769
533 250 111412293
771 1231 460052398
346 412 185752185
1273 705 549302247
247 146 298239620
781 981 654913601
212 891 781398650
1001 143 418640064
1156 474 418288647
103 932 402396700
668 748 231164799
724 448 765712054
1040 542 872426343
1208 128 260489898
968 234 501157725
890 1154 456299411
1207 656 783638748
1187 1361 101741838
1497 1313 128816374
1238 213 51996908
125 671 367733157
1206 626 751848961
1417 862 208856973
463 1166 591373018
185 975 554290250
1017 546 720410654
912 1214 200465422
1056 485 594347283
917 390 349586233
1199 540 809828694
1375 107 421951588
1114 449 354970121
758 1331 242667749
1102 1133 920595923
1126 1323 862474498
971 1069 149966716
1099 1269 567029248
1341 554 106014386
1257 172 988449491
1442 1179 50306596
216 775 374418222
565 446 906310977
671 1157 68452953
474 712 708167973
708 486 47638886
493 153 23807930
1486 85 69706695
665 120 813658025
16 851 750528706
263 748 214510666
536 1455 556112599
203 715 318057188
877 1226 609087425
1380 461 409417576
1080 1066 454065245
1299 694 654645139
1264 1236 941261842
1363 926 594041545
22 908 737868330
1141 1401 895869529
1422 1480 950270451
838 322 118312001
497 1075 87281394
969 959 437110784
1128 1057 63870862
842 679 863705689
898 693 35204934
20 458 754530579
956 458 539718293
1414 545 853762592
1295 358 385751023
1287 50 486342125
861 602 326110763
761 54 625163472
939 1418 227785862
855 100 701096582
1023 1294 941651654
136 414 707359833
419 863 86881600
1222 663 883863525
427 1236 267481165
1281 882 350187708
480 816 164923439
715 1101 516772430
1397 68 752317757
958 50 30815784
45 825 469494959
229 889 437796898
1125 1446 129612019
614 142 956192709
1043 49 164373232
883 95 272819127
945 99 618907231
590 152 593720803
1107 655 169367604
106 1419 114477038
836 649 254364895
801 306 354664023
1024 534 617913958
1146 1454 544866092
1435 155 250433533
994 660 44307776
62 519 504487513
677 1413 727528989
1323 1221 378491532
692 22 305572584
187 671 211047495
803 913 565900209
601 1480 375884068
1271 485 962850723
416 1044 817561656
1159 166 78402467
366 358 158036555
145 1418 959453176
1051 752 344610852
894 915 503353427
126 745 739810446
1366 17 20665410
1250 1023 361612989
805 150 2831677
952 981 219522181
1133 653 585502707
1345 501 269039683
484 194 689084482
624 649 371689533
360 168 547620488
924 1175 247801420
780 983 54124626
400 351 136081919
1213 108 138010063
1217 650 662228995
1293 685 242665754
1087 299 542245136
720 1335 587165705
140 1313 177059519
931 66 417080544
1384 15 751439393
520 1160 556239882
775 1232 597876286
456 1498 96274594
852 960 827645439
25 1362 119214909
473 303 394043024
1344 529 80877415
266 1226 59929701
926 1083 431200909
570 678 170323833
164 1072 11875753
937 421 622444933
685 1064 672398808
906 852 221754859
563 427 479888070
808 932 366428965
1184 890 106105605
1129 104 215509029
980 1081 464674096
1494 812 118274641
190 1325 867140828
722 186 663063493
41 843 457423120
1445 624 176965157
1346 990 831628418
726 883 324473529
1458 1451 206589100
14 871 85318926
324 499 250269742
874 765 982267372
95 1187 738981085
625 93 811052186
1019 353 961030457
1105 214 77775857
1272 260 995441711
1055 821 207234049
588 1 177510625
703 408 457563588
792 1334 28701321
900 1020 31908392
1258 595 471884948
89 1444 956393651
499 115 812451619
192 1196 709294093
85 1249 48312605
1161 362 936563925
921 1329 700401511
291 264 534968317
716 654 253235866
903 489 161439181
396 1067 105281258
1451 113 373752622
554 795 827374005
630 237 291163245
548 198 433230058
1110 817 98529403
149 1105 681109107
383 1380 138105693
1073 1417 559196499
798 1367 442923120
1326 1211 822553512
305 805 738161432
1467 227 989508618
372 1072 839041157
242 1494 621490076
1296 596 781910078
948 958 618100883
290 873 388650007
142 179 253497073
487 363 275701979
1427 295 675717494
1425 897 38972687
1082 1014 891954238
557 1185 341273922
940 1340 969389556
389 899 921868269
1369 1411 331542562
271 279 136695942
160 1257 119086451
69 641 625224406
1395 598 617209830
892 885 962427170
381 1302 743139562
153 1371 296118399
1447 1260 892585293
850 893 534402007
867 757 430962831
301 1 626887604
17 116 578221107
1077 880 667435265
130 595 644057817
1450 322 993071956
60 185 314804458
804 57 486963193
1355 1195 650372353
483 1102 474202224
1307 447 46428722
1469 489 790615890
478 1318 925372953
816 1187 359672190
857 54 992780073
1175 810 429472755
1434 55 80223975
1118 509 621339920
907 596 549604173
211 343 668903836
1192 1438 302284493
1322 214 669533631
450 998 176135787
1143 1212 62822977
1046 1185 242088175
452 322 16042805
1061 123 881259172
574 363 993970517
101 104 171407615
1178 1327 668593378
435 285 477038857
700 1352 431697821
1428 989 704267372
661 1310 651706890
1401 576 860520190
1356 1229 917977659
1392 103 393634064
273 994 573009734
363 1183 838211065
1348 636 312921515
582 350 543626503
1020 25 408923700
353 703 13494122
1288 1156 830252934
688 510 80557701
443 1314 182642106
1405 1024 52412294
448 153 279265196
1215 465 541354627
1225 716 169400209
695 346 857828233
788 598 125694364
260 944 890406329
1183 123 351391983
281 129 103874500
108 645 273848773
1437 175 845450315
1489 295 495840967
744 48 359364821
1350 1060 214869500
527 1135 99971519
293 193 579858035
528 1102 29217838
337 896 591707628
213 953 489175789
182 1177 103105582
430 304 404743250
279 136 203942015
829 564 104289058
388 963 779613711
707 378 613489079
696 298 641291989
395 350 427637644
976 264 295641687
1119 134 340495376
1302 1003 499522158
1413 417 954168597
214 1233 988782078
102 445 486866525
519 732 606993103
619 73 349627322
198 303 925498292
284 1005 306792836
714 799 47821113
100 135 115136256
495 1158 501561916
564 778 546162311
981 1165 493942793
438 921 506150980
310 976 678710459
1070 1469 232014275
1420 439 711427167
750 430 52213101
1084 1126 438712169
402 251 538104099
847 1215 831749666
1483 1474 190481481
393 842 605918434
1123 206 541475169
445 487 579217299
751 1198 930022231
1274 1176 25975417
769 1178 282092878
639 658 32318053
116 167 224742623
843 1487 796053901
774 952 720135072
1253 1219 122748648
889 1422 558716639
977 330 518158948
979 886 67418952
1026 60 290648245
1262 441 937349986
120 595 640439497
620 992 719760029
932 1129 895761927
378 849 16850294
679 1061 78880690
978 1346 549037101
201 791 445101098
617 303 832193675
234 1109 529574482
367 243 109553672
461 168 260394856
420 931 465129159
76 837 822972209
1098 705 257257540
734 791 997303874
429 1070 43068699
488 946 801245096
859 1019 64453530
313 637 92477220
1463 703 41016282
888 1431 456164334
849 204 842410863
811 1133 150955132
1071 1329 499453011
1484 1192 643227737
1220 946 191938854
1246 696 165324037
141 647 695879287
1365 872 481576584
454 734 243565206
837 7 359728537
741 501 280241759
1168 339 471179776
1085 1430 336614290
796 267 91539715
269 1467 107715267
592 105 603216842
1196 896 689220449
579 36 158622185
1400 11 675575946
605 710 540333245
1223 740 704419774
1429 413 755083797
1122 1022 883174411
541 362 353624819
150 182 761919805
743 1020 771872235
550 297 598793506
689 980 468373159
15 121 137661426
1058 624 463322229
350 646 478764305
477 464 190241118
839 1011 20061250
314 452 541399082
457 1423 583544455
1376 874 756251907
1137 781 920912608
502 1396 210176730
321 928 670920216
63 899 666809269
356 506 273922693
674 384 728656915
517 1075 218585002
434 873 366367965
558 267 101440782
1203 943 88818038
970 1146 355639421
965 313 201604649
914 696 844872276
1441 1145 900815695
1306 275 254648110
1245 718 700337705
764 503 449027780
760 1207 84024944
317 103 470981025
613 1465 704232524
525 1353 570823035
1214 628 498176662
514 1071 544975517
946 834 431514083
1317 43 519791659
28 1496 662076062
156 1094 446132427
772 828 559942356
282 1440 355653346
1474 514 629844023
561 227 443401151
1166 622 102056962
901 965 91707763
307 166 313488267
75 936 42646942
228 301 105706187
782 203 958302059
118 833 441056656
272 1223 585433620
131 798 945644009
328 86 260577875
1162 596 958050787
1234 611 695140077
1318 606 317845404
891 205 661769810
884 1032 549017284
1357 583 679107925
576 1415 532785250
1176 906 87753424
873 410 237350091
746 1061 892574711
778 408 418348663
1081 466 19559146
418 312 473523241
1388 1239 570405596
711 297 507961094
1002 438 505836766
476 398 134592402
1304 148 568915129
38 297 227531039
117 1264 915368467
94 1372 684754021
1389 42 167144765
