1377 750 1500
372 244 991863806
342 399 668083881
323 1167 762110
372 1383 349256150
303 1393 885306368
574 164 527752824
384 753 954057656
212 574 9133992
145 375 803934241
213 1234 917562519
136 1186 13135733
666 665 855225985
320 133 790920306
206 641 735122446
331 531 646866872
214 1040 555911122
242 187 390283554
282 503 169355155
474 778 799712700
529 1443 103334488
240 569 247158244
608 119 140213133
140 452 219927513
94 331 131657910
155 1350 649987455
534 509 324168721
137 459 525392258
10 210 237789442
276 559 971969834
386 1178 8418023
254 248 513251910
668 283 946678413
562 157 673170221
207 1293 908250722
126 1498 639737214
702 430 912587308
624 892 479366853
57 583 178178895
360 722 547150138
336 480 488133772
406 421 424070742
656 741 494260087
113 975 578062844
677 1410 713888076
497 819 478691169
387 128 466824031
690 489 168803905
657 515 172558612
485 1488 109686745
510 1395 807992423
573 1117 86200357
64 1393 676645367
455 687 572911401
375 1183 193591064
440 723 211841284
258 1283 312841778
420 1053 103707844
366 922 283862807
28 952 117306624
277 1033 199583538
39 665 673523772
467 76 814835717
651 1023 294049052
519 900 560446315
12 771 957486532
683 714 610791223
604 1138 287263850
409 721 717721946
692 214 190735904
432 380 52709537
296 428 349484541
114 722 793871682
494 516 228041226
358 773 594936907
202 674 478331119
688 506 239237201
493 33 1943933
381 1213 169111509
562 1406 669241519
397 1414 144504714
49 1419 535854338
258 535 411144684
356 244 355994554
661 187 634828368
482 1040 794106136
210 599 388563887
170 500 527080679
732 92 293476119
735 329 981423301
405 1326 214720396
23 1213 637815935
354 560 276088132
510 4 294199218
124 981 810613717
541 632 949717796
706 324 143776792
50 347 729448209
48 625 497811912
146 775 45869771
289 646 592073848
191 1300 476900011
710 999 404367129
440 524 289211922
179 787 734814118
5 1495 128202015
61 1410 469057010
241 383 301697853
350 166 238737937
344 744 880724547
380 1490 549284835
508 586 148791356
608 1028 512509779
303 1139 410275922
322 1495 955352457
187 1175 643155140
80 1403 669806726
683 619 324205139
180 344 145760594
114 286 924293130
720 1182 209570755
212 559 585879594
105 1125 232866108
429 1284 902919867
256 796 228257907
329 796 452815755
10 468 427962970
596 1204 470311700
516 995 506332030
8 380 565776883
71 1354 942224501
349 646 519785636
360 681 715784824
159 1000 885638876
277 663 120096939
491 174 132247954
398 1054 974348725
179 85 32988019
90 178 79674912
204 1338 88468677
94 994 5672197
167 588 724992516
317 1436 406330236
567 336 996728221
416 600 275587063
648 198 966067134
316 1037 479348828
710 1258 444611939
510 1138 74268188
670 653 596483023
491 107 575360465
149 1228 26277280
651 1208 757162527
717 784 1756477
517 993 433510571
94 1136 505324532
522 789 243636144
348 744 114098354
266 973 240592032
360 1462 659251147
478 480 278062831
470 1053 16243559
229 1073 525348192
191 411 139081447
629 1403 33725544
379 744 731879831
655 630 370516629
474 84 116413358
492 446 908176111
283 695 227141974
166 1275 405960181
434 1213 15353384
341 505 722219391
18 152 618098625
359 1490 636191606
140 382 779827198
455 891 525790289
1 263 775071669
375 1416 984426036
377 125 125510731
579 602 298917793
52 1092 708369247
317 951 95725469
248 116 317563822
144 603 841009198
57 679 899734343
715 354 516255215
365 286 563213570
96 1297 152834482
463 1324 470088078
520 940 806795065
422 734 843798932
746 1344 999558137
60 602 142212072
645 604 127095040
22 910 245196569
379 844 15890079
456 373 747231524
256 1001 86352151
420 65 546813413
270 96 355273539
485 1005 560907908
368 1426 253580255
77 503 948436643
10 715 575098801
747 101 190394927
660 435 219818467
473 784 837796105
454 1300 841449049
408 533 197415722
164 695 63486956
617 1095 167133598
302 783 59739905
219 814 28397014
580 288 964520413
291 1002 766044012
461 276 523166113
303 489 177501770
745 672 462844279
286 1336 437759530
32 791 528716988
744 370 946431707
487 403 695437886
25 547 458676415
738 459 35709079
333 361 51447335
315 293 837899188
428 940 230936869
632 1143 236687104
228 503 119073585
100 25 232567032
444 1049 652001426
226 326 314876875
290 1398 762925920
269 1251 252840519
633 1294 698857824
307 1441 88260490
394 513 819706402
575 526 721596060
609 582 387283467
23 124 132680541
635 963 735519352
322 1036 898792947
562 515 831444463
449 420 24499743
664 541 308415135
247 199 669375673
162 310 377586573
603 295 679710439
363 1352 347483523
176 464 362413128
421 638 911162800
304 617 463042912
423 1079 78961809
26 1308 36759286
646 1117 7867228
71 835 209430666
620 700 35005849
376 89 667401361
672 536 279994865
438 1016 509504017
139 230 550100482
202 1170 301859075
252 1424 461624996
471 838 984424583
480 1235 765030582
193 283 793521285
314 181 430040108
690 105 50057138
711 1098 619701432
496 486 476184690
386 378 380516082
389 504 331424878
208 295 123873656
630 1146 50105723
58 688 116931935
597 688 826257913
662 787 905214775
529 166 528240193
529 476 772614768
327 1461 853556285
663 376 816644514
294 392 441912167
225 108 53941622
235 36 578127826
475 355 825591661
97 1494 221619212
63 71 517837738
295 165 131984865
205 957 381494392
472 1189 272109614
690 1311 976757748
424 1076 687659849
42 48 130885481
565 278 207841024
528 1305 601375979
192 1151 553875628
84 993 436717581
205 631 974279575
403 1121 98167689
403 477 233552541
255 613 904145012
652 106 20979365
308 95 799849047
552 1189 335368504
301 713 889788284
14 683 134518778
514 1049 45527848
117 946 347252861
412 826 914897564
404 1295 445563551
457 1284 350103304
119 1073 327940027
353 806 292863757
103 8 965735175
488 384 693952041
186 772 185450330
172 626 269533964
720 804 880345309
290 514 774630678
667 31 110568631
699 1012 888335011
743 1169 419895834
618 963 168387192
199 671 810248727
550 173 763739424
417 1313 877299811
626 566 754642829
577 835 820954786
526 721 465049500
338 1161 450784770
442 783 428573273
1 1155 362419796
251 1206 978703038
703 373 412674001
168 859 758696095
310 667 148554817
647 399 103104406
251 1480 529264739
594 236 194046929
334 55 730456929
524 1365 372638480
388 1434 925457643
201 817 995124261
329 740 17328406
83 361 535701770
408 949 555691481
506 804 150837736
559 776 86874029
141 1423 776782537
697 1321 141942341
157 100 894706644
125 407 889442815
131 816 532040290
593 871 264616768
221 758 670120901
141 868 478974221
721 1103 674890411
119 357 23516297
192 758 54065656
235 390 523422607
104 1062 435105618
242 730 535050649
36 1430 632531573
445 69 867312025
484 1090 777528109
447 156 130950527
514 746 32705945
311 312 204709563
330 70 64575490
540 611 537243451
545 1150 809203423
215 1126 158145905
436 268 500274406
473 386 595836586
135 88 322974651
614 719 150920774
5 1064 978792896
653 334 955787
472 1352 342455403
437 638 17725879
40 307 613616627
147 1274 984321468
28 123 7170434
703 1141 493600374
282 922 666088747
737 1130 62775796
523 1115 44474540
184 1263 646853877
267 1094 973393927
491 231 954352972
460 1366 118921216
306 597 650774410
474 1190 443698991
24 186 629630864
588 898 230745117
399 228 750453026
224 1097 73079887
38 658 844470231
82 252 557542881
497 223 506659413
188 72 634476463
30 978 156735334
586 1008 917421914
346 523 607693145
326 1070 868154033
556 1308 501321073
370 823 981798182
115 937 951998130
594 812 273067622
305 1425 130120875
680 1417 372869220
72 466 502484977
578 934 655389172
105 83 686644897
661 943 953491579
263 1191 659071351
569 633 605311215
283 787 694277188
566 1193 694465039
58 279 536826890
48 106 101333540
306 486 586326291
163 1000 851624076
722 1339 158248018
440 1193 268289491
294 193 562016810
138 148 78735902
733 133 15006271
72 665 36148345
194 877 732317573
6 786 192128757
458 344 863317718
563 114 534991538
146 145 742201072
29 325 35397945
37 460 962905769
469 1230 104934257
97 910 45402441
372 921 177952490
532 1423 107504095
196 374 33797067
606 1173 454972532
495 424 620282864
226 1291 136705362
130 547 512656464
466 568 946328438
90 968 567514287
588 744 601485323
743 764 670349696
532 1383 787071158
499 1470 330456175
402 406 578523394
564 1318 960093997
215 1170 95054066
288 72 248111
352 929 593640550
391 647 40312122
144 13 288531131
348 1134 579302659
451 1040 301211793
393 821 323814737
427 920 804956971
623 110 457854168
31 227 213950898
78 724 697741157
79 286 758339402
439 838 224277049
560 992 811696931
532 71 697440143
95 832 613067005
641 823 880451484
745 761 938860194
110 1234 556590519
253 277 522004434
594 1223 138864460
567 167 747210133
95 216 385173867
153 978 147603743
548 16 329461418
197 1157 190864146
200 285 289005405
530 138 907582008
237 630 258423952
523 960 380941382
308 1030 407347614
329 1118 788985029
283 958 251476990
85 668 14500902
501 851 563068015
415 703 774584378
424 1316 436734045
673 853 72855658
284 1148 26169554
602 978 622033629
197 377 978355211
107 29 216264656
194 1324 318343175
725 570 61709616
669 313 146908592
630 330 768967238
657 1002 150498484
467 976 943847945
340 702 247555038
347 1102 199914852
362 918 254726626
108 184 769628088
655 894 49194785
406 1458 336480270
325 1429 274705306
748 1048 217610139
155 484 702674930
412 505 182742820
463 349 740785355
113 403 407749626
232 680 790238327
55 972 883727005
265 1031 105608332
428 617 638461685
39 783 984480975
509 1245 17454298
156 546 489721845
50 512 179766495
487 1441 223825331
421 572 32725023
599 501 879387418
249 308 850661049
361 304 79309229
236 610 875553036
41 105 611756313
660 1121 189884569
473 251 686316300
370 475 68067464
340 551 364982231
274 454 248967263
374 378 930553251
187 1451 205762811
605 149 568096501
612 601 967540051
409 918 35517398
75 42 991418993
734 393 528540640
742 44 587445396
346 1310 850873639
285 118 53498292
740 406 626812688
723 762 946346016
119 479 304996745
133 190 329206913
152 1260 795035152
77 1049 111803030
707 1075 925562350
587 1213 54067662
293 141 497091006
616 607 32142624
572 632 947512364
190 678 34130152
410 37 157181870
127 845 269535036
497 1450 102830411
430 1317 470288438
88 35 491359674
192 565 31847221
272 1429 1107021
606 1441 604004463
32 1157 335061816
109 1477 71699462
476 685 287040360
70 1407 852619964
417 1255 74962397
552 47 796411550
63 75 758483476
195 1360 472749067
590 1305 870552718
535 617 341567014
119 442 537688111
437 152 946049270
457 318 879004147
200 704 200971940
434 404 234997257
107 761 126511323
110 90 247660148
267 1405 151581728
148 1335 386141030
174 602 868217104
625 193 333190868
86 1343 718818967
303 1336 49758829
267 803 179090807
492 191 869256867
97 573 699147499
468 1302 201593264
393 76 217373829
250 677 526787978
281 773 373649521
692 555 121197491
713 200 31118728
349 925 87436929
61 1405 539579913
738 742 497515450
350 338 578082203
592 1364 321670796
659 212 533943785
395 1083 51239835
79 423 757017633
695 702 618836653
497 162 760101698
466 986 555313559
314 1086 196656973
28 1089 48605756
273 1236 967093455
742 1285 85062867
641 1349 257891315
116 271 545542348
243 1488 365683243
173 86 656463837
505 430 965148652
582 224 534325413
287 1025 523269275
53 285 156738580
448 1418 95787833
163 391 398474208
549 601 463891980
74 450 446083499
677 1440 884911984
76 338 125075765
98 1158 364947787
221 756 320452474
622 1283 89393026
664 919 643400516
584 505 60567990
426 1310 360839040
267 514 457126961
728 1167 821001201
725 1085 903132549
596 140 532850
246 437 325454510
457 1401 908235388
344 955 331230265
130 328 543655458
105 613 548488135
271 1478 142844427
238 382 924467816
512 943 525868717
585 1333 560369689
547 915 192429729
319 485 156045369
693 1267 620866260
341 781 82482931
403 621 523267301
618 1257 548746293
37 1401 324004094
544 352 653870574
490 64 78535576
441 218 655432926
432 1055 557401936
477 54 157684456
686 1269 285381963
355 252 369165668
696 897 473566818
414 1367 266149220
355 38 210381235
51 1439 670783473
340 812 92330632
481 264 849615788
619 419 709066647
321 1177 346013874
591 693 362057641
418 325 662908638
102 583 527388524
119 578 686285467
14 782 309614055
634 183 122271236
313 1338 245503262
14 812 194795736
665 1234 465003352
88 438 60343495
726 74 150428564
741 38 281825362
218 1162 919228297
532 18 520887773
689 1247 4621694
625 395 595230219
265 432 860508408
718 167 621757161
631 1494 86152457
216 956 727818749
199 590 995799881
696 194 882739294
673 1448 622478403
111 427 219702283
506 1470 907548384
222 1399 623873161
191 1351 353923250
462 337 818170448
361 561 818397637
409 1220 984541236
209 940 134786844
390 362 218797215
114 877 870101936
171 1431 142885184
454 1199 586135152
695 5 416791162
128 383 268433399
434 698 76478854
343 409 41262161
369 297 824144203
740 380 793697308
18 1068 356575621
580 1034 740181571
45 1486 986060162
554 407 779197027
534 624 621973745
645 658 916726978
207 1010 59186617
526 1368 232743743
734 787 985067575
351 1004 765340025
299 1432 882475467
441 693 223739146
3 892 34115202
298 1266 850675579
554 258 968896001
422 132 288292957
552 1206 453756133
429 1288 962688612
670 419 13332412
220 563 745461614
656 1004 408257725
20 1342 87783951
218 1151 261272883
230 193 907902126
373 1045 780241627
129 1127 495803090
725 737 643250641
81 422 626174890
473 960 558612865
496 1156 900248652
629 232 186890333
282 903 915039040
407 706 662219858
50 382 279836042
411 1238 268426958
474 529 736262957
601 1404 614328247
709 599 986450699
151 767 280655945
324 1414 684353374
297 931 586379169
233 226 632133582
349 780 550218594
285 92 600414433
178 462 653637127
542 561 511056522
355 1132 463910133
327 1345 86567137
85 1286 597762213
193 1433 288030553
465 1176 90088276
739 1057 270690736
457 868 135555359
301 708 854188492
40 1238 256828344
189 1235 535423268
684 375 286592126
617 363 31294403
101 1466 774973036
687 1020 699039203
239 1219 568134113
381 59 661356956
69 171 44270562
435 7 517742120
4 1167 401068636
160 692 70692890
463 1496 25234727
727 1367 60936721
54 195 396958590
643 442 728275538
551 1301 323042137
280 1187 376617631
56 381 501452962
509 1413 541409572
601 838 981062896
213 1420 693332734
267 185 976323375
243 794 846893885
353 68 106500633
334 549 550835728
711 614 663396338
268 975 658040759
611 56 36108902
156 1227 226516813
2 222 735981696
446 613 701522708
5 73 671000438
357 15 865851401
578 406 942905205
33 501 121042998
264 330 586744213
4 355 398299407
616 1210 58425146
483 121 765914164
330 1029 478108525
599 1078 641302214
746 461 15326514
489 1375 97218624
607 49 572973996
217 661 638211876
705 1215 660594272
52 138 441211426
317 1483 367847107
636 136 262891548
34 565 219429444
337 18 812033010
428 363 447916917
233 700 79817245
229 480 713243224
137 463 804382354
112 1305 745288347
401 510 812748009
657 740 713536439
638 235 758196425
642 1439 649684527
188 1143 90808722
570 1469 854118209
308 508 917624121
450 615 199627925
670 1118 317495632
748 874 232618552
537 1096 196069656
205 555 486677686
410 156 90524059
211 169 649830700
418 330 226970980
459 245 635597740
11 815 520811492
305 180 450128922
479 777 432733902
201 1364 499470419
279 15 396171710
44 1343 183714552
433 829 145425030
158 145 330550632
84 478 260586831
222 349 223902527
377 513 962817909
214 750 280207013
443 686 816508051
736 618 543776875
531 1162 424609200
731 1254 719524809
700 631 495723614
125 386 830760445
285 1016 115065471
26 267 708034509
626 1435 499204432
170 116 899849478
533 872 986097007
161 410 646589391
721 81 181341343
518 292 65691873
196 1126 682679986
581 13 112610848
560 752 705529988
503 105 352652784
684 1387 386013945
11 408 68251051
262 252 428599892
568 693 410511535
654 1267 600994661
193 733 590481188
497 181 421475084
91 518 561636773
367 1369 703065069
214 959 904835023
685 1099 514664269
354 969 537177173
185 1446 349900954
43 981 765826952
620 1103 173661191
704 779 460869262
360 1460 440521745
522 368 640880030
697 398 190687809
546 624 83619437
678 911 166361887
741 1270 688208710
356 410 992167490
500 830 724062612
99 209 475925359
188 874 5386417
179 1284 881727498
487 331 212620600
464 1435 527396014
544 762 922765075
612 132 92423459
50 1333 706132963
132 881 292434668
110 1202 464555498
395 394 861812376
708 789 859115414
466 838 970533163
335 1003 170932691
172 649 301881255
674 839 769270685
129 804 133705239
277 856 848502494
553 516 874963453
45 451 881665547
131 1050 106635051
12 1119 491415815
701 542 291616018
609 637 752401721
735 65 629790398
41 1017 877435767
184 645 128977241
223 759 133305962
401 905 522537170
103 66 930795489
54 1463 194096926
186 1083 378512391
507 1003 445789330
679 152 353982095
530 1321 279248118
667 345 247928273
11 907 88938042
426 51 5574122
118 1183 708002488
306 1131 872189809
620 1096 412448669
244 868 436748792
321 831 797292198
380 736 105621320
600 914 126643583
142 1188 997450755
50 766 289281081
593 897 414837751
27 131 339119093
583 1246 123008529
549 996 327916450
553 1139 48318698
262 1147 152743999
595 630 848651634
500 1363 365667337
464 1279 167086157
743 510 484556426
558 685 580348762
548 1215 572870015
561 917 435786859
389 1268 654388670
247 1107 205308345
134 1081 333252990
460 24 728363553
729 368 310757268
675 631 70907462
575 417 635448462
495 183 548304179
515 1262 541462877
19 665 241335106
309 1291 988607906
120 997 230408560
508 638 299987670
413 989 357898359
714 149 453884012
209 10 761427398
71 206 854361685
390 139 193400870
183 1027 21460702
449 142 191371483
270 1323 391360537
539 316 335678207
87 17 6361894
621 112 965477957
167 106 811555808
405 167 855065756
539 497 476872943
484 668 160904283
79 994 169572951
535 1042 715349240
128 571 821563981
207 368 11148913
16 1266 683468791
47 1105 30301295
311 928 925998670
202 637 392813470
92 1236 983653363
282 468 468526672
373 52 248616224
616 388 981377477
712 851 285193690
598 1331 32629878
411 1251 737826297
444 761 723828810
677 1132 811872421
270 851 704733986
94 942 511106457
603 1148 684176430
13 1323 557942752
416 468 474034476
65 402 262267949
644 355 4836949
676 533 68452321
21 903 451737644
35 1000 436867032
290 579 913134657
15 61 602482039
432 1282 258049035
470 265 724227216
562 361 922540368
168 1134 179112349
196 1051 524938014
327 184 858995578
354 1123 152587895
230 839 272409052
248 398 173980279
328 927 7830756
648 822 645825477
7 668 69724038
579 304 140360912
473 1217 929700763
6 1392 875175585
610 1033 45088767
453 896 182538158
681 1191 526534944
115 264 525764427
251 822 591619101
385 395 492666825
290 166 82503503
678 256 833731639
598 719 890260056
1 913 128568010
68 1379 637398726
736 1153 337574363
681 607 520172736
17 1138 998440161
649 642 842783203
156 1102 818833948
538 232 49550172
172 955 301599584
392 71 729384612
478 568 777340802
292 1410 555298547
315 133 898643534
278 1428 692837294
704 658 601008422
525 916 990565135
577 1200 420217506
201 200 801119085
181 312 785922817
520 778 301704149
750 430 825645326
373 1260 145858175
150 817 219628029
730 830 791156443
99 815 400835061
6 548 586344391
521 745 651217128
204 1424 960036601
720 884 686384933
77 1394 704709675
359 511 300137565
337 277 656949579
504 1266 466802791
448 1222 95546862
486 157 359846509
332 611 977520149
23 1449 106229035
628 1001 462388254
38 524 12851806
479 852 376082755
18 274 349819046
257 1210 135444726
393 1331 642642427
625 423 321755043
733 377 90126222
329 1172 152796500
471 468 219616835
347 162 189619823
656 1257 327812781
59 1000 639421401
304 357 150933145
608 941 511113010
352 256 220269761
227 92 814496161
9 42 281109319
423 530 612285782
419 568 337348606
557 970 17399566
559 629 189935273
716 1316 911762907
198 1213 401259119
193 120 585095868
615 1203 363773469
123 1284 924984496
124 1011 521766640
245 1255 527120745
185 1109 25087099
554 291 365575571
131 1143 526473999
220 550 585946303
102 1277 884793595
143 705 86685506
349 744 121126214
289 1383 110096615
633 486 938530121
691 926 989607929
653 516 917108971
364 1475 924761143
260 216 497959416
400 1287 204693088
213 410 565259616
122 1467 229503184
276 1208 350454016
81 1212 502657111
499 435 968351947
348 1271 61201498
147 117 871295644
121 990 844728162
275 101 856070266
181 838 607584001
562 910 841426497
75 501 106093385
214 256 207737801
674 525 201796845
141 530 298387594
640 1052 74459098
5 674 526697445
129 1181 433025986
711 1294 262507554
154 1162 316659017
595 266 854979045
694 1267 483142874
604 149 24805890
336 272 672950441
155 313 59363630
586 824 716957789
2 821 60197418
465 46 224136998
227 1478 948916142
581 196 593217682
45 2 8379317
571 698 484832386
452 1360 78742815
220 1494 439301934
452 856 591674962
232 47 29340505
392 319 621885996
444 977 23760665
175 906 493706524
536 1382 297484611
734 1286 889826328
336 975 787510702
66 96 306255711
252 471 551205471
624 910 192250154
734 612 444210329
159 1424 580916495
418 1495 505485358
697 754 95439623
157 1493 178706795
129 425 725396692
318 897 440046112
117 1494 112991358
610 1105 286817167
62 56 645880783
528 1304 233667916
36 124 964735401
383 65 230816154
707 1479 735292000
259 566 518929650
658 314 244189645
707 1015 979741323
175 1418 201145600
349 420 396024671
165 409 220200457
137 181 943454391
139 547 69260224
336 671 92805420
516 233 874490855
59 516 44887541
175 190 827970823
177 676 915663392
731 1129 914822575
292 1276 218586923
295 141 615809754
85 790 870560666
506 1320 791428874
462 1018 380109509
543 1331 193840359
675 823 557032539
28 1497 46320519
396 349 229826811
161 994 802678548
219 940 154699360
663 1236 764911949
744 995 185616977
702 109 390927291
15 267 43883715
153 1019 96178371
307 831 640134057
475 779 147895278
715 788 518479671
150 344 262007072
172 183 217011456
23 1309 235354690
321 1281 175932066
339 109 326707622
745 1271 771087007
441 1053 758365729
56 422 860947831
503 1439 166713431
165 539 767773676
92 815 658843906
498 55 174740920
590 926 205239657
201 668 891030366
511 1248 946399539
482 1335 610482053
353 523 292203942
459 203 404800709
418 20 218944287
384 973 89739981
433 50 401805185
611 455 162151871
302 76 992708738
743 167 410538365
576 1429 282471433
445 705 306143680
158 1321 708915797
748 270 123160571
46 1170 8455881
376 357 39067181
244 753 958473373
729 1164 909356793
415 724 655716636
89 623 127444386
224 635 249618177
481 613 820048843
174 780 965236093
396 1043 388651986
108 343 435506387
628 1335 174638504
476 932 106666152
665 516 180988004
203 194 317899058
378 634 123070489
408 181 688401586
730 1026 147230215
305 387 274836823
323 591 785705241
411 494 570590986
259 699 361351209
302 565 558697355
384 242 728171058
382 992 97075482
501 538 680395916
556 479 6677432
343 700 643811028
21 440 980797391
719 1372 298729547
410 431 45086939
285 1097 336463708
573 407 28049034
502 1095 717300740
555 810 906984024
674 231 785949979
589 194 818411854
698 704 732940047
560 346 672778617
416 88 61598602
269 51 369227860
473 631 150225099
447 172 131744449
300 814 865915797
653 662 421950400
398 854 178312750
231 1322 846719351
637 691 937551553
550 1347 772760463
723 674 224106970
513 1356 941129356
234 1013 39488378
4 225 739544350
561 1499 520998028
749 1057 848727563
274 485 288016758
214 1469 263878987
613 1328 835982296
409 1383 569442934
29 150 363436175
363 760 979968796
370 1420 107934405
266 1092 529858652
134 1253 55846937
456 999 936001022
255 662 111850141
655 1266 897432424
382 1317 182940010
357 1490 532207653
639 1137 488192881
100 19 990194223
531 193 233724712
456 1073 785053240
694 668 962299855
671 238 638358131
356 1351 578083162
93 464 340384732
661 1427 692450965
504 1138 999709889
386 1155 46975766
682 637 125169961
425 1498 105073896
583 1375 942432999
338 1239 604742375
431 1000 370433557
312 1029 343859134
618 928 315583426
345 95 208554366
345 1159 284287853
69 810 716536166
646 1037 861337274
288 811 498022639
749 483 318049523
315 852 648466013
67 111 592768738
356 931 568680002
453 1181 792389657
396 1219 242556513
42 365 412605231
630 52 705834140
52 17 676385827
527 392 161328540
194 1441 152413462
16 910 381200192
106 1163 725826560
108 277 763010347
367 604 209040916
724 85 265416572
719 161 837843092
650 51 137559210
457 392 817949628
200 881 235910034
419 1096 503313576
217 902 859885005
261 731 658102303
706 836 888435882
627 348 461499473
229 1490 277568531
73 26 769008536
638 1239 485834143
400 636 34592839
153 756 247182593
717 654 2986721
519 58 138209529
182 379 524369750
169 825 502280943
208 655 935642318
249 576 799246692
358 405 631970285
647 317 29420262
515 1490 201647780
136 1168 578686299
15 1355 524449346
187 377 512865321
666 844 9194901
147 1027 206486771
498 147 319090963
658 534 111711117
679 47 237750299
178 1223 83795173
20 1172 96581981
263 1028 881911860
415 639 848621725
745 44 604400547
371 457 709455119
142 714 598863549
625 162 188263841
737 1355 464002409
