1500 1499 1500
866 1500 1000000000
22 1500 1000000000
1050 1500 1000000000
47 1500 1000000000
1046 1500 1000000000
1222 1500 1000000000
603 1500 1000000000
1010 1500 1000000000
960 1500 1000000000
1380 1500 1000000000
685 1500 1000000000
1132 1500 1000000000
16 1500 1000000000
197 1500 1000000000
815 1500 1000000000
1161 1500 1000000000
1439 1500 1000000000
138 1500 1000000000
695 1500 1000000000
420 1500 1000000000
169 1500 1000000000
494 1500 1000000000
142 1500 1000000000
360 1500 1000000000
1346 1500 1000000000
784 1500 1000000000
944 1500 1000000000
327 1500 1000000000
690 1500 1000000000
1065 1500 1000000000
448 1500 1000000000
1198 1500 1000000000
1350 1500 1000000000
1365 1500 1000000000
57 1500 1000000000
470 1500 1000000000
144 1500 1000000000
534 1500 1000000000
1313 1500 1000000000
1379 1500 1000000000
1079 1500 1000000000
898 1500 1000000000
1311 1500 1000000000
1084 1500 1000000000
594 1500 1000000000
910 1500 1000000000
102 1500 1000000000
1002 1500 1000000000
1252 1500 1000000000
1307 1500 1000000000
80 1500 1000000000
487 1500 1000000000
789 1500 1000000000
31 1500 1000000000
1378 1500 1000000000
1044 1500 1000000000
662 1500 1000000000
61 1500 1000000000
1177 1500 1000000000
507 1500 1000000000
1318 1500 1000000000
1326 1500 1000000000
1151 1500 1000000000
841 1500 1000000000
323 1500 1000000000
124 1500 1000000000
760 1500 1000000000
1460 1500 1000000000
533 1500 1000000000
1428 1500 1000000000
1066 1500 1000000000
300 1500 1000000000
555 1500 1000000000
1109 1500 1000000000
1451 1500 1000000000
696 1500 1000000000
994 1500 1000000000
1273 1500 1000000000
84 1500 1000000000
1014 1500 1000000000
884 1500 1000000000
752 1500 1000000000
766 1500 1000000000
704 1500 1000000000
290 1500 1000000000
954 1500 1000000000
370 1500 1000000000
208 1500 1000000000
847 1500 1000000000
707 1500 1000000000
93 1500 1000000000
1458 1500 1000000000
1233 1500 1000000000
46 1500 1000000000
248 1500 1000000000
1076 1500 1000000000
25 1500 1000000000
397 1500 1000000000
890 1500 1000000000
353 1500 1000000000
171 1500 1000000000
1098 1500 1000000000
790 1500 1000000000
349 1500 1000000000
1471 1500 1000000000
614 1500 1000000000
1070 1500 1000000000
787 1500 1000000000
518 1500 1000000000
236 1500 1000000000
151 1500 1000000000
312 1500 1000000000
595 1500 1000000000
1021 1500 1000000000
24 1500 1000000000
1294 1500 1000000000
1115 1500 1000000000
1260 1500 1000000000
926 1500 1000000000
716 1500 1000000000
150 1500 1000000000
872 1500 1000000000
1419 1500 1000000000
1257 1500 1000000000
935 1500 1000000000
1016 1500 1000000000
362 1500 1000000000
405 1500 1000000000
1455 1500 1000000000
1355 1500 1000000000
1026 1500 1000000000
403 1500 1000000000
1314 1500 1000000000
729 1500 1000000000
303 1500 1000000000
1309 1500 1000000000
928 1500 1000000000
440 1500 1000000000
101 1500 1000000000
657 1500 1000000000
817 1500 1000000000
677 1500 1000000000
277 1500 1000000000
1150 1500 1000000000
915 1500 1000000000
809 1500 1000000000
1371 1500 1000000000
522 1500 1000000000
511 1500 1000000000
95 1500 1000000000
963 1500 1000000000
325 1500 1000000000
540 1500 1000000000
402 1500 1000000000
1060 1500 1000000000
645 1500 1000000000
365 1500 1000000000
678 1500 1000000000
269 1500 1000000000
474 1500 1000000000
634 1500 1000000000
1329 1500 1000000000
1360 1500 1000000000
1096 1500 1000000000
881 1500 1000000000
1154 1500 1000000000
1035 1500 1000000000
526 1500 1000000000
1071 1500 1000000000
187 1500 1000000000
778 1500 1000000000
633 1500 1000000000
820 1500 1000000000
887 1500 1000000000
1122 1500 1000000000
1388 1500 1000000000
1124 1500 1000000000
91 1500 1000000000
747 1500 1000000000
786 1500 1000000000
48 1500 1000000000
371 1500 1000000000
258 1500 1000000000
328 1500 1000000000
428 1500 1000000000
739 1500 1000000000
989 1500 1000000000
874 1500 1000000000
358 1500 1000000000
751 1500 1000000000
275 1500 1000000000
1092 1500 1000000000
1224 1500 1000000000
67 1500 1000000000
413 1500 1000000000
607 1500 1000000000
1382 1500 1000000000
609 1500 1000000000
598 1500 1000000000
115 1500 1000000000
431 1500 1000000000
982 1500 1000000000
1052 1500 1000000000
1286 1500 1000000000
1116 1500 1000000000
1159 1500 1000000000
545 1500 1000000000
33 1500 1000000000
1249 1500 1000000000
38 1500 1000000000
1038 1500 1000000000
806 1500 1000000000
668 1500 1000000000
202 1500 1000000000
1077 1500 1000000000
1467 1500 1000000000
929 1500 1000000000
819 1500 1000000000
1422 1500 1000000000
1037 1500 1000000000
1465 1500 1000000000
468 1500 1000000000
1300 1500 1000000000
87 1500 1000000000
948 1500 1000000000
229 1500 1000000000
1468 1500 1000000000
1179 1500 1000000000
1279 1500 1000000000
1215 1500 1000000000
998 1500 1000000000
154 1500 1000000000
68 1500 1000000000
1425 1500 1000000000
862 1500 1000000000
214 1500 1000000000
1004 1500 1000000000
7 1500 1000000000
1192 1500 1000000000
263 1500 1000000000
895 1500 1000000000
459 1500 1000000000
1086 1500 1000000000
1009 1500 1000000000
918 1500 1000000000
1000 1500 1000000000
26 1500 1000000000
1031 1500 1000000000
618 1500 1000000000
738 1500 1000000000
99 1500 1000000000
755 1500 1000000000
176 1500 1000000000
1129 1500 1000000000
761 1500 1000000000
850 1500 1000000000
1276 1500 1000000000
1158 1500 1000000000
1214 1500 1000000000
385 1500 1000000000
1191 1500 1000000000
60 1500 1000000000
367 1500 1000000000
732 1500 1000000000
1403 1500 1000000000
1073 1500 1000000000
1440 1500 1000000000
329 1500 1000000000
715 1500 1000000000
443 1500 1000000000
1398 1500 1000000000
331 1500 1000000000
514 1500 1000000000
1153 1500 1000000000
185 1500 1000000000
117 1500 1000000000
215 1500 1000000000
72 1500 1000000000
762 1500 1000000000
858 1500 1000000000
278 1500 1000000000
785 1500 1000000000
217 1500 1000000000
937 1500 1000000000
1357 1500 1000000000
970 1500 1000000000
709 1500 1000000000
1055 1500 1000000000
1447 1500 1000000000
1454 1500 1000000000
1482 1500 1000000000
1369 1500 1000000000
271 1500 1000000000
770 1500 1000000000
344 1500 1000000000
73 1500 1000000000
875 1500 1000000000
120 1500 1000000000
692 1500 1000000000
653 1500 1000000000
1196 1500 1000000000
860 1500 1000000000
465 1500 1000000000
50 1500 1000000000
566 1500 1000000000
835 1500 1000000000
1269 1500 1000000000
270 1500 1000000000
110 1500 1000000000
1148 1500 1000000000
793 1500 1000000000
461 1500 1000000000
1287 1500 1000000000
1303 1500 1000000000
856 1500 1000000000
1408 1500 1000000000
783 1500 1000000000
702 1500 1000000000
720 1500 1000000000
131 1500 1000000000
1030 1500 1000000000
261 1500 1000000000
1139 1500 1000000000
1356 1500 1000000000
625 1500 1000000000
1334 1500 1000000000
1149 1500 1000000000
143 1500 1000000000
801 1500 1000000000
1340 1500 1000000000
384 1500 1000000000
304 1500 1000000000
1316 1500 1000000000
719 1500 1000000000
1321 1500 1000000000
273 1500 1000000000
581 1500 1000000000
1462 1500 1000000000
389 1500 1000000000
32 1500 1000000000
1022 1500 1000000000
1284 1500 1000000000
1301 1500 1000000000
849 1500 1000000000
582 1500 1000000000
939 1500 1000000000
324 1500 1000000000
843 1500 1000000000
917 1500 1000000000
100 1500 1000000000
779 1500 1000000000
1053 1500 1000000000
406 1500 1000000000
795 1500 1000000000
655 1500 1000000000
1376 1500 1000000000
44 1500 1000000000
1039 1500 1000000000
1185 1500 1000000000
1438 1500 1000000000
527 1500 1000000000
921 1500 1000000000
908 1500 1000000000
337 1500 1000000000
586 1500 1000000000
541 1500 1000000000
241 1500 1000000000
842 1500 1000000000
585 1500 1000000000
1274 1500 1000000000
221 1500 1000000000
287 1500 1000000000
694 1500 1000000000
411 1500 1000000000
182 1500 1000000000
1047 1500 1000000000
1404 1500 1000000000
205 1500 1000000000
359 1500 1000000000
1317 1500 1000000000
1391 1500 1000000000
209 1500 1000000000
446 1500 1000000000
1396 1500 1000000000
1216 1500 1000000000
911 1500 1000000000
427 1500 1000000000
883 1500 1000000000
673 1500 1000000000
710 1500 1000000000
223 1500 1000000000
1413 1500 1000000000
1063 1500 1000000000
1298 1500 1000000000
391 1500 1000000000
1091 1500 1000000000
878 1500 1000000000
1341 1500 1000000000
1160 1500 1000000000
319 1500 1000000000
1168 1500 1000000000
870 1500 1000000000
1405 1500 1000000000
681 1500 1000000000
1264 1500 1000000000
119 1500 1000000000
1048 1500 1000000000
1165 1500 1000000000
345 1500 1000000000
1325 1500 1000000000
1020 1500 1000000000
906 1500 1000000000
268 1500 1000000000
118 1500 1000000000
432 1500 1000000000
58 1500 1000000000
357 1500 1000000000
900 1500 1000000000
147 1500 1000000000
1448 1500 1000000000
1306 1500 1000000000
1247 1500 1000000000
1344 1500 1000000000
415 1500 1000000000
28 1500 1000000000
1197 1500 1000000000
1106 1500 1000000000
1138 1500 1000000000
148 1500 1000000000
988 1500 1000000000
107 1500 1000000000
561 1500 1000000000
1210 1500 1000000000
196 1500 1000000000
310 1500 1000000000
186 1500 1000000000
1305 1500 1000000000
724 1500 1000000000
516 1500 1000000000
1238 1500 1000000000
1332 1500 1000000000
1347 1500 1000000000
891 1500 1000000000
1258 1500 1000000000
1492 1500 1000000000
189 1500 1000000000
1263 1500 1000000000
1244 1500 1000000000
226 1500 1000000000
1411 1500 1000000000
1387 1500 1000000000
590 1500 1000000000
77 1500 1000000000
204 1500 1000000000
126 1500 1000000000
1312 1500 1000000000
644 1500 1000000000
1363 1500 1000000000
1083 1500 1000000000
509 1500 1000000000
1461 1500 1000000000
3 1500 1000000000
1221 1500 1000000000
1386 1500 1000000000
78 1500 1000000000
1476 1500 1000000000
620 1500 1000000000
342 1500 1000000000
1032 1500 1000000000
341 1500 1000000000
1442 1500 1000000000
1180 1500 1000000000
1001 1500 1000000000
194 1500 1000000000
456 1500 1000000000
769 1500 1000000000
69 1500 1000000000
1283 1500 1000000000
409 1500 1000000000
682 1500 1000000000
286 1500 1000000000
160 1500 1000000000
807 1500 1000000000
723 1500 1000000000
1155 1500 1000000000
1336 1500 1000000000
1432 1500 1000000000
1040 1500 1000000000
826 1500 1000000000
968 1500 1000000000
829 1500 1000000000
999 1500 1000000000
178 1500 1000000000
1295 1500 1000000000
997 1500 1000000000
632 1500 1000000000
617 1500 1000000000
1285 1500 1000000000
726 1500 1000000000
314 1500 1000000000
946 1500 1000000000
746 1500 1000000000
123 1500 1000000000
1353 1500 1000000000
1406 1500 1000000000
517 1500 1000000000
606 1500 1000000000
298 1500 1000000000
1125 1500 1000000000
1080 1500 1000000000
122 1500 1000000000
1174 1500 1000000000
949 1500 1000000000
1434 1500 1000000000
1270 1500 1000000000
1430 1500 1000000000
386 1500 1000000000
805 1500 1000000000
288 1500 1000000000
1370 1500 1000000000
651 1500 1000000000
1013 1500 1000000000
1414 1500 1000000000
146 1500 1000000000
1281 1500 1000000000
245 1500 1000000000
1141 1500 1000000000
1259 1500 1000000000
361 1500 1000000000
969 1500 1000000000
447 1500 1000000000
1054 1500 1000000000
1164 1500 1000000000
243 1500 1000000000
141 1500 1000000000
1027 1500 1000000000
626 1500 1000000000
195 1500 1000000000
920 1500 1000000000
822 1500 1000000000
477 1500 1000000000
39 1500 1000000000
1397 1500 1000000000
424 1500 1000000000
654 1500 1000000000
1099 1500 1000000000
943 1500 1000000000
379 1500 1000000000
703 1500 1000000000
892 1500 1000000000
414 1500 1000000000
639 1500 1000000000
52 1500 1000000000
104 1500 1000000000
922 1500 1000000000
1443 1500 1000000000
652 1500 1000000000
295 1500 1000000000
1178 1500 1000000000
844 1500 1000000000
759 1500 1000000000
399 1500 1000000000
1082 1500 1000000000
733 1500 1000000000
680 1500 1000000000
1319 1500 1000000000
1304 1500 1000000000
893 1500 1000000000
587 1500 1000000000
1219 1500 1000000000
959 1500 1000000000
70 1500 1000000000
1277 1500 1000000000
199 1500 1000000000
764 1500 1000000000
262 1500 1000000000
772 1500 1000000000
434 1500 1000000000
63 1500 1000000000
907 1500 1000000000
1266 1500 1000000000
1335 1500 1000000000
81 1500 1000000000
675 1500 1000000000
1088 1500 1000000000
940 1500 1000000000
436 1500 1000000000
836 1500 1000000000
967 1500 1000000000
563 1500 1000000000
562 1500 1000000000
992 1500 1000000000
1024 1500 1000000000
382 1500 1000000000
136 1500 1000000000
697 1500 1000000000
1271 1500 1000000000
368 1500 1000000000
616 1500 1000000000
502 1500 1000000000
899 1500 1000000000
354 1500 1000000000
472 1500 1000000000
492 1500 1000000000
546 1500 1000000000
56 1500 1000000000
961 1500 1000000000
974 1500 1000000000
256 1500 1000000000
1119 1500 1000000000
305 1500 1000000000
788 1500 1000000000
281 1500 1000000000
740 1500 1000000000
1095 1500 1000000000
307 1500 1000000000
106 1500 1000000000
569 1500 1000000000
230 1500 1000000000
742 1500 1000000000
433 1500 1000000000
395 1500 1000000000
777 1500 1000000000
442 1500 1000000000
1435 1500 1000000000
1452 1500 1000000000
352 1500 1000000000
857 1500 1000000000
743 1500 1000000000
1134 1500 1000000000
1256 1500 1000000000
162 1500 1000000000
560 1500 1000000000
520 1500 1000000000
714 1500 1000000000
1481 1500 1000000000
869 1500 1000000000
1261 1500 1000000000
376 1500 1000000000
157 1500 1000000000
86 1500 1000000000
264 1500 1000000000
1349 1500 1000000000
1188 1500 1000000000
364 1500 1000000000
542 1500 1000000000
451 1500 1000000000
412 1500 1000000000
222 1500 1000000000
1493 1500 1000000000
1162 1500 1000000000
831 1500 1000000000
882 1500 1000000000
419 1500 1000000000
1011 1500 1000000000
200 1500 1000000000
800 1500 1000000000
660 1500 1000000000
754 1500 1000000000
889 1500 1000000000
334 1500 1000000000
274 1500 1000000000
1043 1500 1000000000
613 1500 1000000000
1246 1500 1000000000
656 1500 1000000000
765 1500 1000000000
1186 1500 1000000000
27 1500 1000000000
591 1500 1000000000
1280 1500 1000000000
903 1500 1000000000
259 1500 1000000000
313 1500 1000000000
1072 1500 1000000000
885 1500 1000000000
1245 1500 1000000000
219 1500 1000000000
531 1500 1000000000
828 1500 1000000000
1278 1500 1000000000
153 1500 1000000000
991 1500 1000000000
1145 1500 1000000000
550 1500 1000000000
179 1500 1000000000
976 1500 1000000000
909 1500 1000000000
1354 1500 1000000000
206 1500 1000000000
116 1500 1000000000
128 1500 1000000000
139 1500 1000000000
1007 1500 1000000000
1229 1500 1000000000
109 1500 1000000000
2 1500 1000000000
924 1500 1000000000
321 1500 1000000000
1469 1500 1000000000
41 1500 1000000000
663 1500 1000000000
499 1500 1000000000
276 1500 1000000000
548 1500 1000000000
990 1500 1000000000
378 1500 1000000000
1166 1500 1000000000
55 1500 1000000000
5 1500 1000000000
951 1500 1000000000
1230 1500 1000000000
676 1500 1000000000
1464 1500 1000000000
863 1500 1000000000
661 1500 1000000000
481 1500 1000000000
1012 1500 1000000000
351 1500 1000000000
674 1500 1000000000
1499 1499 1000000000
1005 1500 1000000000
868 1500 1000000000
83 1500 1000000000
1209 1500 1000000000
464 1500 1000000000
350 1500 1000000000
280 1500 1000000000
326 1500 1000000000
669 1500 1000000000
285 1500 1000000000
730 1500 1000000000
984 1500 1000000000
97 1500 1000000000
1137 1500 1000000000
1361 1500 1000000000
812 1500 1000000000
471 1500 1000000000
1135 1500 1000000000
1175 1500 1000000000
832 1500 1000000000
830 1500 1000000000
435 1500 1000000000
931 1500 1000000000
1193 1500 1000000000
103 1500 1000000000
457 1500 1000000000
1206 1500 1000000000
1126 1500 1000000000
622 1500 1000000000
390 1500 1000000000
1456 1500 1000000000
255 1500 1000000000
65 1500 1000000000
971 1500 1000000000
544 1500 1000000000
449 1500 1000000000
539 1500 1000000000
589 1500 1000000000
253 1500 1000000000
1436 1500 1000000000
941 1500 1000000000
134 1500 1000000000
1223 1500 1000000000
66 1500 1000000000
1472 1500 1000000000
798 1500 1000000000
879 1500 1000000000
852 1500 1000000000
1330 1500 1000000000
1111 1500 1000000000
40 1500 1000000000
515 1500 1000000000
734 1500 1000000000
92 1500 1000000000
821 1500 1000000000
90 1500 1000000000
799 1500 1000000000
867 1500 1000000000
1064 1500 1000000000
332 1500 1000000000
478 1500 1000000000
797 1500 1000000000
905 1500 1000000000
12 1500 1000000000
985 1500 1000000000
643 1500 1000000000
791 1500 1000000000
216 1500 1000000000
1392 1500 1000000000
803 1500 1000000000
510 1500 1000000000
683 1500 1000000000
512 1500 1000000000
1486 1500 1000000000
1367 1500 1000000000
1342 1500 1000000000
340 1500 1000000000
706 1500 1000000000
1496 1500 1000000000
503 1500 1000000000
64 1500 1000000000
437 1500 1000000000
700 1500 1000000000
299 1500 1000000000
1075 1500 1000000000
441 1500 1000000000
387 1500 1000000000
297 1500 1000000000
629 1500 1000000000
111 1500 1000000000
152 1500 1000000000
1402 1500 1000000000
624 1500 1000000000
665 1500 1000000000
454 1500 1000000000
410 1500 1000000000
348 1500 1000000000
1457 1500 1000000000
1237 1500 1000000000
375 1500 1000000000
311 1500 1000000000
1113 1500 1000000000
438 1500 1000000000
964 1500 1000000000
693 1500 1000000000
315 1500 1000000000
641 1500 1000000000
336 1500 1000000000
484 1500 1000000000
975 1500 1000000000
220 1500 1000000000
744 1500 1000000000
1118 1500 1000000000
108 1500 1000000000
1112 1500 1000000000
549 1500 1000000000
1128 1500 1000000000
1291 1500 1000000000
398 1500 1000000000
1416 1500 1000000000
135 1500 1000000000
401 1500 1000000000
713 1500 1000000000
1393 1500 1000000000
249 1500 1000000000
737 1500 1000000000
1028 1500 1000000000
635 1500 1000000000
1133 1500 1000000000
623 1500 1000000000
570 1500 1000000000
1041 1500 1000000000
684 1500 1000000000
649 1500 1000000000
302 1500 1000000000
62 1500 1000000000
244 1500 1000000000
650 1500 1000000000
811 1500 1000000000
1423 1500 1000000000
986 1500 1000000000
679 1500 1000000000
705 1500 1000000000
601 1500 1000000000
1181 1500 1000000000
1450 1500 1000000000
1426 1500 1000000000
1265 1500 1000000000
1498 1500 1000000000
896 1500 1000000000
1297 1500 1000000000
611 1500 1000000000
1409 1500 1000000000
637 1500 1000000000
201 1500 1000000000
224 1500 1000000000
756 1500 1000000000
417 1500 1000000000
292 1500 1000000000
294 1500 1000000000
855 1500 1000000000
42 1500 1000000000
1248 1500 1000000000
493 1500 1000000000
306 1500 1000000000
583 1500 1000000000
14 1500 1000000000
631 1500 1000000000
1401 1500 1000000000
396 1500 1000000000
722 1500 1000000000
699 1500 1000000000
1006 1500 1000000000
210 1500 1000000000
1459 1500 1000000000
1067 1500 1000000000
1123 1500 1000000000
85 1500 1000000000
1049 1500 1000000000
1362 1500 1000000000
166 1500 1000000000
993 1500 1000000000
758 1500 1000000000
1169 1500 1000000000
579 1500 1000000000
1207 1500 1000000000
1087 1500 1000000000
627 1500 1000000000
1190 1500 1000000000
736 1500 1000000000
380 1500 1000000000
293 1500 1000000000
318 1500 1000000000
121 1500 1000000000
648 1500 1000000000
1228 1500 1000000000
1208 1500 1000000000
198 1500 1000000000
513 1500 1000000000
247 1500 1000000000
36 1500 1000000000
322 1500 1000000000
584 1500 1000000000
1143 1500 1000000000
865 1500 1000000000
966 1500 1000000000
1377 1500 1000000000
291 1500 1000000000
1236 1500 1000000000
13 1500 1000000000
203 1500 1000000000
96 1500 1000000000
1449 1500 1000000000
1463 1500 1000000000
497 1500 1000000000
979 1500 1000000000
137 1500 1000000000
837 1500 1000000000
1018 1500 1000000000
773 1500 1000000000
1420 1500 1000000000
538 1500 1000000000
1293 1500 1000000000
473 1500 1000000000
1475 1500 1000000000
667 1500 1000000000
1473 1500 1000000000
4 1500 1000000000
853 1500 1000000000
10 1500 1000000000
76 1500 1000000000
1484 1500 1000000000
1036 1500 1000000000
745 1500 1000000000
599 1500 1000000000
450 1500 1000000000
6 1500 1000000000
1315 1500 1000000000
666 1500 1000000000
1163 1500 1000000000
88 1500 1000000000
672 1500 1000000000
574 1500 1000000000
1272 1500 1000000000
1202 1500 1000000000
167 1500 1000000000
227 1500 1000000000
59 1500 1000000000
156 1500 1000000000
1093 1500 1000000000
1453 1500 1000000000
346 1500 1000000000
834 1500 1000000000
330 1500 1000000000
1399 1500 1000000000
426 1500 1000000000
1494 1500 1000000000
1127 1500 1000000000
1167 1500 1000000000
283 1500 1000000000
1003 1500 1000000000
712 1500 1000000000
1483 1500 1000000000
814 1500 1000000000
1407 1500 1000000000
1187 1500 1000000000
914 1500 1000000000
452 1500 1000000000
439 1500 1000000000
839 1500 1000000000
1140 1500 1000000000
670 1500 1000000000
615 1500 1000000000
1338 1500 1000000000
54 1500 1000000000
75 1500 1000000000
296 1500 1000000000
242 1500 1000000000
1328 1500 1000000000
1364 1500 1000000000
1251 1500 1000000000
1310 1500 1000000000
927 1500 1000000000
239 1500 1000000000
1120 1500 1000000000
1015 1500 1000000000
149 1500 1000000000
161 1500 1000000000
727 1500 1000000000
950 1500 1000000000
383 1500 1000000000
1234 1500 1000000000
796 1500 1000000000
1172 1500 1000000000
1029 1500 1000000000
728 1500 1000000000
1466 1500 1000000000
604 1500 1000000000
1374 1500 1000000000
995 1500 1000000000
1195 1500 1000000000
1094 1500 1000000000
901 1500 1000000000
1170 1500 1000000000
1069 1500 1000000000
381 1500 1000000000
34 1500 1000000000
316 1500 1000000000
559 1500 1000000000
1383 1500 1000000000
519 1500 1000000000
333 1500 1000000000
1412 1500 1000000000
164 1500 1000000000
845 1500 1000000000
369 1500 1000000000
748 1500 1000000000
619 1500 1000000000
536 1500 1000000000
1176 1500 1000000000
207 1500 1000000000
1227 1500 1000000000
1267 1500 1000000000
1431 1500 1000000000
813 1500 1000000000
1157 1500 1000000000
833 1500 1000000000
1418 1500 1000000000
17 1500 1000000000
877 1500 1000000000
1171 1500 1000000000
1042 1500 1000000000
246 1500 1000000000
218 1500 1000000000
873 1500 1000000000
810 1500 1000000000
1025 1500 1000000000
876 1500 1000000000
557 1500 1000000000
1322 1500 1000000000
1290 1500 1000000000
894 1500 1000000000
1136 1500 1000000000
480 1500 1000000000
1183 1500 1000000000
1240 1500 1000000000
1104 1500 1000000000
490 1500 1000000000
173 1500 1000000000
1102 1500 1000000000
543 1500 1000000000
827 1500 1000000000
553 1500 1000000000
1226 1500 1000000000
980 1500 1000000000
235 1500 1000000000
592 1500 1000000000
114 1500 1000000000
621 1500 1000000000
913 1500 1000000000
455 1500 1000000000
1395 1500 1000000000
377 1500 1000000000
1147 1500 1000000000
180 1500 1000000000
1108 1500 1000000000
105 1500 1000000000
267 1500 1000000000
453 1500 1000000000
112 1500 1000000000
475 1500 1000000000
1381 1500 1000000000
1101 1500 1000000000
339 1500 1000000000
823 1500 1000000000
636 1500 1000000000
658 1500 1000000000
19 1500 1000000000
1058 1500 1000000000
488 1500 1000000000
880 1500 1000000000
400 1500 1000000000
485 1500 1000000000
864 1500 1000000000
1262 1500 1000000000
508 1500 1000000000
551 1500 1000000000
1144 1500 1000000000
272 1500 1000000000
664 1500 1000000000
1308 1500 1000000000
886 1500 1000000000
1372 1500 1000000000
1384 1500 1000000000
1320 1500 1000000000
1213 1500 1000000000
1059 1500 1000000000
1051 1500 1000000000
638 1500 1000000000
1400 1500 1000000000
768 1500 1000000000
1184 1500 1000000000
904 1500 1000000000
1327 1500 1000000000
528 1500 1000000000
1497 1500 1000000000
132 1500 1000000000
525 1500 1000000000
630 1500 1000000000
1446 1500 1000000000
393 1500 1000000000
721 1500 1000000000
1217 1500 1000000000
94 1500 1000000000
1131 1500 1000000000
597 1500 1000000000
816 1500 1000000000
576 1500 1000000000
647 1500 1000000000
279 1500 1000000000
1324 1500 1000000000
1074 1500 1000000000
757 1500 1000000000
1078 1500 1000000000
1103 1500 1000000000
250 1500 1000000000
936 1500 1000000000
774 1500 1000000000
1268 1500 1000000000
1417 1500 1000000000
159 1500 1000000000
505 1500 1000000000
973 1500 1000000000
231 1500 1000000000
165 1500 1000000000
1061 1500 1000000000
458 1500 1000000000
708 1500 1000000000
338 1500 1000000000
1218 1500 1000000000
818 1500 1000000000
366 1500 1000000000
750 1500 1000000000
640 1500 1000000000
174 1500 1000000000
1474 1500 1000000000
952 1500 1000000000
260 1500 1000000000
1242 1500 1000000000
628 1500 1000000000
686 1500 1000000000
735 1500 1000000000
1437 1500 1000000000
1107 1500 1000000000
407 1500 1000000000
486 1500 1000000000
932 1500 1000000000
265 1500 1000000000
1017 1500 1000000000
1117 1500 1000000000
953 1500 1000000000
425 1500 1000000000
825 1500 1000000000
1444 1500 1000000000
191 1500 1000000000
98 1500 1000000000
188 1500 1000000000
1478 1500 1000000000
429 1500 1000000000
957 1500 1000000000
1121 1500 1000000000
430 1500 1000000000
577 1500 1000000000
588 1500 1000000000
335 1500 1000000000
1199 1500 1000000000
74 1500 1000000000
1201 1500 1000000000
529 1500 1000000000
282 1500 1000000000
965 1500 1000000000
289 1500 1000000000
1358 1500 1000000000
1212 1500 1000000000
1433 1500 1000000000
1441 1500 1000000000
552 1500 1000000000
846 1500 1000000000
1323 1500 1000000000
955 1500 1000000000
495 1500 1000000000
859 1500 1000000000
523 1500 1000000000
1045 1500 1000000000
945 1500 1000000000
1292 1500 1000000000
701 1500 1000000000
1410 1500 1000000000
1231 1500 1000000000
1429 1500 1000000000
228 1500 1000000000
1255 1500 1000000000
1415 1500 1000000000
130 1500 1000000000
962 1500 1000000000
489 1500 1000000000
175 1500 1000000000
212 1500 1000000000
1390 1500 1000000000
753 1500 1000000000
912 1500 1000000000
1289 1500 1000000000
394 1500 1000000000
445 1500 1000000000
1173 1500 1000000000
8 1500 1000000000
933 1500 1000000000
731 1500 1000000000
496 1500 1000000000
476 1500 1000000000
1142 1500 1000000000
851 1500 1000000000
659 1500 1000000000
610 1500 1000000000
1470 1500 1000000000
1081 1500 1000000000
972 1500 1000000000
802 1500 1000000000
530 1500 1000000000
155 1500 1000000000
1337 1500 1000000000
225 1500 1000000000
71 1500 1000000000
602 1500 1000000000
469 1500 1000000000
608 1500 1000000000
158 1500 1000000000
460 1500 1000000000
521 1500 1000000000
347 1500 1000000000
958 1500 1000000000
1477 1500 1000000000
1480 1500 1000000000
1424 1500 1000000000
408 1500 1000000000
388 1500 1000000000
1488 1500 1000000000
556 1500 1000000000
20 1500 1000000000
29 1500 1000000000
1205 1500 1000000000
691 1500 1000000000
725 1500 1000000000
794 1500 1000000000
418 1500 1000000000
897 1500 1000000000
1491 1500 1000000000
923 1500 1000000000
163 1500 1000000000
1339 1500 1000000000
575 1500 1000000000
612 1500 1000000000
1089 1500 1000000000
902 1500 1000000000
363 1500 1000000000
1225 1500 1000000000
373 1500 1000000000
524 1500 1000000000
170 1500 1000000000
1232 1500 1000000000
1348 1500 1000000000
284 1500 1000000000
237 1500 1000000000
30 1500 1000000000
1204 1500 1000000000
238 1500 1000000000
211 1500 1000000000
343 1500 1000000000
1105 1500 1000000000
181 1500 1000000000
463 1500 1000000000
416 1500 1000000000
423 1500 1000000000
1068 1500 1000000000
1194 1500 1000000000
1373 1500 1000000000
792 1500 1000000000
251 1500 1000000000
140 1500 1000000000
571 1500 1000000000
266 1500 1000000000
981 1500 1000000000
1033 1500 1000000000
808 1500 1000000000
1130 1500 1000000000
568 1500 1000000000
23 1500 1000000000
1299 1500 1000000000
53 1500 1000000000
145 1500 1000000000
763 1500 1000000000
301 1500 1000000000
127 1500 1000000000
49 1500 1000000000
983 1500 1000000000
718 1500 1000000000
192 1500 1000000000
43 1500 1000000000
1254 1500 1000000000
421 1500 1000000000
840 1500 1000000000
596 1500 1000000000
554 1500 1000000000
1359 1500 1000000000
547 1500 1000000000
1368 1500 1000000000
804 1500 1000000000
193 1500 1000000000
888 1500 1000000000
1182 1500 1000000000
1008 1500 1000000000
254 1500 1000000000
767 1500 1000000000
372 1500 1000000000
698 1500 1000000000
717 1500 1000000000
1200 1500 1000000000
21 1500 1000000000
1056 1500 1000000000
1253 1500 1000000000
919 1500 1000000000
125 1500 1000000000
532 1500 1000000000
934 1500 1000000000
35 1500 1000000000
646 1500 1000000000
467 1500 1000000000
916 1500 1000000000
1203 1500 1000000000
51 1500 1000000000
871 1500 1000000000
573 1500 1000000000
1110 1500 1000000000
1288 1500 1000000000
133 1500 1000000000
79 1500 1000000000
1375 1500 1000000000
572 1500 1000000000
1485 1500 1000000000
565 1500 1000000000
711 1500 1000000000
1302 1500 1000000000
1366 1500 1000000000
1343 1500 1000000000
1211 1500 1000000000
113 1500 1000000000
537 1500 1000000000
854 1500 1000000000
1090 1500 1000000000
689 1500 1000000000
925 1500 1000000000
1351 1500 1000000000
37 1500 1000000000
671 1500 1000000000
1389 1500 1000000000
232 1500 1000000000
558 1500 1000000000
506 1500 1000000000
861 1500 1000000000
1085 1500 1000000000
444 1500 1000000000
240 1500 1000000000
1235 1500 1000000000
780 1500 1000000000
172 1500 1000000000
567 1500 1000000000
498 1500 1000000000
482 1500 1000000000
1445 1500 1000000000
184 1500 1000000000
600 1500 1000000000
956 1500 1000000000
535 1500 1000000000
309 1500 1000000000
775 1500 1000000000
977 1500 1000000000
1490 1500 1000000000
183 1500 1000000000
1250 1500 1000000000
824 1500 1000000000
129 1500 1000000000
1296 1500 1000000000
1331 1500 1000000000
687 1500 1000000000
1097 1500 1000000000
642 1500 1000000000
9 1500 1000000000
1156 1500 1000000000
1189 1500 1000000000
1275 1500 1000000000
1385 1500 1000000000
848 1500 1000000000
404 1500 1000000000
422 1500 1000000000
1421 1500 1000000000
688 1500 1000000000
501 1500 1000000000
564 1500 1000000000
234 1500 1000000000
1243 1500 1000000000
1239 1500 1000000000
356 1500 1000000000
987 1500 1000000000
580 1500 1000000000
978 1500 1000000000
89 1500 1000000000
1241 1500 1000000000
1394 1500 1000000000
771 1500 1000000000
1023 1500 1000000000
1062 1500 1000000000
578 1500 1000000000
1345 1500 1000000000
838 1500 1000000000
1152 1500 1000000000
1057 1500 1000000000
938 1500 1000000000
308 1500 1000000000
1282 1500 1000000000
500 1500 1000000000
190 1500 1000000000
11 1500 1000000000
504 1500 1000000000
605 1500 1000000000
392 1500 1000000000
781 1500 1000000000
1489 1500 1000000000
257 1500 1000000000
233 1500 1000000000
1220 1500 1000000000
1114 1500 1000000000
252 1500 1000000000
1487 1500 1000000000
1333 1500 1000000000
1495 1500 1000000000
782 1500 1000000000
741 1500 1000000000
177 1500 1000000000
1479 1500 1000000000
776 1500 1000000000
213 1500 1000000000
355 1500 1000000000
1 1500 1000000000
462 1500 1000000000
483 1500 1000000000
168 1500 1000000000
1427 1500 1000000000
942 1500 1000000000
996 1500 1000000000
45 1500 1000000000
593 1500 1000000000
1352 1500 1000000000
947 1500 1000000000
1499 1 1000000000
930 1500 1000000000
1019 1500 1000000000
1146 1500 1000000000
749 1500 1000000000
82 1500 1000000000
491 1500 1000000000
1100 1500 1000000000
374 1500 1000000000
15 1500 1000000000
320 1500 1000000000
18 1500 1000000000
479 1500 1000000000
466 1500 1000000000
317 1500 1000000000
1034 1500 1000000000
