1500 750 1495
730 422 610
145 1209 996649057
240 307 207
555 376 996472461
654 483 999773352
320 44 999711243
283 361 948208420
45 724 997659570
128 371 1124
481 316 999972109
413 487 1815
68 591 729
660 878 996161630
611 320 984115068
43 30 1026
238 199 1338
199 515 999480354
538 1353 1166
537 38 999142357
152 364 1548
674 398 991042286
117 1045 999914640
552 111 978464900
395 329 538
228 757 992766077
491 930 999999735
328 665 999980771
719 1359 557
317 505 1060
702 379 999632256
131 576 1582
196 36 1748
479 638 999898714
17 1493 1165
542 1280 999426165
10 231 946
389 1251 999741398
82 608 1463
185 432 109
184 989 133
555 1404 637
622 1494 999759597
470 1486 947459870
693 1180 675
248 435 427
745 453 546
344 1381 1487
595 16 1444
423 1409 999190639
596 603 999994955
601 589 1997
285 1461 946033278
494 1338 343
277 345 999898891
33 1209 999330942
313 1362 982579648
431 528 903155957
67 485 915
150 621 978
499 85 244
571 188 999233969
230 1339 984170780
463 577 994113479
62 256 999993194
325 1337 6
409 1209 977
443 611 652
628 1034 999063742
160 614 999893767
519 1126 999373096
665 1317 999966406
496 1126 995988967
592 772 999244300
447 537 1066
527 1252 1390
124 711 996668821
133 1008 1381
225 597 996189215
47 1387 996561995
721 269 373
26 443 139
655 522 1980
384 935 991199268
559 1064 807
389 784 432
279 479 596
189 984 999331090
688 1268 1885
149 621 999991927
195 250 946
454 477 1967
619 1476 971240727
626 388 975282585
530 761 945880788
398 20 995378350
623 1049 998532814
41 893 501
147 1433 998699631
136 751 1588
302 726 999406547
697 1159 52
631 752 890369375
671 432 509
63 954 779
739 439 999848171
593 1248 299
238 666 995413050
566 694 998559276
493 748 513
360 149 1290
733 2 1102
315 622 999156188
718 1379 587
319 45 999921317
568 465 996010005
143 561 1645
712 494 1441
503 258 1994
200 949 728
468 858 974952249
395 796 998897064
186 962 998300117
85 1473 1905
111 452 999721263
155 1115 992717869
727 389 993548078
350 1038 998470972
626 1416 1517
482 445 995733123
680 929 411
430 1207 1678
609 114 998177845
718 351 975989094
690 1238 1912
586 1016 996272658
97 1266 229
508 650 998700487
427 314 997806843
377 914 1143
213 1247 579
55 786 995169071
93 1430 996253872
278 1492 993180555
573 1154 623
206 124 998324508
63 1421 999978759
347 370 999364292
212 1034 295
498 1361 985324048
38 1048 999535407
70 86 489
643 1315 325
44 611 985221879
5 131 995550149
328 198 402
496 659 1274
18 1320 999784876
232 582 999349172
613 327 995530279
633 382 999920579
274 899 1178
749 1266 998766811
305 1111 999628784
546 552 998485312
9 59 38
16 576 118
663 533 20
180 1489 994165011
556 371 937
576 1371 971294862
270 1355 189
273 613 1683
296 996 999898136
67 952 999997596
422 823 1418
577 753 1811
358 599 995799604
245 575 396
559 36 991624746
293 486 661
110 1321 998719040
121 272 124
69 580 396
330 1269 120
370 1338 999596883
95 1466 111
364 1317 999982671
249 1060 1148
679 1254 968631424
597 762 999958386
127 946 999125635
703 297 994319786
309 154 522
204 583 989013371
523 1066 998542014
443 1078 993973033
364 850 1174
706 960 888
39 800 999940627
584 981 773
24 608 540
497 708 1862
194 1467 1169
26 910 999956641
547 1155 1468
612 694 990512205
529 991 816
51 1055 1625
462 50 991153127
346 73 1886
208 1307 1838
288 209 976411258
290 924 997814103
169 1000 946
683 789 683
729 1455 999997353
201 515 1546
746 1282 1788
411 1250 556
670 177 996003758
670 1205 1425
186 495 427
705 1144 1634
437 314 386
574 1411 994954800
693 152 994680421
198 267 995223373
60 1387 1112
349 941 999951894
721 736 999843086
310 1388 997
373 111 985872097
684 898 995105032
580 209 999982858
109 521 1114
294 505 265
92 622 675
222 477 999413985
376 1156 1104
450 15 1313
506 348 999999967
336 1225 1987
241 1078 972549519
262 872 986375670
539 1416 999892412
699 784 997352397
361 643 999281050
250 1211 982320080
239 115 969
432 525 999154562
214 1472 692
733 469 999894008
478 993 992076034
678 1395 314
123 1392 1580
273 1080 999680041
613 1355 1919
553 128 962392899
534 622 664
30 299 920347788
193 456 999003294
419 1322 1385
673 1307 749
435 923 997
118 1182 1841
567 945 999898128
588 21 1515
89 183 1549
203 33 425
530 294 1648
485 1051 733
325 309 999993430
651 566 999281974
408 998 999995108
616 489 590
606 398 970
290 457 56
267 269 997390327
215 1477 991187128
749 799 788
541 384 999441513
156 1155 281
100 1029 997999548
473 586 686
379 70 999997855
383 1233 997394558
175 827 69
426 718 999833526
256 670 999988036
524 437 1673
451 189 364
276 1128 999750088
388 111 999287741
540 758 994321840
416 1304 995772681
71 887 365
476 559 1028
206 1152 349
188 40 1781
469 1039 990380511
171 735 998439347
440 206 999938893
253 393 206
628 567 991
618 1041 998021468
36 317 372
746 254 996493678
282 530 930
449 128 999678852
214 444 995984084
95 438 992798839
732 331 979790546
287 1028 1798
291 255 997502848
301 557 999039105
171 268 507
88 518 1227
392 1127 996542321
685 355 1481
77 401 1504
161 1106 998546022
162 1283 207
337 1211 989750623
616 956 999772166
416 837 1720
2 498 999909029
231 705 999980579
37 1311 126
42 521 998760729
617 908 998100922
218 45 999997824
307 929 999914814
69 1047 994809122
436 1451 988
22 1338 999985628
7 28 497
322 816 298
676 1337 1844
653 1471 999404810
637 1434 999129851
254 558 995565783
87 665 1255
455 128 1295
122 20 217
189 517 1529
653 1004 58
630 99 309
269 1357 1020
642 1390 999538982
114 419 1036
444 1396 995814582
246 477 105
707 852 1133
407 634 969
674 1426 720
313 895 309
723 952 935
659 945 666
652 1078 950992221
576 904 549
399 1471 999860328
90 1438 1855
14 1418 1692
193 1484 572
264 1431 998541663
196 503 999172709
543 564 1780
207 651 999982081
78 1071 993758451
129 1015 999872861
287 1495 999376910
473 1053 998367748
233 261 994556816
104 337 997694711
372 249 998851139
584 1448 999998905
472 495 572
687 215 998467471
14 390 999990698
79 1465 1596
276 661 1072
258 855 1835
235 1394 1344
722 127 990294230
94 848 999921533
382 568 557
164 933 964398248
265 946 125
152 831 999913195
531 252 167
728 436 1668
509 108 999918408
401 496 1125
293 953 999998423
509 1136 1971
494 310 963137764
519 659 247
137 1277 983877628
130 786 991792671
278 1025 52
744 753 999901012
88 985 999900400
467 344 1794
632 707 997983391
212 6 999337688
252 1269 1397
747 1055 999192403
292 522 991772265
639 1272 999882768
318 212 999619081
239 582 991534407
344 353 993655648
507 423 1095
434 747 999138623
586 549 639
665 850 201
644 584 991173722
537 1066 1337
698 1296 999820798
233 1289 1723
200 1416 996538372
464 1338 944968485
621 440 7
166 374 1703
295 1382 140
192 792 215
598 643 993
177 1332 896
272 133 989980397
163 521 1745
442 492 599
502 246 1044
138 479 280
227 1389 87
243 300 998116740
691 915 970432756
657 504 990663761
552 1139 1966
178 1040 999853409
483 507 980457825
426 251 707
694 1421 1766
675 938 1843
669 59 1359
517 84 991295080
463 110 830
366 112 340
311 736 998854685
258 1322 977651049
185 899 993312342
414 416 1820
532 81 996381590
170 170 999932526
712 961 949993794
491 463 1391
333 659 997858734
512 451 1208
153 335 1359
1 1386 991532524
461 3 1436
432 58 903
659 1412 997443852
656 763 669
237 444 924
177 304 998632330
524 904 999570958
316 732 947092399
647 1023 996058344
385 1284 999994578
701 830 1988
260 864 999996581
183 450 999869212
701 1297 999929564
634 402 999976490
645 497 999053217
441 1362 999958462
308 522 1673
288 1237 791
41 1360 999637924
48 1142 861
457 199 1090
442 959 984366410
219 1302 999570300
708 78 1369
261 179 999895709
348 1188 1340
165 217 999406380
687 1243 596
210 1127 1503
256 203 1698
341 623 999948702
515 745 1655
99 1131 999957725
468 391 1324
630 566 998520987
486 144 999028364
618 574 827
673 279 999712806
677 568 429
374 1144 998752493
279 946 999972678
738 1097 981821743
48 114 993719241
358 132 1031
102 75 1552
387 1270 1345
607 887 998051444
417 559 991780228
183 1478 1031
543 1031 999997204
120 370 1544
180 1022 1445
615 668 1403
723 1419 999814428
459 1159 999728764
190 1185 999853408
421 840 250
142 100 806
436 423 999015209
192 1259 997077029
646 17 996023461
140 160 997467713
535 508 878
307 462 261
271 1274 986419755
30 1327 1956
506 1376 373
516 1346 1247
34 224 1968
715 835 1135
516 318 997728052
268 1294 997791617
646 1045 42
568 1493 263
275 711 986886256
35 536 999119914
99 664 1772
655 989 999932416
558 556 999968298
373 1139 655
523 599 1307
623 582 1693
237 911 999364395
554 436 999545419
154 959 396
248 902 998410778
490 1103 999997964
336 197 999935284
456 168 999652007
135 843 848
92 1089 999927740
230 872 737
557 824 1888
703 1325 1765
735 1056 792
181 506 999999987
423 942 239
397 647 993248458
119 216 996637606
452 279 214
359 254 1790
510 380 1116
54 1244 994231935
741 1370 994448514
605 409 792
267 1297 172
128 838 999397694
651 99 284
617 441 72
319 1073 548
223 1085 999924613
564 578 546
203 500 999997152
28 1276 318
404 943 971097269
241 611 1150
27 910 986860300
454 944 997086250
406 944 1267
22 871 1142
458 139 998270642
376 128 983490984
243 1328 49
12 846 1254
368 655 999887676
275 244 1673
98 1490 817
264 964 1670
438 582 300
271 807 891
107 1228 999958703
614 1330 226
625 1389 999565538
725 1342 1845
716 1484 999905292
671 899 956678554
321 214 394
19 133 999997608
745 920 999468140
54 777 304
61 568 997231579
38 581 350
400 700 999555722
664 1278 999327242
545 1423 990908955
600 1339 995064927
57 230 996698271
361 176 5
446 436 999838176
581 1396 999501764
714 901 1473
244 1358 999892731
414 883 991603840
202 424 999522911
198 1295 1263
729 988 320
2 31 1391
113 80 323
382 1035 999984409
105 327 999926555
7 495 999803223
312 639 999957689
274 1366 999969615
591 999 998279468
343 384 1870
528 238 42
155 648 1083
676 309 996897735
297 760 997379994
218 1073 1855
710 523 998327125
511 925 999715777
585 1319 1104
686 1024 677
283 1389 1186
717 280 1469
381 592 1091
353 208 997615658
300 132 846
593 220 998196635
329 789 873609239
366 579 999390970
372 1277 1573
720 844 996527956
369 760 610
349 474 1685
438 1049 997979480
201 982 999894440
577 1220 999999969
116 203 999797254
75 733 1448
18 853 1020
234 382 1786
70 553 967275594
573 126 997870088
709 632 258
50 855 874
284 933 808
622 1027 915
120 837 994076174
135 1310 999714085
669 526 999653458
741 903 1733
384 468 577
550 1178 1416
225 130 1294
57 1258 1410
121 739 960465506
710 56 698
435 1390 999984353
598 1110 999779036
747 588 1366
126 1020 204
482 1473 338
379 1098 1095
175 1294 999544615
298 1370 998488894
717 747 941366173
380 1126 975239928
300 599 999850832
377 1381 998768515
719 331 987965063
147 966 570
25 171 486
574 944 1985
316 265 191
706 1427 997303117
695 513 1566
132 1002 1732
492 225 501
107 761 119
682 805 984500655
298 903 946
331 37 1039
563 906 999999195
425 1409 1132
403 883 1422
508 183 1083
743 1024 986294604
488 555 998137052
578 664 1864
217 243 999999542
691 448 555
74 519 1941
642 923 18
40 521 1701
548 1042 1160
541 1412 786
9 526 999302556
220 464 997628173
148 577 478
173 167 1024
205 1203 969
461 470 997947297
661 898 999960926
644 117 1654
305 644 1095
263 589 1176
604 826 265
310 360 997742493
658 680 975189897
210 99 999998209
640 648 1993
15 395 999292199
65 995 1569
429 852 900604486
191 1367 998980129
569 948 1226
545 956 1388
134 948 999936785
24 1075 999995525
518 326 1637
724 941 1794
73 852 999994235
538 325 994404304
561 874 1263
520 577 963683314
317 972 994943356
501 1131 1464
570 1326 974515747
405 1257 1557
59 1257 999868337
561 1341 994502918
503 725 996760461
566 227 863
282 997 999182332
386 1086 999325210
213 219 999410457
23 97 199
689 656 253
179 550 1228
188 507 999997741
161 639 1987
242 349 464
1 919 1494
558 89 706
221 986 999982712
456 1196 601
280 1384 1723
179 1017 983674835
197 194 994811791
704 867 1552
204 116 1664
570 859 289
390 57 991031514
168 888 420
475 989 983189752
33 742 114
529 1458 998065043
588 488 999501182
419 294 999998205
474 943 980964916
84 398 569
681 1481 946
437 781 999971156
103 1086 403
501 103 999984636
21 500 995221419
343 851 991745488
150 1088 999803407
679 787 1193
178 573 1067
91 569 509
333 192 675
77 868 999995650
737 534 1636
742 299 972637380
58 1135 994634430
158 870 998365575
475 522 182
272 1161 1845
187 1164 997242962
286 329 999736885
531 719 907675563
394 1294 492
629 605 999976960
261 1207 1026
350 571 674
736 1030 1578
483 40 1243
130 319 1748
324 151 999562745
318 1240 366
582 84 659
247 612 958
587 1149 514
247 1079 999882448
4 28 985536002
595 483 999666755
418 365 999826192
53 1235 971
424 978 108
607 420 527
141 304 1740
314 340 586
465 1165 999987543
680 1396 960129136
157 899 1720
750 915 999823375
553 1156 832
522 1472 1761
388 1139 231
259 460 1199
43 497 997730395
369 1227 999999974
314 807 999975840
640 1115 999919277
457 666 998264271
229 1363 997464783
244 891 358
700 887 999494828
105 1355 207
441 895 446
495 678 999483886
620 112 995414762
323 425 999997049
495 211 1452
174 1194 988694621
345 1115 1856
42 54 190
142 567 996794294
5 1159 1794
711 817 1904
410 1223 999806600
103 58 997552756
698 829 1955
527 224 999982641
731 703 999885647
542 813 1037
292 55 668
689 1123 974702754
428 264 999919924
522 444 999015070
656 1230 989344894
654 16 1899
352 320 998819330
277 1373 1345
697 131 999135200
490 636 704
82 1075 970536438
500 1037 383
335 73 997648797
172 100 999654004
23 564 999967219
695 980 986286630
657 37 406
460 1125 288
71 1354 998532086
301 90 1071
174 727 1287
518 793 997325672
602 818 998880046
139 991 1591
548 14 980542355
608 884 1553
743 557 915
677 1035 996261875
396 592 998973863
40 988 999319479
199 48 1244
394 266 999638952
466 238 990738400
643 287 997103433
255 1232 795
224 643 987121946
699 317 838
129 548 711
270 327 980635214
480 768 1742
692 180 999494048
327 637 999701869
631 285 1464
544 158 1516
176 945 1029
709 1099 986893412
46 1189 999130751
415 1067 973030025
585 291 999164991
81 907 1723
306 138 999548569
362 62 1196
207 184 1669
304 1183 960869323
153 802 999566751
599 839 501
25 638 990540899
209 277 999899529
100 562 1557
605 876 996778920
583 1150 996117641
385 817 1016
634 1430 819
467 811 999865935
466 1266 1741
662 62 991966075
675 1405 996363932
378 267 1699
321 681 999914076
571 1216 1885
223 618 966
666 887 1189
304 716 1070
413 954 978807316
106 606 389
608 1351 999403877
75 1200 999425499
262 405 67
337 744 985
526 1414 999999972
611 1348 980
445 512 999995816
714 1368 999770533
424 1445 994445183
397 180 1636
215 1010 243
208 279 995425915
13 1133 1724
711 1284 999998743
356 1297 999994515
446 1464 932
408 531 1012
592 305 1284
532 1109 376
3 923 996391536
334 499 807
521 808 999974242
348 160 999797748
368 188 748
455 595 995693051
62 1284 170
639 805 1606
182 63 999590265
480 1235 992609917
12 1313 999700430
8 1226 995627945
713 586 65
97 238 999963808
55 319 1074
357 1122 1328
636 935 19
253 860 997203752
748 538 1833
560 189 1637
696 638 989931980
20 980 865
648 971 20
294 972 984690523
445 45 1324
146 635 987303242
477 214 630
649 1485 999808949
487 714 999997578
219 835 515
108 64 1048
439 1434 905
363 1176 559
727 1417 654
13 105 992541339
550 150 964794973
487 247 608
420 771 999890245
133 1475 997049357
191 900 1638
575 926 1155
254 91 1923
396 125 701
338 1062 172
458 1167 1810
627 987 999594666
606 865 997206635
81 1374 998730143
627 520 1577
549 1169 1909
227 361 997658577
551 724 999838538
451 656 996970740
728 903 999760367
594 746 996325854
638 779 1019
168 1355 999189437
612 227 909
660 411 667
638 1246 999994904
702 1407 1655
649 1018 1717
338 34 999916816
73 385 850
330 241 991986909
211 911 1447
116 1231 1136
511 458 54
683 1256 999723293
96 92 999852258
450 482 999814746
692 1208 1888
137 810 404
257 361 999998874
672 307 568
111 1480 1442
351 1417 236
427 1342 551
547 127 999941001
353 1236 927
85 445 961924388
486 1172 1044
359 721 997733342
226 1217 999915619
589 1354 1835
610 700 1049
411 222 993826139
231 238 1079
478 526 876
34 691 997700658
302 259 1409
131 1043 979182194
690 210 999924668
229 896 1540
11 280 974427114
667 217 1825
285 994 1522
164 466 53
251 1247 43
551 257 1384
474 476 1485
383 766 1497
134 481 1713
688 240 999635264
205 175 999994135
352 1348 335
708 545 991108857
400 233 1842
224 176 1392
601 1056 992000213
342 374 578
356 830 881
315 155 965
139 1458 999986851
66 1129 998958724
114 886 999711948
281 1446 1544
514 717 158
629 138 1448
220 1492 17
668 660 999862242
228 290 1085
375 1388 1
146 168 435
217 1271 1780
31 907 922
439 406 991544616
172 1128 1126
52 818 1422
610 1167 990754939
232 115 421
65 1462 997883718
17 465 999687924
641 1372 1098
485 23 998299747
59 790 1332
166 841 999832621
390 1085 1510
195 717 999868040
365 828 1680
536 293 999163247
72 558 980928375
546 85 139
497 1175 998815826
125 1147 997840668
493 1215 999988793
563 439 301
371 812 1405
591 532 185
525 1266 991273699
52 1285 997063951
154 1426 999519402
615 1135 999967481
286 1357 1804
109 988 998702077
246 944 986956320
579 1417 998375457
471 120 71
86 367 972493818
15 1423 281
476 1026 964642684
481 1344 309
565 815 990211081
417 92 243
157 1366 998299802
533 601 841
340 318 1585
624 1142 1005
434 280 1285
596 136 1153
326 1290 905982574
635 234 1791
32 1340 625
291 1283 420
3 456 195
415 600 671
636 1402 996293212
29 1403 203
367 438 1136
732 1359 1585
322 1283 999996946
515 1212 999863049
216 254 1505
539 949 1990
412 914 988
102 542 997308990
619 1009 1949
662 1090 1480
418 1393 284
430 179 999926834
696 171 1069
600 872 1617
21 33 67
500 9 986096210
326 823 1053
602 351 1781
235 366 993908890
650 37 999990438
266 1237 1744
410 756 744
112 1477 996826385
289 772 994863446
78 604 1677
339 1128 1579
579 950 19
583 683 1274
110 854 566
554 1464 1391
226 750 1454
444 929 15
498 894 746
106 1073 999172755
4 1056 743
354 1416 991978744
378 734 984456078
735 28 999905483
447 1004 999987525
245 1042 999371095
11 1308 584
604 1293 999428606
562 485 999876146
603 676 999865001
635 701 999985521
587 121 999394199
284 1400 998236835
582 551 999717114
306 1166 1495
465 698 1713
151 262 999383906
449 1156 1097
664 811 1636
84 865 999998316
525 799 1818
309 621 956279385
257 1389 1302
567 478 1662
533 1068 989977730
339 100 987660591
60 359 999466881
742 1327 478
182 1091 895
371 1279 999828882
190 718 535
115 950 761
89 650 996124161
76 192 1993
652 611 969
113 547 986309001
700 420 767
726 722 215
345 87 986053068
650 1065 10
68 1058 984669009
162 255 994360504
575 1393 974941876
505 63 1660
187 697 943
148 1044 984094144
557 1291 999930472
19 1161 1722
581 929 1152
672 774 987901511
160 147 1068
499 552 999835577
520 110 735
740 169 1243
637 967 1185
194 439 999578265
159 82 998149718
250 744 1100
431 61 87
405 229 999392492
716 1017 56
477 681 997864712
549 141 999997173
36 784 995541666
268 827 1514
668 193 361
704 1334 999965125
8 759 837
72 91 1635
35 69 1425
20 1447 999821451
402 477 995934759
80 1136 358
750 448 798
678 367 999461605
572 989 925966965
347 1398 1277
713 1053 998552640
39 333 1430
56 438 999614319
289 305 253
740 636 995063328
562 18 87
521 341 1244
127 479 523
260 397 327
374 677 416
98 462 993776949
507 890 998302865
29 375 999997220
731 236 1439
158 403 1584
409 181 991953616
429 385 910
648 1438 997021558
32 312 986956162
303 1227 997244009
684 431 1954
263 1056 999796171
332 1394 661
489 133 1872
123 364 999705493
528 705 991210290
363 148 991099241
49 863 999850033
140 1188 730
76 659 993554481
398 1048 180
597 295 1624
255 204 999689409
141 771 999861171
647 556 692
556 838 991371121
269 329 999450856
401 963 994622173
715 1302 999915131
686 1491 999999784
614 302 998502827
124 244 897
320 1072 1236
83 412 529
645 30 1419
517 1112 482
101 942 999819022
280 356 999675426
16 1043 999993575
632 240 880
119 1244 10
540 291 1305
560 656 998733556
663 1000 997972310
375 360 959388383
296 529 569
403 1350 990494884
380 659 1989
578 1131 917685308
197 1222 558
242 816 999919212
492 692 994941883
46 722 1213
726 1189 999944221
209 1305 1484
323 1453 1455
240 774 999233862
362 529 974444799
440 1234 1657
112 1010 1329
594 279 812
311 269 476
381 1059 999698641
641 344 982624754
392 660 149
621 907 999892205
346 540 999852956
666 1354 934266229
143 1028 991223520
355 671 999998557
425 381 998685257
342 841 999996318
159 1110 1933
86 1395 208
303 760 1184
502 713 998473875
572 522 1313
281 418 994110794
83 879 994511866
47 920 334
340 785 992516807
470 1019 1984
151 1290 1516
126 1487 996250915
145 742 91
136 1218 997036517
433 768 421
535 975 999999969
420 304 1111
564 1045 999713064
736 2 992050739
504 1486 833
580 1237 1209
488 88 159
464 871 1576
534 1089 999644028
299 191 999477287
234 849 999663613
125 680 1024
169 1467 999894936
236 477 999099686
720 377 1264
27 443 1947
705 116 998112248
94 381 1379
603 209 1000
308 989 999984412
79 437 998954681
50 1322 994102272
667 684 994982209
324 1179 1587
471 587 998399735
329 322 1361
722 1155 1742
163 988 994445308
44 144 1071
422 1290 994868308
489 600 999990151
165 1245 1998
167 468 921
332 366 997936952
589 326 993039252
266 209 999884009
544 625 999487991
354 949 921
90 410 999626604
64 1211 1197
221 519 959
249 32 999894537
694 393 993378496
167 935 999695126
448 506 999889100
58 668 304
404 476 89
462 1078 618
108 531 999934341
526 947 785
452 746 955195083
6 1424 999997026
472 962 999671922
484 176 261
724 1408 999925569
37 283 999759998
737 1001 988905902
624 114 998570906
725 314 999776391
91 1036 997760721
56 1466 1320
87 1132 999821854
402 10 1134
453 579 999992251
512 918 999633344
117 578 1049
370 871 1918
144 1415 1115
433 1235 999472724
122 487 999320649
64 183 982727490
327 170 1498
391 589 1302
93 963 1329
156 127 991444242
176 1412 999998141
505 530 998300809
31 1374 999894369
104 1365 1521
387 242 999953980
590 568 986109226
625 922 108
460 97 997578747
510 847 999515808
536 1321 997
252 241 999036386
115 1417 999811520
406 1411 999851352
360 616 992024817
738 630 1657
399 1004 438
222 10 1606
28 248 999936262
259 927 999060631
66 662 1846
459 692 23
428 1292 620
565 348 1747
620 1140 1239
138 946 999999370
45 257 159
312 172 1507
484 643 999784384
391 1056 981980866
251 219 999999588
569 1415 996216227
101 475 999
51 27 998857276
6 957 230
211 1378 998433856
504 458 999932218
144 387 999837755
469 572 429
80 108 997669897
170 1198 411
661 431 1593
181 39 1949
748 1005 999817906
96 1120 206
53 207 987295528
739 1467 497
681 453 998578094
453 112 956
334 966 999795713
479 171 1229
216 721 999721191
351 389 993982875
132 1469 995912982
365 1295 999785816
184 1456 999890469
149 154 1997
393 1335 263
407 1101 999896434
335 1101 1148
10 698 998259491
734 1017 1433
299 1219 652
357 94 999920507
297 293 901
513 344 999524478
202 1452 1770
331 504 990631946
355 204 624
236 10 1104
590 101 1627
513 1372 810
74 986 999904977
118 154 998220765
682 338 731
295 354 984493862
265 1413 997721913
173 634 998695726
421 1307 966443665
658 213 968
599 1306 990645654
685 822 977902802
609 1142 1495
633 1410 728
341 156 1929
393 307 999968826
412 1381 999949273
734 1484 998425249
61 101 240
49 396 2
744 286 165
367 905 998384078
730 889 999761624
514 1184 999223647
448 39 1424
707 1319 991434641
386 619 762
