2500 1 2498
1 994 715506365
1 1815 734891325
1 1250 666540841
1 954 686418040
1 2262 95160282
1 1979 505324999
1 711 702777591
1 2231 38539883
1 1861 361026549
1 1326 904653089
1 550 157156353
1 1923 411409063
1 1323 811600580
1 82 948165057
1 848 551130589
1 2206 883158572
1 1587 234387803
1 1639 571962795
1 2498 911843509
1 2095 450059335
1 1809 540015649
1 1866 680034871
1 925 610572263
1 175 19877234
1 295 773209670
1 2108 183454705
1 481 168139308
1 2295 972416459
1 1732 836107327
1 2311 201568141
1 1075 59068762
1 2469 75646322
1 1349 821260373
1 1703 232392737
1 1704 171602749
1 404 941697941
1 688 88504427
1 243 86347598
1 2288 462432222
1 1117 383542587
1 341 232304201
1 907 312055194
1 149 783030567
1 347 486519291
1 594 154362385
1 29 709363608
1 1445 180694185
1 1109 757543217
1 2283 68083787
1 1295 259573297
1 949 894115452
1 478 479611649
1 1486 615151306
1 1654 33404889
1 1200 284615258
1 1798 292682865
1 1489 478200532
1 1038 979628539
1 1301 541842004
1 1310 812235923
1 1982 919788707
1 654 62364233
1 1359 856813506
1 32 759765317
1 1604 338651516
1 1121 280845748
1 1087 474544454
1 1238 252063390
1 2234 197976722
1 1917 680377964
1 1134 666120107
1 522 890719273
1 1514 74244408
1 2122 885678795
1 378 30055550
1 1814 401005677
1 1690 164073323
1 524 94995618
1 1559 505452014
1 1195 750273966
1 935 410873563
1 2410 624732240
1 2225 919786408
1 510 41797114
1 1363 895344579
1 145 460323398
1 1296 75550574
1 288 973178114
1 431 14103283
1 1952 196908536
1 2312 789593552
1 4 232689138
1 1389 606467920
1 2479 712447978
1 1958 243801723
1 606 812104564
1 319 14379768
1 365 987227691
1 1323 521342716
1 1862 286399028
1 1283 651073217
1 773 152717617
1 1540 932198291
1 1403 264956310
1 1651 616083005
1 12 681664155
1 680 574839599
1 2405 22211712
1 807 743363963
1 2366 844747794
1 22 537262887
1 1106 595876403
1 376 359438651
1 1235 873813779
1 2089 200807718
1 1867 786323996
1 948 17493638
1 191 257974711
1 1362 135123090
1 1752 79721176
1 891 807558187
1 1497 841406453
1 138 760430739
1 2218 169952777
1 469 515633730
1 915 975323518
1 2040 458117854
1 1361 583750820
1 417 273375758
1 509 119286546
1 328 367548427
1 461 446254039
1 701 787403956
1 219 795108939
1 885 991189144
1 1973 43166806
1 665 948349256
1 304 275430594
1 2329 846892431
1 1532 786293729
1 1798 880127565
1 1727 163714561
1 545 32431685
1 1869 100473184
1 558 4084133
1 1679 810448696
1 186 415071066
1 42 582205293
1 896 220589098
1 245 884104063
1 1524 273083999
1 1357 135678590
1 329 600372263
1 2182 904731470
1 1320 332612088
1 1686 208190363
1 1574 557752718
1 2365 123775279
1 2068 675639775
1 1103 980508883
1 534 624399759
1 1892 218338888
1 1559 877788037
1 116 328713103
1 522 325291838
1 1752 320916318
1 1035 12304526
1 2244 687339839
1 2050 739959967
1 2145 107677661
1 1780 715367064
1 1037 445413115
1 1432 463402907
1 455 730846762
1 1791 358079315
1 749 768091523
1 278 79033233
1 1314 79041989
1 2293 252962237
1 1712 626930823
1 282 489579095
1 56 932262770
1 471 809838780
1 461 702572263
1 275 6402953
1 1279 31147566
1 1983 674093001
1 1073 722961826
1 168 269091620
1 341 544549150
1 816 464577724
1 309 30648057
1 271 763700857
1 281 407676933
1 624 168256589
1 468 948628340
1 239 348624550
1 698 354875294
1 649 248376522
1 2274 235913331
1 1029 210547199
1 795 502554793
1 17 999312101
1 1313 744677931
1 1793 92583368
1 651 561410932
1 1298 169745386
1 1759 89891348
1 1607 54614232
1 537 13261213
1 1556 51610579
1 2059 204598593
1 992 39619280
1 101 671315595
1 243 585793102
1 1523 796302400
1 2319 371812427
1 1575 262737726
1 808 9954615
1 2186 330786177
1 2415 30523473
1 371 840135980
1 74 955759238
1 315 437581509
1 2300 840652790
1 1064 305839396
1 1551 903142666
1 1432 280432382
1 293 235473639
1 190 621911145
1 1103 830371288
1 791 358972982
1 1352 714866049
1 930 713182018
1 1975 636557794
1 2353 870183281
1 2395 51093326
1 658 256478411
1 1656 146532383
1 123 200128050
1 2318 205911184
1 1343 330756113
1 1270 825555678
1 730 181019625
1 748 994172439
1 1682 136626233
1 1128 899430658
1 667 779099785
1 2309 46653863
1 1486 332698669
1 1999 167752390
1 10 68258757
1 1757 916772308
1 1566 552453070
1 974 23211953
1 1591 14265562
1 1158 50904763
1 935 212866037
1 2353 719052283
1 1496 842382590
1 1851 833556435
1 2282 492342934
1 706 500421969
1 1516 702844071
1 90 169576083
1 1487 624965733
1 2055 324186472
1 752 277021719
1 954 84968621
1 2086 577431441
1 2305 358123699
1 233 930341799
1 2023 974596185
1 1423 563068271
1 862 179832062
1 936 867787223
1 1441 596229635
1 1287 407446734
1 495 499030661
1 1152 760135140
1 435 332311227
1 2195 807269699
1 1193 29504047
1 1813 629343415
1 1245 324914412
1 1265 293398124
1 141 638511037
1 1261 225731950
1 1351 158937125
1 2350 437953805
1 971 815280242
1 1301 44553286
1 379 167930524
1 951 161443581
1 2188 232022879
1 23 773806484
1 448 17618250
1 2261 267567863
1 2366 300034578
1 665 367733577
1 10 938114910
1 1324 185563217
1 574 778052345
1 1796 828659449
1 412 910575833
1 1940 159749861
1 2452 898288408
1 1633 37530205
1 180 805414466
1 219 13028197
1 1549 48240426
1 742 83823224
1 815 675840145
1 968 356267578
1 12 107005738
1 753 567513410
1 1823 329829164
1 2080 846633157
1 1337 564833074
1 1371 458750217
1 2462 368135413
1 1860 927876663
1 1509 430936592
1 1923 151278668
1 329 411891215
1 2472 828648520
1 1034 887775051
1 1207 463611499
1 1650 32136653
1 157 247976692
1 162 210506144
1 1940 396030679
1 1574 44517234
1 1144 378489108
1 2191 15596418
1 49 907508380
1 750 711541439
1 33 653458897
1 1349 786542351
1 1186 930068734
1 587 454082861
1 28 368461338
1 1320 986409217
1 276 236389452
1 12 146564672
1 1334 188545954
1 1193 257446846
1 1312 692033082
1 2107 873097938
1 2424 468165722
1 1551 733031812
1 351 723497850
1 1994 745642913
1 1693 272492231
1 1715 995369654
1 1014 725318168
1 1769 99291677
1 1252 272947643
1 1053 713192097
1 944 669792657
1 893 245793519
1 2396 838200709
1 895 301570410
1 1495 855083725
1 2066 13413307
1 823 42714907
1 1049 368781070
1 685 224216354
1 1019 141646638
1 810 191668933
1 1595 587719863
1 1570 695030095
1 842 178198501
1 1074 622630584
1 196 468781368
1 1161 145975335
1 721 330663157
1 589 123527017
1 1981 908602534
1 840 654279026
1 809 62451428
1 468 263747561
1 245 465959086
1 1167 160838300
1 921 444723356
1 864 185801764
1 1680 637872693
1 22 120156660
1 1996 274836824
1 683 392211918
1 2314 771695758
1 1380 128216536
1 2265 765888329
1 1545 782007403
1 1157 213309921
1 1728 938338346
1 875 165981870
1 718 271761220
1 1293 494497324
1 990 761721698
1 1747 583075518
1 941 299227192
1 750 395067248
1 2282 793675673
1 751 959215772
1 662 364779240
1 79 180367958
1 2156 297913451
1 981 150065619
1 2095 789869630
1 992 36693386
1 958 723338957
1 2297 608582329
1 372 207518744
1 1019 865529622
1 1371 682073096
1 1231 182353502
1 1611 917564962
1 310 91854722
1 715 478770540
1 634 219476733
1 1469 696533141
1 74 668624827
1 650 836927134
1 1074 62352682
1 2456 305202937
1 1345 746081769
1 1824 162023925
1 1514 290498065
1 964 354993675
1 130 290289566
1 1706 857779585
1 2378 347049212
1 1983 111189257
1 324 300271525
1 390 512162691
1 1758 718497903
1 2296 304018072
1 1466 507245478
1 1364 652577492
1 381 76366570
1 1853 344215248
1 2009 173426495
1 903 36218275
1 1420 976680298
1 727 317614222
1 1329 155058428
1 1552 251340867
1 1486 739140977
1 1708 402732033
1 994 24858074
1 1429 59275118
1 382 123909246
1 419 123973573
1 2303 254506853
1 302 236141255
1 1809 536336451
1 1029 199809574
1 1271 48427080
1 1253 488663239
1 1236 287650055
1 583 711982694
1 749 64519383
1 948 861107500
1 1376 374590852
1 2196 48725071
1 2356 839800033
1 1410 934373168
1 1549 147193165
1 424 57232619
1 1895 863909004
1 871 789948167
1 2277 76078552
1 2320 984689199
1 53 664305837
1 1599 916937049
1 747 277564005
1 1753 645854921
1 2066 722374127
1 789 323082014
1 1798 913734522
1 1842 572901704
1 2434 74695455
1 436 339621103
1 1348 93752527
1 656 835401135
1 2079 384545762
1 744 302955494
1 691 972600118
1 1661 376898363
1 1225 397495946
1 1305 948633695
1 1617 24673631
1 749 916267897
1 2310 63682291
1 1744 298319045
1 2170 893415423
1 2426 261972705
1 1149 410602141
1 1019 829267617
1 1674 701336532
1 1008 283798929
1 2048 10211978
1 1390 560368371
1 716 202405115
1 1306 45299269
1 1578 187527587
1 17 856579357
1 1995 527882919
1 202 322197661
1 605 790513914
1 404 636140
1 1169 658117793
1 127 570759049
1 616 254699090
1 1795 129154877
1 1808 295094317
1 652 865570712
1 1121 552731141
1 1573 260642756
1 1955 48723410
1 1788 920842766
1 734 298873631
1 1096 177492390
1 359 883048107
1 161 278418162
1 1932 247487105
1 862 82008960
1 646 97029331
1 778 663279018
1 2167 797235356
1 697 963101589
1 1258 180158450
1 1676 221149068
1 940 687863617
1 1980 469782922
1 311 155676018
1 902 937577373
1 2394 857084076
1 1453 220721073
1 55 317519519
1 2223 476408522
1 581 200221656
1 2403 491807081
1 1078 258269158
1 48 415926977
1 1821 376442355
1 91 201980386
1 83 522387906
1 1691 363877871
1 2232 895632756
1 696 131284663
1 2132 278314990
1 2125 441812974
1 1635 163297979
1 1553 764090262
1 2025 442032953
1 1561 739299040
1 965 638674776
1 2025 602160983
1 310 872777658
1 1660 981716196
1 1649 158929393
1 1565 331848067
1 2091 1178925
1 2348 946871771
1 1704 234994138
1 1032 17465488
1 2151 536868896
1 198 719283858
1 641 574980687
1 1698 706395131
1 1356 332776669
1 2247 663209014
1 2285 814931346
1 445 895321397
1 1693 823450189
1 613 996144540
1 968 404963531
1 516 229197689
1 887 680827729
1 1525 592863737
1 799 727983680
1 1512 364951608
1 1199 857364878
1 1432 580394705
1 2123 843344884
1 1962 292704902
1 643 434562731
1 1960 318392337
1 1703 64975607
1 870 890357441
1 2404 783043016
1 675 971164907
1 942 782853687
1 1888 269364637
1 1627 196188640
1 2214 786302319
1 2287 358131253
1 2020 19048326
1 1892 519016575
1 98 587390070
1 12 515522408
1 103 287901288
1 899 895038485
1 350 545922319
1 79 322747934
1 1969 662240982
1 188 903477337
1 1649 633959738
1 275 928334638
1 2331 440638601
1 1466 279490522
1 1067 712985963
1 1970 97223254
1 1988 444266733
1 2334 201389348
1 2034 844501014
1 301 678220578
1 2165 869970110
1 863 718270921
1 1962 61564984
1 1140 872163318
1 1108 402630447
1 612 540839697
1 1665 447421114
1 1961 40095603
1 2063 271425433
1 2439 591749005
1 583 209273563
1 1176 787766807
1 1074 368566703
1 973 707068836
1 2234 363334673
1 350 579741858
1 2167 382114298
1 508 760593736
1 1101 238895854
1 1422 115065035
1 1561 462586416
1 1379 333032182
1 2323 899217304
1 893 538440808
1 2456 29784168
1 545 655661950
1 78 343021476
1 523 454960466
1 2049 770758043
1 796 150950528
1 102 38714332
1 1309 71129443
1 2169 650671059
1 812 160982795
1 191 32108084
1 1822 296770954
1 1965 596740677
1 363 191258102
1 1550 325879209
1 1058 817995341
1 1158 531986621
1 227 340580071
1 1479 267040358
1 1027 551842081
1 2291 625626327
1 953 888818340
1 2105 438400030
1 240 92419364
1 342 418414425
1 1482 806800569
1 1961 76514342
1 1342 207388178
1 882 535148336
1 1341 37858625
1 1160 385562194
1 509 599349815
1 1152 548235303
1 2406 250443546
1 1279 133513993
1 440 840063458
1 981 546165779
1 832 196403508
1 94 197538756
1 872 218045724
1 207 650064868
1 818 191624589
1 1749 429815938
1 182 524104493
1 1393 251660356
1 2153 306083594
1 411 436548104
1 2464 776086089
1 462 369830375
1 352 153410993
1 1304 28791438
1 1034 941270145
1 1267 967589348
1 1268 86887926
1 706 802586225
1 221 410448655
1 543 873966594
1 963 592355166
1 1313 355581755
1 107 369349410
1 2130 912141264
1 2191 635128348
1 1038 554262811
1 2045 464419530
1 2196 302282897
1 285 398346628
1 1725 816819026
1 2084 225743089
1 145 194684081
1 1088 287591090
1 1340 101421008
1 879 252379355
1 1621 264675159
1 588 270776300
1 40 698187258
1 1918 554177222
1 1343 499931224
1 2230 573163274
1 1305 520220407
1 1611 990775345
1 1792 405868673
1 1749 936959889
1 1713 18451325
1 1268 737137999
1 935 819235426
1 885 59299315
1 565 600485171
1 886 566977124
1 1109 92590667
1 1369 916714684
1 1814 813412822
1 680 725675419
1 988 726442280
1 531 123657013
1 1967 78762796
1 157 271150724
1 2210 669191744
1 1216 205606608
1 1369 202304936
1 2354 980547053
1 2489 510175403
1 1714 836622389
1 1384 385294593
1 1268 725224321
1 2334 302501523
1 1863 204499327
1 2481 806228730
1 1736 374439514
1 788 626106911
1 1884 649471443
1 471 433439928
1 1067 729352178
1 581 261466115
1 1947 458424903
1 1348 736591929
1 198 771745538
1 2436 928346245
1 2254 488706958
1 1105 352455517
1 2062 697389729
1 30 413504608
1 1270 248679186
1 1299 653798319
1 1512 975116674
1 1705 102655535
1 882 863821862
1 982 402115908
1 2415 846279936
1 571 796389745
1 918 205870827
1 1086 740588300
1 1505 893301394
1 2382 881013604
1 1159 544497790
1 961 523231967
1 2332 224511680
1 1828 298001814
1 731 22942955
1 351 221078035
1 1019 856508499
1 1618 59016388
1 2082 481064422
1 2039 394969511
1 1304 26965252
1 1126 975393090
1 1819 443044615
1 24 761331795
1 733 539601577
1 70 479757046
1 2229 807215938
1 2384 932089177
1 795 200579758
1 450 523653808
1 215 427661746
1 329 105481848
1 397 105567153
1 2118 442091311
1 1741 356980409
1 1656 125703888
1 754 358377436
1 2046 112141514
1 2077 988940637
1 861 5781825
1 322 20055408
1 519 300951127
1 876 99606902
1 1346 812355237
1 190 247290408
1 775 568858479
1 1043 97049942
1 1693 165861532
1 730 110117545
1 2496 140465590
1 757 797246142
1 2168 640226375
1 2184 331895720
1 1724 60959118
1 2322 391314926
1 2191 77180758
1 478 885813846
1 1487 499495444
1 560 351849662
1 1628 16782023
1 1086 641101408
1 205 719771454
1 2004 910850689
1 728 66542386
1 216 573936716
1 2364 861504247
1 500 349895237
1 2205 381516892
1 122 191157644
1 922 351002854
1 2105 828475950
1 1581 785417056
1 1926 569725511
1 1464 115832892
1 1061 885204849
1 348 106950213
1 2496 102105034
1 1800 861459546
1 2266 95639463
1 619 830401787
1 1162 570577371
1 2145 41768226
1 2450 996927073
1 1272 149722371
1 2492 44223394
1 1450 268276088
1 1031 420294944
1 1865 271905899
1 1574 497107191
1 1119 169427651
1 2344 877206009
1 1926 647526882
1 2196 427994451
1 279 29951212
1 1605 197019854
1 1003 230346153
1 728 232198172
1 76 201085596
1 2124 644990572
1 476 150059078
1 1796 909228780
1 1569 160751490
1 21 27348932
1 840 386937937
1 2421 559053486
1 1451 279988244
1 419 752840442
1 2177 416711793
1 1811 267474990
1 979 128407442
1 1440 28732116
1 61 50744447
1 1624 14711091
1 637 124136601
1 1757 389375733
1 1426 481618694
1 1089 872637046
1 1811 846344505
1 2151 196546899
1 2001 223328131
1 427 325592006
1 384 780748462
1 1605 22245090
1 2484 423419949
1 1598 191377315
1 1875 220355569
1 1702 963181804
1 650 647993269
1 733 62355417
1 157 142885922
1 2429 254826960
1 2277 294565848
1 146 387085261
1 804 845883665
1 2434 797777439
1 122 979314534
1 569 366320612
1 1694 565236367
1 1255 582976915
1 894 882604179
1 2258 144905545
1 1483 330862804
1 2474 895464594
1 1919 596639553
1 1216 585515987
1 184 479913706
1 2480 385981783
1 49 448898171
1 1963 446823629
1 587 207043438
1 1486 600079363
1 1983 798879014
1 386 850929244
1 2099 381352083
1 187 237083903
1 2345 480462761
1 1736 692355289
1 947 101850650
1 717 204101510
1 1908 869866933
1 1941 773400016
1 1018 108893605
1 853 571072261
1 1671 74643091
1 956 494466101
1 1601 214649174
1 1985 992825610
1 592 838328346
1 1286 609212823
1 89 735269669
1 1078 541958567
1 1257 894455179
1 2218 639139517
1 1796 860365562
1 6 138089665
1 1403 168289490
1 357 377630231
1 2365 522182349
1 2009 271603982
1 1185 564727205
1 1281 983349484
1 1624 827243938
1 1584 878653689
1 288 52891028
1 48 473824956
1 1891 985984257
1 891 826598310
1 738 113575951
1 2108 59221802
1 1340 12156474
1 1067 718617118
1 1627 428025968
1 1767 813692825
1 214 127615101
1 35 152256630
1 1291 459983518
1 212 910013686
1 2386 276081002
1 907 961145956
1 834 821825399
1 1534 286261735
1 1001 293191963
1 1722 109781950
1 82 850030417
1 415 783192061
1 273 917428190
1 1710 934089345
1 765 882321463
1 284 204226701
1 1746 226913702
1 1365 614409252
1 1449 648017800
1 89 755978596
1 574 721340595
1 1041 320943229
1 1752 699367258
1 121 823075251
1 888 925090573
1 672 821861306
1 1262 334688803
1 2232 200777367
1 2148 321428662
1 724 245842050
1 2146 515740456
1 504 66198103
1 1366 737369199
1 1974 678169775
1 430 225004593
1 2020 761175778
1 374 945427197
1 2061 919611099
1 1072 222549051
1 1238 793631750
1 1970 820716859
1 715 680436857
1 922 275819830
1 1792 82530091
1 1689 893228279
1 2303 344937077
1 2490 38486580
1 1481 479585712
1 179 60939255
1 1091 864582354
1 1804 171333663
1 1507 371330930
1 1815 585721849
1 784 269240784
1 1950 717095538
1 2418 238224745
1 1379 425550055
1 246 163234632
1 1177 424305836
1 140 909659310
1 732 129052272
1 956 739887892
1 75 502365693
1 867 452086169
1 652 538673499
1 719 863094054
1 2478 927194563
1 46 543686594
1 1180 676368512
1 2029 117168931
1 2233 318576109
1 383 722359003
1 101 364208206
1 98 420798744
1 1533 636693447
1 1991 508094021
1 653 642973121
1 2251 177924601
1 211 754077749
1 332 566594565
1 2392 447804963
1 1366 467707245
1 2045 529251754
1 1781 304094584
1 1105 369584016
1 1352 293762381
1 856 281314235
1 2049 429601108
1 94 810554919
1 1553 572445302
1 305 263170637
1 1882 412926242
1 1057 240743318
1 650 797373123
1 718 583685826
1 357 288903587
1 2489 97326320
1 2002 64513511
1 1531 314318211
1 713 115394753
1 2332 728697863
1 69 451062556
1 1398 224220499
1 1943 269040671
1 867 107896417
1 1009 347435566
1 830 764288069
1 2041 920077885
1 1577 482304634
1 722 464734413
1 2297 765182328
1 1231 389744752
1 1997 306026929
1 1949 71008146
1 1331 464090478
1 169 779709025
1 2341 777478168
1 2368 130183211
1 2195 384302841
1 2180 761121774
1 790 187039270
1 667 870718191
1 1125 385394492
1 2256 214753391
1 1085 937533014
1 2008 184263755
1 328 20688647
1 702 461973301
1 384 109370700
1 1108 865354637
1 1456 182669217
1 1616 788848359
1 1307 748392690
1 1506 228457162
1 1172 173757565
1 404 106862113
1 792 905842904
1 1742 214809973
1 893 944439367
1 249 139907254
1 2330 25076944
1 714 310310563
1 2023 889068870
1 1866 492719816
1 2081 292850008
1 729 281811704
1 2369 344904111
1 1853 336745103
1 846 844515690
1 1871 347827116
1 839 149828238
1 201 959532612
1 1668 88858561
1 1971 153060320
1 412 726355284
1 1115 767716325
1 1092 337947799
1 231 930983439
1 2222 854776660
1 627 367786051
1 730 121607549
1 453 408241335
1 433 822321780
1 2005 932245707
1 1638 446096051
1 687 545703639
1 903 737059121
1 2014 650764526
1 273 604467664
1 2201 308109877
1 2385 70918558
1 1546 788201469
1 849 54113613
1 2368 994186282
1 404 545270713
1 443 768196421
1 1788 571775990
1 1776 940570520
1 437 908385366
1 1651 324820731
1 2031 815481176
1 1183 992784745
1 28 35692059
1 1395 740538574
1 2460 928299291
1 1263 661906189
1 710 167535945
1 2410 285470796
1 229 293936754
1 1855 165913293
1 1042 412792878
1 1967 331363333
1 2326 104690816
1 435 81807958
1 993 775992975
1 1808 855677195
1 2194 608211989
1 1009 242142282
1 587 474764051
1 587 563663802
1 130 328974045
1 905 182525794
1 1344 747203216
1 486 218298834
1 516 334064760
1 613 76488154
1 1310 897152918
1 471 883016085
1 1775 781700148
1 661 356259422
1 1670 204636051
1 1186 490782781
1 552 964157199
1 1430 881406181
1 582 245528528
1 2003 378589196
1 1937 921520782
1 1658 412327555
1 1534 157531233
1 1584 60894919
1 2486 615037459
1 524 802173233
1 552 948573177
1 163 971261561
1 196 760652452
1 320 13220555
1 2320 137656744
1 2115 71295735
1 2364 15452927
1 120 741105687
1 1003 383063497
1 993 733639043
1 1765 684840118
1 1203 199011634
1 1544 718371542
1 1246 63717804
1 1577 56024305
1 140 355727440
1 676 82250478
1 1150 89356930
1 2305 24110451
1 2152 814097627
1 2087 202817622
1 2021 769720742
1 966 246581898
1 313 184259056
1 2215 63961866
1 1035 601747615
1 927 899663798
1 1680 444135439
1 991 556168816
1 1763 279540374
1 1197 184395608
1 2393 821992873
1 2175 113627834
1 1520 603263722
1 302 692791852
1 1515 416810260
1 526 97926377
1 13 360116469
1 993 627261998
1 617 257457751
1 2006 438412628
1 2102 586835776
1 1814 990536241
1 387 585459335
1 2433 783770565
1 1579 670701017
1 2250 246794806
1 1000 245882433
1 249 838250834
1 2477 368320970
1 1952 232706660
1 1254 285283473
1 2336 292874850
1 2432 2754268
1 2010 272553213
1 2312 534130464
1 2259 542127283
1 1459 74452000
1 2434 974032960
1 1549 354816943
1 2261 298116240
1 1670 56272179
1 2034 826131088
1 1838 263335272
1 1981 47557562
1 2025 856371210
1 715 428520191
1 505 849062017
1 544 140376460
1 49 886656634
1 853 17347452
1 2354 683469140
1 581 932418850
1 2191 69321255
1 700 58507255
1 1501 269260192
1 1884 556619879
1 1395 968531417
1 1864 855111661
1 481 80593578
1 1763 537549668
1 879 387661729
1 253 779684104
1 2448 721013744
1 2068 510236967
1 2442 37924964
1 278 807226766
1 1769 268647840
1 1560 675678075
1 1795 829575749
1 1026 372237405
1 136 452710930
1 2241 451556934
1 2019 914092343
1 883 722212829
1 135 390768983
1 83 631881370
1 429 865271241
1 2013 906516330
1 1042 77839686
1 1825 293977095
1 884 804026776
1 2057 944478140
1 2271 866718879
1 2352 706201968
1 2374 525279384
1 7 583867790
1 1915 326342851
1 842 367257131
1 942 790089471
1 2278 676183349
1 2151 588587952
1 1678 496317366
1 1594 732354183
1 328 657211265
1 1274 838834753
1 1507 788950238
1 518 747883967
1 2155 421962977
1 2370 137541950
1 820 569426397
1 1138 336669773
1 1814 166975573
1 1616 259168627
1 819 181639954
1 357 247461655
1 737 306377450
1 344 983418898
1 2101 673688888
1 1037 869767551
1 193 346438887
1 2095 100412950
1 1814 52752050
1 2216 475012627
1 2336 539440519
1 2201 963414616
1 2138 557313683
1 461 710732722
1 811 665448796
1 1458 149211788
1 1268 908207784
1 302 249814523
1 1547 467715191
1 2496 441221796
1 1003 440400801
1 1410 882576277
1 1007 183196788
1 687 580308493
1 1884 532095654
1 926 401887772
1 1568 158325696
1 1508 904830876
1 1544 742914755
1 2460 126227127
1 487 783306409
1 458 931313292
1 1394 65478037
1 1258 620406329
1 389 883349317
1 1817 318213467
1 1663 209217130
1 240 567235975
1 1351 229873784
1 2133 767136892
1 1663 911604990
1 1011 343212114
1 1452 483681040
1 1301 666892773
1 19 150901998
1 1757 548936332
1 1605 546708035
1 1204 345529404
1 2430 967895242
1 1749 708476477
1 1204 400723794
1 576 46605963
1 1894 357317274
1 132 861433055
1 444 900205730
1 684 609056511
1 24 112682256
1 1960 894180148
1 151 961881426
1 1098 755763247
1 1324 67661253
1 2179 341845425
1 1132 99237334
1 1057 551086740
1 510 57471514
1 285 693838541
1 1089 550236627
1 790 357457
1 1454 553316953
1 1854 412175330
1 157 476668490
1 2246 750104916
1 1233 873404556
1 380 234301891
1 1277 476108408
1 1144 416756093
1 670 216490964
1 565 980824718
1 1557 456233280
1 1575 811824761
1 201 217248728
1 614 717142813
1 319 147888918
1 416 858199002
1 2282 893370030
1 209 238107476
1 2003 478048801
1 196 504677003
1 1739 217387937
1 1524 379595243
1 781 54349725
1 1269 485499953
1 845 359430703
1 682 6916232
1 696 360693562
1 911 649421473
1 2400 769714179
1 1114 194678441
1 576 369285323
1 10 147496846
1 737 686972334
1 118 134992989
1 737 884692283
1 1024 601278655
1 1778 837927187
1 721 110075933
1 1122 54844434
1 1172 110964265
1 794 792395426
1 1079 764959498
1 802 499511998
1 571 132294928
1 1548 939212439
1 813 904644760
1 1590 925671418
1 705 773765513
1 284 520823704
1 2357 218042176
1 479 722441677
1 565 886179709
1 1450 683543422
1 1840 61637651
1 2426 980196551
1 1242 186296549
1 1138 551194557
1 1173 588784862
1 1891 368499120
1 449 53900473
1 766 210528107
1 912 959948185
1 451 20143981
1 806 174614018
1 1363 795530170
1 629 405727541
1 18 982165859
1 1902 558559808
1 342 233614648
1 87 976319015
1 1989 627178859
1 1171 554645780
1 2164 643310948
1 1197 909428065
1 1934 351331200
1 1457 971243407
1 1108 21228567
1 672 142979841
1 1169 342421829
1 982 531148695
1 178 891563021
1 2166 639113369
1 1938 555366295
1 690 354015561
1 1034 481600940
1 2412 932828724
1 825 804224680
1 2106 8360384
1 2225 911282213
1 1813 861885120
1 409 577613454
1 1252 709494845
1 1711 137041595
1 25 948148037
1 937 90294420
1 2269 97395657
1 2018 584819013
1 1093 875894254
1 916 507471885
1 419 627970155
1 1496 651079204
1 751 850436299
1 1520 347790829
1 1318 95486526
1 356 343757009
1 516 686689770
1 1606 67200157
1 388 585342853
1 1348 246640905
1 1572 820928288
1 2453 174942980
1 344 548520663
1 1961 247727973
1 1191 889168111
1 1219 905848855
1 2124 455260632
1 1997 156678680
1 2450 581951522
1 2032 324327076
1 1410 555884725
1 1371 904174216
1 789 500302125
1 1726 63418264
1 388 101078519
1 367 70115617
1 106 126507289
1 1377 411293352
1 326 987386361
1 673 964318342
1 692 816328131
1 2011 768225605
1 323 275701775
1 2307 649310360
1 424 578435973
1 1346 780326265
1 1982 721995859
1 1778 287758871
1 893 936295327
1 1626 13665275
1 1260 43274534
1 583 458985727
1 2037 309898666
1 2107 660107679
1 2310 483754985
1 323 896102748
1 1526 474660813
1 2403 563903661
1 2010 921708646
1 1070 505947537
1 528 36021537
1 193 402474945
1 2317 92042282
1 1645 528828654
1 2342 224652147
1 291 415603954
1 521 268954069
1 552 499327113
1 2256 5670175
1 95 989915967
1 41 39242527
1 739 635762674
1 523 632148912
1 884 566235916
1 1466 221384647
1 1030 656139056
1 1103 531326609
1 763 184455492
1 958 581507858
1 2493 831682497
1 481 189299725
1 2131 277752057
1 1675 549483816
1 535 350578107
1 1116 519558262
1 860 657617019
1 30 309993453
1 53 279402602
1 356 20644368
1 2495 801274112
1 1174 63409338
1 1651 309979100
1 914 467119732
1 951 64408523
1 248 758140439
1 1355 766307512
1 2042 719488035
1 1364 182347660
1 738 53450843
1 1180 511733513
1 74 61353787
1 1101 431079353
1 1540 897185023
1 1815 330907423
1 72 638989926
1 357 258044817
1 1023 314653296
1 1945 870531781
1 945 834374020
1 1497 615815098
1 1115 852087102
1 2162 571759264
1 1855 242664174
1 1374 239894204
1 1674 426956370
1 2462 147362173
1 1673 989757913
1 698 862776359
1 2294 678975248
1 1710 102834918
1 1403 359946430
1 961 805483431
1 2435 437945430
1 123 281898802
1 1749 288830548
1 1003 246906076
1 1229 124698807
1 2195 547356376
1 443 66525120
1 2269 331300683
1 1432 506006938
1 417 957930232
1 1194 470414299
1 817 703068013
1 204 462485218
1 2010 334115164
1 2302 399502284
1 1372 289451491
1 585 293528515
1 1072 366420891
1 2026 151704391
1 2476 488441113
1 1051 243738406
1 2417 555435921
1 1441 65466145
1 257 352622176
1 228 408394030
1 505 653033497
1 135 117773104
1 214 175170132
1 308 414467662
1 1057 19818432
1 2015 341943797
1 208 873952822
1 1014 484830963
1 2290 463772184
1 932 494719219
1 1121 826634140
1 186 356520522
1 2359 29369116
1 1215 51375039
1 1599 567093820
1 299 895990911
1 698 315533673
1 490 62773696
1 1999 183611560
1 2484 788414372
1 2445 97933916
1 10 949012321
1 269 206636437
1 551 632909795
1 1005 594666333
1 149 935866362
1 1084 79467045
1 2055 867432708
1 1455 639916558
1 723 664546482
1 2079 625530763
1 2041 269689979
1 2183 598686606
1 677 841498360
1 2308 133717112
1 2089 825405737
1 1149 313668414
1 40 894224938
1 1770 478298355
1 590 727272137
1 2065 264698008
1 1528 438806393
1 69 269029022
1 1539 58792020
1 1986 424201856
1 1786 342250811
1 1892 592325236
1 1018 292416103
1 1305 265998424
1 832 432668753
1 1786 404126636
1 218 407556069
1 1279 215615047
1 1089 662564427
1 1262 626150765
1 196 125433397
1 1264 613481174
1 2447 64501938
1 1035 308356419
1 1017 37853016
1 1114 200709667
1 437 581395844
1 868 439530732
1 926 299695188
1 191 487606794
1 203 817128678
1 534 556695664
1 2004 902899252
1 1250 253112818
1 108 104482965
1 841 971026259
1 1777 28194717
1 134 893954244
1 2111 239777075
1 738 605816649
1 404 747768812
1 850 808777628
1 840 75538301
1 320 155590460
1 469 106852751
1 1238 208080800
1 1436 518665458
1 2154 498294563
1 1794 364682736
1 1054 172712128
1 143 628150929
1 2305 438860231
1 562 341234010
1 2061 892258954
1 2324 165943578
1 463 222827328
1 502 540393875
1 2230 126506991
1 1819 960938792
1 299 654334815
1 2045 964972014
1 1800 580407343
1 177 210320268
1 484 181401819
1 1865 270646984
1 1271 948091508
1 1669 820515532
1 1071 133590918
1 798 963033097
1 2286 372150911
1 2450 650175621
1 1061 119896360
1 2243 287738816
1 320 549139698
1 1220 664793330
1 659 807813297
1 2256 621534932
1 1709 924097145
1 110 188505026
1 850 906671265
1 215 853136007
1 1574 602946778
1 122 169429525
1 394 965717169
1 2189 572535573
1 715 382039924
1 2240 981010035
1 584 113945341
1 480 15540433
1 2404 898390638
1 1353 461710137
1 599 714388415
1 2312 895884060
1 867 522211455
1 1962 137826123
1 912 33339734
1 2096 387139991
1 2120 87361609
1 874 525089738
1 1267 395027789
1 1187 297475665
1 1087 40686275
1 1411 300625739
1 1372 391175384
1 2341 745059876
1 693 116621127
1 553 594949530
1 740 243516346
1 558 21865368
1 1366 478118324
1 20 724595591
1 567 344659250
1 1083 919386938
1 103 822388138
1 1707 994814270
1 391 965512007
1 1587 129968622
1 277 966241371
1 655 585712782
1 2128 246189857
1 1731 665375112
1 966 674661916
1 619 483623655
1 2478 250518915
1 1577 79939816
1 1830 466139029
1 816 929928785
1 297 152632773
1 1679 19528811
1 2457 695721173
1 1450 140215318
1 1770 140948604
1 2365 758743667
1 54 596508191
1 1615 201392667
1 977 180472171
1 835 103919624
1 1062 293414418
1 478 342317132
1 1365 864705091
1 1627 858300735
1 402 747582279
1 15 121048337
1 2217 581281646
1 2479 308684291
1 147 84003326
1 841 690373596
1 1932 845498017
1 1143 230322905
1 2333 582305253
1 1935 883188244
1 2178 259360765
1 815 262558356
1 1525 461162781
1 2116 279706154
1 379 938791056
1 786 680476844
1 2277 759835633
1 1769 535579980
1 1921 498808280
1 320 834851431
1 585 269439051
1 418 798979182
1 1060 492443829
1 2345 459632088
1 1294 609556855
1 2412 95175420
1 2214 229886044
1 1530 733894961
1 164 281533597
1 2219 228010099
1 777 656895047
1 1064 812785133
1 1060 688100009
1 1275 437175797
1 1870 497298510
1 897 726109915
1 167 727415548
1 13 505967742
1 2301 277084052
1 1856 454971236
1 1083 610369030
1 462 5015427
1 1823 686017656
1 1408 202214741
1 1633 878593451
1 166 738937378
1 1815 875912541
1 218 260499683
1 1909 460796039
1 1234 909157744
1 1372 291004932
1 1894 925353945
1 2187 293249389
1 1792 258278626
1 1171 287731354
1 2280 756842712
1 643 134015701
1 118 47607780
1 858 970733750
1 1697 262834679
1 496 829222204
1 1452 37528748
1 904 14350360
1 989 228757668
1 2086 353664837
1 1562 102035286
1 1521 585301478
1 664 47458574
1 1543 94262605
1 392 23958496
1 1198 227490121
1 2474 574028460
1 1567 858356023
1 1644 466475110
1 286 21316543
1 387 442300963
1 2252 813591560
1 2262 613291303
1 391 404548559
1 772 896339113
1 251 900652318
1 2241 353922999
1 118 630194947
1 1790 677640063
1 1152 370523836
1 400 400145532
1 1843 732558602
1 1701 486223149
1 1820 490901534
1 898 797257673
1 1091 895067619
1 1639 385396011
1 1113 932209203
1 1377 526935469
1 1826 921570150
1 2223 202719140
1 2324 726508874
1 21 202927557
1 219 238261808
1 1015 911576981
1 797 966448032
1 2306 566406979
1 1931 961022598
1 1646 222330932
1 1391 205913329
1 2101 689084958
1 1101 729185848
1 1924 936025493
1 199 6019058
1 1711 430312987
1 1663 181253784
1 1870 497168751
1 909 628860147
1 2275 517084461
1 1058 503933181
1 971 799225905
1 2026 147562184
1 459 546845114
1 1091 677645361
1 1505 668120383
1 400 815816487
1 1626 102172899
1 1370 958392587
1 921 988159070
1 264 37873386
1 654 86104198
1 975 374339358
1 1837 897678517
1 1360 813989412
1 1353 148743691
1 1582 207917027
1 1597 571070092
1 1240 568712319
1 2199 716252233
1 1276 423767628
1 1833 576991316
1 459 376666786
1 642 331301406
1 805 118209632
1 1691 182936257
1 1750 528197491
1 1 284579533
1 303 438338341
1 940 686881198
1 393 704094495
1 1359 6678459
1 945 969909500
1 747 74959832
1 79 819989487
1 1089 891271017
1 453 503296704
1 1472 309970696
1 1394 123962148
1 1732 840180127
1 134 258859213
1 969 167373362
1 1804 416532233
1 1736 90660610
1 1647 304184701
1 1889 149290325
1 1187 784378568
1 1771 940240124
1 2437 784954308
1 2180 124916200
1 730 443283941
1 989 626604372
1 1557 257765773
1 1616 741559979
1 2084 918127095
1 871 350811624
1 2379 264140910
1 2018 582087094
1 1908 251733742
1 494 888453571
1 231 625446503
1 2454 251747282
1 2207 425937435
1 957 162219725
1 807 530865147
1 1840 982817356
1 1568 46749263
1 1002 717949603
1 1161 415463309
1 2453 905785517
1 1740 132842799
1 2020 142995666
1 474 654973382
1 776 566350253
1 2459 951303787
1 25 411311916
1 1614 452130983
1 588 752845971
1 762 832051129
1 1683 582775982
1 396 21783961
1 2133 638727990
1 87 596500898
1 658 339326278
1 2118 676762505
1 2198 839621298
1 1659 268525943
1 61 63503615
1 2201 191511292
1 1731 972743195
1 2492 341826442
1 1356 783289872
1 2149 496773837
1 972 127024365
1 1348 917995714
1 157 589620655
1 2133 600182394
1 1310 529131141
1 278 579578390
1 49 405965619
1 2000 123236127
1 952 586969069
1 526 448485345
1 1802 247836395
1 753 314923227
1 62 61777748
1 209 858287918
1 2083 179614308
1 2208 618068666
1 44 135435364
1 758 284065067
1 416 295986151
1 2058 996993762
1 1508 298553119
1 232 487851569
1 77 423625165
1 1549 606997492
1 838 361066545
1 661 195428969
1 40 274411590
1 1757 358368640
1 291 589717891
1 2287 932665107
1 1151 136325731
1 1699 512574354
1 396 705144525
1 2280 22876584
1 465 523090585
1 2157 126499323
1 2313 991865057
1 1082 47431225
1 144 111517890
1 1922 943559925
1 43 802036491
1 620 110863746
1 699 512719160
1 1206 745686482
1 703 804291457
1 1347 444475606
1 1660 143283410
1 220 481362064
1 463 927813638
1 1585 713337840
1 109 490831437
1 220 175733894
1 1961 665235364
1 2256 480439718
1 737 656064883
1 2349 424633864
1 198 610174675
1 1322 483288843
1 2365 331983381
1 1861 295059210
1 116 198331677
1 48 189164313
1 2178 444389684
1 1863 546185001
1 1280 863787882
1 2446 878311586
1 908 447050639
1 149 379505877
1 638 973414497
1 1143 7458133
1 1951 209313658
1 574 762081945
1 503 84664355
1 2293 770105739
1 2115 180646373
1 2415 181801257
1 45 16335022
1 1100 134033723
1 2190 105218974
1 2269 552020227
1 1818 793015683
1 2156 188836519
1 2187 142024212
1 331 680081663
1 2138 858053402
1 1936 576287247
1 2256 841890499
1 786 563806737
1 1234 702579395
1 431 74503746
1 1154 258673147
1 1978 551240634
1 1368 188577904
1 2193 201236074
1 473 165695777
1 426 297015382
1 1758 218294517
1 766 983292284
1 2363 338891620
1 1700 763770699
1 2125 195954796
1 866 411329262
1 982 784014687
1 1183 218724306
1 1570 111594466
1 387 206034483
1 926 573835518
1 1812 524119708
1 88 187396116
1 387 738121587
1 218 185536658
1 1010 312568946
1 1971 362699623
1 428 140911666
1 1465 422352293
1 121 223637270
1 124 596201521
1 2062 140149324
1 233 160851670
1 1398 105142052
1 303 36711395
1 26 599625160
1 1460 826893526
1 149 134432628
1 303 498243630
1 1910 424023276
1 1108 612632549
1 917 252842946
1 1251 771530392
1 1774 331002360
1 2383 743721164
1 2116 113418564
1 1710 908068108
1 1621 823233674
1 2300 813442466
1 1005 211908374
1 1497 95590464
1 570 345106289
1 1607 568129590
1 947 480853782
1 703 801637367
1 1062 385663423
1 1374 504160606
1 1050 744425246
1 914 615343413
1 1437 436056503
1 201 909718422
1 937 301116640
1 700 58043373
1 1060 668706243
1 1516 55555549
1 1080 671232129
1 1390 66025716
1 532 709194448
1 1706 549820718
1 2064 207940439
1 889 188471645
1 804 851457629
1 169 488603516
1 1295 14948382
1 2274 70873820
1 887 14086071
1 2491 262111965
1 2434 291168216
1 240 67175263
1 648 985639494
1 2470 820907322
1 2193 746987332
1 580 906921155
1 396 707356577
1 971 473826452
1 779 264417765
1 1630 883257297
1 492 983027242
1 836 856157833
1 1311 495612528
1 343 780465993
1 1596 996283392
1 2164 212376997
1 990 764635173
1 926 346564788
1 789 472438376
1 672 363627747
1 1921 246047507
1 284 285733496
1 575 813154050
1 2292 870366428
1 353 508362001
1 941 43019777
1 1347 528378646
1 413 997115668
1 1011 640256181
1 2246 931041605
1 939 847537163
1 2473 840660132
1 224 837087604
1 2097 278038426
1 1028 643529319
1 1279 767508137
1 2076 857616084
1 926 78047370
1 101 887006851
1 132 254678478
1 59 188982297
1 1577 659624507
1 1088 604216940
1 759 94783656
1 278 25346216
1 2208 162629400
1 54 852919192
1 868 829975289
1 1796 123165764
1 242 852945460
1 16 50579648
1 2454 425415721
1 2324 49049277
1 1579 885938410
1 360 696773390
1 2074 76160979
1 694 635513655
1 283 780126938
1 722 284761686
1 42 505622944
1 2220 589397093
1 799 727377475
1 965 500946240
1 1462 92227574
1 670 629681041
1 1460 221281981
1 833 798344064
1 684 766160341
1 671 951048402
1 876 809608122
1 1109 204929224
1 1748 179548719
1 1052 805641115
1 2447 558127930
1 2242 473773727
1 1337 112243429
1 87 408728871
1 22 78841201
1 996 995197153
1 1695 815475730
1 1139 50899933
1 1424 6644865
1 883 704586309
1 236 871267431
1 1927 30207564
1 1800 126047203
1 1211 558532750
1 1166 753348746
1 539 206092437
1 524 593385226
1 99 971133429
1 743 773796867
1 2082 482387188
1 840 854049745
1 821 183985385
1 440 72480686
1 75 599169492
1 854 784588882
1 392 126432025
1 779 248367403
1 472 292071068
1 2065 1314150
1 2341 519999392
1 1405 988124337
1 1556 20756711
1 675 134497624
1 79 334502572
1 2105 62380349
1 483 876442652
1 310 110500569
1 630 421404248
1 1678 221807532
1 1066 169936461
1 1237 29078938
1 1061 6512194
1 574 167736322
1 2175 650543356
1 85 535219933
1 1880 127299762
1 1086 564091866
1 1553 339923386
1 847 208228214
1 1857 755319065
1 1299 138226112
1 256 143664443
1 1790 43593822
1 1180 987142969
1 22 120637567
1 389 228586149
1 396 954607077
1 2041 424607230
1 727 724315123
1 2168 141622615
1 57 961666170
1 2203 454668122
1 1312 623765412
1 709 527951248
1 852 49608446
1 1088 236202398
1 387 756987260
1 1727 342118754
1 1168 254285011
1 693 793440010
1 2215 553513449
1 1196 224171925
1 168 274784313
1 310 221019266
1 758 62545954
1 869 450045878
1 1386 786766396
1 1188 952102132
1 2313 226090910
1 2375 409786190
1 1236 217409707
1 626 935164405
1 1378 574447649
1 470 165680862
1 1992 89302363
1 640 463432084
1 2338 53603740
1 2175 378484638
1 1583 701849282
1 1345 684295642
1 1343 463717051
1 1141 379959337
1 121 144620981
1 1892 83161810
1 215 42355436
1 2395 569185837
1 1044 613568023
1 1804 225167407
1 184 70775478
1 550 498975521
1 719 46520335
1 2160 915296065
1 857 926371800
1 1517 307578352
1 829 434817386
1 718 245331615
1 804 829879994
1 133 59554446
1 1669 319481823
1 403 141641901
1 1398 866831775
1 1342 920782097
1 1206 111740199
1 2425 928111997
1 2315 676209032
1 1701 767851125
1 1131 526347455
1 558 525539997
1 1060 283097736
1 2111 808154170
1 400 500211703
1 2362 630871988
1 2327 759397619
1 906 797818904
1 428 928045626
1 2391 909481255
1 1184 738905704
1 2356 897949351
1 1493 928943946
1 1140 86192097
1 1385 966721766
1 1048 314581864
1 1439 225672755
1 591 84975771
1 942 410290241
1 1901 660285829
1 675 951297914
1 794 888019148
1 2091 307021101
1 1538 111144487
1 990 11684566
1 984 391399665
1 630 826433393
1 148 459342720
1 79 652215346
1 1876 343967133
1 1156 203059106
1 1338 116083388
1 198 502926917
1 1869 393523764
1 1388 805243242
1 1011 506892667
1 25 181815126
1 1854 184362866
1 496 369880762
1 1594 275932026
1 371 525254700
1 458 190505638
1 1268 477114298
1 1177 419253126
1 157 397238106
1 1736 197486232
1 628 760568212
1 1229 298716682
1 884 813954405
1 1628 17996884
1 1618 883850662
1 1224 868528203
1 1834 730677891
1 56 103678234
1 39 708602937
1 1279 55995894
1 2158 611145721
1 426 341593382
1 2171 63023813
1 1953 539489179
1 1116 208596475
1 196 388519889
1 440 193209038
1 2237 561530126
1 417 424721766
1 492 163038927
1 166 83975711
1 293 703996906
1 545 494069289
1 792 851509695
1 1459 172912185
1 1627 76911910
1 1434 781026937
1 126 756450397
1 2085 21925202
1 11 129820736
1 1155 833744680
1 2097 925430979
1 425 536494925
1 1465 187904840
1 1382 778464736
1 156 416778024
1 2008 299004237
1 2292 718383921
1 2051 374208390
1 1873 222050510
1 2210 93970417
1 320 912187255
1 1680 594233273
1 379 28226444
1 244 197555158
1 1402 891255130
1 1641 565409226
1 588 373329433
1 771 513679591
1 41 868643227
1 1475 496013790
1 316 312217718
1 1892 740924691
1 653 56811097
1 1389 758714619
1 565 936303057
1 1831 922669464
1 872 868896358
1 1416 734269184
1 1474 802946895
1 1131 664166509
1 542 565985138
1 83 824146412
1 880 320413531
1 2044 722148112
1 1493 811268810
1 191 799761458
1 2219 435497057
1 853 250601941
1 84 811840132
1 2116 504977214
1 1993 653185478
1 1700 249126555
1 1178 475746341
1 877 924538335
1 1772 183696329
1 60 30584883
1 853 99468318
1 2497 800498325
1 1000 39291813
1 408 16686850
1 1970 718355432
1 2167 442638191
1 875 470287287
1 1655 507780156
1 147 911534585
1 1345 46107687
1 615 882767426
1 497 510082489
1 1907 188641489
1 2322 821058164
1 536 89843163
1 388 973977739
1 2099 376743192
1 2179 404754401
1 1238 972246377
1 770 650424791
1 1789 484847927
1 1365 808993548
1 1537 154691397
1 1146 3222796
1 658 697717979
1 1482 530809488
1 2494 6908006
1 1090 3358460
1 2494 426732466
1 795 22995788
1 1035 641096547
1 1278 804897366
1 878 654525336
