2418 250 2500
57 1878 979111313
198 80 153011943
114 1314 95592736
143 1645 204449876
183 1079 831548484
74 403 74513838
83 852 5153107
53 1735 147151140
98 2328 516767825
92 1837 271267152
16 2269 583212897
247 1511 479294833
78 872 15186625
134 2268 556824653
221 2208 230790883
65 1755 985444793
231 1546 959154735
143 2374 268598262
112 748 239705091
131 1199 16806256
147 1533 242462048
211 1713 598291380
33 2408 831588110
185 278 254042511
10 257 304976003
173 2156 921166048
74 2170 302551991
12 1912 198032833
43 1285 710701717
237 1849 262222056
197 332 364895261
111 611 145417965
233 2267 695545951
217 2062 391950440
226 2314 312005211
66 1855 128217135
45 1420 256279913
157 2487 978498467
145 1470 250880975
168 1931 589447240
3 990 97368103
186 2085 593491479
86 1154 24593476
145 2340 843809693
60 1629 101594548
40 1966 190565437
170 1679 483558480
55 588 3047324
86 1201 623417328
4 71 29717978
151 923 740264341
219 201 995057713
63 2021 605279947
124 436 535496945
96 2078 122197644
25 1915 196734634
214 1553 754779904
9 2000 830616939
169 142 639410515
189 2182 864939912
143 803 799692802
115 1204 606387192
170 1883 581505190
186 2357 2149740
97 1796 21848910
207 873 693055931
246 2322 958344216
206 2490 713832480
56 492 323623314
61 164 240605888
159 717 476434706
153 416 173536851
15 1390 32985092
216 1295 812686841
23 467 951945921
132 1291 781828253
131 1282 280809832
178 2114 919996945
244 2203 397623981
90 1481 942614714
180 1498 80517550
182 1837 438585336
233 605 239170689
68 2374 759302417
227 1593 701261270
163 11 808514919
103 2336 102018161
104 1707 966848296
139 1075 360764788
204 601 826498439
138 2204 300669963
173 895 776378220
126 1472 62879979
19 896 824444960
56 2016 515759332
187 668 602359459
186 464 112689530
221 903 685103326
9 1092 283572257
168 1570 515825790
165 2148 145543548
43 1429 132335711
84 2452 90016163
104 2234 837992480
40 1375 338611586
148 1240 8625109
37 1266 257466921
109 742 331436264
108 1262 6270435
21 1952 114094441
110 2407 904011504
190 1181 831230383
32 413 175707524
194 1269 196664332
98 2139 529353990
136 454 660879471
150 1540 610377055
237 1201 816323187
141 1942 907317731
174 1937 571214271
233 345 663789705
163 851 98006031
8 877 139690001
30 969 37470367
115 923 33967296
114 1782 825035839
166 148 709679127
113 876 947373107
56 94 647561443
29 1684 715337334
43 1574 181800125
60 1952 383007058
2 1204 451778253
177 1133 44022228
55 1706 899633709
213 542 773567407
239 117 305072814
244 1316 229599149
159 983 302139647
28 1369 86615439
230 1464 80896228
17 1190 596454158
218 730 417350567
81 942 502057413
58 2003 934461021
191 2259 969544058
109 297 249731008
154 1388 182064081
121 192 58341044
116 588 550631957
222 58 876896776
49 524 869569698
247 2249 144611151
86 1550 777487765
207 250 135165431
18 952 394083354
20 2048 396902349
108 595 40994794
54 226 808690231
230 91 47425878
38 866 409847217
228 2055 519213887
28 101 87187709
42 558 91663293
56 850 410519908
49 301 673914691
47 124 375635411
80 378 482832697
230 2038 198852348
173 436 206596655
36 2480 322101362
131 1992 127814303
247 1796 1757974
153 403 267745925
74 1355 393876946
240 2487 565109118
214 1997 53159570
240 1250 649282749
97 198 945942956
24 1918 267279680
74 1085 398800782
122 101 686353545
167 803 276580419
164 321 511649590
2 1737 204241103
215 1798 771872343
238 1874 270677010
179 279 593302962
166 2100 89780282
39 2124 902965385
192 1361 209072032
108 1956 645942374
67 2191 206114589
121 1413 190208569
15 3 991481653
17 1239 289384147
138 2270 905941796
107 76 948192864
205 1968 964096171
16 325 445656441
65 1624 62318339
73 2196 216005972
136 1997 215524312
39 685 420923288
244 2045 987168641
136 2110 656710535
12 2422 130115425
53 924 235801029
48 2321 917472605
180 2176 5840761
201 2404 696900607
34 1388 409301159
68 2159 905940696
132 501 23221865
83 470 963614665
16 757 361403899
28 330 576223802
186 1630 840364130
52 887 688536562
229 1170 517791937
96 1110 362268242
208 1908 765676147
147 2093 721078060
134 1884 21190401
112 927 574109762
237 875 51659881
123 611 115270921
144 1609 635296424
23 2191 170762793
196 1332 579479032
62 919 247229409
203 1219 856119975
138 1703 261141063
147 1194 305743144
27 2084 443393097
34 1727 174066956
67 1561 675428904
18 162 402438504
50 1252 438251362
200 563 171465345
35 2251 117631898
127 2409 135668170
112 1406 253089760
118 1247 352924063
82 1617 368767110
157 2450 704222883
178 1641 159279159
177 496 952592790
116 49 843649628
180 91 137938536
3 101 482049336
205 1553 36935737
109 1717 169165966
221 1013 255779348
32 858 465177917
247 1407 317277507
58 49 206775180
177 2429 864719831
37 1440 855659985
3 1541 286368553
137 1698 618464662
164 2433 815325681
34 271 191233198
141 1231 484930284
90 1991 239992772
250 735 290023620
153 1938 358226025
227 2251 12001498
237 1534 132374329
21 2123 764908813
122 1603 230117632
28 1207 594801978
72 122 552321581
197 443 657059069
100 905 975033085
105 1328 905811581
163 1467 879199734
87 2167 377645288
187 2105 749012553
65 2064 842940138
238 1003 139860286
81 1745 517012239
18 1348 721377021
143 1680 933656335
112 581 863220767
174 2287 952440333
190 2044 608144463
149 1204 816126446
20 459 260349327
178 1232 387973385
26 1869 229558840
141 250 434454930
29 1814 534633974
114 1547 701675939
116 699 28790685
220 1973 468005019
190 2214 177568003
175 331 39063058
33 1886 933785914
205 444 405710447
96 260 22270006
248 2322 825468940
206 647 203426501
192 941 70253604
110 2153 142270908
110 1859 735256099
176 1730 645441677
85 1170 646086963
134 1715 14947106
42 2339 230958074
37 135 705716774
197 2182 791332
53 1735 93228273
133 401 759170855
18 1479 951762052
192 200 299220203
19 412 747309880
44 597 768853231
96 679 48150088
247 1505 410999264
111 1945 347037646
247 1124 174042870
170 416 788625177
98 31 731790898
12 1901 495718207
136 519 634340168
180 2089 486637133
193 714 153233099
116 1895 457187630
42 45 692425190
233 813 907435964
237 659 471787490
1 1132 201723666
126 1975 70209203
32 1549 202315241
24 436 41315372
86 2362 279078590
22 1445 432729611
24 821 776704920
219 575 437236741
108 1556 921930642
43 911 319282234
73 1178 469624659
172 1842 897315768
160 2366 616665582
22 1272 189684130
23 649 114421748
64 1114 412393560
203 78 247943269
100 1758 450219652
211 65 614754703
163 2283 211194341
141 824 489651343
70 1965 811108075
112 2464 815177961
138 1189 260797544
225 2262 643834836
81 347 630229169
3 1378 458290316
211 2441 357699710
34 2378 966339474
158 1975 182367023
183 1568 345254892
113 191 275652664
220 1560 832005942
112 581 626035318
83 1546 164282099
153 2320 475036406
148 1241 283753602
119 1685 448705655
90 1808 524760763
186 1925 582236069
118 2306 968408011
113 1805 713392668
196 104 550749665
69 1990 506254493
24 68 618687050
57 2136 156824652
213 793 282150479
77 1652 604614576
198 1063 152599955
50 2084 857862635
90 1731 464671553
195 938 666077089
35 1036 782000297
248 1804 337412747
117 346 969951297
246 2490 17688006
132 2271 335636965
202 2421 736926065
32 1297 928470241
108 736 511969046
171 1558 83899842
83 447 145892758
79 2030 694910326
192 1812 321926847
121 168 959336583
120 674 981131039
59 1518 449775889
60 1053 469300405
121 2028 113044796
30 1283 276677821
203 1339 906432034
58 46 319756567
93 1672 190389069
17 943 443477283
180 1832 565468732
226 180 717287916
47 1004 783623940
178 1844 973194188
180 2456 211177641
208 2356 260370942
68 2069 672714339
184 2399 525378524
58 1454 681981546
50 1499 661843381
16 1151 902765848
214 852 48058805
202 973 271430824
184 187 459187479
184 50 388881178
173 5 417421393
195 1426 785096736
54 2431 727450458
91 847 764295952
168 1802 464149984
98 1842 181851785
199 2286 24601283
231 2474 374937391
196 1411 568870271
130 1308 867290202
162 64 465345149
10 2246 613671657
229 2103 54101056
228 6 740997334
20 1137 60122885
69 712 640364188
16 77 441439622
45 2099 832214877
126 52 984597058
52 2219 135702088
120 1222 514944562
110 1936 609402557
205 999 103600011
97 1006 614210859
149 1381 383535773
141 743 397761975
237 1552 571620865
58 365 119690968
31 1458 947439341
8 486 992906334
241 1625 995252488
123 2205 816034808
61 284 583226791
169 2449 257905565
9 2099 901717629
121 33 511138041
41 1591 467748303
205 1337 872133083
49 1575 652759110
2 121 576491767
7 2106 407194609
31 1304 909833210
203 1682 577381396
149 749 848418981
233 1279 19139313
182 1711 481951215
213 309 517252358
163 1831 842564480
115 1287 840222835
243 2155 497879971
150 755 977420050
63 1253 121581964
84 982 354717581
165 1079 690180900
209 466 146845536
192 160 889797904
138 676 648162715
247 1710 495257944
111 1142 647134225
11 941 117744509
14 1315 477253676
86 858 172344976
164 586 312206094
219 436 875783027
149 253 545851227
100 966 892743438
70 520 431714590
241 1366 454804348
195 2408 347750790
15 790 732701473
225 458 168387067
159 1474 483577842
185 1800 763056677
209 194 547884770
222 2500 780621066
19 2196 115355241
135 2104 477180644
199 2241 194031365
50 1382 829162233
122 1910 78777263
117 429 142398965
103 1394 52308342
210 339 715899708
239 1224 760386638
71 546 839142389
22 314 18498398
166 1554 137306109
179 2176 716275412
14 2193 419486035
198 12 845659049
250 287 175672930
142 1162 864185540
153 1730 133002383
220 2146 550536174
50 1224 174163336
177 507 803605589
196 1435 450373987
112 1964 981843869
205 1698 824414715
134 715 126266409
223 794 50231869
45 2056 260607691
238 1230 749490912
191 1940 271980794
194 1484 955118562
115 53 310733838
191 883 882737507
238 1408 868871109
186 1575 993356572
134 1032 467846648
132 426 877876226
67 1007 669513097
169 520 826954587
122 1513 719407457
53 1824 279876037
109 514 694453601
143 2405 380325558
147 782 741551019
67 1072 85759518
50 2371 444247148
100 376 330238194
5 142 594420846
224 99 298119261
13 755 564349921
51 1349 141568951
86 474 604930878
60 1354 352703597
170 969 84494019
242 1511 136591107
88 1581 179115406
116 133 221375424
245 491 859612619
69 1446 227634738
29 1844 253207606
197 318 10373839
139 621 98475130
52 1482 344965197
119 2114 139890945
209 1191 973181872
114 585 719451646
145 2027 508966360
237 1199 5709932
107 2374 653469806
15 1676 903161860
239 859 639851594
242 1885 367169329
238 2461 88211560
122 1263 52285937
120 229 529559344
48 2290 237204956
94 916 465868821
75 2174 474070966
75 466 886762352
151 2388 388512599
134 1960 869713717
35 2041 264136284
239 165 4660541
63 1121 2328341
246 1600 862046862
228 1711 144706546
135 958 628830394
94 2254 479482371
82 1260 873496625
49 702 641982534
137 1376 371610056
169 277 499392668
147 2116 944049047
22 2258 460297695
25 149 931403428
109 1167 712272265
81 2392 629462256
220 2385 413909050
121 873 522278379
151 853 586611004
150 1472 69103149
85 2349 386641665
93 487 202499102
197 1120 321051155
23 337 750127038
153 210 56606885
192 1281 985429362
46 2012 331744707
60 2037 246341063
79 877 824793778
104 714 364197876
201 753 189705451
228 86 360956204
202 2226 959785701
118 1352 160537189
34 1584 327367887
66 925 943966957
221 914 237741232
234 1683 230202396
87 243 986190849
57 1893 502552640
204 915 389880689
47 1553 547924932
122 246 890175185
221 752 582970993
209 1942 37312833
97 2455 303397078
201 187 265903795
91 1045 308837989
240 756 52927247
1 975 69100065
69 1026 924561384
95 431 326825568
190 105 668969908
127 864 268864496
147 1678 214714845
217 1770 365553750
236 1708 107461560
238 1247 636014718
35 1884 161088475
217 2325 43219361
57 2132 176020721
29 1473 46538590
53 1737 943701503
52 1267 398779601
11 1335 211187115
245 2207 901659991
88 1600 79804175
74 23 51544436
98 716 31228068
249 2259 805678519
129 1556 680916446
191 2027 592659924
195 1013 974639776
44 1431 722403334
217 395 986001501
22 911 104210086
88 2093 585451634
37 2368 435745691
47 927 668961476
106 818 766417972
40 662 737863867
120 306 27947172
108 113 253585661
182 2441 309914209
27 2357 203299434
126 2151 225916038
166 474 487870152
195 853 539495491
150 2194 72263612
167 1076 269982131
156 1167 861224414
86 1510 876600247
8 1772 577002673
225 2473 425835346
116 2409 360012014
9 2479 756467154
131 1569 576922826
88 1373 361204771
159 1704 661173079
238 135 283714943
34 2030 426363704
117 1932 906317055
170 1597 85401579
118 355 878168692
45 2416 331857602
21 2246 11443179
2 2404 717207348
182 594 272194590
229 498 817187682
42 433 505831644
229 1225 446159002
67 1292 41988076
126 1170 741207690
19 1322 557884628
7 1995 22659606
24 1088 339600624
52 1216 214842231
10 852 796328481
236 1013 192842159
131 1839 171354023
165 1608 917172042
141 410 277549202
209 1836 506799878
108 1848 756629981
142 2183 544141805
79 1968 48869475
231 446 222588110
47 596 714555973
61 279 848237528
12 1997 600947819
226 494 110659742
178 1690 983428732
19 747 171065416
147 1783 68643665
107 1462 385201148
173 208 868167331
163 963 359563898
13 1601 132983902
154 589 536206374
169 402 575523113
121 1017 775620494
81 668 642182976
186 2338 628455362
28 1817 552700159
202 1055 231301898
84 248 813129927
132 2461 69777074
27 1727 671457551
67 2413 260162666
10 1779 329565814
147 1344 270065573
189 925 916591376
74 1001 651869989
239 1639 61267823
141 2450 677968371
66 1349 753674680
50 2175 343257719
75 2374 729794702
44 172 7018107
152 2132 111580653
239 258 212168270
172 1966 56484765
127 794 621149489
198 1310 142883757
223 2440 515751692
12 964 159895002
134 2337 378963255
6 874 894410552
194 2030 995359764
4 476 894393331
62 1611 886387779
17 131 952650059
240 2231 230760411
203 947 316532393
216 1930 116861812
220 1016 151683510
12 828 527256960
7 1290 171385802
88 2498 723973335
155 2400 440727880
139 1851 721709726
1 2031 716153969
229 1958 160088620
99 1142 254311808
165 2360 916859263
109 849 481639076
18 1160 252069676
63 156 446058235
60 897 916549000
89 190 203624564
196 796 573963750
146 960 849438970
176 454 994647491
201 1189 322188533
28 1221 331364729
122 2236 23750811
2 64 868572278
14 1528 736344950
30 1817 371884140
210 620 671560009
2 1103 978716568
112 1642 130840286
15 2492 552337091
246 1676 522760120
232 1935 130245115
87 2245 129811869
194 676 801476216
120 441 564048521
41 1979 758456466
111 1005 932739440
146 649 392319927
53 2129 71092937
1 1929 353034612
132 1531 107153169
33 1291 621351895
147 1828 259093433
191 698 696046387
244 193 789925959
16 727 916064732
171 202 33560334
211 614 995443270
189 572 289566919
156 243 96638856
183 2101 625599741
109 1649 120250694
243 1839 634263940
136 1748 438487734
84 1976 44427123
240 412 950493378
80 204 421281702
209 2289 504709361
108 706 793436547
11 578 258794975
232 845 809888053
145 1926 109503913
221 1838 389713029
61 1390 911164384
90 148 17564019
100 1211 232903923
247 2132 821544669
249 181 594933377
61 1989 449146523
175 1320 332850620
145 1464 286728322
143 1283 442069818
214 1847 406924201
176 1478 184441914
130 1059 917210627
221 724 557741241
55 2233 218089067
62 125 483711104
230 22 921737924
76 200 420229967
32 145 367405506
214 1351 715682901
180 1663 699855249
79 1969 800695602
157 13 720485860
214 1047 862326713
129 670 601691040
51 2031 924942267
174 282 170482989
230 1349 434627710
143 760 173561514
229 405 202959790
117 1093 407521350
136 2311 997469540
71 425 804249001
48 104 568478594
8 578 444637867
72 2151 978422596
232 1379 107717672
146 1027 75608239
116 1256 12994202
92 1970 566974044
39 1212 911576577
82 340 191513787
41 2467 623484653
225 2017 165838020
235 2207 197897134
59 8 572524484
2 2099 287523416
23 626 421267451
185 568 656706526
125 256 609456817
69 243 960652816
139 828 844918765
142 2362 648746830
146 1166 642855183
126 1279 783302231
5 2406 472261485
55 86 563883206
105 1464 179527507
37 572 610249029
71 1453 118749041
176 1193 100785694
247 2376 126007792
27 1757 491348326
196 181 253205444
77 908 583056378
246 1682 677293303
113 2266 44097671
38 1945 364774114
75 48 44754904
2 65 82754563
225 2141 379671014
155 941 283420892
6 769 939485292
9 2079 229631450
184 956 917560501
99 764 297256931
191 1932 176218808
216 2497 844059493
167 624 953165908
98 757 592090645
90 244 339573188
32 695 795304528
142 748 257045633
35 457 937747431
126 1396 915512969
17 2048 799871525
38 2084 266480298
138 243 527176133
73 1124 454976101
33 1450 677516241
122 1807 867460194
74 2480 345553819
109 227 391076573
35 2244 633949528
109 2055 760308916
189 1442 39160606
52 2066 938584174
246 2322 714860729
85 165 327554777
62 2412 574957977
58 2093 472647201
161 875 565489691
75 549 723427399
200 2068 623924916
75 1011 159764426
66 1206 169203456
79 1050 567050560
101 87 358966543
74 908 912568462
76 742 260420794
143 234 933845318
93 2234 572366481
128 1799 603529479
108 2409 857847119
60 1140 730244462
216 841 412136330
172 212 219423077
57 2240 405713283
175 400 489235651
34 538 251380903
45 1573 400024385
27 1636 161192043
62 1046 172480975
79 253 825861958
26 697 692179525
180 251 259164142
90 1331 25898457
204 109 461801698
102 25 801100672
45 2030 167576915
70 1783 440907686
232 693 549520754
154 825 499786447
177 465 367589275
61 1520 440075691
150 312 310379301
25 137 51700438
78 1552 242399587
117 117 751902560
126 910 180680409
214 2016 239109303
64 1375 317454833
42 856 214793664
46 2449 359268675
205 1314 991900817
112 2241 383965224
210 963 401412158
97 583 56817005
177 77 33419131
99 2493 246997686
209 2416 65119701
75 1506 598210382
17 1989 118497580
62 839 317460866
50 501 130909952
149 2061 418833711
58 2262 194755395
215 1085 829758196
140 16 343701787
156 1584 934716382
202 700 486913759
82 678 871109047
244 1701 917866914
231 611 194164458
78 214 823462425
173 418 390496801
40 2299 702187008
180 652 299265921
242 20 281606325
243 1835 50756421
85 1355 237505330
36 112 787701837
24 2101 644924325
192 507 420228625
14 2165 441289622
166 2047 471776372
10 2062 616148038
34 1769 616458177
222 189 148274769
233 1493 706447506
239 2248 981359203
132 1223 816402688
96 1171 384720479
145 855 447958474
94 1220 66247828
57 338 86196457
170 1615 641774369
164 1023 214187522
212 415 314908311
128 1102 263489487
249 2034 858729256
108 670 461291126
57 2206 781380516
19 2455 556381412
54 445 636715985
55 1867 316842011
214 1445 431219402
47 199 369543339
10 1100 516080341
99 802 469665276
153 631 607679902
245 1550 347892773
241 220 64100379
217 1406 166849603
222 1665 626352473
60 233 753827818
235 989 948147655
151 81 805945661
49 2368 380466934
43 1361 49870311
14 695 884220515
198 2361 743935743
212 1043 243802050
142 16 1680828
71 688 633324255
198 804 982434870
224 1847 219971297
94 851 192151650
22 239 859936688
176 764 625702239
153 1463 144074620
19 1243 211006638
184 1892 322444901
160 333 196860364
22 887 752254538
107 1686 842324167
115 1843 38512309
248 2412 561829788
48 1893 803435773
90 2319 145154225
177 124 575042033
170 1486 946406056
144 1134 860428088
105 1744 408846192
164 644 606648719
185 323 524023058
17 2095 783052781
232 2398 498754336
121 823 256291198
27 40 33262602
227 328 633454197
161 1125 897068294
129 2138 9578398
12 469 951050371
50 99 150458536
164 873 229067319
80 1736 229073015
9 1837 724118300
58 794 384187479
126 2482 404072066
108 2112 318723465
194 2397 427330
27 433 10616436
94 841 774655933
177 1699 728399004
52 1732 336504389
42 2248 254569450
121 1954 360739995
110 925 239263191
236 722 148916172
103 2482 144900397
134 989 898070568
189 1454 232617072
57 2318 580706090
68 578 283670835
40 1457 568788828
213 1263 137808796
5 1254 195374912
50 833 552270364
116 766 944251557
131 1648 659827620
5 1072 85538293
66 106 329908693
149 1122 483979727
79 1638 997218242
6 1706 141878231
169 686 390992370
41 1745 789984258
103 706 47599274
147 1164 772351640
117 1684 718723692
7 1569 242066700
130 2268 983691176
113 538 889472128
191 1203 122071846
140 1841 981804612
176 2394 832464282
106 564 571113173
27 1803 123250694
225 1554 779974376
29 1295 648411493
131 644 768331172
40 349 22448291
120 925 315725876
41 2166 273958158
70 2343 971345283
79 537 96103271
114 1235 652706450
246 1170 978450552
165 1305 585502832
100 1824 225537934
222 147 228270390
161 2146 765710303
86 511 632837925
187 905 3320661
185 1135 362245205
15 2397 611317361
233 355 401256216
183 2247 953027526
53 1933 531554519
140 713 92858335
201 1079 457945944
4 1692 314216466
157 2151 275665204
50 1995 805883636
96 631 178698125
94 574 78354212
152 1707 485132288
56 1449 523738915
124 137 524407459
144 292 975429854
129 2377 182057258
184 1265 5803676
24 2235 779163044
136 590 743327680
31 818 522634215
83 758 778851443
197 2192 10550047
35 1751 281208727
35 77 91392283
216 359 925270928
125 359 451082017
190 225 461351121
247 544 95829130
44 2326 725506998
129 2232 413059064
8 942 402971865
54 2386 501405573
35 996 196673524
75 916 805301822
158 1778 385646305
216 1463 330980763
151 103 384455094
183 2318 177488372
60 1377 389181171
165 2083 915561959
137 1285 690539975
195 1120 291592054
122 2496 805491368
158 2332 139068192
132 31 998171335
245 2242 11893193
67 96 509823747
118 1837 736828286
99 1821 41803395
35 1261 722368011
235 1248 901621686
164 1433 961247183
197 861 700645489
207 396 945436850
34 2425 802233553
220 777 919714422
237 1313 333645059
139 847 982694036
246 955 173016481
236 2349 654735673
121 1481 285178248
23 1994 13125635
172 2400 881396209
241 222 649357002
2 2024 279560051
167 585 988008729
88 349 231398917
215 1914 393306606
192 957 360460463
47 1774 351160751
162 1959 835840943
91 1824 576625014
153 2172 10911576
59 2138 394273214
246 2293 822540571
161 158 488593049
3 1875 336663776
199 139 277970189
174 606 153003476
46 934 73183092
15 676 840172138
82 243 769658651
250 1147 53091308
67 1566 635036866
39 911 553930639
65 2477 476467396
19 786 156475506
181 1630 747621460
233 1728 126276250
66 965 144087027
51 196 192383723
61 270 300657996
128 1185 232354432
65 423 621075189
135 415 975105458
37 680 81915661
191 661 389181781
156 365 756249827
106 1896 796756639
182 582 611753287
50 318 381689452
191 431 15006117
185 874 888440020
215 1184 159803476
42 1057 437933185
246 45 392490359
243 131 296064892
37 356 461493206
166 1180 489932946
77 2038 793732007
25 2258 2399564
20 1239 487584153
69 2303 74706791
179 439 966847603
152 596 791589639
23 1840 162376681
125 1148 548853769
92 945 29819054
35 902 582042735
122 2407 807999972
90 72 795301935
102 938 361362659
200 637 26033076
244 998 270997520
248 1239 131062882
137 1531 163430297
82 666 77561295
161 1395 641247063
234 881 149765363
23 587 829078530
219 1471 167044587
131 2337 347785178
199 820 103471147
130 1523 959379631
204 305 132209088
52 798 4739808
189 1429 799440805
12 806 89894115
61 769 632391890
160 1142 339904307
193 2148 849589218
87 1190 919828767
32 1241 578995834
239 91 256398263
29 2183 529958180
209 178 484232031
200 1656 424957585
201 1842 29087918
31 1943 600936736
110 440 102429466
178 1349 657580388
139 956 318939118
64 799 912619754
150 2398 483739183
157 391 130733571
132 2081 146434303
185 2134 218536255
7 2267 437846968
170 51 765115168
242 24 199910908
202 1775 231037628
45 1699 290668847
207 1585 497462516
89 1553 521172706
180 871 138204944
47 1704 127493604
248 100 279197222
143 946 383331469
81 1366 176587943
225 353 874697226
181 818 64904576
94 1131 511266191
70 403 688960227
201 1613 371481459
204 2478 144277202
96 2343 119477638
137 491 145066568
223 495 927640981
230 1980 406513995
124 1476 789982565
210 2209 778948485
149 2411 704569441
169 2379 547649973
55 543 352948799
210 1970 831067850
126 741 406265650
163 102 390062097
145 1536 808502107
119 1744 513004522
125 1949 258614023
134 2246 8083801
134 1823 748085854
37 336 59569038
238 2416 967643822
207 473 870245
142 2041 7755117
187 612 133433208
116 2068 977233856
235 145 503861199
225 625 25490670
12 1843 135286070
96 391 530661461
69 899 385593121
120 2399 128483004
204 1720 944259357
137 1807 871922273
16 1303 846075310
113 1775 301124894
180 279 36022556
235 1927 3241451
228 1166 617917509
97 20 364212540
30 560 849810456
1 1305 716953545
185 732 277343050
119 1722 494927145
7 2030 341737887
230 753 219880046
203 2108 312271117
192 1181 704798531
40 1960 761057992
100 1485 297606509
109 386 230544961
40 685 123938360
25 1547 704573378
199 2067 371302490
161 822 267030171
204 1891 772659040
78 408 161096608
123 888 21189606
125 603 657488737
154 1725 933131662
81 1037 66336164
211 1944 366984067
225 2180 483285867
220 755 453232191
122 1252 185111043
146 1432 841563825
177 846 264513619
205 1813 137943429
20 1113 981914699
42 2061 255427506
79 1824 448611774
151 966 326787032
85 1253 532889844
80 2209 402656008
149 1443 791762524
69 1459 150112208
76 714 572966141
232 955 831686785
31 1554 681578173
121 378 870239320
207 1863 709903592
50 1755 813886655
109 2156 125711592
242 1428 742179896
45 727 901893762
220 148 494419306
10 2198 9674847
219 1336 845465563
103 2421 467277518
129 2380 52238692
46 2024 926995496
129 1667 731544638
86 421 974475539
118 1679 760682040
24 212 3020027
119 895 213895037
100 1343 39881157
215 1989 925162920
235 2302 842279190
104 1527 993627461
92 354 120980935
9 1538 447450503
104 107 505560904
99 1258 34883740
220 2368 234870693
195 239 105478790
205 113 675710311
225 981 413468892
175 1013 987626064
185 1655 3512598
116 1793 503167836
162 862 171912654
206 841 926142478
119 1162 945934202
244 1301 468311495
32 556 345633896
199 1093 499388497
98 147 433406942
138 84 478468562
26 1917 961098043
221 1378 282174751
226 1495 600741662
8 1795 37486276
164 1584 53539467
80 706 786567256
6 913 46365879
110 1663 730134648
170 2385 196850252
138 614 799202459
60 422 367008172
42 687 15701547
160 701 106921143
248 1183 534312620
42 195 788651708
95 991 784654447
163 766 339187175
129 2397 154849442
182 248 996254817
22 1922 973541779
36 2341 964972402
225 1813 752387487
111 2048 859197675
116 839 241802198
86 2316 637018340
78 552 901522349
205 1987 779717600
188 1197 479922164
24 363 33110573
109 820 50866069
99 603 823506292
166 1889 535414822
52 937 141275831
200 2299 594054621
163 872 801407032
144 498 802300447
135 2198 446122743
13 2376 968118636
49 682 345636052
106 1357 256943485
201 23 636102007
197 2291 91433558
72 71 960199487
217 1034 406227132
182 948 508624252
96 2309 772732440
43 2002 883087878
158 1141 868854719
210 558 257752324
172 1342 407165979
97 1775 187620422
136 1754 155498656
231 339 756037231
227 2034 678536284
1 142 362864763
128 1027 501682626
218 1220 660769348
149 1638 551853383
87 2139 190087984
138 1694 76395517
40 85 94975365
244 250 595787769
60 1865 271073258
76 558 79631493
146 2261 279019137
27 1991 231651538
37 284 328145311
250 828 870379881
14 1820 198681999
111 23 372929646
180 925 735952132
218 1567 793309457
46 2487 405597664
28 2318 492028309
70 1945 283919877
188 644 785625636
208 566 302790007
105 1519 798890352
110 570 212707111
154 867 685574843
236 2053 487900464
53 1174 558569007
61 2122 480482937
73 2367 759825080
49 213 770947487
61 2338 163171740
188 1633 697271672
18 1383 518038895
247 1358 627799411
190 1384 729406642
128 1873 963838176
116 1120 762546914
5 1226 165803631
91 710 277634683
192 310 714012862
192 1763 547374012
99 137 939854658
163 474 511498919
86 954 833762863
235 1381 892091586
157 2408 979808703
11 1591 142125496
35 2254 53666533
213 266 236007686
159 2259 656840561
172 2291 435547041
112 2483 11015489
77 226 692161934
153 57 57712767
158 1758 160363583
85 1622 49856321
138 1821 38854724
250 1985 52445892
168 2118 498033296
148 2387 733897970
75 146 251587595
83 1155 69907245
68 155 709043087
46 1789 30909878
1 608 287425661
235 308 808495102
91 1341 682111705
124 716 481116004
170 1120 833354957
25 837 664837931
152 1269 99934665
222 716 454119246
178 1398 613635116
64 2215 490572120
208 262 325948411
63 596 947787784
237 1344 830912974
124 531 161559545
225 718 22927799
131 29 310554943
166 233 751024254
246 1408 82719116
75 1566 242801267
228 1560 632717769
16 858 978925319
120 1293 591018261
100 860 137203539
52 222 697992713
125 1371 882916845
180 575 753066899
2 1935 202210362
111 29 496422847
127 2331 762781031
25 322 219345260
51 1274 689743076
137 1477 406323929
238 1598 912810870
117 94 751833471
3 1532 260672406
67 2157 571581164
45 627 872799404
151 2162 496919332
35 2496 937163265
195 820 816700569
148 698 160798427
32 2091 986365069
178 2229 906166228
146 536 58691000
135 1216 8824440
78 617 457226998
103 83 241377820
179 1929 243256269
194 2307 681998620
78 709 122850406
110 2231 262876208
21 1082 127839104
135 347 758974617
1 1834 585541372
128 436 577220881
20 403 296872736
221 143 37010802
172 477 142965434
53 1363 177624093
160 577 38038474
19 693 558674792
66 5 17544467
70 1976 107626109
11 1292 887851387
185 1219 230848376
76 1173 111878652
154 1480 922736077
229 104 217234061
149 6 414413317
205 1469 237612427
232 1929 744279498
226 1522 31575523
14 1060 941664946
206 250 749273901
175 848 324546617
39 1280 649635189
248 1472 947794679
195 1191 643897803
17 2357 610107460
88 830 229728208
143 2101 628628953
129 1216 363177377
32 1214 564855364
209 175 899541954
5 1427 854195039
90 1911 739970976
69 1432 52369238
130 183 327047600
147 62 8818497
237 2307 793081729
42 2324 586759150
206 1173 461879056
166 1034 140187100
142 394 91892180
145 2162 711206838
119 471 48871731
156 893 441129776
91 1527 796580312
151 2494 498308155
234 820 401683803
9 717 437960796
21 162 785535744
126 1202 668787725
22 610 72754706
168 2286 772512551
45 379 614330552
17 55 143198946
44 2406 809838592
221 2410 461225843
69 2453 238171
79 180 361022844
121 2019 688180890
43 325 804704937
114 2470 73130798
184 2020 863911270
56 1031 273964764
245 957 785461573
3 2422 438101763
182 906 55462807
130 245 20095572
240 381 985283109
167 2245 35266604
49 225 810748190
121 1325 591712838
122 1917 296923142
74 2476 767326412
65 583 605173355
229 781 843050271
135 2012 3208355
19 453 86441779
245 1141 505657537
200 932 808792357
130 1647 246718240
6 1106 856888131
129 32 754842646
97 2358 270860963
163 38 395975048
133 42 627385850
216 1383 290196664
73 1517 424641980
154 1511 489395726
25 59 533462097
208 1851 701817051
65 609 432926694
186 2056 712965573
4 1140 909202313
187 649 565420883
31 1791 573387952
189 1264 223137796
240 55 816236177
130 1660 33347550
128 57 732356850
109 407 415849071
180 84 843017696
55 1229 24297822
4 2414 181069642
53 1617 901818962
204 83 744030738
59 1285 220127067
2 1882 406453474
92 1154 454392945
207 1805 450023043
200 1526 57354816
1 1324 986009971
185 749 330296561
6 1697 977112185
67 1660 261925443
78 1519 364513688
199 360 56578081
86 1744 736786757
70 454 708882367
237 2055 562852087
135 1220 890526945
81 732 178238366
92 1495 273252238
205 1253 192108161
9 2148 854610514
141 2366 666974157
71 2265 389657030
34 2192 500029515
114 558 942448854
56 2403 35458665
95 1433 934042667
230 1027 113504705
3 1509 184692186
34 789 345835807
21 1141 631075675
153 114 78705099
156 598 75410805
68 2273 146010539
206 1461 596150091
70 382 613563943
137 1487 144512414
167 1720 473759467
88 179 652553259
99 1856 207334776
149 845 749692223
125 2035 450087734
130 708 539695724
17 2205 916691401
144 1345 724238850
102 939 317192421
108 152 285503251
183 331 549337380
64 141 506165066
128 1946 645796457
212 2238 306476839
54 394 540779467
136 1428 97079144
208 1071 160176295
225 1414 754836752
194 1016 625211045
172 1255 230723148
142 61 375867836
105 1290 395327833
43 1420 8537169
236 1589 270520782
136 1866 242639110
145 1569 802840713
210 906 997907991
217 2158 127062120
39 1941 849856198
139 264 17394584
166 1598 662993995
15 858 405247344
224 851 227497765
99 2322 157621381
73 371 707321891
235 1297 195118081
67 1392 792311103
89 576 382964500
208 725 649644623
90 1265 539926223
86 960 754449355
189 2466 73513274
6 2281 19355698
184 2156 266617179
93 232 650478766
67 618 228296883
91 1039 25546815
28 1231 313672528
236 1151 429373668
96 831 918400763
38 921 193085595
21 954 188106068
25 1377 53503080
23 2304 627497706
137 1276 91079789
37 1876 431542447
11 1692 820292358
36 891 367575892
195 1077 497805633
31 2184 881137818
164 1099 175712991
227 1043 176282403
107 2236 567013871
210 2339 573977091
120 230 876679079
187 978 57343328
23 2059 939232197
207 623 652285921
249 941 7552238
194 1056 774951272
22 1977 396002705
146 1697 580604962
18 918 284189402
184 1744 286603630
74 2153 911620605
207 2004 511887978
43 227 361714110
213 997 7910655
232 264 137153328
190 437 493375292
207 2380 106180249
154 1626 244309853
42 621 110717106
181 831 134271691
161 231 973915031
242 1474 397713818
220 83 721580378
96 1273 57328756
182 2446 846977490
160 978 161179708
235 231 532507350
14 551 754183906
140 423 897409599
63 1854 769631832
48 2412 915313511
123 505 449285635
101 1219 378535555
101 576 373419792
14 1225 880174293
143 710 824322676
249 2045 800381580
97 1474 607860629
171 1572 729493092
3 1807 583144301
186 1431 990109470
150 425 751437169
8 149 85537440
163 2410 567789491
87 16 420337634
180 428 334734575
58 463 120765313
244 2239 147384198
51 1557 123749680
173 978 696958015
5 1547 707966855
40 879 553755847
197 862 88677840
233 1383 94576463
215 846 18883859
111 873 233124539
175 1212 879741876
116 2476 12685300
245 1842 712439995
231 111 858696679
132 53 111405595
243 731 333761932
1 1124 618121265
36 1128 211730052
41 2020 824948146
139 608 528951254
153 463 27962836
14 2343 648363015
153 531 931297343
75 2010 866511858
140 1319 847366158
16 1834 771950163
6 2362 235630385
177 682 109161009
73 73 78104211
187 1217 93246340
3 957 550150332
45 1178 360615592
80 1199 180797672
143 2347 104689570
18 1900 575445137
39 142 813540926
36 1152 71728274
119 2296 946185051
68 1279 868949371
160 1194 596318681
208 964 451266389
119 2432 469896343
51 1020 817281
113 391 57243551
85 1415 720291001
151 409 197006772
222 1980 418212559
102 2080 204705837
107 2463 383280175
74 864 217603646
199 1987 465673115
169 30 808535514
67 810 69292427
158 641 652124084
117 1711 684424334
191 1300 913146504
223 1846 34870243
244 1176 739197492
53 1297 200297355
13 984 682543071
120 1014 980634716
167 1003 98399985
67 183 7898709
242 208 38998423
232 954 785056326
104 1729 116028131
63 1780 529858249
190 642 158276679
235 963 269145201
115 2086 681966846
48 1797 8406566
5 1394 397663540
241 288 119018709
228 1436 413274486
35 565 139995960
64 142 772600372
114 486 874889029
238 1977 863422505
236 82 464254917
54 952 946682589
111 508 928995748
187 1203 146524050
125 203 102708005
246 1669 389062356
12 2343 126960545
227 2294 628307780
197 55 285248149
199 1275 60863548
199 1615 17285418
189 1426 414719653
101 596 437740710
41 624 850606012
219 400 858835335
65 1459 122917533
179 218 923686723
33 1160 118634322
26 797 340170621
31 2275 449918655
30 1272 598609063
163 2481 458103489
79 1155 335096122
236 47 293823688
193 2071 644337067
112 1810 653341394
195 2292 152152138
175 870 707989495
179 2444 533853700
213 966 81023721
82 1516 350652215
201 1908 465926716
145 1604 290469369
25 1774 110705175
249 88 166744644
36 462 789481275
92 2073 825617753
66 513 133716572
107 899 290315720
39 1279 283599341
76 2174 768940411
188 2026 844049801
243 2219 257780462
100 2048 590154951
131 1013 15085613
152 259 163578250
74 610 71213222
91 2487 756033674
92 1787 781434286
15 628 169487114
219 1554 532088378
161 124 197822028
146 1823 279551325
147 508 332489328
127 1231 264643442
199 338 263350651
182 113 755922744
55 1399 907364140
131 948 678561901
42 1081 126624670
190 2438 119897137
192 1549 367611793
231 2109 37677762
157 1912 526605521
242 1713 926248048
142 277 475517810
153 2313 421189163
159 2370 536169340
34 1748 422339761
214 1867 392302785
107 79 353298065
146 1934 778354565
152 1219 759919441
113 243 597451498
177 2474 423097474
3 1530 394921346
112 2309 385397758
119 1649 889606099
129 2041 994373631
230 1294 810008063
195 1766 236273405
179 473 319638706
17 2127 59694518
93 178 467527289
47 986 696923510
25 583 511352821
184 1893 210989705
65 2477 346215348
51 1708 691361152
151 2202 650577475
81 768 11669209
47 440 968389466
188 936 904814102
132 49 820470253
137 1990 148852288
7 1326 902218095
114 1793 952489193
173 2204 81716045
244 1731 599677609
151 131 797211321
228 1137 592775947
54 2067 252605835
100 2060 79096007
16 561 962224794
207 187 27742732
30 33 896893444
32 694 693818702
122 652 567889179
134 1122 62626846
141 1998 24058155
215 1264 691335763
97 1119 525029118
242 166 66441201
151 2229 859732719
35 1827 607611051
77 1895 899410908
236 590 150818002
11 272 734721898
90 2339 263660927
60 1552 749824750
234 344 210807647
184 963 681881739
250 2457 84243355
14 2463 93124200
100 2495 669567387
112 1150 157707475
214 1300 483143325
228 1305 496562627
102 2051 921864369
51 2192 506585658
56 1345 99460812
103 718 984258982
150 376 986418678
191 984 215825855
128 1427 36673971
250 245 194885673
227 500 120412156
107 1464 425637526
243 2231 695130286
1 321 987403513
176 2221 365731238
19 1086 532535720
54 1894 493817989
17 1369 685794041
151 2082 639590179
87 2172 140979584
163 1779 506671393
234 901 219753134
80 487 481057823
148 1486 112496169
125 1131 83659012
140 2264 117420807
207 1443 890665288
186 1213 79399786
235 1549 939992155
184 2105 902490593
17 397 200470351
224 740 167695891
51 521 756834910
242 1696 291540282
129 807 283994900
215 1264 635836343
128 1790 759511879
225 1699 747069409
170 1258 163844310
4 272 269163199
25 31 863268124
242 1247 362658699
104 480 818271482
122 550 587701153
31 86 654418710
117 1646 150230315
158 654 984107381
89 706 809203682
16 1139 399643814
62 1359 811223207
81 351 87666371
75 679 68552977
201 1880 536753418
150 761 19037617
188 1128 78596972
207 777 276624385
82 2478 152472184
62 1468 490862729
236 1747 874294038
39 2320 587859242
206 518 992264021
29 1729 531153157
151 1205 574370851
83 698 159714809
145 1394 801390469
173 1809 241441799
134 1347 318489349
147 1019 131413918
120 2293 784557884
63 1436 759831676
13 2240 407339800
68 72 352350856
182 2209 54769765
118 588 913596060
237 1968 90628093
102 1813 572293884
158 1200 509224568
145 108 539596080
15 528 219102635
192 1357 918570170
151 1814 285886401
181 1957 196107163
117 2276 883243151
104 2343 485461494
247 1312 398092064
74 219 571374257
209 2017 326512920
124 1205 795830313
91 1985 787279247
162 730 663717539
181 1670 418629494
39 1141 877565558
38 557 102766760
245 1286 873145882
198 2155 275590833
129 1436 140552290
152 1645 912809428
94 113 493470547
126 313 573479177
75 244 511514588
243 2355 941479385
177 1981 137407887
131 1287 453708060
160 622 541204059
117 1047 338095557
36 774 38683959
130 661 407774345
242 953 599257459
53 332 797898299
241 11 966259638
39 1189 156510194
197 861 754648543
89 1744 887533412
79 21 910186820
212 731 450575936
209 1906 434722166
139 1207 206990119
224 1791 235288237
43 1135 446271884
179 1312 626869051
125 632 972425000
203 1955 592997098
156 2467 801605760
75 64 314775630
152 410 374691017
9 424 255315386
249 227 626818679
76 2075 109464976
25 607 326675714
32 1520 217787911
250 207 89314835
13 1051 198555627
27 1261 657103295
171 1319 276742215
140 1295 645424129
123 2486 744637272
43 1796 112339524
83 741 533198106
64 1806 747560728
174 2374 852294694
126 658 648733808
195 2423 259574296
206 2385 363654467
57 1235 293687758
221 1035 329494940
248 2275 996117937
143 1883 728238780
102 725 148717448
235 998 785566335
150 401 777165384
67 1539 992336037
204 1397 319735012
191 66 118574157
130 1435 972346754
138 426 638629047
75 1635 363497762
142 773 143165084
205 1500 334255219
165 1978 714134539
124 180 739099302
78 421 316522109
189 1767 639624131
143 1618 666544344
43 27 861962692
157 1078 123068577
192 1224 728820338
199 2140 804001239
73 1630 572876593
237 2427 677294847
68 2158 498348564
150 693 1249859
123 2360 175457883
85 403 724415433
83 1982 346368738
249 1305 342015430
17 1719 89031914
77 934 811163341
231 81 6622361
124 309 402431378
204 700 758111105
58 839 908409960
240 1349 196191074
50 2083 170857049
60 2378 692166737
237 602 188124752
76 825 434256580
195 2339 348475710
92 1900 676768531
248 445 292427784
189 1072 674535938
178 2070 933571293
131 1339 970679301
80 1243 466997014
151 1438 747289986
42 474 451987837
15 2428 248550276
200 1339 976612599
157 2369 565559540
197 1644 956987942
184 1568 836332724
172 2040 65024258
67 2329 132613718
164 2060 394723822
214 1901 115279900
187 1190 644592475
13 42 727690275
227 114 221005986
249 1963 799492391
72 2376 458490523
35 2329 536053943
82 9 966386531
148 1173 361386538
124 1867 103195449
198 1696 466135954
79 1021 338358315
123 1761 974725118
148 2455 810524158
13 2474 290224683
95 1597 291145566
168 1085 656426820
113 688 32817341
14 899 167906819
54 2177 813123082
206 2341 675471140
225 2308 617765242
91 932 259082475
53 739 930173265
112 1204 106972906
55 992 321937920
85 1763 918396195
149 2299 694924768
172 789 661467341
4 1371 501956534
26 1846 112418998
14 2438 274274743
167 718 220825806
247 78 587297831
147 2190 62511959
138 1569 824128313
31 2217 37917482
15 171 574153770
188 2289 575830373
7 1075 92152878
51 267 789034954
214 1317 950343966
57 1391 202553055
135 1701 284951739
81 1796 264802434
28 2429 243791346
59 482 46125040
29 1844 21798753
42 1550 878447112
237 929 463208830
109 2332 834800192
96 1827 99735342
55 150 898395943
121 624 656349434
20 1364 290728141
150 948 892079536
97 839 762737648
93 450 598030929
38 1297 190895774
241 2364 285943455
17 864 173639195
57 893 174429746
197 172 698625740
116 806 496952590
175 283 361507189
238 499 338487522
148 1485 725248511
43 628 848556438
184 1595 780614748
229 2319 839782979
108 220 350490087
230 455 678472686
177 726 868144978
92 989 934521991
244 62 173721655
38 1396 288583469
30 1320 873753502
169 1834 12980541
222 1507 225632369
175 872 750161248
36 1806 216119041
154 2236 145521673
18 2312 411364297
167 2243 92111597
200 2325 285443093
79 1613 700878635
30 1969 145641812
23 565 257549426
181 1681 514237264
88 1678 415570207
119 2406 115064397
44 944 178436548
170 349 917196084
123 2340 459734942
204 820 504194595
154 757 994516180
213 1732 332462230
169 213 865292923
115 1468 168603787
44 1943 812428034
149 2470 320706552
50 1083 269372317
49 1909 233618725
250 1465 428203535
227 1722 548554315
13 139 746681114
52 2432 167333836
80 2031 423999197
116 1612 405119511
198 2351 315993110
233 2477 911130626
224 1206 473504924
1 500 6126387
200 977 306649640
5 4 980345481
238 1441 360554835
250 592 455835884
250 392 802538080
222 1823 182920406
66 2113 342973166
233 164 489441025
185 1776 488349077
129 1277 18688471
236 2207 37735473
98 580 703623569
213 1439 933918108
234 386 240058425
203 2029 252256614
182 1743 345207765
174 1073 526845388
133 632 269573269
67 838 769914130
184 1535 381395291
5 949 639168823
29 1972 819040346
225 1486 851398118
10 1225 917458899
141 2117 24264736
109 674 861605037
65 1835 550106494
238 1809 108419693
245 1079 149518063
233 978 172331305
119 1822 112591981
231 2160 196886250
163 894 41484120
85 246 653086862
23 2321 429050679
88 1175 236563499
187 1884 657374093
107 1769 426271363
198 1549 797179853
200 511 355306993
247 571 279365631
63 5 32546680
144 56 191640480
85 158 362782680
72 285 95468184
143 1024 274497778
115 1341 421604935
50 880 917665812
9 1835 418859087
145 446 383339530
42 1357 736729136
147 674 198758182
157 1340 51069765
180 1510 665197103
187 1463 797584595
230 1495 329178085
80 1833 149229408
217 665 626679317
192 1254 144275625
212 1524 670610462
112 1189 372873440
95 522 486366169
162 1056 690972982
26 1851 200467510
76 41 648719300
250 1565 369991480
131 2004 794286144
221 466 163941139
