2500 1250 2495
143 246 998866736
961 1170 46
473 257 999966540
799 914 999977738
970 1460 446
579 589 999966245
450 1611 994679856
791 2231 998956960
132 1239 1823
16 933 993438868
884 544 1204
1227 2047 994607734
718 2400 999810693
611 809 999995805
388 732 1175
199 1917 990926937
590 2468 77
288 672 1328
1063 1990 1053
1105 1708 960182109
50 2467 999635158
233 1309 991922113
991 616 995721363
332 1298 740
335 381 1819
948 668 16
975 2018 999548198
257 2338 1657
883 2426 1907
1248 1752 473
135 2046 967
427 1113 1709
828 1095 999901431
453 2045 999395043
63 960 999997145
1073 18 999491139
308 2156 999994974
224 1769 999927480
472 256 1661
552 2003 1983
1041 1508 999945018
179 1389 1511
43 1143 637
1179 1270 185
165 1400 225
998 1807 1214
432 1520 998705458
589 2396 1404
1068 552 999817687
679 1215 293
17 35 997679613
757 1051 983137156
168 94 572
507 1881 157
1069 211 999864976
755 376 998006779
1227 720 119
903 2081 1742
1203 2 998238244
888 1071 999926477
113 2402 995910671
143 1414 1531
180 1252 964133538
633 1808 1610
1161 1102 992609783
719 2478 1418
968 38 996831389
164 817 999971740
1202 131 999769374
83 1828 982445286
1238 649 663
1213 1164 998264638
1073 1186 1457
165 232 987435844
1207 2149 999852802
1173 1552 1634
1109 309 561
538 973 999953043
433 517 997890759
25 477 774
356 922 1453
1008 859 512
36 2176 1499
1151 1031 998880100
1039 763 1418
481 1192 993148253
650 2483 1076
852 439 999875824
1189 34 999999951
85 2327 675
147 2097 999776085
1229 994 999964189
155 981 1299
1118 2478 1275
967 247 1113
118 1591 999990176
338 2260 592
986 1199 997683518
153 1079 992948690
1215 808 969295497
796 759 1420
1188 575 999350033
535 409 997910609
70 1185 688
744 1740 856872555
299 1458 999367877
1222 569 334
392 157 999810679
879 1567 1531
730 96 1855
539 714 998418988
885 863 997038093
312 129 941709256
1160 663 1973
64 491 474
97 1523 1302
474 768 999977002
946 1539 369
688 1916 999714167
981 1404 1342
735 1304 701
56 300 205
24 41 503
862 94 1380
221 1209 1098
812 102 999994626
404 2320 424
771 2147 938
559 881 999485795
665 1343 1497
1093 2123 999999193
598 903 999246606
1096 1084 999688474
355 121 1795
168 1421 993941936
814 1565 999998800
209 1544 996279017
160 1226 987541635
402 276 998381481
741 1236 814
447 1859 336
603 1859 984125507
767 2262 399
572 234 999509597
706 1800 989960890
1030 267 999874700
366 2314 247
810 1196 939
743 777 965827887
338 1092 992580261
41 1656 1916
639 416 999966419
640 2373 1032
222 495 999647380
867 1536 998898199
908 1319 986145920
270 1475 1721
986 2367 655
1009 1498 906783700
354 2064 999214597
953 1568 999733974
764 1681 998308604
866 628 1804
28 1165 982914947
215 2362 1729
266 142 999604032
9 151 996219799
1220 1496 999945395
1015 1548 999383756
1233 903 41
632 937 977787037
1079 1599 998543703
250 99 999979267
907 1188 999958151
210 956 999893096
1250 2047 859
42 2342 999909998
275 1608 961925195
610 867 1298
979 434 654
1219 1765 262
1147 780 999899356
246 891 200
1234 1772 928455226
1086 1113 487
1061 2238 1632
119 1598 978985427
640 1205 999778597
673 2405 999984773
393 2485 1875
362 2442 1226
817 969 1168
918 1561 999528848
1206 966 1674
573 482 1249
620 661 666
70 17 999610080
484 1049 989877320
1224 1126 267
431 771 1816
1021 781 999998991
652 86 1164
693 739 998218064
84 841 993863886
737 90 999912727
67 1579 997747741
566 729 1216
327 2135 1978
256 2140 999916990
1091 538 685
214 1169 741
959 2118 999802542
641 1745 999916977
303 769 1297
1043 422 999731254
49 324 999219577
81 2365 944
866 1955 999912126
92 2310 1067
478 1674 974151499
428 2043 998260522
827 1198 999783412
674 1250 999991001
49 1492 606
796 2086 999748573
76 908 855
345 1422 974
160 2394 986
1003 2033 997327925
170 1404 1839
695 263 1881
820 1884 1252
53 1164 1555
1177 1035 1677
511 1002 1925
649 912 970319325
231 942 999776347
515 1993 1612
31 423 364
1180 265 91
623 746 999930210
1144 2106 999951339
694 2215 998760027
536 2349 1628
330 599 784
421 503 243
870 2329 1347
562 754 999245822
1159 2291 869
682 2190 193
1159 1123 998081446
1104 2461 965
680 1668 395
691 1314 998335383
529 1902 999838937
593 1187 515
23 1511 1112
124 673 943594730
1107 1534 1029
775 854 999807642
178 279 513
577 605 1045
1122 1303 496
852 1607 803
1054 2319 1150
702 1219 1200
801 105 989497279
356 2249 955007658
1077 918 237
8 353 1654
525 1321 999986876
642 1278 999276713
122 1126 996202247
987 632 120
110 2199 1012
18 1519 998305706
406 1286 1810
1232 1643 1438
522 966 1313
196 254 976195737
869 1597 1272
9 1319 1282
526 1849 984032488
267 370 994781976
1018 2219 999850343
549 1421 371
106 991 1903
579 1757 277
162 129 999758714
94 2314 997992530
911 1492 828
1018 892 1190
899 1441 990145292
1095 85 1647
775 2022 1022
1198 1815 999506024
1185 1828 113
841 157 999434241
653 1871 996146408
314 1414 428
584 1487 698
713 811 999995658
1193 613 503
735 136 953260966
464 421 602
950 1320 1648
803 1762 998160843
594 117 1210
119 271 1087
103 1494 593
656 2086 999694195
609 1578 998413312
1141 138 679
910 397 29
218 2079 197
82 1187 1438
33 2122 999837178
424 1697 999329679
824 984 1029
176 2495 1370
406 118 999958118
996 2101 999993608
438 526 708
1072 1259 999675988
1142 1454 968974442
1120 678 998021307
624 360 985201989
710 1486 999999765
463 2245 995159834
205 2304 994422257
72 1657 787277259
736 967 13
107 2188 1519
2 970 998343068
840 1527 985381910
1126 1273 642
318 784 723
121 2179 991026164
186 2030 2000
275 281 902
937 847 999554253
243 638 412
676 903 987994326
1180 1592 999917079
174 1771 1815
934 2237 999994980
10 1041 999066097
1076 1672 1806
904 786 996350608
17 1203 41
868 1592 999089904
487 818 999887579
12 1043 999992163
878 432 1728
744 413 1757
264 981 999924968
1195 2485 999699889
889 832 996539374
34 225 952
988 37 1717
6 514 211
661 130 991591103
711 2379 300
394 556 1599
149 1752 995823650
984 2362 999473014
670 851 1479
334 1152 999663694
1179 102 997925310
967 1574 993560632
729 51 518
770 98 981797691
589 1228 998840479
722 1246 998332811
1206 2293 999991520
435 1707 999911642
683 389 418
238 2484 1872
571 840 805
1089 2311 999793992
192 417 857383763
875 711 952853724
355 1448 999879486
326 1493 1121
1248 584 999743062
1143 892 974253928
829 1405 404
201 144 998446168
684 2288 1876
80 730 989979273
89 375 997815428
964 1808 1465
378 1825 989986919
1187 752 1645
541 124 998772454
1129 2002 1559
627 408 999999396
808 2274 997271406
1234 445 835
360 542 989701377
482 33 1806
793 797 965868645
927 1409 914
991 1784 1423
905 2152 591
159 1796 999598443
445 2399 995001329
783 2213 1291
359 1452 1372
1121 184 996881356
111 264 999993789
208 2226 1545
1239 2429 967500311
80 1898 826
958 2033 1349
1162 1785 1002
669 517 999178506
1131 203 1092
725 2364 1936
339 564 634
1189 1202 1005
391 1072 978
267 1538 1635
945 1135 514
883 1258 999467350
508 411 995781776
786 726 872
761 2120 1563
727 54 998809890
172 1849 994334679
313 972 998852249
315 2129 999994758
809 1584 983757793
331 442 999586419
231 2110 1646
1133 1258 994360720
829 237 999961579
492 528 996785175
701 1864 997684527
384 2275 1713
507 713 999517375
920 515 989923211
393 1317 985430132
372 2367 998335773
468 2036 172
211 1067 999446968
279 1524 910
807 1029 990407582
363 408 999180251
637 2447 999581503
200 753 998817209
772 762 999929415
207 818 999883857
1091 1865 999467285
1001 214 1623
564 1370 371
1045 2157 1260
514 1337 39
228 1539 39
379 2118 999981248
825 1871 996369684
1064 2130 999614170
301 2350 255
344 625 110
832 1335 997126639
124 1841 995
340 549 998431912
315 802 1158
643 2193 274
115 1030 997453903
197 1369 998112492
326 325 999872582
1066 720 993691792
1066 1888 467
1157 1262 999276028
845 2274 998955090
347 1740 996391582
949 1634 543
520 882 998687379
100 1945 1121
395 1778 998902902
623 1914 1017
721 1343 995553314
237 811 591
831 134 1651
760 1950 1410
1215 1976 1190
46 982 998400188
52 1307 999747673
1108 1134 999900822
591 1007 556
3 533 999443798
166 1701 456
19 1313 734
520 2050 1898
1191 335 994701653
993 875 961
1004 694 996797608
218 911 999255475
85 1159 917996468
660 2215 355
336 301 999140663
301 1182 996979790
527 1912 986742020
1086 2440 995678903
717 695 639
1007 1014 990185448
587 1965 998932093
105 1685 999191861
61 1036 977312124
506 1282 996927924
742 527 992956283
1005 1628 999816837
211 2235 819
276 65 1488
632 2105 391
863 1720 999210905
136 1228 1989
932 1786 1931
183 558 990650297
625 1431 999572716
1152 414 1537
239 1065 999458147
189 2303 1010
1208 391 977378122
396 2000 986665876
805 358 999999744
460 346 1856
502 2090 998524841
913 2052 689
294 939 1107
1216 636 999354628
704 2300 999929667
1006 573 1035
410 170 986659114
458 2026 254
794 961 999700126
1155 986 1481
1101 2023 1441
906 2119 338
797 1513 998602328
500 1275 998609428
730 1423 997032498
1085 1324 938140943
1175 950 999785007
1098 2071 398
408 1778 999732563
664 1611 999994851
22 1239 1780
1025 1899 999996332
894 2276 999312165
325 1288 995389111
224 442 910
780 2328 997492304
807 2197 895
659 1124 390
166 533 991031375
219 939 998534500
544 2360 1622
195 2394 998373783
893 1838 996417393
1012 293 999867784
743 1945 585
891 579 984797467
237 2138 996761218
383 1179 991756512
443 2265 999869905
793 1965 1931
756 1000 999396764
657 1328 1759
941 2075 205
455 2434 999972919
66 1355 999909786
925 2214 10
724 1554 486
971 799 1608
746 142 999931319
1123 2226 987515191
45 1265 1081
13 1350 999837138
778 347 969290286
575 885 999684742
1036 1574 958
1184 362 1002
490 236 999340944
1015 221 1694
432 193 511
362 1274 999996504
251 1139 106
983 785 1848
914 620 1857
992 1037 991508371
958 865 806342791
325 2456 1541
361 156 1436
144 1253 805
860 2338 999973241
201 1312 793
83 501 1693
853 2125 1182
474 1936 813
798 2085 737
272 670 1033
328 1659 1077
1214 2456 1036
241 1380 358
230 874 1210
901 351 987465190
240 760 1270
219 2107 372
896 1097 999869574
132 71 999993140
1092 623 965347767
274 299 999706182
494 2214 999967493
58 1868 999880913
352 1286 999992949
200 1921 1439
747 1443 384
1039 2090 999585110
494 887 1785
987 1959 997849072
293 557 1886
1156 59 115
256 813 786
838 514 1581
773 313 693
904 1954 874
98 420 993292101
892 990 1754
1244 1329 999797882
819 543 1514
939 408 997282417
760 782 999984361
486 799 998295052
456 962 999800681
491 96 460
169 2464 993008145
99 2011 930942684
800 2143 1724
1158 547 1317
518 1687 999812632
370 2105 356
116 613 1074
1235 26 999975002
651 1004 893
560 1758 999492371
624 1528 1622
397 269 996069399
1229 2162 627
1102 485 1683
235 2453 999993565
1115 793 999375714
861 840 999454937
387 1498 977154465
290 2252 501
324 2332 999969001
1013 2367 990518030
1177 2362 998335559
249 44 997817977
327 967 984590984
578 381 914
572 1402 1305
82 19 998649670
158 1701 1877
269 1911 45
191 2180 993132585
216 1762 998369826
810 28 998999438
352 2454 108
824 2311 999482689
475 1014 984391519
1224 2453 995482673
781 2315 999456567
377 2405 993995686
537 1043 1047
1103 2314 999884673
597 1835 1519
780 1001 1701
1197 2041 1982
676 2071 1444
847 2365 614
940 1509 998279781
61 2204 27
634 1108 1570
37 637 1165
900 867 1570
1231 1819 598
215 1194 998455878
480 1818 990461420
1175 2118 1202
1196 76 999665813
1033 474 991913743
546 2493 1739
323 313 996562193
700 2129 983102334
554 1145 999966450
456 2130 67
75 60 1283
552 835 999164009
274 1467 408
204 2473 999824615
806 1011 999999236
696 2392 999323687
361 1483 999959433
188 889 18
1017 2335 999998959
1176 2314 1054
844 2130 887
519 1037 1771
1030 1435 212
664 284 206
1022 2089 997250064
1053 417 61
174 603 995103752
152 1665 999856188
394 1883 998261683
1125 2197 840
1085 2492 1962
1129 834 999794676
147 770 651
245 569 983552128
1029 269 1905
1000 236 787593347
367 2470 964021462
544 1192 998491470
358 873 398
606 786 988172386
382 1998 1705
527 585 946
564 202 999978718
733 2398 997157793
882 990 152
1034 2470 999559486
1011 337 998309364
111 1432 1748
818 515 992556341
225 1656 819
190 1915 1852
228 371 995515417
319 1100 1983
523 1713 973690785
235 1126 1577
369 520 25
283 2112 1227
621 1543 1377
648 820 997391515
285 1987 1409
840 200 258
1239 1102 1664
337 1714 997138734
495 2007 995946049
283 944 994453007
369 1847 999996665
371 546 1561
500 2443 749
1230 1609 282
1155 2313 997405766
65 829 924
422 1166 146
611 1977 1739
370 937 983617734
420 2092 995072067
187 772 998349114
559 2049 652
746 1310 1331
1149 1764 1885
568 2416 56
602 717 542
465 1031 996869644
123 1414 1421
351 1846 987501055
202 2134 999256157
1216 1804 1871
558 297 1930
1028 137 142
407 1841 1010
806 2179 1544
1058 1915 91
540 1230 1909
519 2364 999982157
114 1535 999526419
1019 167 998874411
20 1826 23
483 1320 999998287
1221 2216 994308485
767 1094 994255515
1151 2199 703
682 1022 998979648
615 2291 799
1076 504 996009410
306 720 994308477
646 379 1617
1034 1143 1091
753 958 627
108 1467 983309569
685 837 997245600
159 469 1985
903 913 998796476
412 9 1355
768 2494 999613003
1031 2105 289
671 1248 999082014
1055 2454 232
1052 1369 997513144
281 2351 286
12 2211 449
813 1296 1648
759 9 998649994
467 1812 990783954
378 498 646
659 2451 986031951
1171 982 1188
710 159 1796
800 975 999019700
1241 392 1169
745 1451 973486660
917 30 995531895
661 1298 133
630 813 999751796
988 1364 998359711
872 1684 1599
181 540 226
1138 141 988672518
198 1667 960714419
415 1874 1386
995 1597 2000
663 1092 1429
392 1325 1111
599 198 472
55 525 999071367
377 1078 1614
183 1726 465
373 174 1441
998 639 999987636
293 1884 999959367
860 1011 1332
286 2097 1788
557 2387 998449126
148 1105 997955737
777 1850 998897502
1223 2237 980085229
1077 2245 999693654
236 1871 980581776
655 553 535
450 284 1119
321 1284 821
841 1325 1175
823 2138 274
776 1631 1529
670 2178 987051677
606 1954 1562
14 2474 903
444 2134 999570810
1027 799 999856964
41 488 992958243
1218 2293 999996266
4 1784 997573146
476 1037 999967325
414 1686 918
805 1526 417
865 2190 37
1 1996 999999544
1225 717 985015722
608 783 996998788
286 929 989109220
418 1636 1597
1204 176 999999305
1111 217 999195775
749 2365 998098014
245 1737 1662
513 1060 553
302 791 999997595
380 2460 999740372
103 326 999990388
990 295 1490
440 926 1239
1 669 1569
737 1258 1437
1181 2133 999850497
199 590 1357
1084 2086 129
782 1648 350
1026 433 998485066
281 1183 999592359
391 2399 995605812
924 2397 996717915
515 825 995631981
1006 1900 994725165
354 737 1333
348 1573 999960096
244 2066 998822953
1053 1744 998521967
834 96 999966684
798 917 979243554
642 2446 941
626 556 999998263
1132 1757 998986042
232 1555 999986232
785 516 1116
349 1784 169
146 2307 1200
415 706 999848699
734 2427 999789276
751 1300 999332468
1002 1717 1138
770 1266 1393
1061 1070 994133627
1126 105 998968252
826 843 1068
618 2017 1813
78 2341 1783
141 1418 1308
96 1524 999378764
244 739 1208
429 1666 1322
1134 2488 752
496 2347 999801822
522 2293 999812870
348 246 1520
951 33 999928631
444 807 1979
1135 47 1515
696 1065 1351
930 1897 989276176
1138 1309 1826
854 566 319
419 223 999999788
133 933 932148527
467 485 1594
477 1117 1908
350 1466 1250
723 1491 979216990
342 759 999363655
748 2468 1375
421 1830 977429880
67 252 926
214 1 997527930
1065 163 266
1049 2346 999514196
371 1873 998827415
1154 1909 939
1196 1244 1987
929 2276 1214
131 399 976260995
916 1554 998442722
913 884 999535451
1240 1545 999983635
317 104 355
605 986 973687380
541 1292 1729
497 2329 150
266 1310 1405
1083 1042 1741
1113 410 998327010
209 217 1960
533 1594 999995435
578 1708 991418575
853 957 996060838
304 2135 303
495 680 393
499 432 1307
403 2408 246
518 360 1081
1228 1899 958
1042 1934 999574415
528 1285 999961761
448 903 999656948
7 852 996786628
844 962 986012456
5 441 1759
569 2265 1516
1202 1299 763
405 965 996822565
1163 1762 999979175
831 1461 992638314
1164 2060 998823405
1117 108 999993322
131 1567 489
452 1296 852
87 14 984861282
466 1802 1042
1209 1623 965
873 362 1168
194 2474 986691334
145 2490 992809007
1087 2053 1165
861 2008 387
620 1988 999980413
488 2428 1475
697 1141 1675
911 324 996772236
757 2219 1213
193 161 452
595 326 983723772
372 1040 1685
809 257 186
584 319 996734290
1147 1948 1259
270 307 990656233
592 337 999722365
280 1672 975
1247 571 993713660
53 2491 999672919
60 480 989449995
694 888 457
641 418 908
738 1584 999872270
635 689 1048
997 1989 999986460
1220 169 272
297 468 998158068
510 1003 998930948
255 2290 989286216
795 1488 999854094
253 1407 992379117
127 2182 999961195
484 2217 424
291 1728 356
471 754 521
212 921 999995961
965 1720 731
75 1387 992981170
693 1907 1843
26 197 1458
1029 1596 989150936
91 1215 999321382
408 451 1015
259 2377 996300531
658 932 999992506
351 519 431
1136 1240 999926320
1094 2071 1332
251 2466 995615573
837 2338 999249656
761 952 944587420
567 515 999677459
405 2133 914
741 68 984528901
242 1832 1682
1117 1276 352
912 1444 258
34 1552 999178862
48 2425 1800
1133 2426 1865
857 825 1673
234 2103 999938660
1192 1936 313
536 1181 998789137
850 1987 999105151
265 1143 999999977
206 1772 999986464
1245 2215 78
1242 693 195
990 1622 999741749
436 404 589
4 457 761
709 1461 890
814 238 1664
221 41 999829280
968 1206 1643
114 208 1120
40 2467 613
1097 1964 704
403 1240 997081373
543 236 999720056
1032 297 1483
679 47 970342637
1141 1465 999880688
524 929 999696793
220 2150 997699145
771 979 997125803
303 2096 999799258
1003 706 479
540 62 999308303
751 2468 1513
453 718 326
921 1703 998097282
1219 597 999839875
156 2121 997556469
1054 1151 999355432
425 560 999991733
909 514 101
330 1926 998917459
961 2 983861805
650 1315 996991160
803 435 1878
104 205 983141761
316 1088 994418449
962 973 999749867
188 2216 992811044
524 2097 23
497 1161 999626064
1225 1885 1484
698 2337 1742
1079 272 1930
345 254 996597897
745 124 1539
353 2289 328
21 2356 686
877 817 1877
1021 1949 1711
834 1264 1332
163 733 562
333 610 1353
615 1123 999836892
268 873 994
1024 992 974808497
811 1669 996767307
1084 918 991398839
626 1724 1837
647 1126 154
662 577 1585
755 1544 1990
621 375 996306361
1074 547 1450
638 1757 950562876
779 499 999999877
865 1022 999243142
1153 971 1016
252 604 315
400 218 1151
631 1676 224
1096 2252 1364
763 1663 979108132
133 2101 1066
912 276 992105303
1107 366 988670799
769 510 999623024
25 1804 999398134
1082 1721 697
943 357 289
610 2194 998362118
167 46 1512
822 193 999979008
389 1764 999805574
535 1577 1217
401 910 1712
129 2446 417
595 1494 1059
558 1624 996652790
636 2297 488
401 2237 992033625
804 2415 363
974 2407 54
302 1959 579
870 1161 999755835
949 466 999423872
1088 1203 498
607 2115 1344
1031 937 998486691
926 1194 471
1020 308 906
110 1031 999886325
906 951 999997138
389 437 1597
723 164 1
439 934 1390
1101 855 999991929
93 586 1703
1140 758 999719218
1014 1289 33
15 984 430
51 1430 1808
862 1421 999958565
314 246 996123392
645 72 1719
816 2078 8
300 2197 911
1092 1791 753
1063 822 909562887
14 1306 982592188
879 399 999487985
587 638 949
185 1767 999786828
238 1316 977810921
889 2000 278
909 1841 999574654
318 2111 993100162
801 1273 579
2 2138 1413
416 487 999768417
260 112 932
1247 1739 1878
261 160 996878188
442 2182 567
686 1706 1213
190 747 999997289
1217 2210 1960
739 1992 984673738
608 1951 477
1150 1209 999565317
491 1423 987209747
936 733 997839184
1032 1624 997277741
208 1058 965802125
69 270 538
596 1901 999999686
1010 1014 999295747
434 1967 945109890
184 2258 1941
901 1519 1076
102 547 1606
668 2230 1684
439 2261 982859828
533 267 1743
556 2019 987131457
570 1812 999130596
296 649 997338127
35 2418 999999776
510 2171 253
1191 1503 1454
898 1361 619
690 602 998741969
842 1239 1692
1067 912 1714
545 497 1772
287 1313 999926342
914 1947 999919724
980 623 999251799
859 2151 995652723
547 877 999960912
530 1694 999952176
999 2216 1138
465 2199 853
1246 1965 999909740
542 1943 837
848 2245 999976928
784 2354 161
647 2453 999930570
788 499 119
247 730 1453
323 1481 1152
501 579 995730500
424 370 724
410 1338 1633
1249 953 417
44 1808 1397
112 2354 976625138
666 3 95
99 684 1462
878 1759 999206579
766 121 999954746
118 264 1571
1137 706 327
609 251 1835
407 673 999989827
655 1880 998737916
1244 2 1348
532 1933 1227
36 1008 989115285
128 1777 1809
937 2015 1082
488 1260 999945717
1055 1286 966731440
284 739 1447
711 1211 999375666
1243 2323 187
282 868 999206174
112 1027 1641
648 1988 1726
871 1775 999926149
931 635 715
1183 2286 985978254
804 1247 999996197
489 1734 999986053
539 1882 423
681 1928 998341844
604 748 1265
643 1025 998782190
1024 2160 1262
241 212 999624267
42 1015 252
811 342 38
56 1627 999101027
1236 1558 1290
319 2427 999383162
637 1120 1976
1069 1379 1357
309 524 1031
882 2317 987476506
854 1893 998014967
1170 23 1072
1035 139 985158974
789 1625 999247965
758 342 999443808
777 523 1241
1050 1058 893
1145 599 999834646
1058 747 964535044
654 335 1502
899 114 1608
523 386 1770
1210 1354 963322405
1100 2349 999772099
254 1071 999992410
1037 1475 999824029
1156 1386 993079362
501 1747 1737
715 262 999997037
8 1680 992260595
109 481 202
925 1046 994041130
565 2182 291
720 1936 999998449
816 910 999952956
310 736 448
1190 1080 979107730
952 1940 1535
799 2082 78
585 1019 994853785
959 791 906
833 2150 810
754 1867 1942
691 2482 1663
37 1964 999968531
16 2101 1972
668 1062 982138429
134 1363 964446342
468 868 999537194
733 1071 31
62 283 1365
368 1528 1355
939 1576 1078
78 1173 982867332
895 1021 999964086
1093 796 1917
569 1097 998549093
1223 910 1593
980 1791 1600
161 320 999418406
385 1236 995929850
243 1965 999106711
704 973 945
876 259 1236
685 2005 105
908 2487 71
72 330 1980
289 1948 1296
1193 1940 997695713
39 1602 698
504 1443 998671466
252 1931 999977989
1056 687 999422595
264 2149 1701
328 491 999291449
329 2306 999758028
1104 1293 999956972
32 1755 1309
835 523 750
300 1029 888162247
553 1576 973830538
891 1747 828
247 2057 993859738
546 1325 999811991
864 1183 955395754
366 1146 999838087
703 717 1961
357 1915 961
458 858 964160364
547 2045 1842
282 2036 1504
59 321 58
428 716 318
469 1458 1439
30 2092 997579611
509 1296 1170
1168 2072 999099478
1148 1510 1403
973 881 1252
1038 1448 321
234 776 1000
768 1167 1723
920 1683 677
398 1158 1460
483 2488 969
130 528 90
1250 879 991241939
130 1855 999870758
1139 805 998470371
1087 885 997259933
772 1930 36
686 538 999913725
137 1131 1979
935 360 979207901
140 1267 989105377
1190 2248 799
390 791 999996910
1046 348 990746366
724 386 984752201
54 314 782
966 1374 1637
11 2172 998746376
413 1010 999988853
289 780 999931354
101 1465 1815
846 701 338
449 2438 318
989 853 999985400
822 1361 339
718 1073 1476
1109 1636 999958792
1041 181 1584
340 1717 1219
304 967 998328435
181 1867 998791724
1090 1425 818
1071 574 999526202
897 1139 998210739
455 1107 714
229 1762 996970219
503 1932 999924415
1183 959 1680
213 1287 992626070
629 2107 999972344
232 228 796
858 757 995207769
257 1170 999336392
380 1133 463
336 1469 1768
715 1430 809
973 2208 999694204
1037 148 472
346 1307 764
121 852 1572
157 1630 994046498
189 1135 994181880
126 271 966436328
1078 2489 999430799
153 2247 1214
774 375 999952390
797 186 1153
599 1525 997201260
1124 556 997258368
709 293 969374970
184 1090 998054527
955 119 849
787 1156 976
596 574 511
47 854 1693
229 435 1501
689 1733 990496514
116 1940 997355984
1067 2239 999945983
426 368 998406958
1110 2463 35
538 2141 1920
947 1146 1882
1010 2182 345
359 284 999751758
1160 1990 997953692
1051 2426 1834
758 1510 367
628 2171 757
873 1689 998557696
1080 477 996728258
566 2056 999882200
868 265 1526
600 1098 997397681
1027 1967 510
381 1696 999698107
1078 1162 1723
68 371 1258
1184 1689 982678235
644 1306 1186
57 981 1238
261 1328 1625
1119 126 1110
423 930 2000
269 743 999967991
948 1995 999740815
542 775 998894318
776 463 985376232
974 1239 999217409
207 1986 399
493 1353 176
271 1959 1692
820 716 999968014
635 2016 985310588
982 574 1445
871 448 1844
71 1146 187
11 845 399
298 1293 71
549 253 990055649
1217 1042 994706285
320 702 994992725
1071 1742 1711
509 128 999667932
972 537 1224
688 589 639
451 1670 999964427
612 1475 387
588 2088 998783303
1116 280 1598
970 292 989933243
890 1304 1715
1137 2033 999561675
671 2416 416
618 849 928414226
88 1720 1040
1040 1516 999644675
706 473 11
591 2334 999855015
19 145 999841620
192 1585 1311
44 640 998130490
126 1439 1764
1182 950 1425
438 1853 999770164
311 1646 998381606
928 2421 1492
1198 488 400
815 1091 994923876
193 1488 999999804
849 2121 999946838
705 2305 481
23 343 999964084
123 246 999478099
1048 2109 995092152
322 608 999461422
857 2152 999854098
46 2150 793
734 1100 251
186 862 997108484
223 321 165
1162 617 992817995
872 516 987005056
1172 127 999900085
263 2272 1382
707 461 1505
1226 411 388
698 1169 996257359
148 2273 799
960 2408 990284304
575 2053 4
1192 768 999685993
320 1870 357
753 2285 999990849
960 1081 1637
254 2239 1422
932 618 999685781
1001 1541 684423551
1023 2103 1020
565 1014 998636664
720 609 1118
976 1114 1485
669 1685 1544
894 949 1348
107 1020 999345091
978 2056 994808124
827 2366 479
842 71 995988778
856 880 993619792
347 413 1382
240 2087 999992147
781 988 803
846 2028 999884201
1135 1374 997569367
898 193 999927547
1237 1797 947967464
418 468 999912168
534 1626 1453
35 1091 1706
277 1767 340
555 1993 996118247
739 665 1799
874 1849 976562590
498 2098 994671131
712 571 999999748
517 2207 998643351
157 303 385
1057 352 999051563
1044 596 989074280
985 2248 89
324 1005 676
52 2475 149
818 1683 1178
1122 135 999995430
601 1171 1993
1128 1800 998575923
135 878 999732838
236 544 733
409 1137 18
563 830 396
1011 1505 985
555 666 1139
5 1768 999733910
396 673 561
605 2154 1997
683 1716 991308587
423 2257 998961359
951 1201 328
756 2168 1252
1146 1926 499
677 1188 1517
603 532 1598
850 660 218
263 1104 997107549
619 2476 999490895
1017 1008 1342
182 353 1177
1115 1961 1321
617 2014 1660
699 862 919045629
363 1576 1951
65 2156 997101827
427 2440 999839487
550 553 999975433
90 619 1946
445 1072 1181
1157 2430 1523
521 2253 990955675
955 1446 996815583
28 2333 51
1187 2079 999790687
287 2481 289
249 1212 551
94 987 28
762 1855 998190883
55 1693 310
489 407 415
1148 342 999561429
690 1770 985
600 2266 503
634 2435 999591236
687 2401 696
1094 903 998874654
295 1813 814
1004 1862 1773
1127 63 999956260
881 824 1518
1142 127 1610
258 1624 1219
350 298 988193733
430 2493 588
246 2218 997503304
90 1946 971551412
1051 1258 999796142
31 1750 995849819
614 267 999820990
1002 549 999475446
385 2404 1721
413 2178 479
1212 2093 3
353 1121 999320685
583 80 999592290
764 354 1281
1173 384 999972722
656 759 854
658 2100 743
742 1695 703
622 1720 1437
216 435 792
152 338 1598
447 691 999974839
349 616 998279239
972 1864 998437214
716 1220 1412
1114 1603 974573877
826 2170 999582721
117 536 1401
728 664 999706660
692 925 995570889
971 2126 980052499
1047 273 998103504
1171 2309 999363446
435 380 196
58 541 1280
137 2458 993130893
946 371 999906267
616 938 2
701 537 1478
206 445 967
18 192 1779
154 1756 997760025
769 1678 1658
1020 1635 999419698
1238 1976 993488775
259 1050 1193
461 2024 999985461
821 871 708
1072 2427 166
317 1431 998351284
146 1139 997534167
437 2180 1531
95 707 999837777
1150 2377 1904
1241 1719 998338805
630 1981 211
339 1891 999403527
1221 889 550
502 763 1970
508 1579 1771
1139 1973 1781
526 522 1829
125 1369 1373
938 1264 591
436 1731 999970592
644 138 983432901
173 2081 996720396
573 1809 999990951
1062 347 1127
63 2128 1041
1201 2021 999578501
262 2445 999915391
1172 1295 1714
695 1590 999812723
719 1310 988513440
525 2489 1570
703 2044 999269445
1074 1874 999967187
390 1959 1244
594 1444 999418362
460 1673 998428070
646 1706 999618165
1019 1335 1570
280 504 997590230
503 605 1509
981 236 999944410
430 1325 994476522
138 976 996796977
375 348 1845
248 2014 1569
376 364 999977392
50 1140 1916
27 58 988577437
582 895 997850497
847 1197 988425406
790 224 1708
674 2418 192
725 1196 999438211
952 772 999899018
917 1198 1233
1237 470 1678
308 829 1383
1140 1926 837
638 430 1946
195 1067 457
139 974 1702
1178 405 904
182 1680 989225017
708 1101 998092939
1125 1029 988786958
149 425 835
636 1129 991669089
787 2483 999350482
470 1978 1954
843 705 1352
684 1120 999462374
956 705 1694
784 1186 997419858
1205 1315 998339631
956 2032 995930310
1059 1568 1918
417 2391 962694443
982 1901 996094730
202 807 1462
344 1952 999917587
29 2324 1691
977 1989 1753
782 480 997548909
412 1336 996058012
1089 984 1199
386 1080 1031
144 85 941732199
731 2161 999998214
645 1399 999802738
1060 1025 792
271 791 998874601
531 219 987165397
1106 1329 1034
205 977 1209
177 29 1704
76 2235 995802193
1205 2483 1107
905 984 997961084
69 1597 999934047
440 2253 998459939
930 570 922
96 197 1592
984 1035 507
233 2477 1739
397 1437 1532
942 2416 871
1064 803 1918
288 1999 999522576
812 1270 415
884 1871 997260837
331 1610 1868
957 1715 1395
62 1610 997122120
994 257 983234044
817 2296 964232791
1178 1732 999758863
386 2407 999927946
1174 1698 268
622 552 936063545
1176 1146 999936524
434 640 229
657 160 999704417
113 1075 1298
171 2013 1847
506 2450 1970
1114 276 1456
919 2174 1938
1213 2332 1921
400 1545 999678354
88 552 997903346
1095 1412 998471363
262 1118 1600
1149 596 990677310
736 2294 997788064
24 1368 999467258
204 1146 1312
38 1827 988849365
329 979 832
902 1181 1305
398 2485 998019033
402 1444 1793
226 2417 997519476
163 2060 999911994
653 544 811
250 1267 220
1038 280 999905416
179 221 999723478
1211 407 1733
1119 1453 999584894
265 2311 517
278 2254 1500
299 131 1719
452 128 998131033
855 1498 1544
562 1922 1026
788 1826 999997710
907 2356 584
365 2021 1770
1199 2073 982051460
514 169 999457785
220 823 1541
766 1289 1802
1153 2298 988490036
305 2277 1245
762 528 672
993 2202 999979497
477 2444 999999960
765 1738 906
821 2198 966543597
120 468 2
1161 2270 27
487 1986 1530
941 907 999999844
311 319 1647
1197 873 999834016
258 456 999476124
1186 2183 999756679
1218 966 1984
923 1408 819
983 2112 978151471
530 367 1837
307 417 999540687
316 2256 1661
242 664 999986092
227 1904 878
442 1014 992995311
505 745 453
142 1862 1157
45 97 998502568
935 1528 519
81 1197 947795035
619 1149 1049
1249 2280 998113015
985 1080 998907148
802 1494 999757986
965 552 999203878
1194 1769 1176
433 1685 788
197 42 509
171 845 999995608
154 429 1494
227 736 999866765
464 1748 999265922
295 645 996052725
305 1109 999901188
3 1701 477
950 152 998991556
1081 985 837
1210 27 668
1195 1158 865
828 2263 1617
162 1297 301
750 1354 990183251
486 1967 1178
321 116 999356071
422 2493 999999723
175 433 832
1181 806 923
649 2080 960
832 8 1014
388 2059 971540372
947 2473 999929756
191 853 1352
384 1107 999183017
1045 989 999405152
858 1925 785
830 275 504
570 485 1473
848 918 1560
1105 381 1654
217 2392 920444786
333 1937 999998439
409 2464 997958404
170 236 885120580
859 824 537
1013 1040 1108
309 1851 990984019
1036 406 999914751
1130 912 998224646
161 1488 1970
627 1576 1899
900 2194 998201408
360 1710 447
712 1739 1893
1062 1674 999774880
748 1300 999807954
1100 1022 1092
792 2240 782
934 910 1285
60 1648 1498
129 1278 969426981
1025 572 1297
1106 161 999653586
869 429 892334749
395 451 1931
239 2233 795
921 376 192
556 692 1780
142 694 999891266
479 1772 1363
843 2032 963160685
382 830 999455236
278 1086 989648200
613 1133 999990445
933 120 992331801
548 1815 999182230
779 1667 533
499 1759 999898288
945 2462 994672362
885 2031 473
1050 2385 999697125
915 1158 996810276
835 1850 999787712
22 71 999987065
196 1422 1781
1116 1607 999741205
364 1209 25
675 1671 1403
481 2360 308
963 1061 999783418
1209 455 999995743
954 1454 997970081
312 1297 1464
875 1879 951
740 686 998418778
335 1708 895631940
1098 903 999992801
1048 782 202
582 2063 453
1012 1461 39
68 1698 988674999
567 1683 300
667 499 999330555
1097 796 962184725
928 1253 990900005
454 2010 999943851
708 2269 974
364 41 975395692
1232 475 983606069
1233 2230 992790127
1132 430 1958
969 487 1059
298 125 965750828
994 1425 1473
750 27 8
1165 1368 995728553
1231 651 999493329
652 1413 999585830
310 2063 996061304
33 795 644
631 508 999197742
681 601 1187
588 761 95
625 104 783
785 1843 951019344
732 1496 998030204
938 96 999808505
134 36 1650
528 2453 678
296 1817 1873
115 2198 1776
496 1020 1417
27 1226 1155
1167 1549 108
997 662 272
194 1147 821
978 729 1466
1170 1350 997609121
574 2197 999046248
537 2370 997737297
122 2294 663
461 697 298
156 794 458
1090 257 996186720
953 241 255
470 810 986061063
838 1841 999754715
1194 601 983515110
1043 1590 396
404 1152 999999466
1083 2369 999805268
383 2347 806
702 51 995190181
581 1741 1456
992 2205 639
791 904 118
173 754 184
654 1662 999138100
651 2331 998977506
551 1872 1677
145 1163 1569
167 1373 997206915
151 966 1868
1099 1744 881
763 336 1959
374 1642 311
59 1648 996766559
77 2264 11
1211 1734 977367828
808 947 125
823 970 999999999
1201 694 1525
485 1259 998977076
480 491 1041
463 918 1563
836 377 999988914
290 1084 996481878
574 870 825
895 2189 1872
663 2419 999978283
26 1524 994944422
792 1072 998085122
87 1182 569
97 355 988707866
471 2081 999913190
943 1684 974608536
469 290 999975282
1070 408 994738969
1212 925 999616804
548 488 1649
203 2432 999497357
839 2007 1117
66 28 620
1059 400 999919779
1082 553 957673276
284 2066 996198876
1226 1738 999787323
773 1640 999990554
1167 381 985976466
1026 1601 1561
381 369 792
680 500 999447310
580 1085 875
864 2351 1354
1065 1490 988005465
795 161 457
1166 1839 999894270
39 434 997886287
717 2022 950466818
1056 1855 1750
276 1392 999765610
1143 2060 1955
79 656 1510
73 1891 1809
944 523 1911
1130 2080 940
897 2307 1886
516 172 639
1088 35 995469948
448 2071 1697
212 2089 1885
933 1288 950
379 791 27
54 1641 999936384
40 1299 976146787
446 1158 103
1044 1764 425
628 1003 998544109
155 2308 999090795
915 2326 1573
1158 1874 997741320
856 2048 300
342 1927 616
1014 121 999170428
553 249 1333
975 691 1366
598 2071 1543
867 209 288
1214 1288 995073425
1040 189 1350
1070 1576 1593
964 640 998085758
1146 758 999967996
93 1913 999647755
414 518 964049010
532 765 990649826
1169 574 969
86 101 1233
747 275 982693506
529 575 1407
1123 899 1595
877 2144 992819499
417 1064 955
1136 2408 1205
926 26 999508952
1075 2099 650
1099 576 999979932
441 697 316
726 1867 1020
30 765 546
833 982 999982592
485 2427 699
294 2266 989529378
1199 746 611
999 1048 999970180
576 1976 999991835
727 1222 1142
462 943 999431229
1144 779 172
1168 745 993
504 116 1830
48 1257 999968594
277 599 994474817
888 2239 1890
343 1190 1571
783 1045 999666326
106 2318 989465430
1016 1390 1017
375 1675 999203447
1134 1320 999959909
73 723 999756348
1016 222 999813601
752 376 938
185 440 241
102 1874 966299984
1204 1344 1984
561 1828 980192866
922 1975 1759
29 1156 999647908
722 2414 1694
411 2164 999594594
1152 1741 999454590
140 2435 1309
954 127 1939
672 28 998178659
607 947 999743454
399 1447 999828783
454 683 454
942 1248 999982617
919 1006 979513547
813 128 998837237
108 140 755
705 1137 999992186
874 522 1151
150 170 999460247
268 2200 916334124
493 185 999066189
21 1188 999996123
1009 171 57
71 2473 999054608
738 257 1486
1121 1352 1190
457 1317 999911444
416 1655 1427
511 2329 999964131
127 855 891
1057 1520 1205
43 2470 999840824
230 2201 998816056
1081 2312 999991677
365 853 995562563
713 1979 1108
545 1824 998354424
446 2485 981956252
697 2468 999722863
571 2167 999571633
692 2093 1854
880 161 211
531 1387 381
604 2075 998744905
1200 1605 998947184
586 1310 999944452
1008 2186 992938624
845 947 843
376 1532 1409
101 297 879622768
752 1703 999960538
855 330 999986539
32 587 999975902
794 2129 1376
291 560 998491187
754 699 999920710
1128 473 710
940 182 490
617 846 981501462
989 2021 320
837 1011 1945
150 1338 719
473 1425 1764
91 2383 183
922 807 999981867
98 1588 1640
100 777 921446827
995 429 990002867
367 1143 151
902 13 999765829
1000 1404 1269
1103 987 1654
672 1196 1202
1230 441 996593835
1245 1047 999997217
962 2141 524
512 1197 997975248
285 819 999240298
1182 2277 997817669
1200 278 608
1240 218 994
667 1667 1444
1023 935 998717448
886 2372 996467717
765 570 999558526
561 501 788
778 1515 548
963 2229 1586
577 1932 998476333
6 1841 999525002
462 2111 112
726 699 999354077
1236 390 999974292
203 1105 68
451 343 587
478 347 1546
172 522 802
306 1888 1403
1113 1578 1321
687 1233 998655455
543 1404 245
475 2182 1490
1042 607 1568
1207 822 624
576 649 1432
1235 1194 1641
601 3 980555278
373 1501 999225149
660 1047 999998990
1080 1645 1866
732 169 1452
602 2044 999836340
128 609 999294953
563 2157 986345316
916 227 792
1112 113 997379666
104 1373 1735
10 2209 1064
721 16 1266
586 2478 1960
839 839 991191942
969 1814 992873077
802 167 468
198 340 1283
322 1776 1046
387 171 330
272 1997 999976810
759 1177 593
164 1985 856
716 52 999437238
924 1070 1402
790 1551 990793370
1112 1281 1822
554 2313 1976
492 1696 1864
1120 1846 1526
819 1870 998796055
1035 1307 1225
13 23 825
337 387 686
136 60 953076648
313 2140 985
226 1090 1533
1049 1019 736
880 1488 953541298
887 1526 108
77 1096 999904678
927 241 999788233
175 1760 999868213
84 2009 179
178 1606 990639762
255 963 1343
1028 1464 999634565
966 206 997424206
616 2265 999914766
923 240 997335399
425 1728 433
79 1983 983142430
273 1079 846978294
292 1030 988888646
1203 1170 1212
51 262 999936624
420 765 123
7 2020 1417
583 1248 1782
341 798 999781592
505 2072 996249729
629 780 416
886 1045 671
633 640 998269246
1108 2302 1843
979 1761 995014464
714 912 997388920
15 2311 998047185
176 1327 999642430
411 837 1797
479 604 989265662
614 1435 993
593 19 989967122
1047 1441 288
896 2265 802
459 2105 972491355
585 2187 339
1228 731 980443243
551 704 999965239
297 1636 1490
613 2301 884
1186 856 56
426 1536 1782
1242 2020 999895601
141 250 935189442
1046 1516 1980
678 2357 991
374 474 991667417
689 406 1040
1068 1720 541
740 1854 521
678 1189 997679965
665 175 994629988
516 1499 995917086
825 544 26
187 1940 1637
1110 1295 999883692
639 1584 1622
74 524 999982982
929 1108 996607319
521 926 1012
1111 1385 1673
95 1875 1766
419 1391 1417
449 1270 998367037
597 667 999998439
836 1545 1754
125 201 999925229
1243 1155 997068217
307 1585 245
1222 1896 988759405
849 794 1694
580 2412 993876940
675 503 983592121
346 139 997776804
279 356 996901568
498 771 827
612 307 998092568
429 498 999534311
253 80 773
120 1795 994014232
273 2247 1663
358 2200 999760603
1208 1559 1437
180 2420 1732
213 2455 1417
57 2308 999972153
830 1602 999977954
707 1788 999346491
1005 301 774
1124 1724 395
731 834 1729
89 1543 238
749 1038 1258
786 2053 986389396
399 120 443
1007 2182 364
260 1439 999981493
1169 1901 992819592
1164 733 480
1022 762 433
550 1721 602
581 573 982826752
662 1904 994677755
38 500 1440
893 511 1672
876 1586 998660178
534 458 999998603
728 1832 1721
910 1724 999995211
441 2024 999100440
513 2387 948398031
557 1060 1681
892 2317 984245921
729 1378 971212153
881 2151 975765466
1131 1530 999340427
789 298 504
1246 638 1135
851 1381 1933
482 1360 999979623
936 1901 877
1188 1743 1328
105 358 303
443 938 1067
1127 1231 352
86 1428 999269844
1185 660 999284495
666 1330 986476560
1163 435 1006
1075 931 999978875
1118 1310 999928058
169 1137 1594
590 1300 983394212
890 136 997801898
139 2301 996787765
699 2030 1707
560 431 594
977 821 996996975
217 1065 267
1166 512 622
918 234 1407
490 1404 1529
158 533 998654066
774 1543 243
700 802 1446
944 1850 999628732
714 2080 443
222 1663 1443
64 1818 934585322
472 1583 997335947
151 2293 995923614
223 1648 997423897
1174 530 991573201
1165 41 352
92 1142 999866497
437 1012 988890516
592 1505 148
677 20 997233685
851 213 997559844
476 2205 1115
368 360 971685184
568 1248 737860947
1154 741 997550531
47 2181 997088930
431 2098 999999801
1145 1767 1505
1060 2352 992763596
1052 42 1320
673 1078 327
466 634 999773936
74 1692 945
138 2144 439
996 774 1523
957 547 999468166
334 2320 1559
341 1966 19
332 130 999723904
931 1962 999996902
343 22 999230170
20 658 998110017
459 778 345
248 846 977390048
225 488 998467342
887 358 999996015
863 393 81
1033 1642 808
292 2198 875
1102 1812 988135330
357 747 981674274
177 1356 988135515
517 880 1641
457 2485 1434
512 2365 1491
109 1808 996755444
117 1863 999992685
815 2259 57
210 2124 954
976 2441 999531689
