2500 1250 2500
547 1928 168
730 2176 999827063
284 1153 211
32 1185 999758455
109 988 72
276 1425 72
326 829 999998524
70 2082 184
146 1937 999576954
509 1812 995150781
681 2120 971729254
137 598 99
1182 1447 999629943
118 58 993293178
1024 1153 13
751 260 997884059
400 1670 51
80 402 86
1118 772 999499568
330 1111 991187017
1097 397 299
672 1633 999888392
830 437 166
1125 1229 260
372 1741 999911194
113 229 104
1135 1472 921817139
691 289 287
1215 390 999898538
1237 217 283
1208 71 999979356
1007 461 44
789 1208 999996170
688 1060 983214865
913 2027 993189739
554 872 998730677
1096 2294 205
1085 404 888446345
1114 382 965185692
928 1588 52
170 2262 77
971 1967 103
478 1910 172
999 1722 996502685
1145 2043 997153148
1153 271 997220236
340 1132 50
142 67 994721994
300 1069 907024822
97 577 999929366
44 2397 214
388 1017 991493982
176 121 149
513 905 45
962 290 138
1232 1654 180
1095 693 177
413 1026 149
933 409 999935269
714 1583 999998717
7 1028 251
135 259 997551536
1027 85 252
269 1046 111
293 1776 276
132 1806 999729196
230 119 296
829 2227 966965447
56 1713 999722384
1098 1719 211
1247 2127 122
180 1896 62
213 1974 980576445
851 889 998936087
335 619 282
1132 892 954491339
383 1431 999924022
701 18 963351255
1022 2469 3
1000 230 286
479 1900 59
836 1602 78
1151 237 127
329 912 181
189 117 994710748
740 1900 985602177
305 1227 997413058
615 293 171
1209 462 993184897
1012 437 92
275 1932 999055679
699 28 267
1033 1041 998163470
65 794 996494499
960 2314 999998831
1013 1471 999905214
231 2339 18
1242 1888 256
671 2286 996043987
728 274 966480250
611 1766 112
1226 1067 227
1038 42 59
1170 2479 286
191 854 74
1160 1133 218
637 399 287
931 456 995120041
1160 2222 999713208
82 1017 139
1025 2182 999988917
363 2234 999736631
565 2120 138
641 290 24
1231 541 999395219
1164 126 992816989
1027 1174 995930213
85 1250 193
488 1012 999963949
415 61 997589241
399 410 105
147 2043 999950981
1154 1360 999999327
932 131 53
663 2406 46
132 717 235
170 851 890863092
773 1614 918017422
766 1349 202
1012 1526 999871276
1090 976 999988271
937 480 999977339
744 2390 997467480
648 511 259
138 297 208
1028 2434 995808373
368 1432 139
1067 1801 35
905 1795 146
1087 2201 999431113
322 998 104
116 421 995188941
693 2406 999684291
1125 2318 998776174
1016 250 22
615 1382 999983033
304 756 999953178
504 872 181
165 2320 157
453 2302 48
991 1248 998278772
231 928 993379038
536 851 130
314 1487 290
1066 1823 996940504
62 212 290
134 1756 123
366 2496 92
333 1221 999982087
370 903 999795931
1222 885 999798199
266 1129 999932690
666 442 974217845
665 1245 190
670 1051 166
125 2347 108
499 2142 212
1188 1080 11
562 2414 989297485
454 2339 999501218
983 1644 999996032
547 517 983867554
1172 1433 999874924
798 449 998649852
31 2296 998021012
677 1021 78
27 1714 999808831
1169 1901 85
515 1451 41
156 17 72
64 443 993320052
896 1126 97
564 1193 144
222 1651 115
805 1596 999781014
638 228 998963459
1045 241 999889831
1086 1890 999793541
295 1082 198
559 1431 999550423
1142 1370 988914389
319 1446 24
1097 1486 997184985
1219 1765 968689460
1218 418 80
619 1366 78
86 81 296
384 859 999806950
1046 1000 248
530 1366 131
1083 2121 999947498
800 2136 131
592 360 997721720
1222 2296 177
1215 1801 260
825 705 999908900
464 457 153
29 1229 999995691
232 1252 986620884
949 955 49
262 1455 998701859
451 2371 997354634
1099 1480 234
529 94 255
38 2498 126
635 155 270
203 1779 279
532 1995 999991161
1114 1793 162
1017 1897 91
1069 1587 997510952
546 784 129
808 1808 999751285
848 774 999946120
525 993 999860456
101 924 999900919
1106 2188 280
112 2082 899682214
720 1862 999970346
91 2301 254
467 1258 190
20 786 79
1250 655 211
21 1877 999375942
665 2334 998502541
304 2167 11
1219 676 97
11 613 289
79 1596 216
912 2087 95
596 2392 271
630 1284 997422938
1108 52 225
1174 1606 216
28 917 57
662 1444 211
979 2064 10
301 948 244
1243 2167 9
829 1138 176
1057 182 14
845 473 232
941 570 121
922 595 999985294
403 1315 997970273
234 868 999250839
1140 1019 209
927 1524 50
501 1431 277
214 2086 999069922
1249 1850 998165208
292 283 12
732 1292 998907716
1201 1714 49
421 2110 297
672 544 292
1089 1382 284
857 4 947949397
1128 1798 999394806
372 652 84
420 1120 158
1174 195 999550746
1187 822 144
1194 2201 999892853
837 1874 58
1082 460 992414172
861 2471 999207593
241 1426 291
1021 1217 999327993
461 2126 999355397
1050 1907 999823604
733 784 985931199
1188 2169 999767010
737 2117 173
823 614 997996140
25 1920 74
944 1345 235
383 342 221
650 1796 999998031
726 1401 280
437 934 240
436 955 52
602 1701 132
737 706 999375540
592 1771 250
896 2215 997781720
754 2500 999948425
99 1154 92
1010 2404 300
626 1936 72
319 35 998799781
75 1996 211
966 866 185
1195 683 999593116
590 1023 277
346 982 999695384
564 2282 994244577
119 62 998537145
151 1369 996750570
72 732 981908800
659 1808 994517790
915 96 273
1214 222 124
393 993 994847927
462 2413 145
5 971 998001467
77 1989 999934393
294 294 130
207 1912 999933257
373 868 13
696 716 996600539
227 818 999909911
355 1171 114
1090 2387 229
559 342 10
158 1762 178
256 49 999942197
978 104 143
505 742 977706214
970 1110 79
418 1363 231
416 1759 999189615
1184 2279 962390247
914 26 993578564
1166 2036 268
479 489 999993437
476 1764 999937441
285 1111 152
647 1647 997975474
715 1495 102
90 2123 234
283 1063 999993081
306 1933 999547448
1243 756 998918843
608 2089 999728297
88 1771 997883086
441 864 189
788 638 999559623
49 848 150
124 1622 999786196
83 1357 999068046
219 1521 218
397 2017 47
87 1847 24
261 1619 230
747 1473 997121633
280 2260 997912856
386 1610 999995467
460 173 999213839
704 2227 998448416
17 686 53
467 2347 999274396
993 420 999926928
6 296 22
66 1547 999858394
1058 219 999911250
1156 660 40
201 270 179
1089 2471 970142356
621 611 999848959
768 1461 1
1149 1595 45
950 1091 117
797 448 999825446
1244 960 180
676 1334 99
760 607 999989518
53 278 218
1159 1587 220
224 110 999204448
1218 1507 941498741
1225 1867 155
863 707 998618033
650 707 234
410 194 64
355 2260 981037002
1078 1579 999943971
82 2106 999841616
882 1479 54
131 1049 82
841 94 999999460
426 2053 955133018
285 2200 998807924
555 2195 15
916 906 994652895
728 1685 222
1045 1652 95
876 1700 56
572 2298 999999768
654 1792 98
387 453 999026006
590 2112 999879515
205 1364 999376469
865 495 999307434
204 1641 181
746 366 199
1168 633 208
431 1426 164
876 289 999962171
1111 2090 62
581 1048 993531263
988 1297 999994692
58 215 997611795
362 1018 150
763 2411 978709119
1009 1504 300
630 195 49
415 1472 202
338 1226 997652974
904 1625 996841306
397 606 999829272
151 280 138
1113 1708 962996298
772 1831 999673651
1072 749 260
1001 2330 976015248
1240 1954 992672115
91 890 985834064
495 1903 991021224
15 985 991502321
309 552 953828414
748 2228 999947850
187 1903 102
54 1337 33
3 139 983943308
363 1145 139
587 2064 998770085
66 458 258
1194 1112 201
792 2236 999999997
767 1997 94
853 2375 246
988 208 154
878 791 32
798 1860 287
219 110 999757030
1158 262 17
1136 293 113
512 629 292
1101 68 999986339
867 2452 997419204
1248 2011 286
631 1046 999969019
1048 2334 949386112
1159 176 999997679
1052 424 999963307
201 1359 999899499
523 2477 997808731
815 2142 272
976 1414 999546792
734 2240 147
682 916 116
750 729 998085090
594 1802 999893321
339 148 233
1047 859 993666732
388 2428 167
1168 1722 999278358
666 1853 143
473 2273 152
1162 2279 180
344 2455 125
1014 256 999881702
1169 490 997919284
617 1102 86
1193 135 981615988
709 368 222
925 2113 995513097
560 283 999926216
569 1010 265
23 2053 999898554
784 1153 992224847
560 1694 287
947 2006 998509094
241 15 998453002
597 371 998465369
803 1823 300
927 113 997988972
758 1869 187
390 112 979836321
550 1726 68
1184 1190 259
1068 65 999840751
364 1895 7
759 2200 72
1077 1505 998912727
678 2009 274
1064 561 280
791 1304 158
667 758 994873364
1072 1838 972211479
781 1069 239
1073 2481 252
998 1194 996489543
514 172 225
719 1987 297
620 1846 999211181
301 2037 999465172
1151 1326 999997448
967 1262 979482786
165 909 997114856
595 281 286
1100 432 300
103 881 846052795
812 1598 983337599
854 1466 183
963 1321 999844662
653 2124 116
595 1370 999950711
444 1507 999481746
216 2068 48
749 200 989487225
121 2 999976323
624 1984 999759794
469 178 996324751
800 725 985859227
14 2203 241
67 745 183
207 823 10
872 1531 999904762
312 924 14
497 600 258
866 414 935513840
328 2344 999168566
1040 392 35
932 1220 998276218
702 455 999674073
1032 296 281
1212 349 995426716
1155 218 998551054
602 290 997922806
939 430 117
539 855 57
477 2221 999956663
487 2328 11
270 1951 998727140
251 1364 135
573 2417 999989310
552 2001 243
724 794 73
445 1494 47
735 309 998219872
574 1336 11
1020 611 253
253 1755 246
1171 109 846783948
1233 1843 9
423 2279 4
881 1121 953054206
1203 1387 237
122 143 960729197
1132 2303 212
1119 424 998613690
351 501 247
395 629 132
251 2453 948911207
42 1316 257
1181 281 210
577 682 999944199
302 1631 272
1124 2324 179
158 351 998967697
717 1184 995742057
157 1093 266
1210 1500 85
521 1210 30
84 1370 260
632 26 232
949 2044 994597908
770 487 999471666
1094 963 38
318 617 90
1104 99 294
681 1031 255
451 1282 220
542 1580 973884053
778 96 195
859 782 64
813 1719 999957506
1054 2481 134
984 434 288
471 1638 143
89 1039 235
382 404 999667211
522 611 147
245 903 999634939
1037 2243 999912113
1244 2049 995049294
259 2415 999923624
391 1321 998565891
45 131 999331978
224 1521 78
427 24 997151527
199 1909 999993900
527 1628 241
1004 859 78
534 2220 39
532 906 89
34 2499 215
868 2209 995970698
1205 1032 78
303 749 994359879
862 391 999857828
578 1954 996677162
56 624 23
1216 626 78
258 1607 48
1128 709 83
1228 404 999994620
421 699 999865137
952 156 941157412
68 1775 998330200
124 533 166
274 1634 113
1126 1160 999046784
616 1021 36
445 83 999010839
1010 993 999999091
668 2071 190
1105 1669 268
878 1880 999047187
1203 2476 998246694
117 481 189
745 2062 194
247 888 269
1011 151 998223028
1061 5 999999742
396 1485 998110750
1197 1575 980027269
328 1255 260
1131 1487 999997706
535 404 999711640
893 60 994746824
600 444 7
747 384 190
1233 432 999973924
103 2292 212
722 716 205
327 337 988356765
1016 1339 999947953
894 135 999939815
796 1824 999992459
1147 162 997379787
601 2207 999832221
1065 4 116
675 194 132
468 1331 921412185
943 2375 981785009
684 886 990820294
1070 2420 197
558 393 79
699 1117 999952098
216 657 999609055
835 1893 84
39 1931 142
1136 1382 990174355
134 345 999933579
308 2441 999549110
852 2181 996679842
377 1304 999290860
262 366 214
1138 791 999994494
677 2110 989249513
721 1848 12
610 1317 62
898 1936 232
140 627 72
528 2058 999844797
309 1963 12
1066 734 252
47 447 58
671 1197 73
326 2240 208
482 1566 999218634
18 718 222
155 1246 999351299
1239 708 285
874 486 999998100
661 1948 999940216
127 2106 999908186
149 2237 15
860 2293 999276798
771 389 160
1213 629 999833575
517 1703 996784107
652 942 981125306
348 2097 984420523
99 2243 974606845
909 1095 276
645 2063 241
840 230 96
1081 2351 999996669
828 972 999791199
128 2249 132
1210 89 999891985
480 2355 990709540
1206 2342 171
1035 2490 202
981 1663 99
487 917 997254621
995 1377 135
476 675 90
654 381 978006043
189 1528 223
1034 2136 265
733 2195 244
497 1689 999954969
31 1207 229
1116 496 181
849 1634 268
563 1739 997652684
1165 2079 219
61 1504 115
539 1944 998586579
324 1865 998743521
821 782 871165646
786 680 999756181
909 2184 999248066
123 572 26
114 93 999170828
13 2307 9
1217 2054 999996461
356 1973 997106735
777 311 219
863 2118 251
398 58 999635330
484 533 191
58 1626 201
52 98 933732733
236 1940 88
1035 1079 996214870
195 2183 999885105
1087 1112 46
807 2138 999980658
851 2300 90
361 1271 998863505
1156 1749 999925650
323 2125 179
958 836 196
284 2242 999987635
1166 625 999975978
880 1681 93
438 227 993429428
136 1658 215
380 2106 999993386
1106 777 974596526
780 1118 46
1199 1581 978058076
612 2026 999929611
683 2361 255
1057 1271 997906725
313 1517 103
45 1542 36
104 1179 59
1039 366 968356616
1048 1245 120
973 655 31
1133 1157 266
182 2139 999223992
144 1133 89
1147 1573 94
1191 1045 161
764 385 245
911 1458 998230445
434 1294 995762030
649 1009 88
123 1661 989194871
483 169 173
802 2464 94
858 856 999143280
1228 1815 157
969 1317 991870796
787 305 105
389 2360 999874003
608 1000 160
948 2285 997012736
922 2006 17
830 1526 999391659
537 492 999870054
88 682 188
198 4 915283337
26 695 261
1015 1772 257
36 851 66
470 1994 10
1175 2235 999901276
100 1422 998493679
491 553 167
387 1864 203
1100 1521 999327806
775 1339 999978630
790 116 978679807
884 547 283
1163 1820 980298678
1043 800 976924077
63 27 999220968
510 1681 999500778
883 1980 999895312
511 2252 998690441
243 527 265
215 88 998680518
141 384 987804096
47 1536 991283431
889 2004 159
1217 965 29
246 1193 999989656
1123 458 20
945 719 145
622 2433 159
797 1859 97
172 459 999247668
65 2205 182
278 901 170
632 1115 996000819
801 1553 982094711
272 1765 983857973
984 1523 999797807
1036 419 991103957
998 105 77
282 2118 267
1071 671 999996492
794 2371 46
694 1274 999557803
1183 2269 998745223
804 1890 999513757
725 648 154
968 24 999986677
325 1420 975805094
776 525 999761136
955 640 990414995
307 1478 148
86 1170 927586175
1082 1871 61
198 1415 172
765 52 999638697
1088 1706 234
443 1160 194
609 430 3
267 106 998769381
481 691 292
386 521 292
1120 1120 996205879
844 1530 999125574
951 145 98
332 2304 63
779 523 990561756
347 1723 991281276
345 1025 995755651
1115 1037 990166552
731 252 45
1178 208 41
1075 1669 76
912 676 999560087
951 1234 943820195
370 2314 235
484 1622 998749884
79 185 997895491
463 689 219
861 1382 209
689 507 1
16 1186 201
381 1913 217
814 1712 998334213
211 107 252
827 1880 985358003
435 1747 999986537
225 1094 999924359
566 53 57
1209 1873 80
873 1411 996274833
706 807 999619312
1157 2374 999460895
758 458 999978694
276 14 996008334
1056 1923 207
268 315 89
524 1116 981557497
957 1236 59
419 1054 46
583 772 221
446 1152 153
148 2174 39
664 2000 275
261 208 985877007
341 1495 271
455 1848 48
548 1495 995341076
901 552 999418758
175 440 998560184
540 2049 160
106 1329 221
985 1993 238
436 2044 999595612
297 1391 95
642 1333 245
182 1050 104
959 253 955624628
205 275 7
571 1167 999555779
291 1706 279
155 157 297
856 1669 999823661
542 491 300
327 1748 80
712 1099 999998435
676 2423 997190054
120 1751 79
485 1190 999671584
458 2180 285
545 528 62
715 84 964233318
837 463 991432149
161 220 999335264
152 42 299
995 2466 999980520
524 27 152
166 223 999484044
428 1947 999756382
789 119 160
455 437 994467685
43 1564 20
636 965 221
469 1589 122
475 1670 276
316 897 993955434
122 1554 61
1235 856 999255301
799 1219 999856628
1143 534 990205978
92 504 96
1150 2312 999642768
929 755 268
994 1204 999757622
500 1120 279
1220 1018 201
1101 1479 268
1030 2368 999493098
743 1063 996120794
508 1206 84
685 1724 141
1130 739 269
1154 271 295
503 348 32
1107 68 999499376
147 954 180
229 255 999894786
519 1633 7
1229 1227 107
1019 1124 31
899 1777 247
206 1079 999944193
1023 928 999923648
518 1413 942870483
157 2182 986078125
2 411 175
612 937 127
486 71 221
97 1988 287
561 165 12
336 1423 39
667 2169 80
37 1411 999996842
842 1484 999956522
908 2402 919651413
790 1527 195
846 2415 111
1115 2448 24
101 2335 250
385 2097 60
1164 1537 64
521 2299 999607151
430 380 997437775
644 920 994538112
1040 1481 996342392
48 465 200
520 467 999987792
263 650 262
186 1053 999819713
831 544 50
376 2159 144
453 891 998971232
1049 27 979752127
424 764 113
178 550 131
432 1240 993070546
1062 697 289
1036 1830 298
168 152 173
159 1269 119
197 1515 285
129 503 3
226 1201 98
335 1708 969110147
976 325 269
1073 1070 998596315
953 1518 47
811 1047 213
1091 2481 252
1103 1598 202
102 1170 999993532
1181 1370 999579061
1211 919 999825825
1197 486 92
232 163 223
1158 1351 964566843
352 905 991584071
593 1426 999825445
368 21 999981860
457 701 183
511 1163 289
1047 2270 181
354 1657 156
1192 1789 182
1112 858 997771246
1 1935 94
979 653 994160372
580 962 6
753 78 4
390 1523 12
471 227 997272514
468 242 255
1029 1594 272
407 1043 997083877
181 1075 257
646 1903 195
313 106 999413899
904 536 180
225 5 181
879 1298 265
1241 2198 138
279 2303 989337365
433 706 191
906 1154 52
583 1861 989093332
517 614 183
832 811 183
1221 1352 999804031
334 1865 110
1246 55 960963127
823 2025 187
943 1286 123
838 1566 995200914
697 1551 999780255
111 1102 103
297 2480 991920768
669 65 72
1189 1728 999501997
434 205 250
33 2247 999994855
4 260 999155917
856 580 31
133 875 999716137
203 368 999956455
371 1776 998491443
1129 1378 999921405
1208 1482 183
344 1044 999654836
822 861 109
63 1438 121
625 34 19
1235 2267 1
464 1546 970020212
377 215 95
679 178 999879985
541 534 267
274 223 999879663
133 2286 272
1200 2366 999998138
17 1775 999998246
941 1659 968962486
871 1561 997927581
1076 342 180
1226 2156 999989044
233 400 991581926
606 1478 999709067
740 811 115
534 809 999921713
566 1142 994845240
200 1029 998034751
367 128 259
248 159 998704109
267 1517 98
777 1400 997835052
442 369 979482970
1141 869 16
190 2426 999636960
626 525 970044871
877 1657 209
358 2185 237
13 896 999450175
502 606 283
150 971 997200455
478 499 994699357
902 1499 240
900 1225 947668002
414 1842 147
458 769 994302194
273 1643 216
869 1698 989294777
923 2028 996192432
964 1877 74
691 1378 983037944
1094 2052 993546207
1183 1180 249
498 806 999638340
742 650 967755640
669 1154 999813904
906 2243 998407191
427 1435 127
750 2140 223
888 1421 168
152 1131 987507464
460 1584 28
807 1049 88
600 1533 999941693
950 2180 999944236
1095 1782 999476758
785 654 930990220
1041 2397 996259202
60 2247 997601212
544 19 162
139 1913 999752545
1104 1188 952211913
380 1017 74
456 169 152
1207 316 998893548
708 1064 946395405
411 1973 53
953 107 989356323
30 2183 101
806 1586 31
113 1318 998336115
69 742 223
942 1539 5
1084 2228 204
827 791 142
353 1658 275
809 953 993917146
303 2160 24
806 175 992411714
408 199 114
371 687 29
347 634 98
1051 1251 276
778 1185 999716877
527 217 999878645
77 900 84
959 1664 61
980 1056 999990526
921 173 993921850
334 454 968973135
493 545 979974579
183 547 70
210 295 109
643 23 999544994
1070 1009 999998639
1146 1139 985299270
1224 493 985629967
764 1474 999984575
382 1815 43
965 1487 999889291
1018 71 997703598
982 683 283
43 153 998983283
826 872 998922346
186 2464 135
780 2207 989714730
423 868 999730903
598 1396 979942296
536 1940 991748086
1216 1715 996075457
766 2438 997211812
1017 486 999757808
512 1718 999380003
1102 1968 999921224
217 596 51
500 2209 987199577
196 1789 2
533 1723 997394357
584 1785 130
20 1875 999779110
257 1298 266
582 1075 998409163
136 247 996477154
673 962 251
752 193 992469600
130 139 2
492 598 148
891 1159 241
2 1500 989855705
1242 477 993771090
558 1482 999143041
364 484 972106571
1172 344 38
617 2191 995761781
273 232 998640875
249 1153 111
753 1167 994962795
179 1987 193
154 1447 71
115 229 994041581
628 559 11
406 1138 98
1152 1035 999581043
833 1519 19
651 1543 263
325 331 76
910 1511 220
240 729 984751679
655 279 999817865
342 1799 998316303
194 1059 137
1013 382 286
1074 1855 999869883
375 1388 999984615
359 1456 999069390
589 586 999223573
129 1592 999690038
554 2283 201
916 2317 59
394 138 36
324 776 45
924 733 991280252
557 2127 48
279 1214 244
438 1638 240
974 581 283
337 945 123
832 1900 999914530
744 1301 135
1063 1705 993494483
1039 1777 247
1240 865 162
574 2425 981898666
757 1373 963021556
931 1867 123
768 50 958764280
582 2486 248
299 1069 956472711
591 2128 997945941
1204 1516 251
934 356 100
1138 2202 253
599 901 10
1206 931 998677860
486 1160 989171964
981 252 965891712
407 2454 253
369 1161 999999381
1092 2043 263
441 1953 999955915
623 405 999168508
72 2143 33
889 593 998897531
1238 563 999792505
1076 1431 991446091
24 1391 976685391
166 1634 1
1241 787 999991420
1006 2181 999987584
779 1934 293
977 276 279
414 431 999792095
114 1504 252
448 1552 958314457
126 1424 997054647
611 355 999999954
491 1642 997599075
384 2270 264
696 2127 86
1121 178 994324456
408 1288 999891335
579 1672 134
795 1858 967732924
181 2164 999055354
474 984 224
946 2295 999763739
71 523 6
674 1045 291
1177 2165 25
1162 868 999703250
130 1228 995354516
680 1773 998468862
1212 1760 34
526 1116 998955728
686 2126 194
1009 93 999054478
565 709 983167228
545 1617 996925748
760 2018 200
425 1753 999994123
983 555 218
185 1873 996829409
149 826 999894869
586 226 999993814
504 1961 994320736
405 2204 999563628
61 93 999996581
869 609 251
1202 761 996893373
100 333 219
430 1791 112
177 586 999969692
954 192 209
174 497 992397666
212 839 999700633
230 1208 988635101
820 2343 999596537
489 279 194
351 1590 999935824
9 664 106
314 76 999964046
513 1994 994489741
662 33 997981134
381 502 998267683
767 586 999902535
1148 297 995747318
214 997 57
247 1977 993174023
890 1932 264
109 2077 981990733
495 814 117
1042 2470 999944949
603 2439 999990555
1135 383 210
994 115 36
818 1545 999881387
357 1639 212
1110 832 999132461
349 2355 992270670
1019 2213 993145134
102 81 168
1177 754 999982367
1063 616 81
668 660 999839605
751 1671 61
841 1505 96
990 1219 998948546
589 1997 234
409 1253 262
706 2218 136
98 2350 234
1006 1092 108
278 1990 993226332
1192 378 998854928
250 1569 999907995
227 2229 3
930 453 127
839 249 220
428 858 105
989 1082 999600684
254 2002 213
935 1930 999321883
835 482 950275313
496 1432 994324377
492 1687 995427470
843 1508 189
22 1143 947384044
939 1519 994077960
958 1925 999999549
1245 739 212
1232 243 986692665
871 472 10
588 318 985800126
362 2107 996717768
118 1469 103
738 228 16
1196 1907 999839902
633 2105 217
919 583 234
320 1599 292
907 1052 984372279
379 2374 997319280
140 1716 998414857
1116 1585 998975442
12 998 219
1130 1828 999994265
990 130 207
1224 1904 58
410 1283 999916032
769 2121 3
466 1477 163
860 1204 221
78 1762 997161478
714 494 288
310 87 999942672
73 2214 150
1198 336 999991061
389 1271 122
506 222 287
703 424 142
1186 2019 98
55 577 171
1234 785 999999928
1109 76 999100741
265 245 998573444
137 1687 995044330
6 1385 928643342
374 2010 999979471
803 412 999070267
531 1615 172
286 1610 945574268
171 2281 63
1018 1482 93
482 477 35
724 1883 996619918
183 1636 998991272
1245 1828 999793061
730 1087 43
108 1317 999202863
718 1261 260
997 1806 999670539
1113 619 187
1146 50 166
1173 321 997853426
258 196 996477011
256 1460 139
1144 2157 87
718 2350 999155571
1214 1311 999521216
302 220 997699602
67 1834 977607443
920 650 216
707 2306 94
619 2455 994632043
739 2372 99
962 1379 999612344
1171 1520 21
127 1017 73
35 978 991936603
315 1852 998873553
898 525 994073587
885 2183 999987368
1161 1673 94
212 2250 159
282 707 999612872
106 2418 999866641
935 841 215
496 343 74
295 2171 993261177
10 1298 999468896
116 1832 156
112 993 184
145 2137 199
658 1400 997434192
1026 1682 19
38 1087 998878122
588 1729 79
477 1132 154
1246 1466 159
1032 1385 961174273
350 1617 999530487
890 521 999934111
452 1760 999693853
770 1898 36
55 1666 988759706
456 1258 999493601
887 1677 981691507
115 1640 161
1189 639 125
735 1720 133
719 576 993433022
700 508 64
239 57 111
308 1352 198
22 54 265
631 2457 180
34 1088 999819183
502 1695 999984535
540 638 995109411
138 1386 996114578
229 1666 53
986 1873 167
1213 2040 207
925 1024 168
638 1639 125
338 137 189
1003 1999 123
1000 1319 998985344
636 2054 999927074
1198 1747 219
162 1488 999974826
964 466 998412910
1202 2172 155
437 2023 998618284
299 2480 165
793 1352 97
1031 1793 999419648
1149 184 999634156
398 1469 77
1139 1980 78
609 1519 999420049
653 713 999043719
283 2474 195
1022 1058 999993966
98 939 992626918
680 684 92
392 978 999833852
1092 632 991157651
94 2418 999563750
117 1570 997552929
333 132 135
605 1347 252
439 2364 45
1108 1141 999408640
1002 1496 991431941
938 2275 119
818 456 274
8 493 173
391 232 9
689 1596 999904794
246 104 180
842 395 98
145 726 989291008
920 1739 999952823
821 2193 248
238 1027 995565058
746 1455 999981455
480 1266 100
163 2105 999984635
963 232 57
721 437 997868737
44 986 995336221
394 1227 999937968
537 1903 61
1028 1345 268
697 462 23
810 1005 18
1098 308 999990206
834 2423 46
121 1413 159
553 1154 995722695
549 1088 983336261
992 1354 123
614 2008 212
290 1546 998752286
208 1104 16
1002 407 6
892 449 157
975 519 999334287
1031 704 28
501 20 999632644
23 964 28
917 272 271
819 953 17
1134 490 41
833 108 999627558
404 1968 20
850 2200 999898140
716 1942 999838190
974 1670 999756729
74 2361 277
658 311 88
202 346 997889573
711 1487 175
1249 761 217
432 151 113
1084 817 998563459
704 1138 15
1153 1682 23
1061 1416 148
607 53 986399766
775 250 132
508 2295 992869048
516 674 91
1034 725 999888673
584 374 999715811
587 975 169
92 1593 999991425
485 101 223
1195 2094 107
252 2376 70
618 1746 43
373 1957 999898880
1190 709 227
510 592 261
1088 295 999229685
623 1816 64
439 953 981401765
255 2202 32
762 2192 999431389
796 735 282
411 562 999975935
1167 1769 999809834
954 1281 998913550
1093 2233 999821045
404 557 995354628
1051 2340 990129220
173 2228 31
613 1073 998254519
967 173 103
801 464 286
1227 1410 160
567 798 999994881
573 1328 165
1124 913 982349255
343 153 240
556 698 984706460
1074 766 265
783 1913 173
782 372 999612078
218 2326 999983477
900 136 80
75 585 985220477
1161 262 999968975
317 165 999962965
431 15 999999907
643 1434 127
940 564 157
81 460 50
651 132 978978727
1091 1070 955128871
652 2353 241
640 1927 993608004
1099 69 992564141
293 365 999972668
707 895 999991415
105 85 997167051
21 788 61
585 982 198
656 1220 143
392 2389 217
972 1842 195
1060 2438 990033949
93 948 126
346 2393 228
525 2404 194
193 363 993962789
576 480 59
41 1117 999982062
1163 731 33
739 961 999392639
569 2099 999332314
847 2231 221
292 1372 992619972
490 355 978260755
577 2093 123
885 1094 10
1247 716 999957646
1180 155 994727708
401 2045 999691694
1078 490 221
244 511 256
1193 1546 276
10 209 85
710 820 89
291 295 999811281
1030 1279 118
788 2049 179
339 1237 994719608
1081 1262 125
616 2110 991927045
419 2143 998313666
494 334 228
169 1776 985660896
465 353 999965839
836 191 999977331
1157 1285 287
1053 1006 230
684 2297 102
62 1301 998823940
1085 1815 66
422 682 952842360
175 1851 136
197 104 998424375
656 2309 999977234
817 73 149
1230 1686 967385323
110 1630 142
42 2405 999999839
686 715 999272681
874 1897 126
37 322 120
450 1079 812989066
367 1217 999999909
776 1936 74
928 177 999967674
1207 1727 112
1111 679 998648859
242 1026 999851540
474 2073 999169925
682 2005 999379052
177 1997 217
957 2325 998719006
12 2087 958129164
296 2434 36
264 2460 133
250 480 267
618 335 999385938
1050 818 277
220 1980 999883055
1067 390 999993679
628 1648 999610486
1058 1630 70
51 1296 997826041
1201 303 999996168
792 1147 36
1180 1566 135
5 2382 198
881 32 135
813 630 17
745 651 999999945
172 1870 26
188 1607 123
627 1753 998179412
606 389 267
202 1757 43
270 862 242
816 2139 993043302
32 96 59
660 1519 999919460
711 76 996145602
312 2013 997335289
462 1002 978441558
736 939 999959424
59 1336 290
987 601 142
897 394 998820601
538 1050 992959662
675 1283 996970717
725 1737 992866971
403 226 136
281 1473 290
259 1326 252
1079 2362 998516469
799 130 113
1037 1154 202
472 2260 995218901
1080 757 999390820
1152 2446 38
1187 1911 995816356
700 1597 999912751
945 1808 995070460
855 1857 999939550
687 1426 996204873
961 2188 998305712
168 1241 999819360
867 1363 48
771 1478 999999377
174 1908 174
1083 1032 102
340 2221 999202186
644 2331 110
923 939 106
466 66 998161206
249 2242 999682177
1120 31 174
1043 2211 52
1052 1835 283
598 307 243
783 502 999999122
942 128 999973034
1170 1068 998481438
645 652 999542289
593 337 272
968 1435 266
847 820 999712796
349 1266 247
150 2382 41
782 1783 116
190 1337 257
705 2320 984667429
260 1273 290
826 2283 141
331 604 999933097
854 55 999414327
238 2438 260
254 591 989033238
989 2493 211
1144 746 996271137
369 72 191
523 1388 37
311 615 974504116
965 398 195
862 1802 55
571 78 239
1143 1945 5
490 1766 41
1199 492 204
235 1791 994515388
307 67 999123870
1075 258 995863320
736 2350 24
350 528 217
125 936 999453607
503 1437 999029071
568 126 999638522
331 2015 127
402 945 71
226 2290 999723023
1140 2108 998674027
985 582 999623237
8 1582 997769614
870 638 135
695 892 996658659
4 1671 289
71 1612 996399576
446 2241 993086496
637 1488 997493686
9 1753 988895143
717 95 159
289 709 998119989
977 1365 999844540
498 2217 75
816 1050 114
110 219 987428184
323 714 984653079
1230 597 106
420 2209 999819851
1038 1131 995927490
599 1990 947016905
673 2051 994579114
1102 879 137
1059 1252 206
131 2138 996449412
809 2364 238
852 1092 130
253 344 999356894
991 159 76
505 2153 26
211 1196 999820760
690 1995 133
444 418 133
865 1906 275
844 441 186
1086 801 99
29 140 13
795 769 271
1129 289 94
820 1254 298
1112 2269 185
275 843 61
877 246 999725040
535 1815 216
317 1576 8
870 1727 962433129
831 1633 999928437
153 2220 183
107 938 172
1137 1488 117
1185 361 296
555 784 996266082
1080 2168 223
1105 258 998326843
568 1537 200
1060 1349 287
710 1909 999603441
720 773 281
128 838 999528542
956 814 33
7 2117 999921097
591 1039 28
359 367 277
465 1764 176
452 671 100
640 838 175
850 1111 14
1176 412 999850516
96 1250 63
695 2303 107
1173 1732 99
329 2001 999788017
494 1423 999259896
1117 2360 999859376
14 792 991345605
1127 286 999990924
557 716 998787403
46 1146 284
322 2087 991833329
1001 1241 23
993 1831 263
76 2324 60
358 774 999955126
108 228 217
937 1891 224
773 525 151
287 1298 999166047
635 1244 990375455
825 2116 24
19 1919 208
556 2109 113
808 719 264
822 1950 998795990
342 710 84
154 36 999764746
400 259 997721370
310 1498 251
298 510 998093190
447 1386 203
529 1183 975378933
1029 183 999916487
561 1254 997858214
514 1261 992652088
522 1700 996635915
213 885 201
135 1670 35
810 2094 999644685
449 41 999381203
1068 1476 36
1007 1550 999982393
417 1220 94
450 2490 167
784 64 17
824 626 999964691
311 2026 72
657 1957 999993325
880 270 999238284
402 2034 999828388
729 2073 999884823
470 583 982307588
16 2275 989525228
277 1671 252
759 789 999305688
396 396 193
996 1788 135
918 635 999787890
661 859 97
787 1394 993143221
952 1567 276
734 829 998963809
378 510 998586285
160 2370 995460747
543 976 993627348
1250 1744 998141855
613 2484 1
819 2042 999368658
57 844 993279970
701 1429 238
580 2051 999907240
399 1499 998176464
163 1016 264
268 1404 997551307
1024 2242 982576295
1167 680 91
1211 2330 249
39 520 997247080
1231 1952 66
401 956 257
791 2393 999975395
332 893 989635680
252 965 999948509
463 1778 999702392
757 284 81
845 1562 999495743
762 1103 222
1015 361 995954037
624 895 275
614 597 999141138
887 588 89
581 2459 122
748 1139 199
1155 1629 43
692 2498 999995093
858 2267 174
996 377 999956471
153 809 991588192
264 1049 999961243
678 598 999726812
167 1974 2
208 2193 999971292
641 1379 999206365
18 1807 998127225
659 719 240
973 1744 960778101
785 2065 37
864 2000 264
687 337 43
424 1853 998540941
1223 53 999289910
425 664 297
597 1782 198
126 335 65
144 2222 999544860
575 802 168
107 2027 999788925
1079 1273 83
905 384 999130786
288 563 77
240 2140 71
1122 1127 254
731 1341 993897012
1165 668 998845723
1049 1438 42
277 260 999506740
1071 2082 23
921 1584 171
765 1463 268
416 670 262
366 1085 998221499
742 2061 66
769 710 999662843
1005 1435 42
1248 600 999999680
385 686 994468108
526 27 295
218 1237 127
727 939 254
1046 2089 999412233
280 1171 204
919 1672 987741069
1221 263 269
824 2037 28
173 817 999993998
755 143 988936609
209 453 975370331
685 313 993120356
814 623 56
955 2051 202
221 55 877103602
839 1338 999423188
620 757 102
910 100 999995958
642 2422 944069189
237 1200 999996402
443 2249 931949695
738 1317 999506408
28 2006 918771697
141 1795 128
179 576 996807444
541 1623 948288487
572 1209 255
1055 960 999587455
1004 1948 990691692
538 2461 124
975 1930 291
360 1718 998001809
705 1231 128
263 1739 999552306
713 1804 997801411
286 521 65
1237 1306 999944634
36 1940 999994298
562 1325 216
972 431 999953936
1139 569 991831971
429 1627 122
159 2358 999427403
817 1162 999922567
60 1158 123
639 791 999899001
160 1281 150
257 2387 999839949
888 10 985399988
93 2037 999746220
1118 2183 159
543 2387 102
220 891 125
509 723 88
1133 2246 994077657
712 10 294
563 650 17
64 1854 281
1103 187 875040196
576 1569 999177746
1119 1835 2
74 950 998242386
1110 2243 83
195 1094 47
481 1780 998859229
933 1820 123
1021 128 69
447 2475 996250836
899 366 806092773
266 40 216
907 2463 134
473 862 997394416
489 1368 993024072
987 1690 999734121
483 1258 999976007
51 207 54
911 369 212
586 1637 185
516 1763 993749209
348 1008 147
1179 1810 992186557
95 657 216
794 960 998247270
507 601 996586941
330 22 77
187 492 998125874
236 529 948458252
548 406 71
1236 1221 999700306
188 196 998438706
639 2202 34
265 1656 68
786 2091 190
688 2471 119
634 1173 280
893 1471 161
1044 318 251
19 508 981508194
956 1903 999930834
585 2071 998839617
756 2076 153
422 2093 207
603 1350 242
457 1790 999988982
167 563 999990529
1186 608 994350316
1033 2452 75
544 1108 999791466
499 731 999888724
761 1266 998317235
604 901 998634143
891 2248 998029631
894 1546 262
83 268 32
1227 2499 998151836
934 1445 999925878
27 625 240
30 772 999890887
533 634 273
1179 721 97
87 436 999613172
111 2191 999345240
176 1210 999708853
435 658 148
341 84 970286524
992 2443 994114107
472 1171 50
936 1505 998932458
281 62 999626865
488 2423 131
679 1589 99
1096 883 998283671
409 2342 999605381
52 1509 96
970 2199 999938250
670 2140 999989799
664 589 996272469
570 905 94
215 1499 255
1025 1093 151
1042 1381 134
376 748 999997427
895 1593 161
917 1361 999925647
663 995 999773734
298 1921 287
94 1329 222
913 938 229
305 138 261
49 1937 999994525
1054 1070 999982887
553 65 288
374 921 263
868 1120 209
180 485 999995521
1204 105 998478956
741 1450 189
610 2406 999982416
237 111 234
228 333 298
76 913 992358860
271 1486 190
162 399 66
722 1805 999998086
1005 24 999101945
895 182 999423334
828 2383 22
272 676 288
196 378 999243178
781 2158 979715312
321 1706 48
454 1250 271
243 1616 996101608
997 717 51
802 1053 988658908
164 1508 999774066
575 1891 999607300
26 1784 977274514
184 306 999666636
222 240 998704798
171 870 999460638
1190 1798 997087516
337 2034 995890002
85 2339 924839105
233 1811 197
429 216 993062564
1123 1547 996288153
924 2144 40
929 1844 999991607
947 917 289
1178 1297 995709550
316 2308 291
1109 1487 242
1239 1797 999947879
875 1327 999476722
120 340 971711266
321 295 998583059
857 1415 11
78 673 198
405 1115 142
193 1774 164
648 1600 985060947
343 1242 998455706
966 1955 990215834
903 350 80
872 442 236
982 1772 999692272
698 1489 14
741 39 912026816
518 324 105
354 246 996877773
752 1604 139
1121 1589 188
1185 1450 999102372
105 1496 138
1064 1650 980934272
552 590 998501963
763 1322 65
694 185 198
702 1866 111
1141 1958 996944654
40 920 41
353 247 979720107
713 715 273
848 2185 294
897 1805 141
621 2022 237
296 1023 997123383
393 2404 273
461 1037 12
191 1943 999044288
143 1045 233
1065 1093 999905915
53 1367 999001486
530 2455 999598854
902 88 999181766
35 2389 71
1238 1974 37
412 1901 256
95 1746 998107062
864 589 999995589
139 824 265
855 768 184
594 713 4
260 2362 994139565
805 507 78
627 664 243
840 1319 964497553
774 2410 85
194 2148 930138148
901 1963 233
986 462 995584474
300 2480 23
528 969 148
531 204 999738055
579 261 999463919
413 2115 999577842
69 1831 996056438
206 2490 27
629 2044 118
1014 1667 172
406 2227 996331239
142 1478 299
336 12 937024110
412 490 999816814
156 1106 998512472
96 2339 996792734
674 2134 976580409
815 731 998660828
294 1383 985764875
360 629 71
515 40 997469587
551 1382 999718347
886 1685 11
1148 1708 286
1008 537 977054956
761 177 210
596 981 987132379
143 2134 999922371
729 984 212
1122 2216 995106506
269 2135 976713552
1220 2107 963725091
57 2255 146
89 2128 998592230
1137 77 999870140
634 2262 998356068
200 2440 35
853 964 999764072
1044 1407 996976740
24 302 104
834 1012 979795278
1126 71 22
210 1384 999343315
46 2235 988136418
520 1878 163
345 2436 13
271 75 980403568
185 784 38
178 1639 999463913
727 2028 996434762
1234 2196 214
48 1554 964797653
288 1652 998553857
3 1550 178
1176 1823 14
647 558 287
459 2059 999979892
1117 1271 201
655 1690 47
418 2452 999948785
875 238 40
961 1099 124
184 1717 163
204 230 999772574
732 203 10
793 2441 997506273
426 964 298
649 2098 997836979
221 1466 109
1011 1562 82
703 1513 999858031
811 2136 976393271
199 820 144
361 182 152
223 533 990564806
1175 1146 91
41 28 57
507 2012 262
754 1411 124
148 763 999578782
709 1457 999981180
80 1491 984522045
1145 954 299
459 970 49
1062 1786 999894030
629 633 999039179
690 584 999908981
1223 1464 70
1225 456 998633068
365 2238 996723028
234 2279 211
578 865 184
1131 398 283
11 1702 987913689
1205 2121 994025088
1196 818 26
1055 2371 60
903 1439 999998308
289 2120 251
550 315 999840769
604 2312 74
601 1118 88
365 1149 238
1023 2339 203
1053 2095 961211577
1041 1308 82
926 6 135
519 222 993826497
209 1864 118
838 477 86
743 2474 110
493 1956 231
70 671 993473136
475 259 999998025
892 1538 970045399
417 2309 999822765
999 633 192
859 1871 998953332
33 1158 106
605 2436 966480502
357 228 999987662
914 1437 263
440 1649 121
1150 1223 226
1134 1579 999990873
164 419 228
915 1185 999998566
843 97 999347200
971 556 994361935
969 228 175
918 2046 174
1 524 999855372
245 2314 101
607 1464 272
772 742 58
546 1873 990554774
698 78 987315567
938 864 999803543
146 848 130
1020 1700 998414555
716 853 103
1056 512 956885445
723 8 226
723 1097 914611098
433 1795 995416149
287 209 173
908 1313 240
50 1983 7
379 1285 104
59 2425 999984965
119 1473 32
248 1570 188
40 2009 997050964
948 1196 137
25 509 998588857
846 1004 966564679
692 1409 283
755 1554 71
217 1685 993394225
104 2268 998633470
849 223 999899952
930 1542 998576605
375 299 144
570 1994 999981285
940 1653 994867246
1191 2134 999871966
506 1311 999933358
1026 271 996630324
1182 358 29
756 665 989074383
1093 1144 173
708 2475 234
683 950 993497538
81 1549 972977956
15 2396 145
551 293 139
1107 1479 197
1069 498 61
192 2232 269
633 694 992177249
866 1825 287
1200 1277 83
879 2387 998799501
883 891 294
657 868 29
549 2499 187
192 821 994357817
726 2490 999962919
356 884 149
804 801 145
926 1095 997862858
306 844 196
1003 588 997383064
749 1611 165
978 1193 989116873
625 1123 999985726
50 572 997504192
228 1422 864610344
290 457 161
936 416 290
1008 1948 124
320 188 999191035
1236 132 141
1229 2316 997316585
646 492 999774825
812 509 195
449 1452 143
884 1636 973050531
448 463 92
244 1600 999505205
318 1706 999981577
239 1146 998556669
223 1944 215
886 274 998586443
1142 281 240
235 702 201
774 999 999760184
255 791 998712476
161 1631 174
660 430 170
352 2316 207
90 712 999575554
1127 1697 276
1077 416 265
242 2437 132
882 68 830855062
73 803 999479661
980 2467 9
442 1780 120
169 687 273
378 1921 72
944 2434 999686940
54 2426 998068003
960 1225 167
873 322 282
693 1317 66
1059 2341 992462952
395 1718 999547644
567 2209 22
440 238 997235367
84 2459 996684585
315 763 130
622 1022 996178044
946 1206 254
68 686 197
