2500 2470 2496
548 1379 157
906 1057 282
881 527 186
1081 1654 162
685 1415 24
300 278 82
332 2359 185
2043 1106 23
1444 906 989967218
1594 33 35
1080 960 20
2327 2270 250
399 529 202
1152 959 210
1588 1316 264
2289 1970 109
675 419 269
1349 1243 113
377 2394 168
490 2251 214
2149 1505 12
368 2131 145
1912 1426 284
455 1259 103
1465 2052 54
2380 121 256
1783 709 218
2164 2407 148
2145 556 273
1894 569 85
1954 1667 170
1007 2325 79
1937 1753 290
708 1485 153
449 798 46
1782 825 112
2267 708 74
1485 1008 238
498 545 235
1133 1672 283
388 1291 163
268 634 34
901 1840 137
1724 1636 105
1448 1648 240
597 175 34
2301 359 186
1646 263 11
2180 25 96
1173 101 41
827 1730 43
694 924 136
1629 2430 86
244 2456 41
581 693 247
470 222 5
281 460 100
781 240 95
1321 2169 121
585 1769 126
1580 1539 143
157 2277 95
1692 2012 74
2154 1859 296
1626 2132 173
1564 897 156
1527 503 219
1017 938 274
364 1627 43
2435 1464 280
2284 1333 120
493 274 47
463 1371 103
1055 802 272
1757 772 127
469 603 287
79 2115 198
275 1879 236
2259 1870 20
1678 827 241
1905 562 143
1196 412 171
900 2391 59
333 286 35
1001 928 89
54 1121 261
792 90 288
1125 152 98
1809 740 9
2070 380 210
1599 34 287
745 721 33
1788 1795 251
1870 1252 197
892 1314 140
1916 947 16
1109 2302 262
1191 1355 255
927 270 254
125 2268 53
442 1475 244
1645 139 299
773 2133 48
2194 459 183
1190 196 152
805 2237 105
1573 1614 25
1943 1029 48
946 2439 173
1752 565 172
1910 1583 215
870 863 23
1467 1936 172
1101 1976 77
1849 1224 261
889 425 253
358 2418 102
795 1142 191
21 611 58
2357 603 3
1078 660 291
2104 2159 123
871 613 224
2307 2114 14
974 756 69
1234 41 267
1561 1874 160
653 1416 22
1482 597 132
307 1900 115
1352 1591 50
229 1075 64
2343 868 98
1137 1834 67
67 2145 16
2342 57 165
178 1127 146
2080 281 69
2328 372 264
1443 78 235
319 494 40
1417 1516 271
1305 404 203
1825 627 10
2081 1265 949223561
1487 358 27
741 888 28
2004 1366 228
948 441 274
2068 132 8
1299 2477 210
1370 505 258
1180 1909 146
1999 2486 16
1566 2265 81
830 2361 217
1877 1750 187
527 1166 143
2148 543 241
1585 1943 144
262 2329 197
719 2493 107
1258 198 195
1147 1427 206
919 1063 215
650 391 54
672 1419 287
656 247 199
1511 1139 90
96 596 293
644 2067 181
2093 2116 200
962 1394 176
2256 1750 212
1718 771 161
2408 551 136
35 528 233
74 1623 84
354 1020 278
1203 2327 287
978 2371 289
336 2398 266
1428 2370 30
526 4 206
1404 753 33
1261 2162 240
1869 1938 283
1112 230 228
25 195 29
104 482 9
1434 832 94
1034 489 172
1082 1246 999881881
2375 1336 169
1990 250 38
2292 572 247
1141 243 16
1091 846 164
405 314 253
876 1632 107
748 1539 28
8 1304 267
950 807 9
605 12 254
1611 1744 19
1940 1643 159
51 747 5
1583 1166 96
1277 960 226
766 460 280
1181 1859 22
465 1432 270
1195 709 2
1486 577 262
991 209 47
1878 1713 96
341 2346 91
194 764 211
1085 2424 101
2007 532 165
972 1618 80
1896 743 281
2196 1333 79
67 120 999257469
2437 1251 104
923 2152 72
2420 1983 269
1057 1459 157
1902 1987 206
1657 532 195
196 1694 4
2296 1859 78
891 585 58
1405 1840 82
612 569 257
411 1816 201
2032 2313 151
985 1563 156
1635 878 219
1986 980 178
2188 1494 109
34 90 34
141 1975 16
1135 23 210
340 351 1
1341 2188 291
1532 615 292
12 1518 214
932 48 106
854 1706 52
18 2337 155
1374 2476 57
1506 1191 117
149 1085 64
9 1686 18
292 464 262
345 1031 77
1111 463 235
1719 2484 996012071
1128 803 158
232 2369 188
2300 1751 236
689 2422 247
84 1871 287
2153 756 283
1504 2095 154
2046 128 30
847 1649 109
49 1237 4
10 1086 20
1108 2009 242
1578 532 74
1424 1691 28
165 207 228
2127 1273 216
413 961 133
935 362 251
1991 48 162
369 343 4
714 942 60
2352 729 179
1702 1951 46
802 2129 234
1350 1607 1
547 424 300
918 642 271
1642 2057 175
794 1457 264
1651 2201 261
1529 1063 220
338 2244 244
2215 747 149
2162 379 258
970 2183 284
2114 1337 129
1694 1882 137
580 320 156
1572 164 218
1146 31 276
649 132 45
1264 1538 68
2339 610 251
2457 1950 237
1670 670 211
992 1179 166
1042 466 159
897 1333 170
2359 1240 221
2027 1835 33
1560 2415 87
2178 412 117
709 1304 85
162 1689 217
825 2200 220
1174 587 183
716 2323 222
537 2106 298
620 1126 180
410 1287 53
1688 1904 71
1792 2301 174
1627 468 240
2364 1241 290
1751 553 254
2265 602 61
730 880 156
223 1116 152
784 1470 227
826 1555 21
2320 711 147
1427 2016 268
94 1453 128
1178 702 15
2421 690 147
969 1195 85
1040 2422 68
376 1857 32
1311 1454 57
2189 345 177
1534 2486 183
2087 65 229
2166 625 5
614 688 203
668 2449 5
1118 355 23
2204 1183 133
2217 829 197
2116 982 82
282 796 254
1460 1527 115
1772 365 977277107
1756 543 182
1375 1897 86
438 1329 5
1392 705 284
1435 676 235
799 777 146
1029 1791 278
1366 1040 192
328 419 99
2168 1806 42
457 804 116
2039 1018 39
563 1538 999978776
2198 1176 125
326 2143 7
727 286 287
1879 1622 187
1995 875 299
1868 792 217
1266 2200 199
2233 1183 231
1620 1330 60
2171 523 2
2195 1866 65
1238 1905 74
1818 2170 128
674 1905 94
1177 582 10
2304 1297 40
1656 365 273
506 1373 86
878 1372 94
2034 2184 163
2044 1005 126
429 248 217
1925 1590 111
4 476 22
250 2016 3
2410 1093 10
1154 1656 64
1689 289 52
331 66 179
942 754 136
1699 357 30
858 873 8
559 2347 261
1120 464 298
1625 1560 4
2430 896 78
1832 754 69
2097 2277 55
346 2156 284
195 956 266
616 2326 126
915 1383 196
1397 1789 158
343 1442 235
1318 511 190
1833 2244 128
1997 2274 92
1060 1379 149
488 756 992418079
1861 1609 65
1516 1150 226
521 117 95
2226 2175 137
2262 2313 156
2455 110 28
1232 1658 299
406 676 190
412 1057 181
2386 1087 260
1303 784 210
103 653 82
541 2060 196
746 1092 58
726 1445 237
1008 365 158
2331 769 233
912 2276 97
2255 465 266
987 268 289
869 1967 254
810 161 221
489 475 73
2347 1017 34
738 1747 136
823 439 200
2005 2440 52
2079 1043 82
1214 673 203
2230 558 179
1652 1202 59
1237 156 260
1462 1042 114
132 2207 246
167 530 65
2398 2316 185
117 941 25
1884 1646 55
920 810 7
1377 2486 241
1538 1254 10
417 1877 290
1097 519 44
1596 2102 143
216 1681 185
2337 921 171
1446 2170 24
111 2246 210
725 1144 141
872 2398 218
2341 237 231
903 366 42
1390 2111 154
2225 2160 260
760 116 101
1520 270 72
2086 1899 130
71 2179 112
1961 71 280
155 1431 246
1281 245 28
2042 1652 179
971 2241 216
1066 481 41
706 546 48
587 179 153
1062 301 239
2377 23 3
2177 49 274
1382 1867 28
93 1393 275
2404 1946 112
849 48 191
1800 837 201
965 1225 117
2137 1220 189
86 10 24
191 361 116
176 557 146
218 518 227
1802 1162 155
917 2152 103
833 2003 201
742 355 83
187 1017 154
186 524 210
2340 900 33
1400 1989 196
322 1038 196
1219 686 75
1071 2334 1
2310 1353 28
1606 113 71
615 697 112
2290 2278 32
2270 841 277
2247 576 145
1115 130 184
1003 1871 198
1831 1483 272
1165 1982 5
2384 313 280
1297 261 271
207 701 211
90 90 73
1604 2106 296
370 1631 184
144 1524 2
1703 2295 130
2134 749 282
720 1411 270
1898 1607 192
1442 1927 57
161 364 282
1270 851 162
686 510 200
2072 242 266
1885 1145 206
82 623 187
588 463 44
17 1732 123
1438 1945 25
1205 79 192
334 1743 280
182 2423 285
1444 435 34
2311 1340 11
1240 2216 218
1175 2268 169
1406 1988 121
893 2406 98
1024 325 172
1176 1587 224
109 83 27
1416 2300 258
1638 1831 146
882 787 34
95 1139 255
2283 1981 135
1172 67 59
460 1153 214
1364 2457 15
1224 1188 12
2025 2117 41
2141 2319 243
2106 1731 17
2003 1569 3
1016 593 184
98 578 122
1186 171 999729288
1498 2010 275
1155 13 271
255 1021 212
365 1865 50
1865 1597 42
798 1538 92
1926 1740 236
1056 2309 10
2366 1225 160
540 1357 202
1054 542 259
379 2202 183
1877 2221 999690732
266 1542 108
1308 134 52
1956 256 112
401 1091 9
1276 489 227
464 751 259
1371 269 127
304 2228 86
699 904 186
256 1416 186
1456 143 124
1932 2081 269
818 2227 122
2330 313 271
2373 821 230
2089 1887 13
361 1264 151
983 127 255
1006 791 999994640
2254 726 294
444 1701 185
933 1323 219
1633 1957 220
2376 2055 196
1900 1833 70
1194 2398 235
403 2020 43
274 1083 166
2048 2073 205
392 1591 234
519 1767 285
245 1948 52
1823 1997 247
2082 2245 115
625 1357 230
1839 1344 161
1828 2075 251
1082 775 62
2219 1417 260
220 1810 17
2249 1167 168
1841 1699 169
75 878 113
2449 950 196
1254 645 121
2202 1606 110
500 2127 165
259 81 239
1938 1381 268
1126 1779 160
2103 963 258
483 431 49
2469 1892 122
961 1447 151
2461 134 194
2303 625 123
213 231 79
1801 531 70
1719 2013 24
867 1400 39
2467 509 59
1661 678 29
1457 1397 127
2119 54 251
348 1232 65
1618 1276 156
1664 21 18
1610 850 25
48 2105 245
922 1732 103
119 378 251
1226 352 4
138 1779 89
2099 1375 62
264 1821 246
2085 35 18
475 614 176
2008 2082 13
1510 2299 197
2055 224 73
936 306 87
1391 1969 149
150 248 31
1671 429 121
635 2482 253
1854 2065 173
1445 1509 80
1659 2148 266
652 728 197
1964 221 207
384 504 188
520 1705 137
1793 1999 154
59 2419 267
488 285 32
660 431 10
1810 1396 38
1743 1674 157
524 1502 128
1753 660 289
428 371 81
1239 1454 138
158 2487 77
856 742 130
568 2164 201
1337 1001 205
1021 1274 179
1247 729 272
2172 2095 274
637 1610 4
454 2271 36
1911 891 274
2128 445 28
430 1864 146
1295 1408 91
351 1599 278
1423 1861 187
883 745 290
142 359 26
1114 80 210
402 2086 200
1193 640 277
1286 2481 241
2088 640 116
1064 1134 142
1084 41 83
771 589 123
2212 1813 267
1706 835 122
1131 288 299
2157 1407 20
310 580 25
1524 2140 118
1129 1047 253
1367 2334 176
1890 1596 87
821 2410 183
2096 132 55
192 1353 150
1225 1518 256
584 1077 195
366 39 62
899 2470 25
770 376 230
1975 1227 221
857 1918 253
814 2216 275
951 2037 28
1272 1633 279
2336 1067 130
387 61 226
226 794 253
249 684 244
1477 847 68
284 183 234
1829 375 41
136 536 190
1002 689 293
1353 380 195
261 1584 279
508 644 115
2121 343 20
1796 932 279
654 2394 176
1640 2154 112
418 2063 79
1198 2303 102
1251 2250 269
1150 1051 156
1422 548 68
408 1631 284
2409 859 3
2329 2193 174
396 985 249
763 289 236
211 797 102
853 1628 94
779 46 194
2063 515 7
497 896 102
535 1266 999564135
2218 2154 87
1151 1283 275
1922 1898 263
791 1587 37
357 2205 271
2243 347 75
552 975 54
56 1634 58
1844 1740 233
609 746 280
692 1333 241
1106 2351 40
151 650 156
2413 1863 13
1278 1342 260
743 2179 129
1779 214 166
735 1152 97
1431 197 91
887 807 207
1857 1653 81
1280 2288 290
184 1823 135
224 2135 72
634 960 169
647 2320 15
1945 2433 209
1294 1882 47
1735 1754 139
2011 499 295
1010 2444 244
1279 1135 204
655 1135 45
22 2033 285
2439 1597 35
1716 698 16
514 1362 167
678 1279 240
1556 2493 169
1819 812 247
163 1168 93
2136 894 60
2266 2028 287
1212 343 196
707 578 97
2369 2224 204
200 723 207
209 20 998915817
1875 2100 228
1858 444 258
1433 1255 297
1650 1251 116
1528 5 238
279 510 18
1293 1027 132
626 217 61
1156 582 238
2446 1421 63
2396 274 141
561 2135 44
1245 1603 291
1701 1705 229
705 876 41
1221 1014 144
1994 2239 4
385 1983 59
242 1786 88
1004 2076 58
1953 38 35
595 1978 43
1972 309 142
80 2214 135
1697 1101 6
859 1339 36
1685 895 171
774 891 15
432 1994 49
1123 1835 95
1452 1811 298
602 1569 53
967 1410 101
1359 2401 94
1284 1358 54
254 27 147
2109 2420 56
424 1717 84
939 108 299
81 2273 36
2078 1191 62
909 1842 293
504 1525 155
129 1831 151
1967 1058 144
30 1944 100
1139 1289 16
862 1664 126
168 564 102
1655 170 84
2115 1752 85
1947 1982 203
807 1964 20
533 1827 294
225 89 292
37 2129 202
1362 2194 59
769 2184 226
1805 271 214
865 252 179
913 795 134
2466 469 208
2356 1202 231
441 1902 166
2321 1152 218
1687 965 276
1936 2407 102
2118 2215 46
107 438 92
2315 620 90
1230 335 215
1643 869 264
1464 2253 69
1489 793 45
1848 1537 74
416 563 180
305 1829 31
1285 1571 120
2427 267 78
1113 903 189
1968 1864 251
888 280 86
2371 444 80
235 763 117
2000 954 286
1941 1566 153
1721 478 94
1843 915 86
1744 2420 287
2092 949 33
1739 336 28
956 644 137
1590 1682 86
744 120 82
491 1365 9
2029 2127 23
2374 822 147
1206 531 13
425 587 132
1791 2364 71
574 1377 132
2038 1514 280
536 1962 197
1684 883 134
1826 67 193
68 2128 69
270 35 13
1015 805 78
740 2256 12
2130 2478 107
190 1047 253
2313 1713 175
2090 2158 163
721 927 79
1533 1926 238
2041 1584 64
1565 2388 211
945 268 274
549 2271 108
1301 930 267
2275 2470 129
299 506 57
633 1807 255
1228 231 76
737 1642 243
181 16 75
1250 1582 58
2324 982 186
1540 928 227
2234 557 210
252 2173 167
1244 449 61
511 616 42
1957 2135 105
2213 1456 251
2302 461 300
632 1430 3
344 469 50
1763 1988 248
1769 339 179
1909 699 36
1495 964 59
768 815 111
641 1148 128
128 439 50
87 324 288
509 1021 122
127 2034 120
1000 2230 189
2169 2131 153
1965 2119 289
698 2281 59
1935 640 87
1797 378 280
1411 2150 87
1693 1528 210
555 408 203
642 2035 19
1981 1444 175
2447 1192 33
1971 2128 94
1895 2254 300
1252 937 105
1762 695 99
2268 791 258
1876 1120 49
598 1743 97
2170 1872 206
1068 1525 12
931 1049 198
362 1574 178
1593 1853 39
1787 983 35
164 148 69
170 867 150
1612 1741 275
358 393 999312871
1050 38 206
2399 600 17
263 2142 264
624 1831 10
1401 1096 201
311 2427 94
2216 1323 148
97 2424 293
2332 894 192
907 334 237
837 1808 999992418
1567 910 284
2142 505 178
285 112 180
2237 506 70
1535 2348 28
1327 350 177
2453 1999 27
1041 2471 54
596 239 73
419 220 34
629 769 107
2077 902 245
1330 320 255
702 983 182
1124 1031 5
1996 32 33
2159 559 170
501 1118 293
234 212 127
1742 2226 114
1758 622 187
812 950 67
1942 556 26
1356 1696 44
1882 968 117
1333 1664 125
1288 1766 97
1662 268 99
1248 549 142
1589 1616 14
1980 760 207
1767 442 133
41 1324 109
1893 741 90
777 2045 175
2286 2215 50
2064 379 299
1304 2464 234
2470 165 96
591 2061 102
762 770 8
1784 1162 22
1522 343 5
1559 618 118
1296 808 10
1803 543 267
1680 1397 22
1468 2244 112
1774 2255 138
2372 1856 136
2444 2179 61
530 2006 271
2358 358 89
1581 1248 141
1192 1908 188
661 103 19
1745 525 116
237 854 103
2083 727 297
2260 1461 243
461 887 39
607 1118 211
121 1382 138
2120 1629 37
2333 1306 11
1570 804 231
65 2199 21
1531 2483 257
462 1428 82
1574 1768 16
1386 1466 286
1658 392 235
2200 665 188
297 870 147
1313 155 288
1088 8 181
2351 1298 190
1315 2049 183
1110 1281 295
1439 1837 83
723 1268 60
2345 129 158
2045 1563 32
2058 501 239
966 2360 174
2414 251 157
1038 438 193
502 1747 138
573 1265 47
2015 1049 190
631 1965 1
1709 1730 136
1023 806 251
996 1150 104
2363 2492 2
1821 3 218
583 1970 237
415 1247 231
778 1989 11
551 1724 999890210
143 1655 174
1837 1048 5
975 564 158
1906 1473 20
1851 1678 983726054
2012 561 227
1607 166 9
535 795 44
1268 146 134
2462 1807 145
783 2467 271
2248 788 45
718 2087 200
1746 1933 200
1314 534 91
2305 1637 200
819 1906 92
397 248 55
2232 1679 290
1864 650 12
1927 57 236
421 214 235
1536 1486 255
375 14 115
976 365 221
1213 1590 234
1525 2008 145
2060 670 101
91 950 173
1781 1344 101
1571 2036 166
2155 1054 218
1300 756 91
140 1357 63
371 1424 110
1158 1376 20
1207 2088 109
2176 1859 163
135 1629 258
2167 970 1
1233 2185 231
1361 1426 152
1603 393 209
1014 1063 233
1717 2043 296
896 770 189
2052 442 121
756 2153 139
1161 1234 68
586 964 162
450 4 33
2133 754 23
1275 1116 54
2431 1878 267
1615 2176 242
173 767 207
446 69 70
820 1242 46
2066 382 236
525 2241 200
247 392 157
1470 2026 236
118 857 36
2382 1405 120
236 1728 263
20 1584 4
188 2275 6
1760 1463 242
2370 582 155
378 1381 24
1274 1294 22
219 1744 33
2378 1069 189
780 262 194
1747 2121 52
1998 315 154
2158 2138 287
682 1969 273
1369 1869 106
2436 2238 226
1074 2408 206
1121 1600 218
2135 949 118
894 193 230
112 219 169
124 1364 229
1378 1997 196
947 2382 87
2394 1061 161
1187 1514 272
2053 2409 292
2105 99 47
1501 906 238
286 274 148
1775 2251 53
1368 1663 297
484 1122 120
998 445 127
1354 1394 34
1917 946 287
1199 643 214
623 1571 123
1548 2238 19
437 99 56
801 1935 29
2390 198 21
670 1614 97
1554 1438 205
1668 828 61
1189 768 190
815 1982 252
1019 2479 157
1256 641 12
1614 853 270
1770 1979 50
610 1652 221
1255 2065 224
2387 2153 237
1385 2259 173
2146 26 121
1960 2080 51
1307 2092 255
874 475 262
1149 493 162
1246 803 21
1412 1900 209
1558 1439 24
2124 347 53
1342 2436 29
1715 1290 286
1474 1490 121
729 1856 195
2186 2421 154
327 1305 99
1824 48 250
139 1219 183
147 2152 72
1526 186 243
1577 1076 281
1491 4 81
700 307 3
1952 1114 8
1479 250 32
669 2320 118
2389 2143 67
592 1593 20
389 240 281
1331 331 152
50 1595 117
2036 1256 293
811 1153 260
2224 2401 141
1979 185 21
697 2247 213
316 492 241
1204 1500 149
1720 1248 211
2030 1298 85
1853 1650 27
1273 313 22
1641 2104 123
914 552 181
579 730 22
2187 1679 146
1507 730 35
531 1776 155
1628 754 213
1463 2005 43
1079 636 104
1171 230 286
1076 1851 8
2214 1983 169
1621 2286 63
938 1587 137
217 2142 211
293 2369 172
231 633 72
1090 1721 14
1838 1815 190
476 1614 27
1326 1721 267
2139 1680 230
1759 2215 208
45 1035 15
198 954 235
1075 2095 61
2182 240 288
664 1654 25
1355 98 94
1886 2296 116
1072 2299 174
1874 338 136
630 599 18
267 514 23
2050 980 155
2208 218 26
1260 145 43
2452 643 74
1939 1970 11
1164 1845 162
724 2303 62
710 1709 273
759 1981 39
289 1476 194
363 1901 264
2229 84 168
85 2290 212
1253 735 170
243 1737 131
1891 2261 278
335 617 102
1229 1908 1
2024 304 73
337 315 45
665 1199 77
1345 1613 4
175 767 72
1410 32 218
1336 939 276
1914 1137 32
657 2364 232
324 1033 192
944 1515 75
1387 2004 69
2163 687 35
1030 643 181
123 499 73
1777 1349 92
2075 603 141
2207 734 40
409 89 129
1764 1560 31
1421 1364 177
2379 1022 121
309 1307 211
628 1374 5
131 2247 9
2240 860 103
495 2002 94
1738 968 184
929 1784 49
2285 1836 287
1407 2492 7
842 1878 114
895 752 49
105 688 102
1053 326 109
1159 373 287
466 1395 70
954 901 30
2451 673 205
516 1266 157
1086 1500 147
1458 439 66
1322 968 56
391 2009 226
2235 439 241
257 1054 215
2069 2240 292
1183 1897 239
1437 2442 59
383 2310 188
1601 1166 128
146 719 129
2206 362 248
26 542 87
1236 24 65
7 857 280
133 1637 16
2071 1272 293
325 780 178
1083 1122 123
290 820 254
839 2108 185
1563 958 33
2367 1371 131
736 654 208
1648 272 17
2405 2423 156
241 650 48
208 790 236
342 653 163
2033 1775 213
1729 2144 229
31 866 175
1093 80 236
1723 1755 281
1398 2063 143
1836 1589 39
1728 670 88
189 1508 171
1973 182 294
1408 655 30
963 226 182
979 2267 58
1722 2282 159
1502 338 72
2174 284 275
1263 2034 71
1426 2077 261
374 1603 48
2147 798 292
1095 2452 201
1644 1936 40
1827 1844 273
2238 1514 84
1734 542 37
308 2128 49
925 1710 88
590 1175 164
1144 1168 298
174 1501 109
420 625 163
1312 331 281
986 1858 10
2205 417 26
604 1525 249
793 763 269
2006 517 254
382 1081 240
569 903 63
2253 422 115
837 1337 79
2282 2125 223
1298 2243 48
393 2116 113
1595 215 36
816 1361 240
2423 1785 5
381 96 48
1142 1554 225
1808 887 78
1698 304 7
1976 1136 150
1259 537 205
800 430 7
116 2368 5
1033 678 121
1555 1552 56
1043 944 155
528 2348 287
1840 322 180
1727 709 98
619 776 232
1480 229 1
1993 2348 176
2021 1112 107
523 1772 298
1681 1197 31
480 1994 21
1736 1670 174
1579 205 194
2246 1230 79
73 245 75
238 1378 87
1473 1134 150
688 1958 290
1773 617 295
467 2392 37
39 2010 64
1346 183 114
1048 66 133
806 1229 117
957 434 30
2123 1042 105
2258 1183 208
2362 1391 128
1376 1505 140
1058 455 208
1140 841 999999919
2443 1133 189
110 1122 14
832 145 21
448 683 149
314 2093 126
1032 1064 92
481 210 130
902 390 131
617 214 241
2175 1292 96
367 1664 297
1811 1767 52
884 1971 155
2393 1783 226
453 2130 253
352 2281 36
728 1409 196
1518 2071 56
2009 653 120
2257 1293 172
704 350 291
575 1277 203
2323 2455 79
1020 2226 191
277 2309 89
753 621 19
2084 1649 107
1850 544 285
2397 829 59
70 1927 166
260 2159 142
1329 245 60
233 1367 201
202 2090 295
353 2033 260
276 1129 253
443 1545 290
2184 2248 120
2278 887 70
185 60 295
772 885 55
1923 1981 53
1834 1242 275
183 311 209
2411 702 203
2424 2344 298
1987 1190 297
145 2453 115
1185 577 50
749 1235 287
1675 2418 254
2098 1809 292
372 671 116
439 64 180
1257 195 119
1262 2163 64
663 48 53
212 2077 15
840 2302 86
1447 341 226
2450 2295 151
99 1001 110
1631 326 117
722 1079 138
1035 1621 234
1587 1839 117
58 2082 275
1820 999 204
1383 197 214
553 775 239
76 604 6
1888 447 177
57 2325 210
1490 2225 280
2433 223 143
2138 465 283
323 1544 148
732 1271 109
2125 577 111
1807 1773 197
1338 1238 199
2354 437 293
1419 1473 172
606 379 127
1013 1353 153
2407 613 39
695 1788 239
427 2291 57
1552 2194 73
2026 979 55
2322 2143 179
215 1553 177
2464 1249 51
1863 336 9
201 1283 95
1012 1966 264
2222 942 212
1731 77 252
273 855 96
828 1029 194
993 1521 4
1065 1372 9
589 2016 223
809 327 239
1812 287 284
1328 660 113
1708 1311 57
28 1888 262
1850 1015 982198447
875 1581 103
529 2424 22
1167 153 137
1686 19 269
1309 1716 3
199 1135 207
153 1041 104
2193 256 107
648 75 19
1740 1198 244
160 1159 14
844 1117 51
1969 1509 258
739 97 262
1061 2330 16
560 1777 263
1856 518 280
1630 1347 5
848 231 118
687 1127 233
1343 2193 20
400 183 104
2156 793 213
1799 649 59
1403 2254 163
1915 2320 207
2122 2221 155
1188 374 98
33 51 146
1429 1679 196
808 1275 93
1036 1105 179
5 618 264
926 1194 130
905 829 90
1619 953 168
2392 506 145
1483 1863 94
320 2418 94
1096 1344 298
608 1301 235
1211 1913 21
1789 2092 999615934
1897 273 204
221 2264 274
1451 450 241
52 559 265
817 98 69
1970 1576 86
1316 1360 166
6 378 167
1929 2082 232
1930 1758 177
1512 950 69
1755 826 60
2220 1325 142
2269 2349 174
1291 2038 194
845 834 118
1384 446 98
1741 589 34
2010 1379 126
958 581 47
46 1321 243
1859 1343 285
1320 115 50
248 2057 50
2456 1951 33
843 2117 38
551 1253 126
1609 920 59
1027 2114 132
113 2390 240
92 825 110
813 1337 163
1691 1878 7
1436 1445 138
1733 2029 62
679 32 185
1654 1642 272
1399 353 70
1104 545 88
1475 1872 160
404 2450 244
879 82 271
2073 1631 133
2417 1875 80
114 2058 121
288 1091 176
904 843 293
1530 1624 79
593 2457 281
183 782 994056753
1134 1166 137
1373 661 19
2126 365 84
1946 1006 178
2338 2290 207
1153 2040 122
2440 1873 6
2117 449 10
940 1671 112
1047 1318 90
751 658 91
2271 795 105
2291 2021 127
1665 2493 77
2403 2212 227
1598 724 197
1044 2040 157
1725 1341 70
977 1096 291
1958 840 233
1695 1077 212
1623 1834 201
1592 2447 118
717 2111 140
937 917 19
1302 2232 243
503 179 119
877 790 45
1117 2253 138
640 252 2
1335 927 24
487 2106 80
1855 1533 250
2273 1859 151
2228 21 210
1046 1817 8
662 1203 34
283 1754 147
1539 1198 165
1215 929 186
553 1246 998827632
2295 863 209
532 1865 206
1365 2195 159
2231 1786 138
1099 2177 215
2264 1499 126
510 1631 175
538 2090 285
562 436 187
613 2143 256
2059 1673 248
1959 874 195
2365 1411 148
434 1385 144
1344 1436 21
1765 351 999955458
767 441 210
1919 6 164
172 161 248
43 2251 152
2419 796 84
1541 1960 50
1600 1455 204
2016 1216 112
2401 2395 245
44 767 37
100 1295 112
1835 35 46
515 1962 129
690 1045 290
2442 2028 170
2293 1651 85
1636 971 271
1319 2321 211
64 2412 220
459 2163 11
754 1737 266
2288 2358 118
1933 405 95
1028 12 201
2318 1877 51
1492 1781 185
982 1151 194
1904 519 2
701 2328 151
2281 2098 281
1098 2373 209
1413 1737 6
557 2395 267
1323 1509 48
2299 986 15
1778 1689 161
1484 1511 269
1513 893 293
2211 357 82
1771 978 115
1459 924 68
1616 1272 284
2277 248 15
1122 1710 62
1216 1376 18
1974 1604 202
1045 2023 103
1597 859 65
1989 1975 293
928 1549 124
154 349 182
2022 185 53
1903 2322 272
1127 16 160
1845 2346 299
1340 73 40
1481 11 43
959 1094 283
395 501 238
2152 310 273
301 398 80
38 1817 205
824 344 175
1011 740 147
1339 261 168
1116 904 62
1544 2493 110
2368 1100 214
1515 1808 300
239 861 118
1223 2241 163
2020 500 109
2274 1735 163
1862 942 113
171 832 30
350 1943 13
786 1722 258
673 476 225
1357 2309 221
1847 1357 180
1924 2431 295
2028 1525 169
1396 455 75
1049 635 135
850 2023 27
1402 1030 103
1103 1956 99
159 2479 61
2309 1234 188
750 567 293
627 1280 118
755 1797 196
1102 747 138
102 760 190
203 639 157
1892 1797 131
1785 1218 109
1873 2414 74
1804 1891 57
1613 332 142
981 683 6
1494 245 136
1649 103 155
1948 503 211
2400 667 177
294 557 27
804 2186 197
1934 1125 169
1880 702 214
2350 76 289
1761 1947 95
197 486 79
1332 2201 275
1031 2415 216
930 1143 90
855 1062 18
995 470 266
312 1693 104
1505 343 189
419 691 999764660
539 2 155
1806 532 202
949 1386 120
126 12 126
953 2252 259
471 830 195
2129 1615 202
11 406 240
2192 596 46
468 1470 275
1568 908 100
1242 877 5
1795 781 89
1351 1221 134
618 1 172
1430 827 149
556 57 112
1306 2016 261
2239 1082 173
2017 1561 206
1220 2436 13
934 1847 244
2316 1889 220
2065 1731 85
347 232 94
2221 1108 286
72 673 77
1466 2380 64
534 1411 168
1519 1652 290
601 2230 263
1210 450 118
390 1846 20
2210 1439 94
676 2263 18
1851 1207 251
230 2338 272
2 898 170
1289 1030 173
313 510 235
373 1629 22
829 1317 221
512 497 206
407 1144 47
296 1839 147
291 867 215
651 2132 111
1201 2434 262
2056 2081 61
2422 1138 152
711 2178 286
1710 1774 227
280 2214 226
2013 1738 142
671 2061 26
1983 470 231
69 1360 212
984 287 242
1073 889 200
667 2296 269
1182 910 146
473 1495 269
1750 1120 285
1766 924 166
1537 1122 169
921 844 33
1683 967 159
3 2096 238
1951 1280 240
148 1562 53
1748 1443 238
1887 584 268
40 377 37
1388 2100 97
1737 1041 60
622 917 21
1119 1696 239
1550 1443 107
2181 2000 75
122 433 998002668
1622 2258 54
572 1713 238
1140 370 119
582 1577 225
423 974 279
1557 388 138
2312 1159 282
1553 611 187
2317 1961 90
2111 2487 92
1022 771 17
60 1394 209
1267 1662 199
2019 1798 91
761 653 168
2191 1260 296
1682 1029 41
1765 2376 143
658 834 291
36 2142 184
1815 137 33
78 156 88
2101 2120 265
2203 2345 72
435 2462 224
841 1992 211
621 1430 200
1287 712 232
2261 2076 116
2018 384 267
1449 193 53
1908 1189 48
1441 2045 30
2244 2200 162
62 1360 180
1978 148 270
271 314 108
1409 1943 217
479 986 53
77 1784 164
89 2115 61
2076 160 284
1955 1705 36
2276 241 282
1907 35 1
943 1808 213
1582 2418 299
2081 794 218
1963 611 185
2140 1817 272
2062 1863 115
1136 901 247
1789 1621 30
19 1980 45
1881 2254 297
1455 1365 97
1632 1960 141
2150 561 67
1363 509 200
835 1808 238
733 2065 149
757 2015 162
2031 2023 50
16 716 8
1148 2445 113
2057 252 187
838 1048 109
1562 1057 55
1063 2229 158
564 1345 15
2236 1068 185
1928 1023 179
638 462 162
1372 1969 229
558 77 203
1488 2123 119
2438 1982 213
2448 169 113
1265 168 148
1637 1100 89
1476 2089 54
2112 840 145
2298 950 284
691 110 88
2381 45 187
973 2325 142
1813 1907 132
1283 2333 213
990 514 40
1514 2426 15
1920 1490 170
1166 2456 261
278 681 266
863 2396 18
1070 617 12
776 270 10
997 1691 42
53 1368 249
321 658 32
2416 375 21
2001 2469 67
643 284 252
496 2114 292
2349 1069 89
611 401 256
1132 1376 151
1432 1460 224
269 1089 170
1704 478 52
193 1678 19
287 543 28
1334 1538 64
1669 766 137
2095 1647 272
1768 1954 178
1696 955 118
1754 868 213
1679 2484 62
1913 2211 206
83 2458 23
315 921 49
2143 1624 175
2308 1808 70
240 684 5
2023 1611 9
1667 1242 127
1360 2028 78
2344 2291 76
1653 1271 126
451 1733 164
1499 2099 85
988 2326 15
1105 381 116
890 294 150
2458 1837 232
27 1991 113
1584 195 56
32 2194 105
2110 270 236
1493 2085 175
14 1120 118
2429 2176 231
101 1654 104
1292 2459 232
47 2375 222
600 650 295
2160 1777 147
1985 883 85
2279 1659 158
803 2010 162
1450 2421 99
355 1910 106
1217 2231 201
788 703 215
156 1591 63
2304 1768 997896951
542 1240 288
646 1394 206
2395 999 292
1157 1818 281
108 648 112
1107 1423 125
1608 2431 42
968 1932 277
1901 1824 83
1478 1356 260
166 1384 115
864 1857 15
2067 1994 296
1208 987 60
1130 1920 194
1249 999 20
431 2385 252
734 575 129
472 1196 252
567 1156 103
550 1526 108
1673 1405 232
2047 1166 298
851 1616 293
2108 223 77
1521 1463 128
1005 540 117
1209 605 113
1380 1433 31
23 669 76
1138 601 152
359 2156 130
1087 95 204
684 1597 60
2454 1171 253
2263 475 160
1842 951 34
1026 2302 238
2201 425 154
436 1689 156
1017 1409 999950321
1520 741 999341160
1660 134 118
571 1651 73
2252 1228 250
1542 1066 21
1817 1210 1
994 185 237
1726 1927 215
2415 2118 228
1700 999 189
1094 2319 107
2445 871 243
1634 249 261
2468 1711 150
61 609 251
494 1543 213
1218 2147 287
2383 1469 189
2132 1031 289
2131 2397 133
1222 1399 249
1100 977 175
911 165 295
2251 2097 216
2426 2072 170
2223 716 207
1052 1756 81
1605 172 177
747 2008 51
2388 313 40
2091 1230 222
458 1408 91
703 988 160
782 1702 298
251 2 161
570 2322 137
1617 2064 271
137 2114 231
1186 2196 264
886 1532 34
1379 2131 47
764 2485 97
2425 651 116
1227 2344 5
303 1531 240
565 2353 221
916 1028 121
898 865 205
1713 256 277
1690 1256 177
1575 905 272
2014 1515 106
1282 141 292
1440 260 71
302 872 201
1852 2115 249
2245 486 173
712 1542 118
790 1922 10
1197 781 270
576 467 183
852 390 292
941 2479 187
2061 1017 273
306 740 133
492 1936 64
2459 190 264
1500 2348 131
2037 1889 209
179 1154 109
2144 1017 166
2185 1949 19
1169 1666 295
42 2423 157
1418 1910 48
1707 1611 114
2319 61 58
2441 1869 19
130 1483 204
295 2115 100
2314 1756 120
2297 1972 97
1931 719 244
317 1082 142
1677 1559 264
1415 68 85
908 1371 268
1389 520 177
356 2260 99
861 1710 99
265 587 34
2355 531 154
1663 2371 56
414 1612 183
63 928 277
1160 2142 279
1358 1306 28
1163 458 115
1170 2442 226
2348 798 74
15 839 257
2360 2253 203
846 1581 173
758 399 263
2391 1757 10
659 562 288
478 386 226
545 1640 288
1168 2288 70
24 840 15
1162 937 226
29 1575 158
603 810 61
1982 451 64
1794 1632 265
2434 820 179
2418 199 145
1414 1140 2
680 245 87
796 660 179
2051 1939 19
2242 1843 25
1639 1128 131
2100 110 226
577 222 69
2094 283 143
2294 1117 129
1977 710 255
209 2045 23
1732 1664 263
2428 200 290
169 1954 29
2199 2217 251
115 1229 1
1602 139 78
2002 1682 9
1271 1612 49
2432 358 154
1705 2159 231
822 2073 232
787 805 113
415 1718 999882188
1503 10 104
1517 1080 171
1676 2368 47
1547 18 28
1860 1000 31
456 1099 232
1866 1235 224
1145 1671 26
2165 2044 289
1202 688 252
1543 1772 28
2151 1565 28
836 857 67
681 1712 250
330 1562 12
440 1378 121
246 1653 98
2460 1351 92
544 394 48
1549 1312 25
543 1538 279
2406 2379 115
1921 350 115
1092 2355 173
227 1593 250
122 2458 152
2463 1515 139
677 2169 137
1674 1860 49
880 1115 194
55 2071 5
1508 1661 91
1624 269 47
834 620 272
1325 2415 282
1347 931 119
2465 1879 254
1200 1149 78
106 1213 209
1317 1026 55
253 978 111
1290 350 180
2054 447 82
485 2031 215
1009 1753 8
1497 681 74
2326 262 54
394 1459 168
2183 494 199
222 1467 36
513 2203 208
180 1624 18
645 894 205
2209 239 90
507 2176 200
66 121 142
924 2252 287
1059 2077 173
2113 2190 214
960 1729 67
2325 1983 191
2402 2364 241
789 747 247
1324 2150 37
554 1000 198
1966 1372 110
1 1727 145
2335 1199 283
447 110 170
517 899 170
505 1950 108
1816 1682 278
1420 2476 152
1591 994 290
2173 554 226
1846 1989 273
1776 2064 231
1714 988 81
2250 2157 106
2049 1020 46
1454 694 267
2361 2217 7
452 1485 177
486 1186 75
1586 1850 15
518 869 234
594 187 26
1711 997 19
1790 788 260
205 2153 20
578 1255 137
2241 2112 155
1241 839 21
258 1262 6
964 1741 249
1425 518 106
329 83 236
1006 320 268
2272 1457 297
715 2338 278
1780 185 142
1523 894 31
1984 691 108
1018 761 276
2190 2261 6
206 648 31
152 2353 272
868 2414 161
1461 357 277
134 995 252
1576 295 64
1509 825 231
1025 111 127
636 2080 3
1949 462 214
955 2114 39
831 276 67
1672 821 118
177 1824 81
1051 1693 297
1393 889 271
2035 1522 59
693 2292 64
866 2139 252
204 1918 298
546 1284 216
752 530 16
873 1898 284
214 1052 57
2179 1566 14
1546 808 171
1231 623 256
2412 870 1
88 2495 247
1243 1934 106
1712 96 180
2385 1678 260
1381 655 220
1569 52 288
1647 939 233
2306 2382 138
1749 1327 220
696 2423 202
1830 1770 171
1883 1784 55
1899 836 241
1039 1559 290
1730 415 264
1069 684 184
482 1976 282
1889 763 9
989 579 166
298 597 269
2074 1617 160
1496 2233 219
599 1025 204
1962 2090 137
1089 879 243
683 1539 194
1395 814 11
228 1122 209
666 1621 282
398 763 172
2040 1869 296
980 743 276
1077 200 24
1772 2390 216
477 190 294
639 809 130
2227 315 170
210 1308 32
2107 444 102
1269 460 100
731 1254 52
1143 1843 126
910 2403 225
2161 2078 110
1394 1789 224
563 1067 190
1184 1496 173
1814 243 81
952 2159 113
860 482 7
2197 1037 231
422 314 253
13 2471 98
426 1640 155
1918 160 156
1666 274 231
445 20 173
1348 2116 56
1021 1745 985005268
2334 2269 266
1950 303 232
2280 1580 143
120 607 77
339 2337 214
1453 2289 225
499 1819 268
1545 664 268
1551 624 6
1037 2190 186
2102 2140 253
1822 166 145
1067 245 51
1988 1525 260
1798 655 182
349 1119 293
522 16 295
1944 1600 162
360 761 290
1872 1179 263
272 669 35
765 2105 298
1179 111 100
1310 358 119
566 495 249
474 173 166
1469 981 185
1867 1193 175
713 1451 290
1992 375 41
2346 1095 88
380 1614 35
386 966 34
2287 2413 166
999 1779 285
785 1359 225
1786 1963 224
1871 2051 104
775 1190 177
1472 2104 121
885 2250 156
1471 1802 6
797 2392 197
1235 1967 182
433 1246 135
318 2178 255
2353 2211 224
