2266 50 2499
48 1370 608359820
2 2238 959198725
40 994 357796689
18 964 394577435
41 1521 452621374
9 47 279387596
11 1500 423112793
19 1754 992598311
49 789 215943696
40 988 342533736
3 865 887919533
47 73 567323242
15 316 402637436
35 577 288904148
47 749 83363281
34 1998 487348371
1 971 132171934
29 2375 607836417
46 27 147427989
33 1620 975194604
30 396 838046162
42 1915 401927371
32 1089 528401364
39 2232 271445089
9 1126 267982961
50 186 981014759
27 1608 16200813
32 1783 908487898
30 2494 470918915
32 1765 639881051
18 569 117045515
35 221 568295468
33 2100 53304957
50 454 59495770
22 1957 740370904
22 1413 127814060
5 2384 306184113
22 121 849016983
22 1955 787809748
9 281 763508979
46 2299 649725485
11 530 924186202
28 819 454563511
38 341 410491834
21 1006 719673536
18 1429 936890836
17 820 193724380
28 1549 254477280
50 1135 248489481
31 1277 826971995
38 1422 570344242
17 1684 277216084
2 2140 945080236
2 1863 271356474
7 938 956014649
25 1776 515089156
17 2137 538180529
2 776 649904038
4 2313 322585984
27 656 680634597
18 23 82928042
32 469 855261216
34 1927 300874907
47 1168 657193864
32 76 453653721
28 135 132278727
38 1942 930675886
35 924 79255106
12 1510 46145292
43 1179 201307535
10 1388 601881980
33 2395 848788286
32 164 455905843
19 1941 293532644
26 560 963319674
27 1831 160316370
50 2340 976190376
43 145 672461830
13 343 20849376
14 2065 393418291
28 1249 281611341
9 275 557300208
15 298 751603070
27 493 895607052
21 2321 882613306
48 1833 1503912
36 1804 760227566
11 1362 528813695
33 902 497021088
10 2163 970427605
8 212 731898834
35 2369 271959281
36 1812 834862638
21 1686 833396570
15 106 934227673
49 1716 709186471
13 2445 648568159
50 1497 226324374
48 1751 51951933
34 1224 92234066
14 1058 486196570
29 309 252677722
4 1750 594495570
9 632 997424031
45 1483 916447415
22 2196 436918335
26 558 528727547
8 1228 761057260
34 502 109231428
38 2301 225051897
20 1467 971070510
18 803 823442666
5 870 860455479
35 2206 981697383
4 962 199991246
46 278 488592592
15 497 643225338
19 221 712061306
5 2468 835331748
1 1370 755303360
33 1987 234703130
7 2441 660805565
14 2174 54147179
44 1373 689972706
29 2011 238043268
32 596 397748157
16 537 629153090
31 2255 437087701
39 1782 268647808
35 1632 882228924
12 439 422086104
9 668 713210152
8 1273 685676916
36 233 101174402
15 133 358282401
43 1361 767952340
18 277 210549533
36 2005 619656187
25 1913 843573480
32 168 122025062
12 829 485551059
47 741 487989069
45 895 833836774
17 196 15846612
44 2405 791552001
17 1847 388668438
24 2454 966238820
38 686 84565073
30 1889 480442883
33 2099 510161800
27 584 794916046
39 2163 148366303
19 2427 655659791
32 1670 972563172
15 2246 852156232
24 1152 4042685
7 1236 483657831
47 1662 387935359
34 2402 310217370
41 1543 6394399
23 1810 580345988
17 1647 669640250
4 559 49723015
20 102 965819782
18 1601 378378569
32 2495 175598710
33 302 517415228
31 1956 530669150
35 763 859047141
34 1791 940293065
14 1824 530046541
21 1062 392920009
45 346 365764407
34 1177 430767406
43 1314 834583580
42 1242 707108873
38 1961 710566474
34 1370 221375875
41 1781 294879470
32 1628 378820338
5 1330 727381846
41 59 26695639
45 2329 283842727
8 671 902630296
40 2365 896046620
14 183 94352403
26 423 559701180
2 1905 751383319
45 959 535641430
35 1822 19358907
14 1141 302524405
19 1805 887484682
30 618 115637560
42 2018 447178253
19 1161 572438623
29 677 290114532
50 842 918419596
8 1030 171997037
33 1802 640539255
14 2098 284785423
27 2327 736062525
14 623 383086842
21 728 255038835
22 2411 720470990
39 723 584227602
49 1101 599249544
6 1562 765378267
18 875 329905589
20 783 32273834
7 453 42848348
49 1538 210224409
31 2175 636584400
35 1811 422424507
11 237 434125113
6 2267 732245815
26 447 19401629
39 747 640560060
47 1726 220118868
6 1804 836064877
50 1206 800579798
21 1733 230124205
40 2441 140289680
45 2357 76315278
36 2280 590407402
45 2466 808289651
50 1172 926284252
24 2050 523040391
49 1547 471899894
37 2459 49069690
41 2499 944347996
34 283 844634647
1 224 7155617
44 1895 178146576
19 2384 879417918
17 31 553639447
42 31 246056570
29 1153 389795981
10 1183 279732512
39 1933 938091950
17 668 322811940
45 547 420573274
9 1631 111245852
8 919 435401510
20 979 493931507
45 451 352491016
30 553 380450875
6 2289 620304704
1 979 850304952
38 62 698503312
45 950 820797036
12 470 641042721
15 600 151866240
39 177 453425207
28 1024 13301879
18 2363 227834837
37 60 693603702
13 2207 425378480
6 122 283280134
15 1476 71497799
14 1383 522230521
25 1590 493789498
11 613 81081888
7 1035 732661244
41 1587 55152002
23 1954 848516504
47 767 381857820
35 1260 528893721
12 2220 241365374
48 1642 37392493
8 1491 601271648
20 427 179237781
33 1810 139338222
48 616 196459255
31 2056 713690076
16 223 86734388
19 857 509556598
25 1434 962535586
24 1061 717183147
7 1068 209283352
49 1581 274130636
39 378 617289112
25 613 836545323
32 828 275502874
39 2189 834228935
47 1127 383828747
33 1589 26520279
19 2477 875191358
31 2067 707187242
30 1075 773958923
12 2316 584541673
46 329 760524653
4 2160 179426939
22 17 802645113
12 2498 308473816
13 1175 515629368
28 654 947978989
24 1932 537152101
47 2258 529041779
50 900 934977416
46 1263 915394310
27 54 31239886
23 714 838458569
14 140 813171982
21 1195 170380328
30 1549 405510672
40 355 593022430
18 733 674330128
40 1659 824779529
38 1378 849108550
24 577 803265350
27 1131 819318419
44 1435 843116804
33 2457 612154436
45 1222 756223680
28 1551 393882600
4 646 234944031
22 1467 666477523
49 163 91607036
39 1330 150168004
3 1287 741285065
43 488 85132613
22 842 127717005
50 2301 717338673
13 1166 737941162
33 2356 161583260
14 1115 270021414
16 525 228154004
7 1049 199212856
17 2419 168018880
17 971 739599796
5 104 419516218
27 1201 549155500
38 961 749460322
7 163 892572604
15 476 2853661
27 1829 365491115
22 572 704167876
17 2378 863240402
30 2199 14887229
46 799 350409307
2 2135 22701716
29 1958 672433710
38 2323 785448984
31 382 313418573
15 1419 146332009
48 1102 313152073
32 786 831836919
39 1008 692919831
33 405 129346316
6 737 127746309
33 915 649934204
9 912 263988385
10 723 754476814
3 963 575496209
5 1852 561477369
41 969 254811950
40 734 102417495
20 2410 34200663
13 900 595184236
1 957 926304910
47 2387 512445327
47 943 827023066
50 925 482139652
4 390 362291583
10 1851 932571986
12 1821 599542509
16 2356 188232535
26 2339 930233257
20 1830 856950427
43 1015 881431923
29 1263 802226428
42 1714 129172196
36 1047 283088490
24 1543 363647443
36 2460 742182034
10 126 468900307
15 907 527862892
23 1159 30950736
20 1000 762675280
19 1297 273486193
50 2003 730271767
50 1378 216885918
15 2197 331686046
23 892 659116983
19 743 19149835
13 162 215911885
49 1594 23776690
9 2060 219166089
10 452 715595765
12 1481 125196407
46 1796 667806073
17 2466 558089309
15 281 277360269
12 2044 160093915
29 430 70804657
8 2322 957927329
38 709 735076655
28 1618 277792502
30 339 152906258
45 1960 614821575
17 2068 948713356
36 1245 482531457
29 1065 295079357
4 869 866731416
49 1890 362093657
9 2290 242425683
5 875 118715385
49 1496 174027377
43 321 808788805
10 1294 641124181
50 147 727364835
14 2036 927890158
8 2064 408805512
29 2278 898369164
29 2086 204363879
25 253 135092129
29 1361 83872681
15 1986 83110812
40 594 219990804
36 2064 677022562
25 138 262663706
23 351 750625224
47 13 193704499
21 431 580873812
35 2169 707925990
8 1544 857052416
24 267 27586281
40 2164 950204850
2 2121 384211982
50 1454 736313801
8 1312 413936068
31 806 136472103
40 650 669790032
2 1547 2857926
45 921 899595292
43 1498 190380357
17 2480 991305232
29 1880 76144830
7 579 127540387
30 648 645322684
1 1516 573850705
2 686 651281774
17 1823 594146954
25 1714 402166981
42 1115 714770638
12 1141 653303048
48 254 611541185
3 964 231979682
29 921 135730243
22 2238 885705081
41 1569 260716921
40 669 146523701
30 421 511906429
50 2300 441304825
6 2148 601435051
22 2418 116252742
18 237 211589640
14 849 698480472
8 2452 587404758
40 2013 181464584
50 1199 992661758
18 1402 125254715
15 1256 177258175
35 1407 351703503
16 2291 108337685
28 1122 566404013
43 280 366028136
36 470 734668736
39 2482 476296367
37 2329 559433789
20 747 85351436
43 301 570550407
8 184 233508973
31 1224 458288343
29 806 693394138
45 2326 798939587
32 2346 594502919
20 1664 974349252
25 802 595067463
50 842 189691516
50 979 927649055
4 230 425572388
29 73 735882407
22 119 280700232
4 1970 848865701
50 1048 172878169
49 1636 182378331
15 228 640705803
10 246 45282937
13 1284 589308646
48 1310 739346787
15 1298 515210316
6 817 947896715
30 1452 920917581
27 1193 696949542
36 1981 699588548
32 1151 889683185
17 2390 702585735
37 852 351876576
26 1396 447014903
11 984 78263591
34 478 241136066
29 1151 765753845
39 2303 183076147
43 1807 185873521
15 283 164136462
18 1527 292022098
10 2223 241190817
50 1384 511290584
17 533 413807045
14 117 179992458
31 1258 209242802
46 252 103595110
48 573 586424818
30 869 347859052
50 1311 196907530
8 935 199445853
5 454 927062466
46 2403 764517470
28 1368 979454094
17 539 261963548
48 348 775659944
14 1335 870656817
38 447 690527324
46 441 277913821
24 82 73850144
38 2363 209891650
3 827 261771110
9 503 396816476
30 637 173103007
28 1518 601223091
50 506 51456083
16 2484 61370458
9 1659 545396944
5 2449 29327308
26 175 403895099
31 1533 109181059
26 328 82635177
12 1587 394640993
10 719 798036561
41 2146 607306382
39 1358 886230285
6 810 332126141
36 452 915407812
28 1711 445336713
33 1517 31464821
4 2221 63369785
10 2 904962524
32 469 183002469
17 719 638466441
10 1020 316801731
7 1626 518546541
22 1838 715791816
23 1279 496931083
25 2148 304252170
37 296 327224086
11 168 200676667
31 1445 966130422
50 933 488389473
29 969 905581338
5 1339 896557683
47 327 141016048
3 633 274882595
35 2479 209928805
22 755 464371485
39 1887 539830842
43 1192 148221118
25 2187 402029511
1 1259 468648144
16 1932 487116937
21 2328 201024965
28 1872 293024722
5 2237 473267715
32 317 448105731
13 2199 569927890
9 858 922756469
18 667 441408809
29 339 865522528
22 1635 371861019
37 1779 95166367
42 430 691763583
50 1916 262037801
46 1143 62323529
1 2205 72994352
41 132 544956178
48 1888 405614353
1 2247 304774212
43 2393 917213780
28 844 469645651
40 1061 542000639
39 692 172238319
30 2362 572927269
5 593 710784022
22 2275 989832210
38 2336 278303723
33 2233 358517926
44 2341 369207388
23 1208 478509871
5 1738 100205781
45 398 90483311
35 2121 898117950
3 1031 936936418
38 2101 124391356
33 1326 321767539
30 1608 417664320
12 1302 867729354
30 1862 839104565
39 897 218240782
38 725 860319169
19 1792 817448777
50 201 114293432
48 1701 37885193
8 688 364137089
13 173 802874103
44 2358 437668694
4 495 378940109
14 2114 591639299
25 725 71349187
30 1362 563196126
20 230 319471702
40 996 47031035
6 1224 232299998
13 1996 357374601
8 1221 978050403
36 372 823877143
28 1416 257577084
36 108 518117766
34 1372 376578215
47 1891 838524041
15 252 839426193
13 268 911153824
24 180 525855009
36 1609 678539888
12 1938 605973447
18 1403 620301369
27 2097 943287329
17 681 38415513
39 1366 306023384
10 139 178836231
38 981 347874219
7 1905 877706086
21 2335 589949778
34 74 270578881
49 1929 380588703
10 1336 537218390
15 2345 513994448
19 2142 607110685
31 1771 285153980
40 1430 60188948
10 1781 841664410
46 572 125618270
31 1055 558582881
15 856 320201583
5 2430 398050335
29 1464 583853610
19 1308 946007126
5 1660 871654686
16 2477 214940800
25 1459 46314213
6 1862 135382381
41 41 921868851
4 1771 963703548
12 917 868450523
33 29 825275404
46 2446 142670562
41 1100 728948232
50 759 886380348
22 2320 138043212
13 762 960984621
6 289 552312673
38 1544 222058123
50 670 21665078
31 518 5697430
24 428 585441721
30 759 862674300
16 2240 291450131
41 1416 311008564
26 27 218550887
13 2012 812616845
43 582 261192542
11 229 157025215
44 2224 264189960
41 1623 349417031
46 1646 375013012
11 1079 69303594
49 1191 259868326
37 77 907309449
20 699 291130747
42 1424 531150059
33 2496 296445289
33 2122 756495022
24 2299 313215666
13 393 450992971
38 752 482158416
38 541 334670431
3 401 570977994
24 1308 801095202
11 1031 904959676
5 370 813560355
37 1832 707424695
12 928 451166082
2 1199 594957994
35 1387 650425251
8 845 231560790
33 173 483882560
31 1115 629554113
17 2249 144106596
25 1498 315608786
12 661 360638144
24 303 769157695
36 1430 515350077
24 1303 41385787
43 1746 462835527
37 1642 214399713
50 186 669359151
13 924 524968364
11 1639 559395823
6 1553 717787871
25 1348 278796753
4 575 840261292
9 2175 60007593
44 1677 966085815
41 2041 601011396
1 2076 572334054
12 1692 964297314
19 1902 850020241
10 1092 156193289
4 1012 83210415
25 1558 364874227
30 260 127018484
18 128 463513580
17 1630 396757457
6 1995 701659390
24 1537 966578568
40 541 382415879
44 1278 217286142
4 1544 760837278
47 471 702700021
36 288 594691296
9 1895 525638736
30 64 828826762
17 1572 598076934
27 1610 607199881
47 476 384964140
37 2430 970947461
7 1517 276292825
20 2164 251722890
23 1758 59704941
21 1722 971059359
15 2043 583644437
9 1353 20991919
9 125 406934874
43 1281 328449386
4 1618 963507327
43 1698 333108881
2 2008 430567016
46 222 915478322
18 1675 902188883
30 31 913873524
10 846 311106006
36 735 41332098
39 1748 260375726
8 668 979281160
29 1778 40057325
14 1768 435425683
10 83 762773192
44 1973 160119402
21 233 472373489
25 2384 860853267
41 625 955555758
44 1838 306768408
37 517 787264476
42 820 976058260
38 2030 783786584
7 1067 81897678
12 117 640569888
3 2489 971147109
30 885 48231426
37 1989 822582236
37 1968 411042439
27 7 138887990
21 1932 599868265
2 2488 249756266
10 490 296276239
28 1028 505290253
31 1750 418915065
13 2089 288858968
6 482 772482430
15 1230 447115901
46 2374 495923945
6 297 64225190
22 543 176944406
47 2347 988513120
15 1949 15654659
38 1273 104627569
31 998 666571491
36 1075 527637667
32 700 961982119
27 2413 280271284
2 1632 829691868
30 101 194579220
23 1975 242517160
49 22 423508342
43 1416 483070385
3 1411 635935249
37 2356 521587753
19 75 604584796
16 11 482430771
40 1378 329198548
44 254 209234175
8 1671 265896678
42 2297 173311836
50 2222 619019221
6 1730 604339235
48 377 350484477
24 1217 923886341
40 1404 458435146
44 1341 817488111
8 1782 110270935
1 1111 790026926
9 688 428842566
2 241 164152840
6 2224 145335021
37 1195 834688312
24 1858 455884695
1 352 196391316
32 1417 361364689
25 2425 758108891
19 1004 598461047
24 1196 583214861
36 622 920061618
29 530 387895876
18 271 100581149
43 1173 938747429
29 1099 207839920
25 1019 905130892
37 874 766818256
47 354 839655503
11 2120 847629966
40 445 141087695
31 1280 770776926
28 1844 30735386
31 1257 918124384
48 963 580835696
21 1555 530511159
31 2040 408231019
26 241 172220175
28 1312 504698361
20 505 611218297
10 92 572589238
17 1156 385645714
41 1807 101469761
35 574 23749352
14 2363 316129525
37 988 127496199
12 1121 371311334
50 1890 583284630
24 1993 168547737
45 295 257429185
2 1541 940523012
17 1129 666873466
30 201 607184571
26 1492 399640540
31 754 437581876
33 2276 10468921
13 1669 647812521
33 893 172217934
44 137 792952230
14 1324 73782222
42 77 744804245
23 881 687465874
45 1869 556541811
10 1541 604641792
44 613 262249625
22 1315 359799197
25 43 301463183
36 1499 147419384
15 1284 653937016
26 1103 981371159
12 375 89048426
40 2308 721121169
48 2458 889193279
19 740 985121032
17 1919 132574975
42 1679 928987925
43 2370 186515412
50 893 953042327
14 67 848539375
22 2184 870234354
11 2238 178843255
33 1041 940020954
36 840 777546358
40 258 847719773
25 1476 687813097
25 1475 606177989
21 959 240977512
34 294 736021362
50 1503 680847421
20 1420 999520991
27 1316 371766440
9 8 304777896
43 1012 265640457
28 316 893655978
23 950 982726833
5 357 627841870
45 2024 906302161
47 1878 124050806
43 2499 601878050
49 873 349497559
20 1762 94386982
6 272 914209924
9 1200 423830467
5 1234 113588139
32 2354 813799918
7 237 772093655
50 1261 637177666
4 1060 553916505
35 2137 479428137
23 1527 352189907
33 151 862392219
15 788 365590998
9 1428 75219517
20 494 510989187
9 1935 468292915
21 776 98022541
2 1940 93869420
34 1691 858158693
25 2214 624043856
21 2367 694056449
8 2119 174368156
33 1980 240902410
24 136 440527020
37 1021 921886115
6 1447 528759691
39 2194 196850949
12 536 53882558
32 442 650308903
15 1331 632409191
48 1239 717866777
28 1936 286885854
47 1021 691860917
22 1752 969450386
30 1830 216391853
32 397 823357596
16 134 380627843
21 2464 48384621
14 1835 331479559
16 1830 975134645
21 33 841457374
6 1133 854794672
2 1956 289233013
26 751 17650368
50 1164 460116735
35 1289 776370446
16 245 630802201
3 2261 514405047
34 2300 143109428
29 1769 302216956
33 659 953466409
4 469 260169444
20 2185 1600836
43 257 900631756
20 534 860014005
46 1057 88298628
15 425 287916846
11 1166 588061451
10 1459 259316808
48 796 113158183
35 1694 47835902
23 15 194363306
3 2109 66771590
39 436 126339899
18 906 831409775
2 263 891791851
32 1485 180011877
12 1962 395441005
21 707 501771595
46 2472 4709477
24 853 280533131
24 986 360341424
15 1297 965401237
41 1590 681862457
2 589 985543399
6 327 19497572
42 1558 563724375
50 316 424987698
13 379 810502417
27 699 621995002
34 1335 323587969
38 2032 799698628
35 627 181328060
33 1573 271303206
27 1662 545159852
12 957 894755574
26 2402 809675053
7 1004 270496469
11 2020 863031479
17 469 397990467
41 1673 549968721
10 2208 296625101
2 693 545724881
41 438 43446185
10 1157 967525101
13 18 244722886
22 98 232592657
11 718 667139869
13 739 869081525
15 2001 884563873
10 2115 133997431
1 1514 498579499
48 2463 396061375
42 1743 142992874
29 1294 226181648
16 2393 654294616
35 416 362667436
41 76 228311100
41 790 763286903
41 398 120290841
1 1406 122599875
16 1404 513539196
8 625 360241132
40 652 885756058
21 984 505715703
9 63 431968292
2 2418 341026662
47 2380 53368406
40 1370 730830297
11 922 44623515
24 2006 606161103
30 2119 660596453
21 1046 171360672
41 1624 411334947
27 2236 238598681
3 2485 217179018
28 2221 9313436
9 921 47102732
25 2486 506224472
42 1457 28756871
19 1616 383734857
41 2467 595433733
20 2188 692302445
8 428 684724686
37 621 665995019
24 234 579466781
50 260 197651654
5 604 383437336
46 385 69473990
49 2184 405724304
25 1740 43445897
49 97 956473372
50 1726 379014247
21 418 792010360
40 2225 693829518
43 1503 751965780
49 926 311846323
12 663 716842991
43 375 256442681
45 503 591201623
27 1427 452535159
2 1208 546459962
10 1222 966829922
49 1461 23133209
10 212 987398834
3 1346 340560659
1 1900 53706321
43 1388 295014540
27 1020 797828893
3 746 497927201
35 287 438817286
23 1914 79601352
31 1484 819547343
11 548 378630457
23 1756 30209242
2 1745 156888987
26 1432 157161116
4 749 685992875
11 2490 523504940
18 578 173046138
9 1560 635187719
44 68 286117359
33 2343 309830416
14 93 3223366
26 731 269061252
22 1470 61808821
3 1284 172353858
34 2361 35738588
31 705 326939724
14 117 938035618
27 1764 131938587
8 1187 475797817
20 1624 47036206
2 747 19055262
39 2059 354091715
8 2493 318620766
27 2153 998570948
45 1660 775591309
34 2066 406759149
35 771 49716828
37 299 956324012
6 552 666302442
21 472 170317434
14 2086 923376985
20 1004 222708473
47 2153 282364362
46 2233 426796727
35 87 541443329
6 1110 935404938
36 2242 694270041
25 2054 649867568
25 2293 919772168
31 630 10011108
4 1503 216142832
13 1848 551548522
4 134 148212566
28 2123 765305435
31 1705 115637115
25 624 679383196
36 1173 913385734
48 2275 75314631
39 1219 871013590
20 505 258619969
12 1904 78949202
42 1297 145583004
38 1176 594957980
1 1918 213002043
49 368 833039630
29 1506 914162057
30 1758 515014015
11 1145 774277870
40 1819 980658065
37 1466 243166250
47 1678 437559570
16 254 450135800
24 3 814034468
14 249 718578372
40 1183 934670075
22 1373 284873619
29 1038 642404952
34 2212 411864829
28 810 874434060
37 1655 735350439
19 782 837405770
24 630 569054569
18 1573 434468566
11 256 847493848
1 2058 185203854
9 1988 828814655
33 1352 234428668
9 973 515166679
27 207 9359967
41 2267 818969434
48 1303 38905470
43 1494 752130909
12 1201 875256668
12 1627 916297951
27 2271 100216502
38 1860 641049076
12 1973 14309817
5 610 274024135
9 244 915001725
35 1870 432107643
23 2439 317523269
16 2068 305205844
21 2135 696731271
10 251 989586572
42 2153 181988088
26 647 902712018
45 2248 667564376
2 1522 89976346
37 1939 159075366
14 1386 490027452
45 1560 323332833
45 501 589683997
50 1531 455951122
40 1635 511287151
42 325 21960246
27 1389 883838321
26 1482 316889832
28 1523 27869029
41 1628 24201781
35 1405 145178787
27 2132 671815310
37 732 245307968
9 1454 590189073
17 689 124556587
25 223 674258684
29 1624 715444980
26 73 658662437
14 1934 723666278
5 2126 340721167
24 1107 814349132
28 999 254517479
44 1997 71767476
2 2061 915942614
41 2467 712477175
16 180 356070981
39 564 529181132
13 2244 37012612
41 233 317833
23 197 127214644
29 1976 874029439
2 1221 24313700
10 2221 488688258
28 588 746494875
29 1562 438467646
4 1416 864994940
26 1770 370860823
12 2465 561153368
41 2024 695111664
5 1880 953654947
42 2114 664506951
10 2233 202851165
13 1969 211067362
40 1175 984890444
31 2138 380583886
48 1483 493345905
10 2033 662850158
39 2444 375737578
15 40 194095837
7 2009 785040142
7 2143 521460962
32 87 929955099
46 198 765043787
3 518 51879937
37 535 456214325
8 502 784504340
17 361 618014653
6 1761 795891006
46 921 372868299
7 2162 528935624
36 191 825302337
27 1192 413221599
4 1912 504387218
17 1564 892955275
9 746 924481493
44 744 408553114
21 1080 713083524
12 1884 459099750
2 1613 179586689
32 2415 453666436
34 1913 704927510
28 1739 620694529
43 2050 228991938
14 2246 96787767
38 2275 689724780
11 2380 274695555
4 2229 113411588
22 724 905668579
46 839 260519331
1 44 139503309
11 112 781536292
22 1121 346885756
13 1377 239571030
15 1561 11335989
47 2364 709541916
43 2430 548007654
29 1363 459184018
8 1258 522699557
5 484 19343333
26 510 513023626
32 943 903204044
21 2110 797969241
15 369 443866049
20 2313 304965006
25 207 871589319
50 718 296838347
19 1606 131514532
9 1260 57574805
30 784 356188495
36 1418 432679635
41 900 292016352
31 754 883310516
45 318 844793476
28 2463 430241586
9 698 660031989
3 2403 181810315
13 1275 923352090
32 2395 597182782
50 1074 419471566
25 1905 178710207
21 1218 964971202
38 1826 784746563
31 1915 20525108
14 1971 796298385
6 2054 653661633
43 1236 493456270
34 2228 399379825
8 2000 892033902
12 137 206625689
12 508 303574484
49 910 245747143
39 987 117255773
14 570 152535891
49 884 406449509
16 941 381762379
27 1788 24593342
38 1326 298828129
41 601 835517600
25 1063 37871260
9 525 196217490
47 1786 999249175
37 1243 541752835
46 2155 843743060
19 1611 403140924
6 2131 336047957
39 1955 257341356
7 2266 588763991
31 1028 702642851
11 34 657056731
48 2396 947603214
30 1810 94693757
48 904 487991871
26 1562 559813003
34 2401 486002746
21 1246 321283127
48 1415 66451768
40 2155 603743276
31 2456 397447161
45 71 993755830
1 2444 628208220
23 1888 322207600
33 2224 936813486
30 1829 964394293
26 732 151255147
11 748 825056134
22 1911 252120873
43 1401 361366819
15 1029 639229121
15 1827 102346133
36 1995 85271419
20 718 217510720
36 1833 865355734
12 204 81440499
26 365 244935794
25 1824 207585865
30 2197 960964147
50 1368 611519248
44 779 3367121
32 316 393951084
25 2026 61715223
34 1623 665737869
39 1211 984393616
23 1928 605094104
7 789 903282157
12 1115 966276648
8 2334 904209563
34 1827 539571161
22 1436 609563085
13 2036 661344786
43 259 740918314
4 294 520581887
24 676 577208882
37 895 760101788
36 709 49059972
31 1063 451912109
35 1963 664499625
20 1531 534299425
33 2416 41990777
29 2086 112068577
24 942 885912996
24 1133 569430456
50 332 497187516
11 178 605406683
39 831 268490974
47 1439 490920800
43 1360 961438637
41 1562 751631062
25 1684 116585020
14 1037 574507874
19 1174 491840032
10 1867 497565034
19 2246 156295306
7 173 820151429
23 259 795684011
31 2121 358894361
50 2231 963393620
34 662 471467036
36 533 512628654
11 949 128668134
14 1902 990688171
22 162 518026200
35 787 481421344
36 1612 463456399
25 2265 676858752
12 1424 499839190
9 189 347171759
5 878 531808184
39 1299 394379057
10 1084 49840136
7 1315 423841394
7 2152 415210717
45 1159 205810925
9 160 482324137
42 926 662694358
28 763 116157778
30 1311 177503656
38 1856 293585597
28 627 186090468
39 2040 985082735
41 773 14547733
25 2261 32125642
8 391 862785264
37 1121 302359622
31 1873 399158456
42 1270 440674038
27 2447 537266845
38 96 651028972
10 1981 24137431
36 635 224631195
44 999 440571802
31 1385 218674576
20 721 973669308
37 2429 901305119
29 690 159179436
31 2366 259426172
46 556 368528246
32 1201 873423761
43 754 482289075
46 1601 956676851
10 130 857935139
50 485 54162826
50 444 147804831
40 1715 238457958
43 2127 923425396
36 1282 562340301
20 386 6556188
47 876 456171603
36 1681 480634850
26 1203 200538557
34 1370 602849373
34 2094 43144634
24 262 536951868
47 1782 233649652
8 2300 297129159
12 2426 243343583
17 578 565931327
32 328 864980677
42 510 633879168
46 180 287009597
19 664 781657908
2 1567 526074230
32 236 322698918
18 379 294544004
30 891 218564661
13 561 978489245
49 1337 663684461
10 1669 476320310
5 789 998061193
31 626 93687305
24 2117 276635014
30 394 725582656
20 62 308118646
4 821 833240110
29 1874 164706334
21 90 571720021
48 629 78275963
48 645 340303879
37 2223 91092381
28 2428 935025377
30 854 673340519
50 1518 239895123
35 396 272010543
48 622 604067751
5 33 443699216
41 1460 987456130
9 1067 782110015
41 1484 925842032
47 328 735615199
50 177 408042612
12 24 795778157
44 1977 170844410
28 1969 187287264
24 1364 153985947
38 2254 56181051
46 942 309092176
20 1954 714243691
23 852 768771809
26 1241 43216808
1 1464 644750543
46 1205 632696967
13 65 889252362
37 1709 859829780
4 97 122020762
36 1152 961035367
4 1321 111160296
5 716 737464317
32 1905 707693158
27 2381 435211243
21 132 315810209
48 744 449211557
47 2334 522030820
12 1568 847375368
2 1922 350578389
10 90 11526670
14 1541 85943991
30 1677 786506709
31 2474 140354122
32 1741 195096184
45 243 435354240
19 2270 15539907
16 1394 5844488
11 1397 540428219
12 633 321940959
30 255 29634207
34 481 639820749
18 1304 3068401
28 1139 378759613
12 1374 451767914
16 1341 27807685
48 166 358735782
38 1925 381624718
6 1211 997277171
39 2090 723200040
12 302 700962513
32 484 536617984
26 1674 949886384
38 1817 341157665
35 1108 543900926
45 1860 38690223
8 1620 634909581
35 1638 205809368
9 2127 279468979
28 1398 263072058
6 468 55080532
4 2130 437034597
4 1218 561243203
6 298 310953389
3 1125 291196289
47 2079 944066646
19 736 314213776
22 52 603159115
19 2057 315410453
17 747 558061099
46 528 52478972
6 1368 538054723
21 1276 848092570
47 209 874866781
2 2370 30756191
49 2203 22475938
2 494 793816483
32 429 527972733
46 1803 398684268
43 1097 487761427
13 1478 801056179
9 180 207622299
18 480 723567405
31 1452 254437857
21 1222 664663461
11 323 257437123
27 1848 330543966
7 2102 869461539
16 2349 191727990
48 783 510425966
31 2498 940139193
35 261 133368064
20 1725 985023542
19 652 16677369
3 780 368248288
1 430 576751434
33 1881 637071649
1 1482 534925161
21 1410 489085188
11 2276 107575310
28 913 416906438
10 511 170284665
13 2277 773840187
21 1700 823591067
44 1932 936193097
43 1349 660428933
30 5 240400902
47 1070 250837571
17 380 232276615
33 1282 883463130
2 2338 79703920
31 1035 80348095
13 2100 439530375
16 1373 715272597
26 1915 186466581
7 2380 282990798
26 1397 325558137
41 1094 227469246
2 200 549999077
16 2303 89266230
38 519 36368432
15 1552 817901603
5 2059 871546069
25 1195 999955041
4 1363 543010807
41 1437 487703594
21 5 934565270
3 1993 284221592
12 2423 356991614
44 1423 71320254
29 1105 396770351
39 1288 879854677
11 2335 605248866
33 543 796566189
49 289 551284916
14 781 864325678
27 1266 914405993
18 480 468249821
50 1018 114311882
24 2466 982665923
36 1044 339658022
21 2043 61851596
47 409 335237172
23 119 684610183
22 1315 156371131
44 469 814915324
24 345 705377938
28 361 686163939
31 347 145341700
49 760 83569139
36 1601 615845453
14 2498 826999472
49 53 416390198
33 833 662184932
37 2122 566538933
14 1735 180478195
34 352 940393513
18 2390 947161671
33 326 283621346
13 1474 47374558
16 690 772235460
49 968 601339664
15 1644 782405131
41 2085 685800856
23 1371 680426572
48 964 419269589
17 1303 824363587
7 1203 519848942
2 270 387182968
24 2382 758990077
39 961 198791421
8 1418 550893655
3 2272 609356726
23 2103 399655285
29 2254 889835312
19 1286 585023241
27 1146 571036
18 1047 473041313
39 779 60159494
11 1438 359782563
3 2015 95988380
25 2082 310730904
7 756 579596579
19 2082 512349628
7 252 942018347
50 1179 86262917
13 1809 153804632
15 1517 302502279
31 896 793952223
41 2473 793365710
17 2361 709894696
47 73 735461379
7 967 283523713
35 254 53445903
18 902 349942781
19 1241 735274516
29 671 655002615
47 1509 996828471
14 1303 300597383
9 1410 718336343
27 2485 517226951
23 2061 343594093
16 2097 939635584
23 1518 102250696
30 821 914867377
6 2477 592686604
21 1611 390397491
27 1995 792714515
38 1560 162841650
37 2359 132083121
11 924 435896718
8 1916 490439530
34 2455 944125709
5 1488 28251215
5 2490 772231544
9 289 645652275
8 823 556086356
38 1625 92658932
4 658 972005459
32 1262 314251035
23 1959 145203653
14 30 162046195
13 305 46568668
19 169 339056482
2 1662 376433464
2 673 220555749
10 1105 652382966
44 336 494586987
45 516 150077716
30 1923 403380184
18 2239 275024076
24 384 169195522
27 98 811732207
25 1517 562906056
43 564 798268947
24 526 570612312
29 924 791179217
16 447 65115264
31 543 145751568
36 2471 458683207
39 1046 139744710
23 1442 448016041
26 2166 318284322
6 2449 741228337
39 1410 362382516
27 799 465808371
47 1751 686568631
41 38 937712346
18 1924 449826185
38 2184 819288129
14 1777 968337369
41 1773 201022191
32 1748 569590509
23 1993 748192951
47 310 414706507
17 1027 260558653
11 85 4301288
8 193 331321706
19 577 281032149
47 1888 771535894
2 1587 893305500
16 243 854984548
37 516 223207272
20 1064 670929326
32 1317 562110050
49 1413 977585679
20 1292 203576961
30 910 355397484
19 2060 185617803
21 274 624159004
15 1466 506642526
31 897 29771654
42 2146 645123321
36 1036 720340815
25 490 64892593
23 1545 732687422
37 185 348511144
47 90 608589731
42 1287 771677496
39 1259 144619900
29 2411 778478721
35 224 583363985
21 991 732336380
21 1387 414261316
41 1043 138249719
1 2313 935708367
33 1689 39164226
18 227 596974972
4 41 42971008
37 1353 695029817
15 552 587393023
23 1947 81507291
31 1149 305355248
41 640 1983617
42 75 855152779
33 2092 364399298
5 2240 202871920
48 212 134511940
43 52 385571296
21 1113 789699913
30 502 352399897
4 666 441243328
40 2463 377639755
39 1414 17118377
27 863 577455049
38 454 147887402
23 968 976004230
15 872 193312004
46 543 535768839
15 1956 892564686
19 2291 170983439
30 1200 138871268
10 1268 676246034
26 1966 295654566
28 1433 639128887
20 299 134827755
2 1665 186470581
12 2213 263148387
35 1884 870367222
37 2006 921788518
42 2009 750342379
49 461 401410825
28 58 20022953
27 2285 793019395
31 1477 227645458
20 2201 547340223
50 1204 187730668
38 900 17622672
21 1696 764644249
27 1931 211171
26 463 303740
39 1852 652239319
23 728 646426780
37 1871 36087279
40 1212 544117586
27 1294 961656696
38 216 287429052
1 1109 790028477
17 1727 860519277
28 2356 916276668
5 1775 852317631
27 290 11704331
4 1727 559729145
42 2224 183179254
9 660 27200200
9 1971 292543565
3 44 211337286
22 129 690777613
13 1531 589495770
14 2236 496901930
27 1864 509082665
1 361 623695152
27 178 269694458
12 2360 129597806
19 1651 461345500
41 1413 371252646
37 1243 897445882
24 2061 99248109
36 735 780544332
46 2006 653887468
36 2261 986636091
7 1606 240959145
11 1653 498404499
35 1781 246995442
44 1001 721464445
36 2220 157779698
11 1776 295387051
43 1862 932321480
42 1393 177427824
48 1380 561696287
19 775 142077671
48 792 390311305
45 507 54066706
41 2116 422404971
19 1736 350427392
39 1450 2973728
14 835 460594102
21 2245 80757482
38 1873 123087555
2 1769 721341804
18 1639 179430914
39 1381 521431468
1 1015 333324788
16 1056 252490504
22 2337 122140623
7 464 890796905
26 1219 660553996
11 2079 582520922
8 2175 898428188
8 2069 98014688
41 428 560453944
28 1803 169423817
5 1254 793302371
23 419 958825056
18 1663 159944273
35 738 373345914
23 2217 898883064
9 673 854180740
23 210 158982860
4 1412 891867355
34 479 187837297
31 1536 630798842
41 1668 204831421
48 918 409359838
8 335 900093584
9 1573 83117562
18 2403 780071678
6 229 759415766
24 1450 801751428
7 2283 188268921
23 1560 295459627
12 2330 224375013
13 672 655473227
45 1209 34682825
21 1165 80922083
46 296 100714273
42 129 747545306
37 1961 113068544
45 990 73886082
1 1353 101903828
2 1481 542856231
29 131 231042233
33 2266 51007761
20 2286 17891838
37 470 315373507
27 1007 511577707
11 426 569957335
17 331 65579694
16 440 635275461
7 309 129966808
29 1511 91110637
31 1699 24841019
23 217 78911269
44 1799 27818286
34 836 78390709
36 1264 569644622
3 1881 460103007
38 1906 802350161
22 2133 888568744
37 2273 608213606
2 526 193839339
50 1159 385255344
31 1337 491362292
7 1353 681786592
10 973 881770796
39 1479 401476952
50 2380 191688627
28 2128 176998016
40 815 870927802
36 1622 927698305
9 1495 607466239
39 2232 687055384
50 138 484832906
19 833 430389672
15 35 923007399
20 1025 355807743
22 2238 222915411
23 1067 641142041
46 1794 936826383
35 255 890963675
22 1312 484392634
16 1191 808954569
17 1751 194693702
33 2343 42632802
35 1140 752011703
49 1626 955757258
9 581 234462346
9 1789 643893376
24 549 553718243
42 1387 88765815
41 2460 511696094
43 427 750489571
35 2312 311485908
40 98 731095558
6 2055 980904399
47 173 831220452
48 1865 623249143
16 735 172543196
22 1214 499535475
30 2237 686247189
31 1582 703361314
10 2492 56268228
22 1509 15814552
29 1 805441442
28 923 546970019
4 267 176940681
48 2212 482743100
37 429 10176800
12 1300 439628726
9 2145 298476710
42 2094 823098896
50 1531 544694627
23 1905 966390927
25 2466 516176631
49 1791 830362342
13 202 127222354
34 2445 237252016
34 1066 587641103
28 1913 840122705
16 2172 74796437
27 1616 291912770
35 1535 936464598
44 1944 332090743
18 1134 783259022
49 740 934091036
27 1561 470788473
49 932 563407680
26 210 894834389
18 210 751170658
7 1196 464806728
25 2010 299867473
34 1021 287707403
45 1590 858373079
45 1113 913971824
17 858 148368441
15 1698 855610579
47 289 749512233
20 2055 235920162
42 2486 603118547
35 2118 402830039
40 2403 283387291
22 43 312721789
11 175 929676836
26 2277 172373646
11 1509 15774249
37 1790 480981574
2 1246 145543971
42 720 895673103
32 1732 278977065
31 147 212514597
19 307 390525109
37 1534 832387325
44 2295 519434431
44 596 706560096
13 1672 826119885
24 1660 425357764
15 699 914490300
34 564 870260533
41 240 255844653
2 176 853370997
26 2127 879418435
47 2115 780500410
39 572 776196529
45 2178 765433837
21 1778 848091515
30 1750 950375586
21 563 259309367
25 1437 197104522
46 2446 782368219
29 1935 881640224
14 1468 682561038
28 189 812304527
50 1504 298850032
24 769 19030173
8 2086 123718397
15 1275 942367040
30 740 888208779
31 1105 171749599
12 853 361291597
17 1808 934380734
30 1468 687466000
26 1316 430324211
2 2016 445159670
36 1474 720819097
14 1644 891106757
32 488 209597930
19 62 857508851
50 1124 669656752
40 1513 7327833
50 1185 364349891
27 1652 501925459
12 711 901848469
28 1710 829305860
25 497 38050434
35 519 99312082
45 1055 632150762
25 1546 209142777
23 1717 146036984
28 605 21065241
25 1487 187164070
6 1297 195242574
50 1139 918424959
22 1539 855899181
46 1119 996858552
4 1646 45785349
14 991 671865792
6 175 19467860
33 1670 3475645
16 890 585193914
8 123 2377476
39 1044 550696487
37 89 741776310
17 2041 915681883
4 1317 364485264
1 2493 762058441
12 1883 236257569
24 2421 779894299
42 96 194200781
18 2010 231167866
10 2005 133722324
15 1691 196281262
26 2421 188431690
29 1151 681120687
36 2331 891098985
1 2289 353244252
48 2362 413681272
43 2487 472488299
35 1419 605990821
44 764 218979178
29 2352 628823589
28 623 125922510
46 1504 116804108
34 2356 77786277
9 676 25323551
48 197 493114877
20 966 405262708
35 994 536059187
19 2246 987667803
42 2169 969814019
1 81 895669838
29 35 882111185
8 1299 555688771
41 2339 124846642
8 1046 978426505
37 408 906200210
39 986 649525211
41 36 413039746
32 1928 304728598
2 870 114296668
49 1250 348948970
31 2146 581660709
7 2304 841932400
12 1322 707049840
28 1654 656426567
16 381 59607667
26 1092 457324492
5 1645 35520537
21 1401 162195379
45 22 764561909
45 1294 268578626
9 291 26716186
9 1354 266122706
49 1714 340786097
24 2018 544099006
30 1491 104379089
18 1015 450345508
26 481 509849451
38 211 46944759
39 1984 126043985
43 94 395981028
41 220 87339825
26 1512 133595822
21 2370 962401546
33 52 353976470
48 776 980166674
43 2479 592440178
5 386 362345634
41 952 727103201
13 2031 884451543
9 1876 540373126
32 920 633796279
2 436 963744811
4 734 886846346
4 1092 184954791
1 597 758562466
33 2401 981799499
12 1386 888984366
35 1741 553682990
4 751 725514749
50 2036 782773122
1 1377 510132881
13 686 213244967
22 2284 430369851
22 1844 177396332
25 2029 404014958
16 1982 110919572
45 1365 169010967
22 1570 152272145
40 134 887614186
11 226 588672710
41 89 798177468
3 359 525050479
22 1128 102680085
6 2344 692001204
14 1786 902053874
15 689 150419909
26 1987 568981471
13 2256 586166134
31 1663 95310849
25 98 282823610
46 1093 397520052
19 1842 209039265
1 2287 149367149
4 825 134707849
9 2351 156980546
36 1267 275517256
19 2492 438158643
4 1711 435193280
28 884 587618348
15 1818 446958424
24 1618 136232231
11 2228 836056253
8 2051 402418133
21 2081 95328525
30 1545 638563887
28 2266 960905243
36 1107 940491507
38 2427 800315645
18 1427 157760195
18 729 973344791
39 1907 12431399
42 588 372535808
42 1717 410402267
14 2226 386285303
34 1458 43687595
21 1760 1339204
2 1034 136079377
11 1090 516728933
35 2028 467849020
19 1349 373955977
20 1897 709768021
2 2225 694308587
30 1449 586472331
16 2166 92042252
46 1665 207601264
45 1806 137001013
16 2002 394585364
9 6 147003863
12 1656 192835076
21 1446 553284219
19 2462 511765594
3 375 369971924
15 1118 920544772
4 422 240005287
8 739 118959960
16 537 507123163
2 619 998237699
39 182 467225133
24 2063 469214237
11 760 712522575
46 1524 688602477
34 2431 357349931
43 1326 81938071
49 47 226022453
14 543 306831340
40 426 205602051
47 1439 727896754
34 4 556120270
45 1998 564555070
8 2253 724998662
42 521 504653527
46 566 50124084
49 1442 214250920
26 675 623260327
38 389 156902608
46 2109 198204884
6 870 165006533
44 756 272922314
19 571 661784538
24 152 625364898
41 1776 546318327
36 1385 177858994
21 2297 699921329
40 31 542965828
50 364 187410377
27 1330 424389153
24 3 535132522
40 1933 627387156
34 1090 43014173
24 898 615914027
25 1578 424265593
48 927 211277301
42 2281 687141157
13 2174 704076093
27 2121 629367324
45 620 499147913
49 367 36283040
9 65 284797751
30 116 508076490
50 606 323978152
26 1092 521281197
27 2226 590888819
15 2167 849243590
50 165 259423728
18 350 998255333
39 1625 210035660
2 1188 271584654
14 746 138269505
23 445 239657665
42 844 930258412
28 1395 450831590
20 582 562326144
41 2092 356876612
2 11 319171908
40 371 168921963
44 2490 814494975
20 1034 877820528
24 2327 340248444
7 727 464195441
23 2247 870351531
33 2004 918250369
38 652 731125137
4 191 402613041
