2500 1250 2496
873 1441 914204928
696 249 93616724
11 802 674754407
1001 458 300080716
479 442 9239834
330 1587 696326412
928 459 866722020
261 2133 819496171
1056 72 631728209
10 443 97773508
259 449 384909875
812 40 285001893
342 621 728342571
504 1547 665881896
707 1227 548600371
59 1461 927490620
1042 1465 590151475
208 806 999853122
637 1032 399063974
240 460 773257240
210 1289 373995595
510 238 782588538
1232 2399 682496015
1232 436 299751157
464 1174 952842923
360 637 322595129
867 373 743184220
566 1675 70862540
236 1504 95243945
1208 602 184848059
730 1130 393395539
362 2355 750641122
748 1735 49580815
1171 701 592242169
598 691 32163194
527 788 252516451
94 2203 414645364
75 2463 607904506
1167 1846 144719881
241 2122 457730930
824 1920 291744787
444 934 975594029
7 1892 649067426
916 1001 434371753
640 387 872060635
293 2478 931215487
871 1924 588733448
786 2039 474003160
823 294 54049605
1237 230 569456441
1212 2244 480292411
54 1844 16295971
624 776 574449468
994 2285 15524106
9 337 414751145
344 1543 55619773
351 514 76796479
819 1870 504709026
355 895 659817074
459 1797 756356241
148 1240 304097055
24 586 831614350
239 959 645792025
404 466 75418394
369 1870 67146058
796 1991 721874748
948 2006 430552872
536 2006 154889421
987 1466 590136364
978 1777 54204816
167 1776 813776670
275 1787 381145880
916 1387 610402740
238 1326 766149010
5 902 429549092
1222 2153 389214337
737 410 315209979
1141 1804 537506670
262 1825 715548543
1113 2024 600065359
1214 2480 481773937
213 404 553902558
727 1022 940793775
555 1534 109465266
763 44 24287786
1189 1070 11795688
24 249 832364003
208 879 421234747
840 2198 643735768
212 2193 177972469
761 2376 360497337
666 1821 314858923
14 759 64639350
846 786 281508684
416 687 532183375
1066 1367 270705000
1233 1369 84689915
2 2061 48562308
21 1488 236586582
410 441 904644615
13 497 999643507
216 2036 847618179
156 100 654013483
555 1871 769171902
920 309 793845206
306 937 422372753
202 1651 6313503
832 2421 844858537
1133 1852 736069989
609 388 741401247
469 113 546405766
1019 1152 721621811
1034 749 976584696
110 895 6683654
491 710 492264640
698 1614 659143380
67 803 881440716
511 1087 901031640
983 804 427168397
1049 702 694436416
915 966 894203691
105 792 24093066
164 1963 348747676
479 1420 532382486
194 1605 25093410
940 2321 847618447
468 2311 5938086
116 692 102828376
170 1902 678619764
14 1572 832154924
390 884 298713028
642 1446 572439459
77 1679 975075469
492 572 328478397
1160 70 443318049
840 263 251803893
71 1304 429794286
96 1372 435524583
1188 911 325630187
1146 623 638093839
816 1703 396988768
240 1765 884734398
677 2400 638750151
1207 1570 814970886
838 652 186184479
287 323 430180515
950 2230 693107039
777 611 322557481
561 1109 731400438
46 881 236758322
433 1532 954405065
1204 339 265021623
263 1548 248191713
753 2255 495529732
698 984 974656844
1165 707 318840405
121 1377 242668328
1182 988 611554333
329 2077 422541443
1037 577 145674788
946 213 500954785
524 151 951246884
661 641 399481283
850 378 994036769
420 250 137982319
1183 639 429965364
572 1529 819773236
997 564 733130253
1035 520 852699981
716 1513 629201762
1117 2048 60426857
1191 2171 379523865
307 1205 534593657
207 1155 839706621
476 1806 322456953
1039 1632 347377365
596 2086 912397456
744 876 180205608
378 109 660368124
972 1860 804452291
890 2232 615985054
110 1133 475454336
230 460 768830079
673 1354 912744654
763 423 907560478
959 2214 855901812
594 884 135447026
154 2055 770364173
564 2128 971406882
1008 1787 222195050
1156 1822 783296221
663 35 941528670
109 577 732809017
1119 505 524773980
108 1498 57891416
949 2173 818955411
72 1003 195699806
214 2004 335020793
543 1354 174762263
1087 1395 941870638
944 2061 355918617
387 1963 477375076
897 1007 288950134
361 1438 239214750
631 19 173903273
182 1325 931452278
938 1927 261983303
677 998 6471861
586 861 697875492
484 1762 69352462
846 2257 674292162
618 1258 280110568
1183 688 646600992
1095 1113 640538395
319 516 175171051
560 1295 949900490
204 2096 276299124
6 1545 602281481
1061 240 62302967
400 1539 234265397
523 428 260004283
684 191 273066161
428 2136 338840607
452 76 162869925
307 172 607828064
695 941 826766922
465 2153 958965394
43 2080 759226507
1165 2463 963088482
1221 406 250432365
228 313 106704237
267 776 719145188
570 1864 552994064
867 36 324430591
72 2354 983990086
1151 2289 5091909
55 1215 359494268
1134 1830 866583710
725 1881 368733263
675 1806 732854631
425 145 504100726
502 1913 309308013
866 628 96274305
267 241 58570284
395 927 90749619
1118 2078 87418529
711 2052 474906272
81 115 770568340
886 2465 902419691
1186 1052 252163026
905 728 219863435
34 461 339055058
173 2072 663342331
493 923 654148269
501 1241 576327447
1074 1561 75802760
401 2349 593568968
928 907 95598878
558 2390 729740064
481 1419 417566984
1062 23 892859899
902 2352 12623932
152 2036 569259416
611 2461 757193544
729 1080 808488607
847 2083 701277852
1006 2375 738010376
163 1659 158588478
384 1439 940779242
994 1061 670940005
147 737 293245985
214 2261 970204930
1009 666 709147820
1170 790 703859031
295 2129 128415
274 672 512959049
766 1415 525472008
685 15 940071384
612 2304 749961964
874 1647 130918261
930 600 897933136
80 1278 878198317
620 1178 214849067
730 366 100803995
731 1474 187221337
316 497 92609604
340 1610 568551172
1135 531 5974800
21 1216 857966427
1133 1259 488947526
564 938 497906810
308 1719 915481381
825 1284 323210445
1162 1579 833279318
642 213 18588629
72 1972 429617014
690 1256 199824415
685 2192 183097161
1141 2203 599035442
745 1549 207662120
1144 1859 49476719
1116 2042 593565646
793 2300 587787033
61 481 773436648
137 1280 895318245
479 3 626474397
528 711 490238571
844 809 471378975
650 1012 30251817
848 2141 59486780
294 771 763675941
281 1862 362658215
632 1380 161126500
48 741 843035391
43 2008 182439297
630 590 373492261
638 59 596423669
628 1184 235880210
346 1881 135808307
925 1442 270645401
858 998 820634346
550 455 195412776
754 1964 450971857
195 282 83853295
1109 860 351270604
779 375 786290892
379 1624 660555541
460 1668 182274941
601 2443 43677006
1002 919 731039033
1049 2065 102796049
468 1965 641305159
135 211 390466059
747 877 698912555
955 447 104911303
854 247 171614042
1003 1287 173283865
172 282 298090037
622 690 237073475
864 1640 773893525
593 1429 179221162
368 2070 348576627
193 1985 975634543
636 2328 824362171
1080 1410 632295121
1248 403 436293476
1059 1711 543806127
986 1748 273872300
681 894 361085832
1237 2306 297749370
1116 1359 914969016
379 2341 164471146
307 1377 30559829
152 2358 32952846
904 2437 103863775
99 2084 931835457
685 2369 736122425
1207 1383 354719873
525 2345 680965225
1103 2279 830832884
953 534 648035746
1067 1106 709149325
781 2272 872398335
189 1849 473646292
14 1884 673508847
855 32 565867635
672 1465 677731456
910 2491 717972283
954 851 248931895
691 212 741422729
177 943 692711320
27 203 668380417
1121 2458 457073029
1055 1105 224822625
357 1188 569197543
1229 461 636091260
1234 2125 429904036
976 1215 97309373
258 605 777842452
673 2321 951899313
615 441 32999680
4 787 644733536
453 1058 55397965
74 2096 512364058
1076 304 609421758
714 1041 345532240
101 1303 148051689
319 2206 913740824
180 1221 794612378
1220 1676 449457551
345 416 627257949
1217 74 417490378
392 234 157370756
6 1354 625620304
920 855 909557037
1147 217 895221836
853 1909 712987992
53 2407 193271608
39 397 248230722
608 2159 695506690
189 2138 157380793
1022 1255 503935273
1235 740 536977778
1089 2274 191177024
582 2074 963812059
147 2400 483367887
161 2363 113281862
986 1296 651799931
389 1054 289110557
955 2408 922882552
25 2065 821917891
604 1164 941156236
506 867 456262620
964 972 5727320
936 2258 504584174
27 1382 532349543
368 2484 500638984
465 1081 557621324
134 2215 614173770
616 2149 904098719
126 295 150987184
483 176 149495711
1135 1421 382861000
165 2394 23840274
551 1940 908074873
257 347 699575016
1197 1738 251890918
805 1453 645340397
795 1708 597675508
225 2379 211986594
859 430 410117317
218 1280 531762050
795 2289 703086850
1144 1310 773243853
539 308 669710571
1062 137 687483883
732 708 124794677
974 1616 59968720
1202 761 215707481
189 905 816565323
999 1732 153259152
554 285 138896709
51 1194 86976392
122 243 255273811
753 536 471995263
847 1193 154576055
972 1150 112955655
1170 1667 721939360
169 940 782339522
83 869 548742090
791 1367 211271673
73 136 52438270
358 2336 774223325
640 472 77627634
375 1186 592998862
56 2047 163256739
983 1509 916564657
349 1739 220586580
356 1558 378079325
962 1679 662048076
1204 1525 353925356
253 1477 893683134
416 1727 168186606
725 1584 861153021
1203 2159 875035037
611 1664 485135067
901 1733 327189379
145 1437 269401753
1009 2269 933362405
144 609 930704461
923 1009 910562629
63 1381 787075673
80 2170 333547456
146 1016 957901790
102 2495 925202938
619 2290 144235213
630 179 841777210
1055 1286 975008583
142 691 798360547
503 1713 12195983
1020 1338 974921344
611 2355 405838417
827 504 670028492
1007 20 317152090
596 497 416619709
359 1263 288462946
131 240 312787645
1067 2009 662798459
621 1698 23892084
486 757 761066655
226 1909 756291373
423 1226 12914921
865 1037 661921024
1124 520 187931000
1048 222 425545883
47 1850 254409192
162 1974 920172700
837 68 322135459
840 1387 820807868
908 1552 468421304
706 809 415081364
451 451 361418741
588 1327 279090768
768 813 134844187
965 1269 15050458
616 1910 74510648
894 738 421630672
445 316 424924834
29 168 434642105
119 1057 674958698
320 709 331093662
668 1118 255253635
303 114 685896841
467 1865 183502973
942 686 268041247
516 122 80155194
563 38 206420434
489 1483 583037230
930 1485 108131355
261 1022 361728778
1009 1698 444373757
221 1210 729432812
316 1563 926879939
528 1041 967092407
127 160 514363268
239 310 789346228
394 1146 551287089
932 935 720676200
841 2472 484452777
420 2111 466970444
138 1115 864623766
253 1504 224589212
960 217 232598321
876 2252 823516014
939 515 243105449
89 129 174159438
495 333 516178575
1130 890 404934203
924 1786 100925680
723 2090 30470444
900 49 93417484
1030 1301 956868629
95 1281 68439688
695 715 770288008
1181 73 406000391
1145 1248 554739144
1199 1848 384533583
942 181 591510407
490 852 294431613
557 1596 328040192
633 2079 81940715
251 2086 59434533
788 752 369446321
591 346 696701508
462 470 829178173
862 1676 745835291
985 2263 299926600
648 1215 13902708
761 526 251469685
1127 990 511133121
684 1777 667639164
418 1994 116988320
649 2325 912283402
574 934 9044296
3 2277 514424085
269 1434 919299025
957 1615 380502008
635 1224 695002983
848 196 601810359
610 196 737388461
575 2135 547634535
585 23 645721599
730 127 764269857
60 2133 544013819
1046 1031 653052023
841 2298 524897061
44 471 870872503
471 1002 309344577
1000 364 71002642
1023 2082 479659794
76 557 559791213
192 477 832240742
975 2435 903223907
441 1812 650336237
1250 1155 684980658
134 1717 408438133
266 259 68673019
1166 2352 401765608
239 1993 365224505
162 1347 560579794
366 97 414255960
1080 234 725914596
688 1508 462447443
1210 1090 307511568
359 262 317913989
69 2204 142963320
1099 2010 690396978
1138 2459 523349261
671 593 243274620
211 632 376250446
492 651 739599687
564 637 611072859
202 833 623633373
467 272 538445145
1197 2242 1719367
1038 764 26977516
60 1849 100794030
1031 1110 834847729
283 1041 664090756
664 1240 215506460
238 728 114705388
458 929 246952682
92 1758 227252733
559 1519 52788096
837 1789 315978418
452 366 944791916
521 1513 390175007
338 30 699622046
1212 782 596874666
659 271 450745528
741 1297 355833975
1032 9 431967500
338 796 893488772
818 543 210923614
139 569 412491731
434 933 306972110
509 2190 29373341
848 1823 810130788
1037 1832 458546153
1009 759 72650004
347 2022 119836654
1163 1691 404242075
967 1919 706080310
1138 1473 644640320
851 2222 190326006
422 641 128002707
96 874 597465158
143 553 89987930
737 1132 217459415
835 1931 360593725
1150 987 828923257
1192 620 465309950
746 1749 267051667
414 1006 267158256
427 58 149486378
1064 1681 138008947
1115 1011 385194449
122 797 314997213
307 1100 575607350
1203 604 112042782
601 755 86892630
327 1758 973419719
617 1838 716344341
515 1223 414412976
830 1146 630959382
654 1420 679827719
578 506 908326538
550 1080 3077670
517 85 60082070
1063 1247 145610299
199 323 135368509
817 1731 189203646
349 2326 825728545
932 810 790647972
770 2049 765660968
704 1345 131343567
229 2165 794459744
1132 1415 532058462
424 952 418734179
8 808 977727162
577 895 885561357
153 2416 786411701
422 1201 415489157
921 1328 123857608
690 977 210029
1128 1961 282080115
867 284 442510338
692 1634 926152731
1248 1877 625330952
252 561 696979050
341 1184 706689882
87 664 516016043
264 2023 120930739
720 1092 69115886
482 205 945656703
655 1472 973973684
635 389 576886210
1003 133 411963830
260 1805 270053831
257 714 797927636
777 1443 976014142
858 1117 822265519
319 2422 674545689
757 384 161049177
1179 569 265694009
775 741 982792650
700 1930 427769186
302 2198 358921656
1035 1912 361500229
515 1534 880287768
826 214 797244800
145 1469 991663153
246 361 799120034
233 1123 666075292
671 1815 345100160
245 583 377521847
124 1084 861076415
145 5 974853262
230 2435 14745091
22 257 987332158
386 1620 764251889
103 1187 388403367
685 1997 413111283
827 197 953400710
1017 1545 281961224
698 308 87620086
792 1090 851521552
832 1228 721110701
927 1648 999877567
966 170 51482321
1105 392 27761605
542 1503 979569463
437 2006 615941798
482 1957 957148490
577 1919 209490664
611 1444 610031926
682 808 650828916
236 824 992893791
168 213 787576085
201 502 917612464
91 2354 525610937
657 2464 750246107
500 2463 99238479
1164 2277 734364761
312 1143 662249699
322 1095 867261520
946 1936 489463171
507 1112 342214652
1000 2241 512949267
352 536 947624273
328 2318 897366117
1026 143 214456540
976 1322 264150469
870 1278 209608184
946 924 823195502
1193 1399 165848684
1045 2025 876116830
758 1463 393738762
515 2185 681775156
290 178 885743176
420 294 103288941
455 929 911970745
118 124 664856280
1160 1264 522075102
672 2371 660154864
812 332 398825993
1004 28 938488049
744 1663 92287475
527 323 38448519
1014 2372 565522744
31 1236 803759426
456 377 322337279
419 854 234683307
376 2141 920171136
933 1445 388136789
265 1156 103736920
530 864 961093182
40 2251 289153487
963 582 242393235
710 662 182740846
393 1242 284645614
205 1226 888428805
1205 2131 487656173
880 1797 486236932
679 940 514583193
409 1777 144965919
732 7 514547366
938 352 693672440
1242 1068 875390608
992 2130 274918036
1181 1176 646652327
144 99 689918144
1000 444 87435857
954 821 908630260
897 1609 699597906
245 559 81927426
1041 154 80971564
871 413 996891544
125 518 663412595
1024 23 993321996
1077 1510 980426779
1225 1427 2280269
1046 309 168866640
18 2237 740283331
927 1320 721198126
1142 1250 828874849
106 1703 867163131
752 1039 89513585
161 1903 813722801
103 1524 347135505
84 379 610663988
972 996 714149087
1201 677 928788604
1064 876 695999050
1044 2374 25550545
318 380 287885011
868 2240 18354422
185 2189 682325878
155 1122 78520276
375 917 493468931
822 1878 749562969
30 970 414570475
127 899 543597661
841 2487 974448916
234 240 125500786
285 1753 839177992
748 970 902670495
506 1630 285375873
881 1580 682686439
68 166 446242789
621 848 50093350
688 2393 869965470
892 1083 817522797
513 393 725480004
1155 856 4285799
735 2421 422308152
1065 1335 457227885
770 1928 171841379
711 251 167840543
818 1168 303015417
65 1254 579508029
371 24 728437223
578 946 22180548
985 1347 188263733
743 1429 248040556
132 615 192876340
1243 1482 299076293
416 1028 113904062
530 167 915782163
890 207 945267773
1042 1907 296564611
789 1364 151618519
834 494 506626508
544 610 251144591
1094 205 24975644
859 2397 281976292
259 65 27174152
395 1594 958675204
878 1521 35644764
1132 704 105568023
433 1298 860405812
312 947 484647057
45 1642 761323422
335 202 446852402
66 530 136308098
1238 2307 227790301
210 1315 432172380
589 662 88718892
496 1714 367328458
898 528 274753915
613 1222 384775793
910 941 752479525
456 170 389800589
854 2378 750351667
1169 344 812935038
1176 1041 972525298
24 1716 330667966
388 1863 117068740
694 1792 113822300
538 309 628476131
937 22 243347055
22 1830 662673760
392 1566 993853246
9 1941 75684334
595 613 867364602
321 2257 875407611
1246 1655 7619872
634 108 858849672
717 885 72663342
954 2289 220827724
405 1339 482854065
370 239 393221841
255 696 656223785
623 1115 921199158
1195 1374 145950875
913 1544 310483503
410 233 801631831
527 2020 683110067
627 2380 983528656
509 788 290098863
72 307 954818881
1215 1523 376941956
1117 110 550027321
1184 198 674741367
477 1660 166541724
430 674 59543379
493 1658 843113590
978 2407 732546238
6 989 202275881
377 86 230683495
196 2349 91287399
43 862 245787461
422 1483 465634995
209 256 810714448
1240 468 698872302
829 1 476496123
944 510 78084855
1173 1727 788224954
1162 2073 994286358
910 1283 246863960
201 1167 161263732
508 2370 259893068
289 428 64835548
155 16 613709388
1244 1324 570886339
1114 2146 116450345
284 1699 99984521
980 1219 56845315
995 937 271363798
419 1173 912956902
64 1555 212771587
1039 2007 475781588
882 1063 746166238
470 1747 2251253
888 27 430760345
584 766 232891094
572 2303 611398667
271 324 22666624
782 779 560959406
481 1233 506907357
250 2434 620106360
209 736 899507877
1241 266 495410692
372 1788 7093484
149 154 212231299
583 1401 866528122
707 1190 803762840
420 2376 969794105
1177 2377 421959081
168 1785 228838268
98 2008 530697441
935 2370 334234886
945 387 220040353
533 1725 866694316
581 928 166828133
1017 726 863812784
377 1992 37729843
195 1936 389518996
771 1955 136331116
460 2484 720679043
982 2332 78138293
412 2394 93641191
1143 358 205179673
893 1378 378777286
462 821 175286139
614 664 737422582
145 2485 183621425
917 167 253963288
821 54 545220591
697 478 881671699
216 2168 211194465
840 1421 861015096
1237 84 558697045
794 1197 666861534
1187 346 320997061
556 1438 535418729
995 1364 57503576
1074 731 661341971
860 2025 908653182
779 260 295956078
1244 1920 88142051
478 1955 263876884
486 243 885752379
98 2347 744862242
452 320 271294663
365 2444 87896134
906 1687 11713538
1153 1505 463240453
1189 1622 248295606
150 2464 673378141
1181 1119 191084662
130 2080 881914600
487 427 653690524
1127 433 638339742
6 1620 368107090
393 41 427134860
88 2436 806287096
977 1887 372119298
360 1258 546297341
809 1708 613704092
911 29 778217422
678 267 592014300
1142 1671 923848576
692 1955 46233856
750 723 534441296
1000 866 161544125
1200 1065 503453596
133 1383 326614513
974 1066 994118823
1161 463 191337019
408 1725 439048462
402 1000 662539834
605 2448 157995243
510 227 525760267
833 747 554724244
1090 1110 3022801
1192 314 885691786
1082 1283 297802124
871 1948 454311982
109 1330 767689575
772 1865 31019737
301 2467 938674150
179 1946 931976630
19 1976 32074255
879 944 567539123
399 1584 494402917
900 2108 210077919
899 653 657291044
89 2361 370122852
292 190 997016290
1125 2050 892628465
262 313 41891980
415 233 747094530
156 2015 44306568
76 635 473670943
157 820 602843736
1114 13 109385630
12 1948 790847239
1005 308 568911495
332 1805 292063979
1225 659 129757565
723 1783 851696245
568 1825 834508765
16 1063 777147336
1202 532 202179105
1161 287 277759504
120 667 528064430
190 467 846460228
373 174 152324783
907 29 285216822
764 73 352954800
953 1244 902760580
1092 951 553542354
49 1746 365658206
941 772 385342719
1203 1799 646573714
717 484 358853366
21 786 240335245
346 1080 866137017
1103 150 254752311
947 357 983761111
498 2220 259447137
1084 2324 856491460
1237 2073 898457704
407 2483 56688258
61 1433 496485721
610 53 13147080
40 117 211713775
563 467 865516807
26 1666 199868443
1237 2001 396409940
675 1373 706454017
933 1312 234132164
1107 1667 442310951
593 2193 858201242
792 2431 258161974
854 660 607200454
1050 1062 174850711
912 2170 513331472
1018 568 213863314
1036 929 607501744
891 1457 102382329
1042 1375 523318202
128 2326 446669282
34 2398 311912031
2 616 129778105
1105 2348 844691596
51 652 848015080
1180 1117 906064752
224 1210 106296757
114 2314 78859529
127 1370 307984566
166 876 790423043
751 268 634369454
354 1841 90394281
641 2340 6342411
1187 1977 12057870
952 172 441673482
59 28 996424103
82 387 352096067
938 822 372818263
218 786 16269628
1061 151 394289972
1190 747 94404073
311 1092 583808147
996 1924 965699086
52 547 827704427
1101 667 131820150
394 502 167387921
944 1969 620012836
1002 1374 361472539
166 199 304152707
149 780 231670618
256 284 971609310
667 2088 996757557
467 51 85337436
29 1506 109704833
1027 562 808860573
761 2005 291052438
572 326 191283809
545 890 426235598
1090 890 7653164
67 2289 218319923
276 1718 693251237
953 688 650752728
1026 1600 215233960
288 2167 646311950
657 1627 695405623
552 691 814357432
830 591 159563320
434 1179 218945092
632 1712 970155045
1144 794 374484593
1134 67 65508691
583 2475 672592403
188 1175 629316341
1101 1152 210932141
159 1887 346333121
598 576 737012130
523 969 137215357
423 1794 962249635
1245 1349 745771266
1054 1499 814703314
43 1765 244043038
1126 1418 461641579
100 1281 582395383
1184 1987 924156859
1234 867 181919740
637 244 126673622
278 186 597422834
568 2217 400010189
323 1052 845110827
1166 949 579359817
888 679 82991667
487 1135 163198753
825 1128 783635638
58 315 244893087
5 2185 79640269
778 278 674543367
375 498 27101574
252 1547 394968172
1200 1863 87626012
906 2493 761252174
917 1353 109908891
18 1307 517967373
484 1791 746618922
1093 1037 853530798
35 1896 844660222
755 57 69593257
542 440 139812169
1155 1777 699332703
612 561 249601139
1199 1665 272954445
24 241 684413030
465 1002 194007260
1151 550 435076198
90 746 625611711
846 2457 176778867
1109 1536 89292396
771 2067 13141795
860 1679 230721104
1218 268 614018531
445 958 544294299
116 640 647509873
285 1567 109658385
1015 794 911460910
1182 2492 357237863
1098 521 397216215
321 1505 661781112
252 2288 519709369
1081 879 452173417
1094 951 750224192
546 1886 15961404
230 116 540380923
210 806 602943650
648 1733 128495203
1226 2495 797562895
250 327 916268051
749 1823 646570141
58 547 163050366
432 99 462534192
1056 687 256901155
718 1 904122892
754 626 717908811
1021 1963 160826373
732 522 524463086
511 30 712921674
140 1065 782968456
1185 1536 565003160
176 965 415038184
81 671 280853276
1087 1664 789590649
975 661 735526118
467 2212 357065823
208 1781 848064459
505 1297 913828469
1060 384 316093907
58 1354 995075038
448 1993 6028431
115 57 61498583
626 1258 516253356
194 1450 799644435
471 2306 364527122
367 2385 501347426
663 386 642455562
175 1783 608592452
1196 986 450710261
686 2068 377955300
1063 277 386116070
1055 238 241986024
1078 667 445028727
76 1454 303123347
121 2077 96777745
974 2123 318645318
459 79 348065526
907 1485 377207793
1211 777 951225467
950 829 315864754
876 2158 409968242
429 1227 357348732
1031 1228 149177888
713 1510 694399518
17 459 334502277
737 955 49279657
980 138 991413678
629 2262 2923049
971 1629 620536393
426 404 108014159
278 1095 514527203
865 1980 306722727
81 559 928390747
257 2096 703247020
649 2493 773360699
472 215 999812340
676 146 220702888
261 1872 140892824
649 2077 266350574
33 1617 323899352
384 414 405808288
998 1918 808804576
254 2319 381693666
432 525 384582824
887 2388 801773425
99 1062 968591438
738 1318 976679578
1097 1921 771398270
580 576 362092067
516 80 626144606
534 987 152166009
93 1749 527058440
263 1417 653187280
355 398 611377274
1037 861 129489243
98 896 249861512
974 89 412280763
439 1794 111795263
1228 1958 136708605
394 466 361995997
887 1029 235513273
263 1702 173469174
281 1322 248686417
497 962 938079955
1158 2260 717923468
1087 2071 134049943
743 661 997734774
33 138 148474047
586 833 174957453
1005 2478 338475204
795 1893 183945766
4 1849 838481333
45 1088 109433627
1052 1676 712504347
646 859 423792432
124 1560 795996630
855 488 443114669
336 74 812780370
805 2051 660038472
1172 1812 232290226
993 2293 447447623
32 812 991710512
1086 2011 403964939
1123 937 36525514
1136 2363 755076990
235 2171 299893350
424 822 210651713
541 697 769480044
800 1227 673600254
778 491 587066503
731 18 791571272
324 1695 891968063
157 63 848256459
909 17 876276276
802 1104 605173607
962 483 772573715
1191 673 745230104
877 703 415804678
182 2420 450509255
700 803 785580838
292 610 493180000
253 2310 525677021
541 609 220188977
541 176 643610589
23 1735 598000344
327 1074 735585293
739 1799 8658696
562 202 473768544
1182 245 57926968
721 1938 254071581
939 1823 335248808
27 2210 35305184
179 2269 574572233
489 1588 667765971
222 2090 305087835
702 1889 267004047
72 1691 111794258
1016 1215 60837985
753 1481 63928870
610 1347 497421674
610 1071 886306213
866 533 269950017
578 1995 336376051
330 2183 677727873
155 1617 403036968
311 2244 236506707
884 744 464885896
890 570 963668801
309 1616 378903098
339 479 697886865
815 2488 209924049
626 1811 350111976
1074 2276 238304899
601 543 11133000
339 1911 799184800
888 661 305577181
1051 1826 887977814
545 774 836658581
151 2405 521438511
896 51 178741665
1139 2148 135945466
84 2206 299036171
640 996 905904622
470 1387 835385307
735 1321 428652919
606 1535 83440352
1168 689 208907942
97 1020 270372173
1174 2394 152779041
829 1591 411115491
364 374 403350730
1137 1235 860789830
792 2387 913965885
665 34 269118087
1166 1870 228339794
1143 1730 634845895
1041 730 2560883
1198 1204 132828244
57 1639 99399721
259 1090 660454673
272 527 323348280
1061 691 310245356
280 612 326974511
471 1998 63871637
1028 534 269493922
1154 590 496313643
842 475 208741624
84 1495 687175320
171 1064 602447402
270 1124 739383548
856 676 451989688
269 1159 115836719
341 1166 767810838
510 1354 669332396
663 1828 24343192
198 1522 991134882
85 736 208716934
314 524 462738091
954 929 160134555
11 79 554269673
496 239 541107472
19 49 900595196
889 1971 136263239
788 728 823525700
1222 1053 150813054
939 1494 172419133
612 618 287523198
908 499 850458371
492 768 185288768
116 976 899463038
696 260 130934627
1053 1360 436921738
880 89 551119025
639 2174 445139963
699 2378 531492950
277 1372 992182519
93 989 945764328
50 2245 142105442
600 2037 795314437
674 2342 844529203
687 206 165669114
1236 368 832915299
601 1239 263151111
1047 1047 386661826
514 283 358797195
526 1251 129980503
310 1867 599463939
273 2490 758266488
62 1875 590870458
1215 1359 91543163
820 1775 181766944
1227 727 12661467
680 914 219393591
440 562 380960995
343 1833 668756194
1047 1060 986278029
202 761 433503956
809 539 478301418
212 1192 701334485
700 2245 590829294
319 399 666490181
1019 1073 71268695
819 1987 736930495
378 1811 962323885
768 966 385741322
1147 2354 367748326
36 2436 781366643
225 881 286188181
1206 1552 550093373
625 952 155652605
1223 2324 127349457
105 708 21325474
823 646 306910381
277 1066 80875803
538 1611 229057453
1041 2019 224374399
644 2048 678895315
605 1822 273563763
558 1809 475703003
536 134 252684969
1109 622 353024500
629 279 834654028
1231 1262 545476177
1164 38 197635005
789 1310 619055368
548 2196 42604348
493 2330 445136449
83 790 391998138
1110 2090 610851928
692 2102 73577650
1013 2473 455875395
1049 1113 336489775
521 1441 309892646
847 79 724427671
813 1390 58483500
1085 1836 774903458
236 820 690519936
567 1689 485081009
811 257 45749244
56 623 10015917
67 1324 958862473
1052 2466 190779930
804 7 323451574
708 1297 759523220
1017 2411 2867541
42 1062 147024013
1224 370 708614962
635 1637 510844544
156 2163 638909174
9 2470 829937187
541 2401 231414727
437 1300 590185066
427 88 894554655
112 403 766142838
160 2426 690996907
1231 718 707541118
576 542 874000030
1159 26 308565731
569 2407 176512685
776 2028 755628162
726 203 252176828
658 503 160127356
936 1210 995326839
843 1515 991331894
1065 1945 602042338
985 2044 910383193
996 324 254053115
241 629 216474144
579 1652 211636107
218 29 680224076
1029 2168 251787008
573 2265 227256599
722 557 497024334
652 2101 855453628
15 1299 351217453
366 1175 75691533
361 1386 662609411
391 1914 266605407
658 54 334714446
1139 785 841367889
1001 2406 426690508
203 836 167633710
802 1252 385428601
800 1657 474759986
762 851 637601696
822 163 273196148
95 2270 170424462
231 2233 460271197
186 2443 503130313
716 2004 112075989
478 842 294300885
812 2097 811586513
549 1532 124670694
749 175 210462377
921 1837 626383551
1205 1003 613772000
515 2277 621092759
353 823 82869522
154 1808 290953025
149 383 897724236
383 2166 106375372
738 1646 951285068
1165 1403 730023872
707 1239 809917131
410 2083 217235818
348 2411 52555699
237 1032 123425039
818 2423 798882044
1100 2310 419455520
491 53 397203526
1162 1638 190683045
885 491 723952036
1170 1386 422707927
136 1961 854589219
333 688 574246166
764 2368 676554874
107 759 291559353
91 1246 3500993
399 1263 27113857
424 1019 2487534
766 555 681785500
539 1951 32770072
297 398 910891178
917 519 518987787
600 427 28116753
27 1808 329216630
1240 1381 50865872
938 1622 813618135
435 445 642438758
545 2102 405540171
315 2131 46307848
466 1518 952013764
282 467 812392209
1188 219 978351905
389 2411 34205684
124 814 495327188
4 2159 648283325
1185 2281 482622604
1217 2335 222982774
1075 1918 212082025
6 1637 492681979
71 2168 524807996
1100 832 686965395
150 421 453197110
746 662 323695899
169 1 216236290
213 487 808277308
486 55 752168721
1123 806 920728617
948 1564 688719682
313 596 116203626
603 2280 398384056
706 1157 163962985
304 1305 877412895
277 1194 970574035
758 268 965524916
269 2157 113061096
1129 659 512483027
551 1878 188303206
762 1280 304499667
1149 1147 212260052
803 786 236907962
424 1106 323480715
970 1384 621309737
436 1768 666579412
930 628 3494984
354 60 652329992
1055 1961 564429680
879 274 300323731
614 1665 470910046
203 1473 889268092
1006 742 831823454
567 64 601175977
874 1178 17104581
1230 927 365042462
471 794 517631622
1073 368 485749632
81 1659 101408793
1034 1327 494176857
990 1828 229269908
490 2350 144023387
37 2366 692387821
321 2467 556204133
660 233 714637869
987 2420 703181584
1082 2396 148298032
571 2016 952932860
1018 2000 935575137
364 138 975670614
249 743 19958177
305 230 112356819
66 273 964764291
522 835 479296452
1112 1226 539814340
1178 2268 312553941
1104 1105 136221542
311 887 349280369
164 1962 835445872
1060 2459 376145327
115 1409 70116154
360 552 450276458
1120 213 227754151
1113 2137 462676864
503 1555 727757785
826 1251 806334883
32 1880 473476445
83 1507 180462931
1148 100 368172832
297 1528 228973003
660 8 634301174
574 935 563813191
863 2220 523460383
313 730 913099898
183 1598 429983836
1168 286 434520572
787 1199 489583049
958 1070 289682510
1233 347 273782424
725 2093 80260231
232 988 59884155
925 1796 387595135
868 654 480152990
1007 1551 484761926
540 1371 312211384
91 1950 861598296
1088 2122 75590141
331 591 545156668
537 2009 862294530
445 881 199216171
90 1021 586582579
885 1577 170303783
117 531 624800647
895 1894 246339418
877 2403 308384114
507 2097 26962722
756 2108 463502079
931 476 511707330
721 1211 434010490
317 140 623464811
70 1940 575363091
167 100 856776168
1057 1677 198062088
358 1993 248268007
985 217 345670590
123 2320 826991469
1214 1797 893792166
335 907 21679739
703 1098 54279373
574 2489 276374240
279 141 314290570
735 1283 512235918
1185 2352 80863944
1080 1179 87502616
440 1759 333499326
592 998 886114138
901 1387 50936610
370 1025 868287848
1012 106 163640812
516 1316 419168621
1096 1485 865404251
887 149 647816051
1220 923 446116638
242 1345 897657164
4 1445 462843645
311 554 595224327
92 735 740146300
714 44 173589068
468 899 654091830
670 1590 442065940
979 406 944508868
210 1276 382032978
847 2033 547268511
780 1445 1549323
439 1971 502617428
536 1691 259780948
886 1404 684350143
918 2294 655743689
869 1251 734850936
942 452 549116560
861 1312 323705786
278 1381 516550046
765 1151 639390650
1144 1881 24858424
396 630 559321857
326 1285 586284788
638 1795 504734398
939 1387 53063308
1200 1638 942560842
814 714 449086244
141 2042 492126430
129 1115 365893948
400 285 678727982
929 204 620995103
1081 146 483803726
357 2356 748244197
792 1955 577330580
374 678 576108810
926 1361 254142402
270 2465 788444386
105 2456 264645644
1088 824 497231050
504 448 810941492
682 1091 32126917
902 1375 224880083
305 366 843887134
219 1003 643286699
174 2281 273096864
320 441 666214189
334 1040 192827405
979 1208 50851392
937 1668 374000785
882 792 90089288
1084 218 45683823
784 816 154890140
813 4 764635605
227 1323 396263221
590 198 274558437
451 227 82382195
708 1662 805564622
242 398 840341182
1225 2002 392948615
676 1097 980415368
631 2487 930574728
736 791 531547280
49 2165 142395262
380 56 487456347
488 1342 980342580
430 2152 260119262
668 2350 361814810
412 1234 580835410
320 2187 116308062
1102 20 148119759
996 396 692202125
132 2233 201898338
197 16 149043820
79 1415 702633184
849 16 399954790
830 1496 469920078
154 1155 448634803
608 2058 370282025
313 2029 89605002
78 1754 649882711
738 805 168389737
1103 268 314904183
849 39 725376368
1103 1363 654535958
577 614 173648450
1115 764 75848205
805 1872 882089503
867 919 159182287
67 2138 478775242
403 2484 176568427
421 1395 62405867
325 2168 75625974
1143 1962 911203381
1079 1440 643980289
299 1591 874573752
913 1511 779888354
923 2071 692344647
632 485 11544810
593 621 643869455
1239 1115 729250150
193 1243 113413325
678 2013 162221349
757 2051 53826842
1170 865 357046396
456 2018 123017099
787 793 146015795
449 983 803773547
1072 119 208005669
498 2276 226344231
954 1257 807897741
972 703 412445051
647 2418 729691800
244 1884 685046456
736 1546 692963481
728 2323 45157865
1219 890 887518609
440 1091 590455216
380 2306 950053580
948 1150 12970592
2 1460 258284363
1036 1138 523129404
247 285 253119956
165 1961 349207523
966 2147 37826693
783 1326 949207839
684 1817 129053713
984 593 290216386
481 739 581366250
178 557 39275169
254 552 354893079
1247 594 764825409
1208 792 931196025
699 135 409121486
454 1533 440984559
836 1534 320785659
529 308 415985890
774 295 422727980
560 650 192841533
750 390 764001326
475 1235 81142439
473 1964 908982418
1168 1205 17386827
576 477 154503239
448 424 719107445
238 869 356125235
128 999 115129898
1151 1172 313485107
1161 382 15367311
342 828 266667066
672 623 882593054
973 1522 275568545
865 1573 590930358
47 385 830089990
602 1526 247275955
56 921 786941581
1238 2018 755014816
1010 659 49910761
1089 1090 772113116
1204 1229 660727648
1084 1080 178690204
332 365 459802423
268 54 770868682
249 485 260359583
64 2199 675350869
180 2242 164724378
371 1009 646284485
129 657 946612147
1209 776 998728039
588 754 243416891
113 1796 789065530
25 448 545905824
1040 1643 452660427
491 1795 589507306
385 263 69599698
693 690 581068800
1171 1710 902346122
59 1519 653300279
277 1066 430050060
86 447 170440805
198 1357 504752476
94 814 256221753
1 1675 302524084
60 2018 664848191
909 2210 347679896
781 2235 50966100
347 1401 443214795
1228 1209 630871336
134 721 243866568
389 1369 133799427
268 1146 822283827
121 865 610579995
745 1613 149075798
231 2486 11777506
1144 1433 738169955
496 2470 802552284
1119 1428 49589757
872 2330 521764399
1150 2483 882420468
704 1610 772528329
832 2246 99977713
350 280 652990037
45 1824 185762696
1050 1873 59354303
320 2403 879464803
532 1053 400737766
1140 1020 198437215
872 1620 730966151
243 1362 744807217
148 40 585880605
1047 613 483106002
471 1239 562857009
398 1367 70221633
983 787 178815779
392 1878 434846173
226 1692 211069696
852 1830 308844928
189 873 495413368
17 1335 338781363
247 2440 14845145
1078 268 976382068
912 1170 237618919
879 165 292971391
96 1213 664930588
262 920 217397497
589 612 814187417
820 238 588597316
834 1723 384671660
597 676 589217433
1221 2255 65991310
839 2206 160396503
597 1241 642438109
117 302 558867085
575 156 789466740
678 847 576877291
857 2424 766662117
356 853 697177415
309 2429 621786362
750 1928 8146972
1249 1001 273841241
891 1779 275258081
989 1856 185522776
38 1452 681203453
493 2482 858653542
1046 2059 280904198
617 1234 550054118
720 1769 55834575
556 1310 246255638
188 1293 404265530
940 2097 980684310
1213 993 134472731
1237 1162 517445672
653 1168 527031420
1123 2130 578011957
891 775 263903456
744 1315 252735702
1161 245 399124383
547 682 913991212
1213 1340 559252809
130 1278 4500190
1102 157 726692275
808 2130 95598920
46 2142 490356723
630 1711 764318820
1074 2 391503257
967 651 248641231
211 1453 852678226
302 2125 986153015
431 1214 441463900
845 81 212874137
546 2073 766598408
780 534 878658273
1219 897 54710901
363 738 89287393
833 300 140714817
361 1824 214038162
445 846 906010842
319 379 624071149
406 450 35892213
958 746 339439398
181 798 863871727
992 1315 750268428
1195 1905 465443247
669 526 958083811
195 341 157663848
281 929 226652221
555 536 270612266
911 1409 57292570
1079 1972 402763845
685 737 688932921
82 904 745205893
448 278 981961922
38 1170 828886112
569 902 77817185
1169 2401 439010073
807 1607 641865183
1240 1329 724918720
644 609 708250223
122 1257 87277198
742 1030 68132004
988 807 866054457
303 2313 354892815
383 1046 923240636
667 661 544508161
1043 116 831211724
286 980 862129835
20 627 326278245
182 67 21296480
982 214 300220765
915 2115 359186875
1081 1657 756551276
529 439 876440967
223 1646 27533586
857 2102 500061219
726 515 935540038
42 2004 911460155
773 1067 596210143
172 2197 600306294
17 1906 449608286
61 975 789403310
301 2258 683784624
513 750 842901069
1137 2312 490283086
540 1201 342511186
814 1930 22015013
297 1401 855162139
518 800 654449890
866 2332 647985283
785 79 205881104
173 1638 944701355
799 260 827153345
991 525 701174984
666 1647 977342365
1131 1928 660657358
877 2415 704838301
893 917 733866199
458 2143 96647290
101 108 812234356
248 2189 592558462
1028 2248 8812483
344 1431 218936130
499 287 824755260
759 2450 17255883
572 1457 990659067
411 606 660888188
136 1950 592782066
634 1248 399508127
1090 526 533316941
689 2110 261078109
566 1881 492788502
1106 1390 3530197
450 1586 182870279
591 927 292514606
259 2091 115130565
580 1076 394392013
956 1437 910865762
175 1404 990766529
1054 1774 100127809
429 90 931317898
593 2074 151107749
296 2239 49040478
999 1428 103588146
66 1790 16398031
438 413 255923283
1058 1483 996732646
899 2397 753743873
880 1099 218226230
651 1527 711744254
463 1170 528404616
413 329 917239267
523 900 195782060
1249 500 428191550
179 1703 707790171
168 2401 87082997
934 1013 686769293
991 586 952956312
938 2334 935940751
421 1984 663750770
531 1063 740865345
478 2131 24741949
1050 1304 827232628
1098 276 738809177
1218 2195 894758659
537 233 233504094
821 1202 99524092
1234 2122 601202161
563 1109 78917771
997 1437 910639423
341 2379 785569954
379 2424 183570388
44 1955 617880519
1031 254 927494815
652 1549 127804276
158 491 9252764
944 1980 962621172
1157 24 169748653
1068 1094 381973663
1240 2089 441169657
963 698 322138115
1077 1818 306125235
499 918 818287796
1048 1016 593594309
726 764 277885295
525 2244 851858313
737 2036 255531117
599 2463 851552819
976 53 79224023
162 2337 221600795
1231 2158 200336286
649 1946 880502578
322 32 145245898
467 1322 301457620
733 739 330687134
365 300 428367836
558 2347 786923786
189 373 15420144
778 573 584044500
260 977 211995787
446 2128 875944641
948 1781 784226480
489 1645 977218810
1207 502 213661178
662 297 8725342
291 1016 109414975
234 437 490052096
48 2152 188236974
890 1505 355861013
217 2288 175037561
18 2376 29449699
187 2321 832782600
461 2289 269248020
949 2364 992404210
442 22 620699893
331 1468 34562735
683 2276 194009461
958 1446 148426415
969 316 784606119
460 565 143068223
422 1741 315102354
158 2388 637990242
126 824 570545153
81 1250 983025735
1003 1057 702493182
276 137 107105591
797 5 364382636
657 336 771112443
201 518 286203213
639 147 153175598
950 1043 94481833
594 131 825618915
119 2198 472597142
1069 103 835483006
947 2085 65407930
51 443 242402235
542 292 753762810
485 2187 779763929
269 1920 771722791
848 66 734082804
557 2110 247757759
842 1945 558676492
341 2487 797683607
308 309 612078835
968 887 37855887
314 125 571576076
1025 1515 580265264
595 1459 132678389
594 678 69179263
4 36 64068547
214 2200 861699021
945 1572 591813389
914 1037 805794463
635 1633 674680940
65 1980 261597320
34 1430 246105627
264 2093 242432167
1125 850 437915249
120 2088 887347978
373 1603 661313743
843 2410 817908786
749 522 996363585
1070 106 493518482
652 2430 804708940
771 1786 102141298
410 241 615603570
118 1006 469547434
8 549 860090318
898 2220 576811277
1175 1528 56193325
1068 1427 692974906
397 1218 982106008
531 2205 155464051
957 64 764339230
134 1235 379418938
826 173 757926397
740 443 992254906
273 145 109079296
922 1167 605130862
363 2422 961035315
625 630 600031805
966 2113 523322102
1083 2344 810344022
519 536 416873389
1165 1320 524026380
520 605 164911988
926 742 782067313
376 397 525352463
712 2324 940460039
1244 1790 697302821
951 2427 66974676
41 766 999236763
334 2082 981749640
534 1422 91234610
33 491 55848962
881 1425 287410903
4 1621 436644998
633 2310 43359923
298 261 398043053
36 392 539213809
728 1737 736943990
244 2363 142498141
1220 2250 456797679
333 991 294437902
246 2439 331220618
300 1379 719998521
354 653 705132121
391 1203 638093659
54 1535 248765136
855 490 725426255
809 1767 478152212
115 1925 962624684
234 1189 815283296
981 547 858979623
663 771 807589823
6 430 475110119
890 685 476404028
195 470 24680467
1117 1957 422465667
1057 2413 845676410
28 1931 14055684
443 342 911619647
174 2080 723065994
343 1540 711774297
848 2496 412779969
1183 1453 111159201
434 2325 809282029
772 465 12128875
890 1527 426225088
474 1689 925532223
979 461 646090648
324 1954 163689121
821 1234 94964485
137 1278 785466058
203 2098 127904468
788 2410 393413754
478 1259 677624941
88 1626 829601240
719 1898 541870093
635 489 800915190
341 1164 515490961
144 465 634393569
107 2126 891503083
872 2242 395175209
267 2198 247595316
1071 931 939015476
849 667 11774921
903 901 8676153
755 1353 58043189
696 2217 995814729
790 187 303657357
335 361 759300042
312 559 376783913
211 1924 620433450
512 1649 913950733
1104 891 719440089
1060 1193 238356212
710 1993 113461482
767 951 860514657
553 2194 935038183
656 1612 823210246
535 209 31037427
610 628 441114192
754 602 614523719
882 1363 540512092
648 1695 414824659
714 2102 519489149
896 443 481769082
317 1938 231039917
801 1496 364972905
697 1464 680746685
523 2453 108085434
1024 963 176973620
317 2306 583236146
591 361 195071453
645 431 50146272
1239 644 757375488
495 919 981263410
20 1477 678057260
875 1649 390283495
704 1860 93409177
961 1655 921057377
737 1677 779034150
1084 1077 233805354
1194 458 189714001
371 1510 221182445
381 2173 792575321
563 2195 207994668
172 1950 313490418
565 560 697128324
701 1146 376244796
1111 719 72699059
1230 1660 362814953
798 2055 46187615
790 2210 75354388
571 1208 469845638
806 2141 228977795
333 2371 101912717
1059 1594 301353059
434 353 876311961
1218 2318 734776885
1216 702 780688576
457 1096 130368132
246 1568 623368930
503 38 724824505
160 1198 988595869
1028 531 49253970
27 2054 596697315
548 1770 349211967
932 108 457437351
951 1540 881161705
649 1060 631075750
382 1358 672873935
158 1950 742914294
1189 1572 591201148
392 128 8710190
715 515 135069758
1229 893 285243773
211 2348 158005915
804 143 84197284
329 595 752495760
744 1402 441808797
256 2491 469168225
220 1568 769958370
778 1677 99475308
1152 1305 807022063
103 2427 92371399
14 1967 519967975
1242 1319 202237594
463 1175 869225873
1108 124 155996661
79 1448 78523151
480 2381 234123935
117 1607 404024797
710 171 200519960
689 1447 256707254
951 145 340777052
494 2253 855264527
662 1260 843477976
388 1946 885383545
367 2178 882573045
20 1686 816588113
931 2072 118468570
883 2328 326248302
678 1866 879341338
119 903 394752983
254 1105 100362467
104 2057 183945499
402 1611 161061942
1039 540 598028932
806 604 658024618
520 115 773549023
641 2334 44986700
85 1432 15211468
810 1808 708389551
831 1269 531092150
1011 1748 797873185
263 98 697125854
111 2176 856851317
254 1134 568779327
417 105 312442931
751 2243 503032380
215 1176 31456089
760 226 947545956
370 1735 412967639
824 1338 815939140
337 901 221588908
967 1947 555524966
204 1092 470591351
919 863 86192756
1121 451 593423455
878 606 562345894
1185 1351 82831479
965 1445 206415088
289 283 516075881
375 1395 552228555
1175 2179 601292710
318 629 136680581
256 2163 246178573
646 45 36680623
447 2150 387752583
904 1701 145191485
1172 2259 349377053
146 1295 228230377
607 1694 622094137
39 1910 638312272
592 1376 180695572
724 2461 131109220
149 866 788575954
1033 1168 202373667
425 1157 802203205
643 2476 964986084
97 734 99339360
584 1019 176754929
458 1513 963627053
992 26 105497440
66 77 750011967
891 2236 485850312
1083 314 768753099
35 1257 269450940
734 1398 603549522
893 2058 221854377
2 1256 803719220
31 60 983109791
1002 535 258411442
26 2198 202823444
1177 1137 337681005
1058 281 919749444
652 1640 57489620
694 59 202141505
1126 2027 137063688
788 17 319003378
413 1423 681264846
90 1062 266011189
1138 556 194512327
358 21 258592592
1132 904 817642023
769 2254 548895312
709 2449 851155621
298 1092 664822458
153 587 527677992
641 1664 105164996
1241 1170 33635578
1028 901 322381081
431 2464 968718884
54 2374 850067648
405 1773 233574622
783 1031 267051369
1122 137 533092030
766 1754 548130313
407 1872 354837775
533 1756 105530469
1078 739 623567771
416 737 927162731
214 883 245618509
420 2360 146217606
206 1667 193124675
1091 897 634727554
1031 2265 681265347
587 1697 570616910
214 734 847186422
890 1873 645092875
1187 747 74109537
1180 1197 623864588
1141 579 581864785
429 1253 241822273
1090 1229 967556229
289 17 833700991
184 1038 980816523
645 291 655852834
186 1033 598519382
1096 500 786158860
365 1932 803691298
200 1294 633807902
587 915 810036514
300 521 514496351
1248 259 206262913
991 834 243357511
323 727 509853562
191 1425 712560514
926 698 587245977
501 1553 453187132
983 1676 642163377
254 1526 718638170
779 2327 903744324
817 2245 195454748
670 788 80993461
511 1635 360935354
1212 2112 513055198
816 2061 621419360
996 432 270575657
791 1941 115977804
543 1976 405710012
1071 2208 114366898
705 1277 485009731
828 1549 90443305
1093 932 691601591
1178 1446 945297223
456 2080 439428045
491 897 556980477
13 84 480669673
1244 2491 560314573
951 213 193465749
460 1124 719304808
696 175 749333046
1047 1085 308079608
943 948 247371216
253 828 821472884
13 1895 425751716
82 2091 203769273
538 387 49344383
99 1747 524618620
386 2005 362913602
