2500 2500 2500
2461 978 512669841
692 703 160404913
1127 2360 815347251
293 2351 841834988
669 1022 760079
1867 2449 464195758
49 1236 143133917
1341 911 994378733
632 1009 532680898
1041 1580 288144646
1253 172 347935665
511 2322 158866754
712 147 285029992
347 2262 150587666
1837 2100 389472638
2051 1448 40609874
513 1144 300006191
215 1941 736126825
676 582 507582621
1954 741 55293037
601 1949 251462600
2053 1932 982150523
592 578 195633148
1412 1266 769804855
1622 1733 390277175
1002 591 100028080
1588 586 253185582
2088 1303 900591878
163 182 801155287
2096 559 263860040
2258 874 803184653
67 1284 687335910
472 306 44722002
707 986 306481535
376 1439 740441224
1277 2147 234261335
473 2144 927982316
344 1598 306351804
1660 2174 445080361
506 132 6733235
952 2094 758702616
1275 1773 889702976
525 2396 129445042
2217 256 679228019
1833 1913 855983458
1572 2287 192642687
1265 89 284898165
833 424 73806839
1455 1073 239174830
2036 1497 769269166
344 824 289769828
388 2417 853813196
1699 1389 302151028
1821 2031 827225997
413 157 662510355
986 1259 475739324
2275 63 732496263
2200 1939 351508830
461 353 803441024
651 2058 754966598
622 704 129200965
316 2364 342379072
1291 2245 893214813
1148 172 971174585
757 2284 592349808
480 2071 537769982
311 2042 714342300
1900 989 189390851
2020 2113 51693394
1095 51 180918837
743 1998 855397553
2087 838 489563848
1570 1810 903051626
187 1111 260053824
1083 1313 939496464
286 271 320287595
1722 666 705889993
1195 2103 30438012
776 843 148045380
731 336 182666061
2036 2184 74539456
76 1720 732071267
2407 2424 27230754
62 2148 106716014
563 2068 959012358
1149 1079 968389271
748 1938 915052991
1695 1711 971072085
160 99 948881998
721 488 571528375
13 935 7437031
619 1856 655130411
770 1815 368292966
2381 553 702364279
614 2063 749667428
1386 1519 1011606
620 1534 931135712
887 1472 609894015
382 655 967339903
1339 1222 323085511
870 967 516297943
1205 1293 899106670
576 641 985610106
965 2069 745047516
2213 596 448851952
2480 1182 917916241
1707 498 244438096
871 2276 264705941
2020 1260 523522170
636 189 572780833
1449 777 333405562
114 333 135456625
2101 810 840872966
77 1362 845878687
331 2151 565378507
2466 2099 120804420
1870 381 667359866
2149 210 510936139
674 31 428036605
2000 1866 167158569
1373 158 233306062
2264 1729 722032407
349 1701 73051305
617 2433 677506073
1919 722 942361876
445 906 140422862
557 1124 536166901
210 425 552330055
430 1047 796237926
191 674 564121626
1148 1704 280747350
890 1671 23038664
191 225 404245895
1321 381 857247922
411 1856 466363792
401 268 927048024
299 196 107730432
2278 1646 896150905
1444 1129 38226839
1875 1086 290701246
784 911 930488345
1950 1869 101017074
61 1093 280711382
476 1627 312674829
727 840 827206510
941 186 271472538
1323 533 709219752
2219 1381 624691929
608 1317 102082283
1217 51 11380967
2002 125 509975403
1603 250 969760975
1734 741 456665832
2006 1783 728974598
159 690 879227746
1380 2450 276093646
105 1072 552935899
1693 1817 672876202
2054 1595 701873915
827 283 664062165
1915 1487 733309557
1258 775 195421365
2166 481 434587621
456 1462 280345887
895 908 582020980
915 2234 72307104
1828 235 750372685
1205 983 671650325
1367 1380 360621350
577 1019 880971191
1428 1881 345719014
199 159 950538761
124 406 707444248
808 2009 998976364
813 935 62491161
2049 1326 705389325
2428 283 562993639
530 2081 849401859
1303 947 158881832
2201 1232 270847859
2012 1858 698913904
2164 312 139518873
942 2345 322786433
211 2244 99392950
1738 396 278624506
2395 1149 226623337
636 2422 240610958
1269 993 368534023
599 2468 933610169
371 1984 925235050
1515 420 990936002
101 676 151995305
1440 1479 987209481
585 289 365220174
21 374 710123628
1415 2499 667850872
1283 1785 92490345
428 1643 55021273
1645 277 311129237
1630 426 304755077
880 909 831414465
626 966 380810718
168 725 23379072
1143 2319 208334360
939 905 505223436
1676 1100 572710908
2016 1158 798678434
492 1462 56146224
1354 804 183438423
2109 2010 43145353
1819 2268 184362322
1755 234 539972373
147 56 962771365
1791 283 489378580
982 594 935775678
114 940 691186570
1642 1663 712926266
2490 111 921204936
1354 2341 251620972
1773 47 8958686
310 410 490171278
307 1073 139377994
89 95 728907744
998 2013 912076020
1768 858 32169004
1340 1582 359113826
1074 885 431081207
1723 1456 755609565
1019 2305 185528419
540 2473 302949843
1983 1503 924417572
1937 339 41888881
212 862 875178113
129 1179 459609554
962 805 490317823
16 1981 311042374
1803 922 503242764
203 2426 47419923
2026 2127 287646684
920 80 166716258
584 893 97867074
248 1604 351794676
352 251 354560864
405 1399 751028155
1683 2448 920004032
2449 1010 959129075
762 1259 637872604
1836 534 106632347
648 1208 845557208
1036 1176 521731792
342 2472 7227726
1055 466 297133541
1644 1806 430226471
236 19 446477925
728 910 645354225
725 1993 646388091
1699 986 45253044
1210 2122 943457902
426 2370 328510203
452 1615 180983810
1473 334 705775492
585 895 443410015
837 2006 23297905
1316 1635 854490164
637 1246 173211002
434 127 815692290
1738 743 418449885
991 1890 591833813
27 2237 398323921
223 1244 403538827
855 1896 442788441
1385 1706 621602472
1569 1629 19088663
1233 655 197176276
1698 1516 96989466
208 1167 294939430
30 2037 570023094
2316 1377 84735821
23 294 716685126
359 601 158456477
2465 1268 187855051
1837 2293 342442154
618 2071 913124764
812 1174 702026403
1589 2173 685370450
1976 1530 914823234
2200 1837 204167686
2243 536 248970628
412 1299 205140657
665 295 449168140
473 737 210808488
587 1972 90740549
644 724 377967104
954 2113 167752573
2193 436 875502627
1599 2028 835237878
941 322 201857113
223 2133 392043837
484 685 723291889
455 1177 225950298
1469 681 512007703
937 1997 428438642
2037 1688 482109709
1051 1881 865356928
676 2191 677723109
1841 65 194935266
490 88 96749155
1808 1039 474108616
1265 1410 600607803
232 187 173234887
782 2362 603206247
99 170 826070898
2224 341 18530045
380 770 344533866
1342 1619 807737770
1462 1153 419695495
1817 2011 59902532
796 297 117961368
639 1232 448024510
1706 1651 256634300
315 2330 22290214
1382 1193 954676067
119 1553 296765722
1941 1041 471614581
1482 1975 557951597
2030 2253 931184310
427 371 24056227
1197 1603 112220182
281 2266 254238889
989 2026 872240963
2240 1507 532408485
1465 2206 164577778
325 2392 908897470
898 1826 44887111
1904 220 374554912
1977 2060 880808372
1440 1282 82211410
161 1615 186913450
791 981 624818182
2034 725 859764708
55 1735 579405340
2440 594 577051404
56 2081 17071110
2340 361 779771062
161 1273 43877387
1857 2179 364926686
1048 949 938663395
2276 503 437331965
1844 2253 918506713
1015 598 874652937
1785 1858 736378948
172 1680 37511813
2213 1280 63054803
1786 730 363008050
332 1354 109682394
283 561 350032772
1818 1220 517761864
196 949 261136884
1364 688 575542017
1909 412 178479499
997 1022 163723266
2067 668 101178601
1182 483 292301811
1737 1580 322852396
637 2279 173049766
1630 1581 26931490
1809 879 711182254
1734 1059 412570619
735 1476 607137905
1551 1129 713930629
1973 284 921410734
1955 837 109367288
33 213 554139281
783 1302 253769564
1958 2112 950658754
2257 2065 477086889
1781 967 43298041
1805 221 119955529
892 1749 355761045
2176 478 344416293
610 293 608212528
1996 2102 895921504
38 451 670352607
1039 1016 407781409
1984 1858 194517259
2172 369 293357135
1351 2463 681844376
666 1098 871788724
1007 460 76902261
483 242 697103530
414 1220 306158245
1072 1892 482665767
2435 716 854971859
870 2263 405396911
78 1455 753327800
1370 320 524306387
2135 236 828897898
491 1558 943871180
2431 954 641512326
1303 722 786771223
1482 332 491689666
565 1585 153662912
111 1264 719862549
2041 1687 806705958
1678 389 515104836
2168 739 887726825
1846 922 222491390
2464 708 498407023
1028 1823 555578593
1441 2104 658061807
1204 830 298434108
1051 1115 503940579
58 2238 796041612
1088 1729 801491445
979 1173 780867009
1423 476 12523270
1083 1637 132276358
999 2386 19445164
1441 2135 111350538
210 428 643725383
2154 916 354344053
2012 766 523822363
2221 1680 169786510
132 1948 874463365
636 2500 520204519
1249 2012 989185592
1125 76 435110271
186 2425 455456514
722 1260 661263155
1329 2173 222276293
769 964 108552947
961 235 430057945
1401 2417 994613607
2401 158 254530593
2094 1602 277856105
1990 2489 215225626
1459 759 855045321
200 1714 850396535
1566 1309 951268188
2465 2107 40607469
2479 1903 504757186
1120 1507 35502531
2372 1282 314969571
23 2193 404812516
1625 368 64208534
775 2004 964029015
921 1767 802748751
2086 1709 759834565
701 2244 733604888
1993 2151 346389141
1953 1937 710180260
1263 982 944772099
1279 635 234673676
2207 107 980359993
1642 2250 157581212
1789 877 207061478
1846 2031 744001079
1038 981 532923814
264 1809 695769546
1565 116 442215347
1710 1994 448522121
1652 522 96434850
203 235 722534237
1182 953 485966854
199 793 353411383
1476 527 987377245
1866 2370 242539380
2365 943 20441236
2440 345 240045627
323 913 328681006
370 1488 18439775
615 142 546047007
1228 574 355282996
284 652 512653516
2126 1267 457650388
779 1201 925777461
1638 2413 90618913
490 1577 368971565
949 838 978966674
2048 185 840482434
393 557 162124623
253 2468 298137246
2110 989 123875107
1278 546 860856874
1908 1042 628407628
905 2096 871592029
1031 554 497605277
99 1464 275019663
1315 1046 435965197
307 1940 328556747
82 844 597212249
421 2339 233500692
1645 2407 387216558
778 429 619697737
1838 1978 763689429
888 2441 859987675
530 2191 854256279
1429 1226 275177247
1395 1454 9714600
1531 2197 960626138
994 1815 374628925
2325 2042 308711496
1788 1961 393795827
607 1847 621693830
2192 1924 229060306
654 963 749681552
375 1940 109101692
2242 1314 875574377
1752 464 26866028
1762 383 251213669
718 170 320503444
694 2230 677355783
1793 1958 629955347
1981 2251 38918234
1868 1217 873758482
988 1382 112440575
2421 1821 442739926
901 543 193163390
1295 1153 893216209
419 603 291878395
2290 259 166054837
1716 2386 594008819
1150 2061 822688044
1510 1495 56338069
2417 1125 200905486
772 1473 236752897
1767 2170 830223893
1583 903 284726251
154 826 135831086
2053 2270 592677056
656 1184 882847226
1216 343 607650869
2443 2115 963680681
1695 1087 947892564
2289 2033 797830077
1886 391 207628349
1270 278 766571524
1127 2413 193471678
667 236 221020659
178 1017 673687813
813 1369 106387456
1093 2267 172287462
938 1240 467555910
2333 2478 651706300
1314 716 505824092
419 2258 319798357
949 1730 482337500
592 2306 876540737
1958 229 519159321
714 2127 94066732
967 1417 487385880
1054 1068 295800590
168 286 490073234
1788 915 929070336
2276 2095 312935134
527 492 510142329
952 1184 382718758
1006 1494 259963878
82 17 160921732
1476 2023 697753805
1278 2295 73745294
1598 670 925179836
1952 674 443662395
1077 2289 807863299
2437 2166 452533891
229 1148 323382483
2026 751 555523450
620 1132 41870374
631 240 156175229
2163 2162 97122177
1322 1421 654009488
598 2023 256862098
339 1561 727079547
911 281 345143713
2481 1448 263301307
1518 1736 948810337
514 385 684944945
149 1417 92574698
754 722 713452620
1951 2155 26600763
1992 713 728037513
1112 2044 989459486
294 263 938664583
2331 1946 769079859
871 743 353881290
324 160 597800332
2295 2413 405663254
1477 2430 307449078
75 1986 791947086
2494 1173 425705330
459 522 671040317
771 878 594904828
271 1296 578936229
1550 1869 123511656
797 1095 346776994
875 534 706184179
1945 2289 115247395
1611 18 240764193
1872 649 848549385
1645 65 178891551
1565 241 724640353
510 2076 781485144
1584 1991 492264667
880 1026 104622986
1302 1475 966059302
1582 610 295334130
1835 2287 551111924
1735 518 557685530
2239 2331 408894962
282 978 230732725
258 2137 289907721
223 1184 648458166
92 664 471404847
1999 2035 261165662
240 1309 381933411
1447 1904 645554337
1478 2180 346866453
806 1379 414245726
2092 2330 533343277
247 1044 63072628
685 2190 368214313
483 724 917239575
900 1472 344130625
1210 79 741145576
77 106 702978993
62 490 920083687
1520 875 471657233
1555 198 768690540
2059 406 657350400
522 1104 102558032
2203 1607 249732813
2016 1106 481279200
1389 1054 113731223
2194 149 664903064
1269 2107 856400239
2306 89 269287988
1585 1590 588451446
2391 732 21679810
1094 1416 584965147
1933 963 375798805
2328 1061 845289096
241 2046 537860713
1833 2387 151083944
2415 445 562830998
2075 221 809684312
1616 1142 776443859
1969 788 943603418
729 2058 25546355
120 623 399721649
2318 36 748915337
371 1850 982297550
1971 155 192694537
603 468 504654840
2386 445 636368063
1295 1823 370146151
350 372 474763339
1385 2362 215964226
1676 1866 792681013
936 1319 749461307
1442 265 113774140
1513 818 773685007
2014 1470 33365247
1385 571 554342817
2396 307 86318428
611 1742 161939732
2435 770 936865073
577 1346 690033502
285 1424 165823617
1520 2344 114898386
1872 1206 187424173
890 1419 614669735
1229 423 825806069
989 1955 877606497
967 101 915445361
1106 108 980640038
111 453 771650061
1449 2431 168407642
358 1075 475731724
2375 434 972440890
35 178 22210675
2002 2460 734471834
698 1710 266776764
182 619 971989966
1699 1921 266765367
2158 391 136179234
2173 360 584547713
498 1887 757233130
1275 2028 521209478
771 1579 917849772
2286 358 277783244
1105 1448 215543696
1954 1199 168413359
1841 730 786386752
2118 890 141735747
781 1368 224265051
2132 2013 471352236
2177 828 205906400
2409 661 560798124
1138 189 487561090
1424 1185 33415200
2466 2124 659038412
632 2292 902537370
1312 1673 911973418
55 2352 131424986
1532 885 491307888
1312 2107 919097345
1794 665 523339663
1365 1664 961322857
2152 1018 101532068
1464 421 858442339
1 849 832301935
2246 952 49572874
1319 921 123369265
1678 1066 604706387
894 1766 727375082
2319 633 671528623
775 705 409289542
857 1770 741655876
2378 1632 792620814
1114 2014 258337427
1484 1689 814643768
891 2483 978190757
1497 692 987217106
703 1859 974647886
730 1152 963566711
289 2353 323212836
139 2439 662444467
706 823 870721001
91 1355 565384124
552 1332 178223554
2031 209 130568173
2082 896 391588985
316 1758 822046210
230 416 235237478
865 823 574236102
2104 131 329323995
419 293 7489433
2076 1444 832139209
2044 1546 97929687
2269 221 350914730
1496 1234 87890042
1706 621 99943789
143 962 554073340
1982 1726 299096388
2263 134 456457268
998 862 426477743
1005 1848 732133032
549 1969 576544557
1764 98 586577085
2306 1724 848328258
405 1708 251107950
1822 1013 498188299
1477 1453 99637457
2317 1683 273443604
2437 2420 730957208
1887 1065 690175284
1609 1181 349485246
1410 1456 525583411
1747 1578 783713223
1595 1043 279770062
1444 2179 881183757
743 943 693754370
1929 98 849839047
270 1339 209096534
2183 924 386701758
599 963 870733478
1669 2167 975908619
189 604 160721511
2118 1117 750155190
939 1395 606843076
865 118 974981941
1193 1895 321538654
1883 463 240554693
1613 1952 132981640
1989 1958 83153023
792 2229 975331498
372 866 966466914
681 1387 591538316
676 1151 82079356
877 2320 934410742
1198 645 327555639
834 1530 725883572
2163 1628 446949121
70 784 689647971
2428 1735 708008567
2368 844 841057434
1098 197 130758143
999 174 899621309
196 450 420939980
2053 2152 961040948
31 1869 98150076
1456 2477 244664849
943 1943 224831392
925 539 254652893
1297 2299 325746111
878 1378 538338960
1349 1193 507440155
726 617 85505305
807 1601 765854891
1495 2006 477841196
462 542 91216019
91 1877 613854336
1245 840 785192449
1397 612 32102197
1677 2259 918525368
2258 1895 857547244
1438 906 168203819
2421 1002 344455148
2443 1602 557767731
324 1188 427126963
1984 440 666355580
1786 909 125557933
1026 739 913157706
1526 1813 556248810
1767 5 860937734
2334 948 638338229
1980 204 578723323
617 2013 550019153
966 2178 654953977
902 2268 28245960
1197 2383 246056872
1004 1563 296008969
442 1263 913651362
1943 2324 519388991
60 177 786330808
1689 419 458603297
1666 613 336200122
1558 1075 126465405
2098 1086 224402047
1475 814 790015591
979 569 696451024
868 1926 902717372
447 1745 722405720
209 1430 600457644
2432 185 520874941
1078 516 93303286
857 2477 951468574
135 880 115332869
1766 136 918847928
26 947 804646178
2359 2303 422958883
913 2247 435363582
1218 1101 201251668
865 781 145232618
1201 2080 14529880
211 1143 822456581
70 111 890653544
180 1111 137209220
280 589 461508774
2415 1113 70960328
1880 1005 521968775
1080 1839 290292705
2095 930 594474264
1332 2342 854533747
527 2218 518400281
1771 372 880552705
2416 1533 33989150
1402 603 412602338
1429 2023 842468885
1980 644 36657649
412 206 85652752
972 1912 580373720
1258 160 745723100
1503 1955 779245165
2188 1803 184657981
1821 64 699577584
1456 1606 341605487
1277 1433 282357476
2004 2376 320515271
864 2205 20212395
685 2378 860022010
924 2128 289450465
274 552 319397318
1953 1730 192208483
1051 1621 199280250
1114 1725 303316980
639 2230 376958112
2220 568 666453786
1393 2469 64496360
1083 1090 608232035
1958 1499 609690040
394 348 607042600
999 745 106572285
2009 2317 206088489
1267 2426 457462894
1459 1130 159934566
1029 950 596366722
1494 1103 430518706
1876 1357 851329263
1351 50 742494543
2177 887 51479635
1963 2437 597443785
2465 2225 46114172
632 113 40031196
622 1155 452777292
342 1585 638785447
1059 430 740819686
2397 1742 646368749
972 2171 288527340
351 418 738898059
2430 2142 881554716
2085 1977 39688619
1337 1553 759530976
2327 1853 646035784
1562 2073 278550305
1362 819 395113461
2014 1020 7085903
543 475 890171649
1401 1451 3964127
2042 2077 510409888
1944 508 180413331
144 33 258317299
1506 2151 197913013
2385 402 749815116
976 264 98982946
2186 559 416998929
1762 204 267575674
280 1323 367959900
56 213 949136830
1217 1297 823673939
94 2380 8872690
2049 1751 374482347
610 2338 279447882
301 64 169161774
1264 949 921537006
307 1039 832043182
1310 590 678632175
552 1680 251295800
1770 417 949176699
2436 106 31362629
2089 745 732393996
501 432 852349477
1420 2102 689655116
1223 1739 489240905
1962 2379 7444712
624 2246 842150020
2376 952 140089544
1586 1377 879655640
2178 1552 790825872
1394 1345 81637545
2434 728 533388124
697 2194 449954035
2094 581 981248820
1086 689 992027293
458 857 369803920
1491 1148 527300033
325 1577 465033936
1414 89 272701098
1754 60 730593956
2392 906 946567140
732 321 109634526
1673 1541 93223909
2397 2412 236446710
2148 1516 189410393
1420 2364 608159434
724 2212 633044736
2364 714 329378224
665 448 900211338
1771 3 89160493
2322 1771 307173732
504 1118 553254411
121 323 299990302
808 322 926991084
1427 1743 515525398
2339 156 772242401
722 1617 462661489
2298 1547 955241577
668 1320 904348177
2057 311 193354371
823 240 186297912
66 1194 583330085
1474 894 622616102
258 503 46345694
532 790 632717433
1990 815 396457246
19 1591 930584114
2343 1589 189180304
885 460 505534094
2179 1835 447596028
1175 601 808879638
655 734 672039722
917 121 563539646
295 1235 232632743
884 921 417932283
2286 501 213851648
247 1161 421950805
2329 744 762465578
2391 2272 47709791
1492 1038 216651254
2255 1806 527032629
1070 2234 462676497
184 295 792430284
1621 65 796998548
1573 2362 595016139
88 1567 345968187
1193 353 638039531
1342 797 262889747
1751 1720 56634328
1459 1037 451536283
79 1917 584096291
960 2112 92937003
1980 1520 163649445
303 2261 812429669
1329 1431 706487287
1231 277 849521922
1770 320 122633099
1381 2356 461555164
127 1751 144341707
2476 2278 104906686
1597 2371 495281962
1979 163 981559173
1924 80 370243727
601 1596 888890026
454 1927 574585491
1146 1273 990612243
1115 1224 164088560
848 1821 215313985
534 1886 198507895
1952 2457 217755100
1879 1631 555531036
1218 1481 331875283
62 2398 246727208
1247 396 145654711
1476 2052 227861992
1677 860 967394497
2456 1344 893568963
1151 1598 266211409
2073 394 190895080
1697 2037 894919899
2127 1879 392073685
1281 1208 811066922
2183 52 951333061
363 2173 130653093
1630 165 619139418
1770 887 696105703
731 1844 747341472
47 1581 86142329
2240 2075 344501108
2377 2071 312439850
2213 1617 790878184
133 1465 537010224
2407 2153 409098863
1515 2311 585692344
1084 2247 590737347
1072 1676 751103113
1219 1364 610023305
2474 2335 257814891
1781 342 134990226
1091 560 855132158
755 573 778662949
603 1919 617773633
355 844 630129053
2041 218 67784061
52 775 350608279
2266 1056 328332624
1029 885 684830031
288 2413 207332605
469 2402 6686227
477 579 108592680
289 1893 830292122
1383 1405 692669254
1121 2419 608035608
987 2193 627956805
1586 1738 713055470
711 2166 502841782
628 2428 790165815
1069 6 77693461
1583 2183 655141824
679 452 731116208
999 1176 867991159
1822 1939 913734804
720 611 50858239
599 1419 480036927
971 1441 82684853
2355 455 327756965
47 1523 740433391
413 285 77061156
2342 2011 390948777
826 141 429023856
2303 1716 104732452
67 675 811502053
1708 711 380671533
2405 1739 388093333
1233 110 326087638
99 907 667610427
474 764 876020918
2299 13 361948766
1233 666 38167917
1473 1122 21200934
996 969 221984066
373 428 219384514
579 565 373402347
790 2450 152236522
1150 1901 192335226
1965 2232 115650061
2328 2211 153541584
389 1593 686689112
578 2049 691468610
57 1867 362745273
1807 1820 171189595
623 1340 520557186
2065 620 383388203
968 1237 638587525
526 13 843976729
1134 2105 631754808
42 1001 534374758
782 1552 881695232
1540 273 720016067
700 155 759938104
365 2432 854635278
1949 52 689840306
525 2338 954000234
2475 1130 588703094
1448 935 140729145
1823 1804 24270837
889 434 289354290
2265 871 726956889
2089 1018 91269005
1588 1855 441864150
668 281 843820869
72 2347 340626765
1420 2065 136551452
923 937 208247408
2298 2379 158295472
1933 2302 799733571
1505 2131 905957292
2374 792 126982583
2088 1256 837284422
1878 10 748240022
1959 1388 119410085
1064 538 144607041
77 589 139980958
2290 1747 888988238
2138 2310 5108403
1633 286 204290432
2442 475 605284697
2240 876 953238525
842 1335 156919833
611 1933 423424822
1710 492 257788307
1919 755 989793035
384 2484 450610921
190 1174 350864377
1929 2306 467641111
191 2079 496517306
1010 1423 106533513
2220 1953 519353318
1066 2087 764378136
1832 2418 219396272
1861 1996 542674227
382 1268 846640446
1668 2485 284893987
2396 2330 945296408
166 2472 886549066
160 985 190273292
2030 70 393874667
858 2345 801179983
1019 287 517403770
1000 1025 591756536
2332 2211 230896004
741 1844 680973492
1147 2384 674735025
325 1355 824272871
1404 462 268768765
1429 1736 152617401
1662 2139 991459360
1812 474 953781493
717 2329 674106711
728 561 263158041
1381 1740 2814781
1931 1817 973194175
1148 1139 426927195
335 2072 202510384
100 593 566208838
1598 1543 852367231
2092 1726 877190111
895 1612 710148159
2013 902 633339490
2379 597 42974554
776 201 655386198
2364 1073 225905163
1415 2275 935929024
1151 1025 52345824
1996 1469 219249448
2256 125 63582085
1626 2369 408548373
1543 1641 894522130
1739 643 990733618
468 674 241202794
1908 589 525342159
1718 2270 702077766
1415 737 119490815
2315 1901 879356509
2334 834 562207949
1672 2343 355957947
371 118 530022506
605 1175 510051919
1666 1984 974654402
1182 726 594778093
1209 382 709574356
2018 1251 798613710
1537 915 415178976
1222 27 365047912
2242 192 561379372
25 1834 244778160
771 2132 437958895
1165 729 350483436
1665 609 407371124
1530 1302 859728935
1096 2224 688963148
1278 510 4813271
1690 1823 926987555
821 371 854291836
1550 1924 796985245
926 225 955516102
1019 1516 825168868
543 2061 887561667
471 219 512359990
1897 346 234338472
1979 1789 994881900
422 1403 434912047
1822 2332 490427626
2346 1626 45319328
2228 313 140082245
299 260 47216574
963 838 329757840
2384 719 289943602
2246 2243 122401527
1207 2130 637189734
38 1779 912627189
1862 1600 755692166
1916 1064 335619493
1782 118 363546559
2473 102 709804292
1155 2011 358159917
30 1929 72508254
873 1675 591417543
1640 639 174096384
677 1340 116270972
1413 712 986766249
233 2147 613627399
994 506 571709636
1661 2493 381842582
28 530 965007720
2126 1017 969351094
782 85 555839633
1295 2186 47245846
827 226 256787505
2285 718 193886006
1362 1235 842260270
2210 389 95442870
2454 367 254325701
748 1764 348207495
1687 874 688256909
677 2415 902256388
2164 1330 994827200
1538 35 285403594
929 1588 215590360
1384 646 944272764
1258 1644 24714228
84 1540 241955521
1523 522 823192203
846 1507 984659130
720 150 22026272
162 1032 830503081
371 1372 176856654
1391 1539 330097887
852 940 94905124
536 2216 542188497
1818 2169 666430901
1187 24 649017891
1347 1686 301035953
1254 1020 698858875
1802 931 884427016
151 151 937083516
1342 1446 768539280
2110 2122 160707951
1947 907 158274763
458 2446 245391936
995 2313 411915373
803 1095 592482491
1667 1529 44296410
529 1597 848453230
704 1959 158845828
1130 1249 498956117
399 753 12549985
1338 457 478981319
1475 1134 42049280
1225 2254 991685760
1419 851 587809012
1876 1602 563691248
180 1165 31230094
1344 1874 311712482
781 1249 73439512
949 1511 283766234
137 607 65680176
87 2170 555936214
2241 595 819872360
1952 1463 410641156
1591 554 101538120
1014 489 370165959
395 1966 543851093
998 1692 70386551
1901 546 811505201
1080 2378 312275643
73 1773 791034794
677 1671 750345624
2169 1965 825961833
999 472 745048890
882 684 832041217
60 111 209880633
2402 968 124143593
290 2039 845158500
420 2193 282585664
1299 1764 993003524
299 2462 367306292
1012 1274 877110291
1632 1569 698417254
45 592 183868365
2042 2212 20335942
100 2097 108199402
112 1698 141186753
2023 2047 354414112
376 1188 118741788
2471 2247 744615820
511 909 829035783
175 2422 73051552
2327 61 396514678
2412 743 218684219
1409 346 583070806
219 22 436776119
2028 1984 232978183
1456 2234 520397064
1918 741 479412309
2408 997 134675537
1911 1170 18026023
90 1101 895796252
2295 2372 724061645
1252 2218 927204423
1290 84 872683630
1691 920 955025751
1223 738 370828141
1968 1824 245053387
845 1399 570228797
1731 2302 432658217
2230 1196 201831029
1795 241 673186023
2179 653 973167890
1909 2177 462684484
1404 1653 288554254
1513 1359 708258040
1231 339 967427634
1489 386 757217521
37 1220 553303044
191 1562 129303138
793 1755 723323772
1657 397 304096837
700 1361 118073649
1482 2275 464220003
2455 1702 198578064
1348 668 80889211
348 1810 566413201
1840 1933 519105174
2258 2428 50151228
890 1672 650716606
1106 10 46801539
1702 704 219949554
172 2365 679282285
1628 66 674253788
842 2274 674396650
2038 1900 334127793
333 1185 625847959
974 473 586494235
330 362 56728918
1459 2240 782981277
601 2398 281719810
1009 122 399205677
1252 2420 345854295
1259 1725 386350102
2091 1557 587031276
2213 275 275300441
1184 740 751202936
722 649 64389760
1916 728 114004688
1686 858 10247092
1412 731 993860793
645 861 601360688
981 2355 870771692
402 1890 721635262
405 331 977727907
1391 1865 275085800
2280 1040 343469410
431 1342 597843231
1027 655 429334672
1372 1015 135917392
2234 1537 447665459
2319 383 213548090
1386 2114 297837003
6 1234 402341522
2334 1753 967891127
2089 1356 771589069
1153 1117 57550026
1315 761 25846537
2006 2243 475938930
333 857 344675379
2367 1906 301017809
415 1699 537082296
1153 28 601675145
2142 1371 969641571
157 1766 123205758
906 466 35843736
1860 1531 50057028
276 2397 389675912
1234 780 265486106
889 1542 991387953
1739 1619 244589124
2439 532 735978686
2306 1507 607001555
2320 2208 4980762
1268 1134 551583127
2061 1862 870151526
2141 506 818973481
1209 2384 458474547
1463 194 354713030
236 793 389262111
637 361 671103947
659 1071 159541476
157 827 1493665
718 986 386194845
1520 1500 561007990
1258 1891 583145199
1057 2267 301015088
1799 1462 611345212
18 1977 748256536
1379 357 534980495
2273 1901 684362338
384 483 582949975
690 1637 434874040
444 1721 12485646
580 190 513867787
319 1235 597301386
841 155 264528523
1933 2135 529430534
1143 1656 247890631
2200 2257 400448276
423 977 394644599
1566 924 853106408
645 685 301321454
131 318 27385778
2144 1099 873295867
1401 1576 348523713
24 1721 183311097
1781 2413 891477729
2250 2188 998890830
2481 1662 918792627
147 1783 890130509
2036 1034 136198369
2213 1296 905155861
609 2062 773919994
1820 1971 669701636
1834 464 643868786
2005 869 415575336
2310 893 811669185
299 573 274558990
1057 346 667924097
1404 1349 794799736
2102 831 116332390
1372 2443 338267395
1315 2473 825486554
1035 1534 340375048
829 996 109776188
1672 1130 417398540
2015 1836 950937687
2311 424 226919661
821 2499 435764523
2418 2098 546936697
1191 1078 802528092
347 1545 50104144
1384 2483 926867017
1439 935 472675404
401 1412 490810992
498 2118 230729274
1286 1994 757509991
2154 1225 3190543
1282 923 114734358
182 782 111889418
285 2304 739229841
2234 2310 860198532
2308 1582 407122938
2057 1425 695840564
703 765 647622726
877 1979 167293781
1818 2121 953229769
1505 1939 401778393
1758 2285 237740390
2128 787 114969504
1775 2477 976474396
296 2220 604086907
1340 299 685374449
1766 455 420378138
1799 2325 372386743
124 1082 136372999
1896 315 254877869
2257 1691 741203962
2138 206 5848725
181 392 419897133
1652 1525 915916751
702 2288 853946590
1127 454 208381999
1223 1371 304919046
604 1913 992656556
2162 2233 456025004
143 1393 185034798
1459 1809 255942934
2016 2146 118038045
2343 351 773258204
191 2186 323586626
580 1814 791612936
279 463 225192916
2028 1250 918442073
1909 572 96055411
286 1379 107090150
1807 509 176513183
2144 390 935165850
2481 1258 68359612
687 1207 73432941
730 1754 4534139
464 449 810768115
1027 1163 742485395
2312 361 143353602
1192 1664 525041582
1725 144 158857600
771 1493 242579198
1900 1146 295606819
1257 1800 485520352
2376 2298 318952279
2211 877 289519503
2117 192 400637177
601 711 219599587
2109 2283 551946290
106 1059 272077170
1836 2255 176207873
968 1993 407525733
1672 475 823074949
1315 1332 137148901
666 2352 735904346
657 2424 860028829
2123 1104 808421441
565 1650 496549130
524 1932 718315761
2209 124 132795244
1775 449 511833036
1501 2472 728419208
2369 1432 319871282
2345 1805 359629859
1247 1634 447121670
1749 1774 756486456
1824 1062 597458592
26 1492 696178544
2158 296 14795854
750 2014 780500929
540 2473 450725455
993 1966 476548862
1319 584 48067681
2427 1446 816574364
1030 2164 373413165
46 1061 69634072
131 572 150993450
843 1677 470267489
1514 1386 780377240
63 1919 297584601
350 2382 368690122
2061 2387 22936994
479 909 680057002
1705 1051 291431464
1977 2102 298553327
498 2228 776913726
1113 1346 99816899
1720 2406 21323130
1263 1713 25412854
2476 900 661660522
1698 1787 30349255
66 540 551626955
1359 1553 117411686
1271 1457 459714007
510 2159 666990748
231 1560 463339024
34 2333 855379791
605 126 796680021
2362 104 485007602
929 2263 528993810
1557 1189 322253142
1023 1671 264826026
1677 2175 612602487
2377 696 350955007
1438 675 413089195
2232 1990 851082392
2401 161 732541926
2267 1696 430099343
151 547 929410164
766 1993 784575043
262 355 121554831
1246 1313 211885577
1228 561 19968472
992 808 885012158
2454 1288 271983303
1493 1456 693606341
290 2160 390212347
1002 1474 579768894
1269 1718 14046663
2131 1984 95491467
1047 669 936277654
645 1719 714797040
163 1546 140621697
1940 2339 460870361
410 47 815866782
638 20 563460748
117 1775 410557487
1523 496 922651137
1195 202 816180935
1602 2 83452555
1100 835 659687366
1970 2373 15516049
759 1491 280426218
2078 1617 5253584
2353 457 795098880
2196 1850 670758560
326 2267 410849465
2428 2311 633418594
896 1569 299195097
1809 584 722214898
2413 2349 945511771
697 2349 856060894
369 1865 140477012
1702 171 954462674
1063 1515 947101476
700 666 351150239
1339 1595 955564508
900 1832 741449929
1712 758 807270978
1643 838 142010178
1743 1409 271094214
1839 2195 672571372
813 684 721598965
1840 2449 839093731
41 1764 189860131
633 938 103434171
1378 1030 513352540
1150 687 662444133
284 587 897807020
488 957 771305293
1958 1254 937905720
81 2184 935086491
1483 2490 304882559
1606 1165 575463854
1492 1878 463849902
632 1766 417648682
106 1596 141860487
142 1242 247766639
1744 662 747536717
247 1908 391920634
1515 1560 439418392
2359 708 261295380
410 214 91697330
772 956 94123229
2448 640 362788309
1389 2271 279050722
2103 2067 939536488
1216 2102 170295858
147 1566 728521220
2033 1146 138669325
1883 2323 872688835
46 1607 400235975
529 2163 958761479
1486 1043 622863969
1503 2013 593696299
76 470 203699684
214 2052 17937343
2076 1681 499763380
656 464 55892255
532 644 272999348
19 362 110518757
52 2425 815901121
1993 817 688117330
759 1250 623805933
102 2101 102683079
358 2277 292596356
482 1598 160555923
1684 206 36370467
879 1196 341097805
1738 1041 709727710
1836 110 763778532
1750 1886 679197116
1631 1104 431150290
1119 530 556819119
9 182 859931308
914 1697 260580604
2136 2242 989907299
1477 1638 344989328
2134 163 200199204
1578 2219 693562048
2236 2364 252928941
1390 1527 756637384
1296 1239 218243546
814 373 594983418
2011 2060 428562382
222 1103 138297894
2104 30 878984098
1867 1155 878388028
56 1840 517495808
1841 328 319511389
2316 1884 716317704
2494 971 625017261
1549 934 525690757
719 2043 976103427
1834 331 420594797
1986 509 926184545
1452 1695 343962744
1002 283 280467017
1429 572 640199451
1503 2369 877675103
2202 1699 781595441
2264 1399 416016072
37 29 869886147
2391 886 485362722
49 162 144416663
1342 246 96131962
1996 2058 677978020
504 1096 591611646
466 563 164290392
7 1283 339504660
1287 219 288243597
2046 1929 907209307
948 2214 148555938
1979 644 873048851
843 616 505880726
232 11 193182561
817 1294 13414930
640 26 922480350
478 1287 70730648
415 103 3162377
561 497 960159875
938 2454 128166271
815 2120 346922164
2152 677 179322944
2090 1651 515872541
307 635 880869338
220 515 308183971
1763 1284 601728598
611 106 211482982
292 555 571831832
1284 790 918836957
1008 601 383999998
2457 2072 606331141
1764 2050 653351425
2213 111 469106513
352 926 134647364
126 840 712318198
851 1434 36079445
652 86 163860095
995 472 70589053
591 274 317164568
1978 1669 361721842
907 2295 489738782
1996 334 340070529
2416 2211 682770495
1218 1914 393649198
2051 1608 637536339
739 727 40085414
1663 564 21555563
1108 853 178838923
317 2232 658770378
1829 454 159896495
1363 1051 643095440
1318 1193 124589213
1771 1227 319764071
1182 1344 201611487
218 2146 24340718
1388 1820 189123801
1686 1543 242949298
1180 2226 982546453
2290 1359 560105680
862 190 824583640
1346 1762 3780715
621 1709 444356982
625 655 782706458
1923 1339 124755432
1875 390 478971134
1005 569 45995667
2277 1185 152447340
1431 29 349004307
2177 411 484781463
1203 1328 630890825
1119 2408 894469131
936 1882 50867974
139 630 126189888
1461 611 238217386
437 879 123207849
651 981 663482405
1641 1720 966919879
1541 2238 828957565
2308 1432 718071454
2198 911 406129298
989 787 770542629
2353 2040 597468067
287 993 53786939
1037 1892 817409838
693 1961 684894172
2318 2269 488385332
2053 557 514675560
377 1714 268672875
1280 568 465922017
1650 1442 930137264
1648 1467 121923388
1838 866 250102775
2198 1039 165854003
1323 1726 247733548
1277 781 55913391
152 31 285723992
382 2309 72572034
2159 2039 79265135
561 2358 810888547
2242 1174 532437857
932 2433 988081993
997 858 6810117
2178 1234 700103998
872 1679 236010542
1316 995 182068861
2115 1709 340682813
28 1568 122165651
2381 1542 370559029
270 2436 949815483
544 2257 704623028
966 1097 550811972
458 629 289288855
509 1224 238674573
272 197 421434792
2009 2483 848641934
409 650 29958026
1267 14 764070766
1778 345 593742037
1941 779 205822579
872 1323 89185582
739 2407 426241305
2379 2441 315951925
1897 487 149030864
759 309 438930285
914 292 24794766
1155 2224 588758591
124 437 440108057
1301 1452 22080086
25 569 471443724
1395 632 6171209
802 1289 876885423
1975 2241 135026399
2370 310 189647401
786 1108 964085897
2168 1907 394702630
620 1122 718160056
2453 2368 886649742
765 2176 496283644
2211 1988 861885245
669 1702 797384693
633 1802 300125837
2031 2344 54901121
877 110 874205738
771 518 366287401
344 2065 5223696
2421 680 61010866
1692 409 876499010
1806 1885 277738401
947 282 233689204
403 780 862483140
1315 1781 873222471
1925 1026 145842737
839 1417 64246238
792 132 946192794
2395 1346 649389826
2482 1121 265478295
1905 76 225177679
596 1717 752066171
1118 2332 300436234
163 2384 800977612
1099 637 211533853
659 2327 832156173
2295 7 31888760
815 1169 741190900
2121 1557 150775412
272 1706 64581918
368 241 720043707
2186 1883 245788749
372 84 178999232
762 1109 299684661
632 1964 407061764
2324 1749 733846744
1215 67 489059734
2257 1256 77486213
1231 1171 77397176
1403 1897 116191639
2042 1995 466665268
2112 1826 533035801
409 971 205383557
927 637 166126039
1054 2215 174869186
915 494 489268260
243 1402 189588559
470 24 976507628
1743 1592 183079571
11 1676 665964508
1842 101 807788384
1436 254 59545456
656 2454 122207982
697 953 40326544
499 1196 742377492
1966 216 771974177
2193 653 72980579
2276 316 66483845
1717 1707 94115469
310 2035 166710720
659 1072 42136481
935 2157 567453864
579 817 780296121
1773 801 990273689
1625 2186 112944547
1795 305 423738712
1676 1726 176940374
717 1489 21332369
334 1083 942985697
769 45 916950642
2392 1247 608716377
1113 1146 937883311
821 329 979638870
865 1858 988607771
1898 1092 934388654
2344 1948 240507134
510 2256 549863922
1746 208 199891793
716 1463 858692519
1719 950 911198438
1429 1569 367824617
1486 1701 319196118
1753 1271 8298920
599 1954 191126092
291 1548 668113932
1215 1396 859320793
2382 856 342660586
1235 764 900996325
1218 910 666791659
1742 1543 889023075
2440 675 521936733
2284 725 69952153
1069 1154 92357221
2058 2115 402290359
1939 981 200197684
840 1809 904419935
1867 1044 927917511
30 1952 621992661
1882 862 810949429
325 2103 101246650
1271 1387 463027594
1381 2023 910077290
203 111 958175583
938 908 215511068
899 1906 935914478
1003 179 619723672
1837 2199 968686773
1564 1633 466793458
1577 288 163322775
1106 1191 359756679
1935 2024 502235614
1032 1652 577538733
495 2318 877650441
344 2382 25974945
1639 1346 448725973
1020 109 846400984
2078 1787 949654048
792 1497 814933474
995 1648 918391595
2491 505 302210631
2052 528 347554486
810 2482 495107911
799 1751 255076663
421 1741 159693112
2062 149 600899610
339 2271 296421684
982 2498 930450664
107 579 15520073
1907 166 970023894
30 1952 151144709
96 1003 311087705
660 320 771586778
1832 649 602980279
814 1792 746998831
745 1184 61056037
1435 1733 841749754
33 1284 206501114
2349 1542 118252625
2395 400 741140241
1454 2426 830673714
1271 1853 615039360
2353 1261 664863605
2364 183 879890553
1277 1894 687140394
2367 1847 791685183
1909 1373 758879428
2017 1067 397833379
310 2165 194693261
1162 1022 909297511
1593 2371 985526988
1757 1582 372817409
1318 175 132542635
1899 1688 671633148
2305 590 293961876
1570 663 235552401
822 2360 709643181
164 2334 31567135
855 1862 587314089
1748 1406 372474072
624 1544 469516188
1730 1280 406218967
1983 1201 196589474
1245 88 561741640
1527 1317 467293311
352 946 287646525
944 1957 365056689
1135 2273 101683062
1359 1986 191265443
1452 1542 650460109
1540 1193 50273779
500 916 213804843
603 1254 38982118
2111 1047 745405443
1708 2016 95729958
1303 7 815588884
2221 2434 155675159
864 1574 251697965
1055 1464 624825165
1793 612 576605715
2192 508 917739996
2322 667 737504629
1010 756 571782420
1843 1365 505776533
85 2405 367330966
1292 2424 615454996
101 1056 614764261
829 883 174390576
396 1846 68363625
1759 1431 560668842
35 1698 54612727
1974 57 875952994
483 2054 250068907
1847 126 742947936
1199 639 88930024
532 2142 254548709
1400 1437 761824434
975 86 999480734
2155 1001 941653836
801 913 405499611
300 1831 194493158
1836 19 873936444
2203 590 400719375
2396 1860 481339660
1117 1334 578731729
1855 1187 428964489
1150 1151 947749683
2460 1136 767445391
1962 1747 31319606
1160 1835 372281561
1238 1635 269750743
2338 253 990234859
716 1554 441446311
915 2089 110951234
1576 22 776452235
160 2051 137424826
674 1617 189110711
2124 1331 952191899
693 2031 169159617
326 1402 135244731
1266 1185 812698939
2072 1370 897297410
1975 371 878875624
2224 536 118757386
2006 1424 557011873
1018 2328 900760855
2093 1546 656997833
607 1647 977937636
992 612 60428399
767 782 965557865
976 655 915957436
2055 1560 320147539
2316 868 144333049
759 1891 586849944
2056 1923 2755591
2051 1252 809615571
1663 840 29834545
130 345 754429750
1362 1784 299193658
2151 2342 600465738
785 516 118114686
1901 194 259419322
2472 408 876224904
1934 2129 480456642
1326 541 593505892
1453 381 203376123
1407 48 970702338
2132 2255 739574997
643 1874 294646166
562 392 363730594
1884 1637 715104388
272 2347 257694423
395 836 748937391
420 502 354461243
2074 1794 122904744
541 1490 477323043
275 962 875424431
1700 806 911299566
647 1793 857053030
280 437 122598765
1614 598 452670410
2279 1091 624895999
1935 1486 799626409
1602 1385 514095802
105 605 251126524
38 1160 339611820
1831 2 679013360
789 1122 57169255
703 972 375107930
2098 930 97574261
760 241 172341109
550 1460 5238891
948 1481 944145304
1101 2424 780163339
1144 673 581068919
1891 1326 288292575
1064 1297 235375385
1901 815 523849674
1096 761 621585988
277 1482 541707577
2012 2075 138105475
2165 2283 269496259
1029 2381 447037761
957 253 612487042
1289 1316 294270846
935 1674 297817528
1300 2303 23410463
2400 982 880623177
658 1542 867656062
2142 79 591230091
1430 2476 541587905
1348 307 241174266
1920 867 325249927
1426 363 874563640
726 1446 58426764
586 2185 481381462
1223 2295 975138589
35 2315 17914096
1641 551 984741723
1661 2152 255016648
533 1489 394387117
510 1802 859218665
1599 1647 176460225
2196 1578 674563049
2261 804 125899772
2010 2116 628317371
469 1901 3139950
378 2286 245153775
214 818 558946715
1831 1164 184053360
2284 54 193956334
391 1382 122525269
1728 1282 552053214
863 2202 627058818
1386 1875 605185839
1445 1446 268644467
2214 4 10060882
912 1890 67660786
279 1445 963370498
1772 100 637395276
587 695 96950518
209 2339 501639081
883 317 975125920
515 1281 606844938
726 67 45974600
244 659 36440102
466 2297 765659542
575 1287 969390709
1590 528 256041640
1919 339 588499112
2085 1808 216750417
2252 241 247824797
1880 1128 539405101
785 2437 231304234
1183 977 114720138
2074 1706 395907608
2207 2269 555765319
1593 2406 760860279
940 2489 503208202
1302 76 993030346
508 1978 531958897
600 567 445299856
1881 1930 135189476
758 1152 444087975
518 2037 490154237
445 2317 177134534
1237 349 234041587
648 425 756290235
1293 612 382168558
811 1914 498420201
935 1434 374257031
2261 929 816772852
1818 2221 70835881
1572 2203 889280881
2416 2427 232242059
971 1001 235639119
1547 1071 310480719
2026 463 425429301
1455 2013 796338123
1891 963 203532466
718 344 528715963
2474 1721 611482178
1774 1773 691010806
1369 58 280509510
733 1031 903485090
1553 335 713288078
1227 1834 232820982
155 1700 203780728
2255 1131 720149069
1928 2396 917694953
1650 2431 123421712
2427 118 445729311
1977 2026 928488239
1925 495 262913697
2126 1897 795436647
252 2475 717463424
1273 1717 725535822
1425 2087 76795144
2313 1599 172450542
952 1368 647039844
435 222 760595251
1745 2137 404334558
73 1623 481573575
146 10 401840350
1815 2115 508752203
650 2498 153572944
2339 1826 339138247
2075 718 146882520
746 2416 321780735
262 1651 223454673
2365 1373 146422516
1774 1475 330390444
231 72 76834717
1335 295 79986636
1233 1197 159530675
2244 992 24850512
1962 1592 882896491
1267 334 680828494
650 1505 341001049
2293 1144 502091898
1616 1701 577317916
314 1901 481184371
2130 1130 968729800
1636 1716 721940320
2040 1338 586052258
2382 1294 404197254
2347 1980 306631048
1188 1294 907483494
581 2352 854838428
2180 262 259268390
2416 632 467070819
1605 2237 34840520
2178 1400 329172531
345 1385 649063403
1460 1681 429820850
595 1340 663813885
1146 1673 195016232
274 446 255216036
2042 1956 13307352
1793 2142 103259678
1598 768 597656597
1241 1885 596138176
278 1008 323213553
1014 437 17039303
2153 44 81880235
852 678 740760969
2360 1357 98242401
1195 90 825138824
2276 1250 597994174
1582 2180 752669906
564 1888 310598929
2068 2351 379203477
1805 1999 611615140
364 2313 801534736
891 62 201369534
2213 296 428093082
1815 16 807030285
2333 31 307668358
1761 883 670702657
26 2028 268028147
23 24 955709725
1233 30 878055452
487 288 776572195
117 305 283478822
378 1874 919255430
874 205 566250256
553 2294 103722621
1510 109 352033592
2351 2109 70125088
72 1985 596712773
283 607 393225776
2371 1677 185023583
2264 506 362105307
2082 503 961206830
288 2153 182476422
642 1917 263548370
158 1202 382843947
30 70 920860144
1238 1157 324411037
1825 2246 250278530
210 212 808188997
1444 1641 956006258
1719 1391 187175317
1095 2017 735676598
1688 363 350162291
1633 1509 371697425
961 1729 213118615
2404 1190 644333673
695 1655 138997769
838 1028 946279546
983 1159 885924062
1311 966 313769195
278 2136 675905711
70 1373 997149127
1043 2004 971008551
1519 353 771663078
1489 2315 827015637
2333 131 148425773
1681 1774 384007981
1910 1881 503781018
1995 1117 764856196
27 2171 602535913
1497 1598 412501488
2298 802 529221316
1602 165 314989654
2354 1607 609558122
829 1799 503110420
2348 905 805026985
748 2290 472399086
693 241 535709603
1768 2163 406512008
627 2295 924457310
1713 872 728310924
1102 1583 22368132
579 2359 134283196
2299 145 580858997
74 873 835524128
1688 1264 177152001
1707 96 370373434
2180 2319 75098392
689 979 685915505
1668 244 183411
1337 949 541700460
2299 2294 797273769
224 2160 364119465
108 1278 821064469
2229 1263 155675583
73 1545 317677450
569 836 78037012
219 2267 917926242
733 468 492952832
1901 148 493223032
1842 2318 953372161
1405 2026 182313246
1603 2336 925886472
983 1359 751818826
498 1921 566201801
1188 1057 829966167
696 1746 160100394
1708 147 413923682
89 265 168184416
1162 1424 869901106
1371 1581 789710451
2444 1085 124895590
2020 344 166398733
42 924 946286263
1629 2199 207959101
1066 1867 876284936
1591 216 245500396
2073 985 650346758
1149 1081 464025249
2434 1210 150197261
1905 820 16246467
2020 376 984209031
534 614 280855778
545 1182 515867609
648 872 112343470
680 272 773543133
1965 620 194826459
1635 942 856532660
555 1098 281795910
2379 1129 266003646
41 1504 411807808
2441 272 225080886
1585 1705 24298972
2421 2284 231508951
1653 357 843256428
1895 1016 405057370
857 2479 748144884
1805 577 545084066
1119 2040 925332004
342 1347 520367159
471 396 271179734
2127 2062 687397658
99 383 498557994
2176 1855 212800868
855 1613 179553040
11 36 565555305
166 1128 819216158
1481 2111 94143307
1164 42 926133914
715 1326 512519567
2440 2408 454766723
576 729 529237429
1391 1387 711257156
816 1412 735193079
2054 242 304222037
2330 2359 666626820
1488 1166 68502715
1628 1562 76687272
825 1941 691094136
99 207 950271908
1692 1300 292307795
871 485 19621368
2405 1972 233119539
1067 1939 376521413
2397 1743 268242119
316 1172 607072360
977 2222 372491273
1371 1808 879235192
786 628 449552800
395 1155 755384218
1458 57 66351644
1621 1115 986823591
1108 1969 682435190
1238 1318 727401513
1086 822 346409900
2016 1331 524484372
1407 909 963207748
928 1055 753246101
640 661 71072086
540 892 458644069
2000 2472 806617428
590 1895 393204618
1426 836 697141619
1656 2049 612313986
967 350 375581055
1793 2023 547897622
2175 1336 412480807
1579 2328 446061045
1994 1982 554192384
784 742 409800666
1128 1682 765801923
236 2095 851587553
896 926 611240300
1884 356 969868716
1525 1461 158446212
1834 1422 768795018
1660 1445 110169536
1183 907 30422232
177 2419 576061136
2422 1288 203070237
1746 910 33038753
2219 757 76930686
175 1157 871834904
1130 745 232417387
1448 1115 240611235
2349 2184 995121791
799 835 13475828
96 1372 145659493
2241 1330 644116298
1916 2057 640251307
1040 2380 775448042
1193 1365 36230381
2220 345 129138801
2026 380 138058302
2454 2414 938137104
737 345 115886775
381 2230 357032628
2076 1825 193497188
601 505 111196821
1767 863 7175810
119 1093 344396658
2300 502 838891454
1215 855 45887820
130 1676 248466255
441 1510 153373634
2160 980 123046092
1574 2497 202475401
1558 2058 224759465
2375 2157 166527522
2017 2016 866167904
