2403 357 2500
81 1491 736130363
134 1357 94479889
176 248 832327252
106 401 500865769
13 1901 267017037
188 1491 566007365
105 293 521976648
344 2310 35653874
229 400 678385536
272 2056 458495799
312 2004 501813783
234 1505 690929593
1 1896 731851773
111 543 747865518
36 1157 308844039
176 2448 687878366
255 844 661163784
292 301 734978088
195 1191 103162166
219 453 215249716
282 91 118293503
210 494 607797328
269 2337 703340994
44 1448 59865773
262 1112 611888387
308 1041 775129477
228 1801 331791531
71 1906 182985370
257 98 779040403
307 2105 708360529
265 1657 804589237
108 2097 102415552
43 149 908527146
345 1656 858316003
39 99 584307127
277 147 748659695
197 1496 515531301
309 1541 912318603
98 546 264814917
26 2445 504430619
296 1404 146423587
67 203 163524898
204 1315 945266013
40 1950 302145499
330 257 423470880
262 2012 253869566
253 943 162442113
322 147 123908036
81 2241 880741036
156 1946 70857268
284 100 569308979
302 291 195663604
221 163 264103088
125 1353 348465072
292 101 680351449
328 2305 14892799
230 1601 266207849
175 960 559191889
192 1160 582516414
32 2141 594587669
9 2443 157914185
165 1904 677677103
229 950 412508191
33 1510 901348909
285 750 4087912
196 602 544817141
136 2269 249783325
145 1237 838768644
217 1004 456478683
337 1399 427848125
333 351 127889971
193 246 664324827
8 1353 883696883
155 249 135765117
161 1811 80108299
229 1050 946608181
169 2456 115230516
7 1699 999834037
212 1405 878964886
287 2452 974055277
233 648 767138626
351 992 196289030
258 1710 58743432
150 251 6217164
256 1598 146067592
292 601 861770200
67 1453 151578474
285 2300 156611370
336 602 255925252
212 2205 168793606
72 555 865851417
14 498 117535538
12 1268 168433530
303 2089 331329905
261 1338 10550095
139 443 413171270
206 1103 436595459
149 352 172946935
301 513 264319059
246 1433 498276770
258 510 49526714
111 1493 672864432
333 1251 655317975
260 899 809453866
157 648 434142385
119 2450 57619688
54 1553 40635870
61 753 567075957
10 1962 275974629
15 1290 324002721
138 2400 281784807
253 2043 734741004
162 2261 530212004
64 2098 724974739
122 996 603241397
241 4 517835840
66 556 995132387
73 2040 572068182
111 1293 212769165
137 2143 757928439
48 1557 708377439
214 2197 234698603
79 2102 681216872
243 559 226996806
176 348 544211229
192 210 207073738
341 2150 153554630
130 444 762796969
22 6 327515508
126 2395 204378328
46 1088 232221556
331 1600 477363578
251 349 585067199
304 2442 462196780
259 1651 126210227
268 1486 145922190
124 1093 408784276
302 1541 982818900
64 598 870645848
24 2500 27420683
64 848 648549126
40 2400 593472058
61 1003 871697689
177 1055 996445312
63 1755 958240225
273 538 620841729
73 1690 841298727
121 96 489167591
212 105 311841035
61 2003 676129306
245 504 278589970
217 354 550512481
56 1658 749065093
278 104 678407999
218 2349 52992500
115 1756 388820245
34 2252 234805654
225 2150 622197216
51 791 536476067
342 1549 296524240
340 1730 645639485
349 2455 127156930
80 2147 993722775
203 57 469478431
201 2446 967748561
91 1893 175622214
340 1180 86966402
143 1596 255127505
22 1656 554303739
31 1359 848091471
189 245 654148329
47 485 846442166
28 1645 179264111
92 1386 483802892
304 992 121544269
60 1195 29029546
305 1048 541705137
67 2103 399724544
79 1002 320819497
135 1546 534357051
299 2195 220149737
111 2393 125854993
318 2408 310680543
255 794 31769267
156 596 44598247
12 268 62994310
91 1943 297379680
167 2061 332947208
70 1000 805400963
342 1349 440778045
1 2496 836229425
175 360 856430181
14 298 222776414
136 1219 614780598
288 245 157974359
260 199 903494286
218 2249 92128035
75 2202 378708232
244 158 707991102
194 185 628879241
311 1296 627598696
129 1346 261470181
108 947 141297251
52 1899 744412644
15 690 525476878
160 1489 653094480
35 499 110092179
153 99 326143675
66 1556 752427007
145 2337 632904239
46 238 881045056
164 549 383960270
174 1798 959054341
70 1850 873060087
27 1555 135945455
318 858 68322547
217 254 565987698
152 2235 521549288
78 1045 134609821
208 1514 337890781
18 1252 23176008
81 541 464930711
310 1652 149500814
293 911 238098161
8 953 91542461
328 905 866767400
7 1099 942015256
90 1857 906831606
73 1140 54736964
329 304 39663224
105 1043 640621090
271 1700 829854080
303 2439 745085302
39 1649 965756995
39 1099 799737410
125 2003 322472346
353 604 524357505
99 1117 252508032
211 307 326116797
111 2443 617464281
80 1897 237165270
191 1504 883517347
61 1753 33874727
221 1213 424632256
314 99 232259646
331 2200 748419383
308 1041 283509587
103 451 797448555
163 410 366983782
58 1041 255765251
142 2152 702411110
75 1302 354499890
314 599 138533610
214 2047 124712107
206 2103 297129666
38 1304 314751394
239 1991 7710775
247 1742 94482368
226 1104 507978499
291 799 608315623
337 649 336526087
27 405 798324871
169 2206 775283649
19 1747 805499905
205 1848 108101002
289 289 141998810
52 399 344956292
301 2013 582345254
264 1088 206976453
50 1144 139598509
174 2248 654438885
188 1141 283481277
355 290 135300653
200 1390 6915452
31 1209 231885408
251 549 763365297
46 788 966286189
188 1341 248427534
34 1602 574520167
98 1496 220380479
346 1264 992406156
92 436 43800807
204 1465 384843303
59 340 374005453
343 510 306625164
330 607 940666536
103 1151 394506055
345 2356 643162269
79 302 322251963
267 756 906017762
168 805 467497872
138 650 482042324
196 602 945709421
37 1145 275150675
20 1396 614616774
65 804 320584977
137 1993 868342478
312 2454 865142732
192 10 269644387
44 898 761942659
54 403 972723359
279 2347 830370547
285 50 210761161
155 49 416612496
209 904 89356461
298 1343 851480963
303 189 900315933
268 736 56025525
10 962 175740503
170 1556 100397163
212 2455 330906393
30 1304 951194566
299 1395 434928241
260 2099 825396852
24 1750 773220495
51 1591 217575730
198 1059 168319313
177 5 788631458
65 804 120643197
90 507 127047901
14 98 238454411
40 2450 529748229
130 994 645558091
92 1936 878922660
249 754 127569979
160 639 273500558
194 135 184848642
88 2414 864487982
257 848 668731760
203 1657 933311378
177 2455 346556283
45 1396 493487508
138 1400 412248698
123 804 200391557
124 743 796745480
122 1346 949853982
241 54 441920543
98 146 924326258
321 502 152266725
168 905 569120129
232 1555 375558143
240 1450 759625247
268 836 412792657
27 855 221336555
17 755 141412722
129 1496 793702520
25 899 862693580
344 460 99780037
193 246 982216161
286 703 607536259
327 2208 727253400
200 1790 658294394
32 491 960556554
341 1950 189140264
108 2147 596117720
96 146 762269287
12 2218 312290470
245 1304 673876426
79 152 679623481
306 1138 595920099
147 1904 818290369
318 758 380604973
326 2254 246965382
227 1954 808873886
127 1211 981917316
106 1101 897902724
131 2207 294654491
10 2112 772620365
98 846 254157945
73 1740 677642151
205 1148 341091244
356 499 193660360
198 409 203508438
39 1699 468998451
86 1854 611720275
68 746 390334553
210 2094 338196695
285 1600 616540868
29 1743 997117570
348 251 103648932
98 696 51065370
187 2200 156263388
52 299 779166624
352 2239 686956659
27 1205 159623643
331 2500 369614548
338 1395 124204968
253 1443 384797198
110 2393 49345182
87 1495 114279169
124 293 79613466
303 1489 200627018
67 2303 196823215
27 555 500542278
213 1398 186164126
124 843 728438603
277 1097 737331210
203 2057 799831207
7 399 488080419
350 350 178032582
336 1102 783951992
231 843 34103385
298 2493 531204420
4 1037 336463732
281 2447 12523612
123 854 428222151
137 1993 76124073
52 2149 292839102
83 1195 378266809
36 1807 616085219
26 95 458896844
245 2104 40808285
276 2305 330356551
171 1550 933759745
26 1895 131621185
340 280 63934201
124 2193 861877040
239 1291 446566102
242 55 989380102
290 2000 383772095
351 242 664964906
210 1744 885631879
308 1691 341610738
290 1850 596836423
215 348 289046215
71 2006 650171010
24 850 343798128
141 2397 499095258
170 756 161942203
275 1496 8320728
266 1293 772751891
258 1110 350826103
193 2096 130192679
318 1858 847726647
151 604 34779160
258 1360 289671221
180 2494 21940989
20 2046 538740136
325 87 879674191
31 659 813236425
107 263 541209478
335 2112 85882596
283 401 359210953
297 2203 825941187
111 743 872295765
12 168 722158714
36 407 224096861
271 200 45752421
282 141 415607508
316 1597 631785276
166 894 295033342
341 2000 669889548
317 788 589016820
282 591 502610345
19 947 891449841
95 1948 279174861
174 648 853521479
279 197 114765421
78 45 934327761
13 951 110908444
210 1294 784379364
114 2190 752191427
291 1049 69270085
160 1639 356677687
88 14 102873372
354 40 784873207
9 1543 195265886
145 537 969872603
25 1099 350454160
181 2303 664698201
145 2137 578686831
138 2000 243946927
107 1863 200425676
84 2100 751810059
84 2150 863390255
136 919 181627838
52 2249 752779791
144 55 320159306
252 1052 169328441
119 600 270406332
339 2359 109922271
147 2104 176457583
21 1245 105411014
68 1846 902944538
139 1243 307087442
67 653 372076683
251 2199 293457982
320 6 568731752
10 262 293709293
319 2437 65104392
161 511 396557990
341 1800 224279211
196 202 828183255
175 210 105184733
72 1805 876169869
324 1957 481580171
101 2308 958720366
129 1596 303411607
149 2002 948219292
74 2107 11851216
160 689 883714357
303 389 223263990
164 849 566023595
215 2448 895067181
196 1752 113894164
268 986 843724327
239 191 234105901
197 1096 99109515
28 845 303978674
238 1455 819660783
210 194 824020908
35 799 406772807
314 1399 969945010
131 1407 656976429
222 668 98987969
58 1791 672875941
263 1698 996919719
204 2015 761424714
121 1296 461398020
323 496 258765424
320 906 172153975
167 2161 152905192
299 95 481388367
247 792 464233923
288 945 245202506
158 2392 929628373
122 346 626735810
216 299 489486437
48 1607 989811866
355 90 11466073
134 907 935933450
170 156 460169653
302 2091 463068584
7 2199 477463140
50 594 112666029
261 788 977407948
87 1095 152328684
241 1404 106618625
113 507 860335808
152 2235 737484131
252 1852 162131025
137 1193 723328372
126 1845 672202034
10 1662 60427922
269 2437 660871028
56 2008 664296816
265 1607 775372032
48 857 619359290
355 90 838886789
108 1147 164662881
74 2357 258210397
57 2148 69008824
89 1947 193343995
294 606 940161508
80 1697 901352595
2 840 501369413
290 650 78860266
133 1943 984847702
296 1704 607990444
342 1249 494814127
341 1100 112571935
207 1558 176906799
269 887 21873960
13 251 547237433
177 1355 699758682
310 1252 938294012
313 2104 275811074
275 46 938587496
256 98 493246489
34 2352 588828543
151 1254 541788448
76 1187 31496675
352 2189 918311260
323 1546 517520056
105 1893 29726745
41 56 725176635
49 400 243133722
341 1850 287268856
110 1943 334172582
295 197 297164886
85 248 485368065
213 848 487802064
138 650 172828672
233 1348 33687803
123 1854 528174757
141 2147 246127326
198 2259 886440926
298 443 327270985
254 1548 576237960
240 1850 998171628
331 1050 573268193
327 1808 670049515
83 1245 907084531
193 2296 825607147
195 91 54792892
116 959 695368969
5 1300 833790991
336 1002 83504260
201 1596 45407704
29 243 257783863
311 896 964991749
30 1954 937803855
37 1245 54685567
286 1753 506695574
232 2305 483489359
270 2106 686362008
42 594 586290056
261 1288 724963807
129 2196 13222829
23 12 779901180
117 648 644242511
328 5 189603808
277 2097 826429088
66 2156 605633610
108 697 927190235
40 1350 562432036
112 1891 401669087
298 843 858518974
165 304 65687693
72 455 992447362
186 349 840488592
88 1614 840072027
302 1941 507791612
8 753 359623363
206 303 8900032
356 2199 27640972
179 607 339267832
213 2298 503561218
216 249 638329811
40 1750 537401427
265 157 84363902
39 2299 496070712
2 1140 631046472
59 1240 76286102
30 1654 883450712
30 804 829209931
61 903 205687689
167 1761 86620176
348 2151 838933161
330 357 16844586
104 2399 841578311
203 757 938880230
202 512 846317846
247 1942 124184628
347 1502 445544621
230 1051 128042853
284 50 280388582
223 1802 859101108
188 1491 979154375
311 1946 920374939
130 2444 8203563
235 88 502161644
245 704 753476039
208 2464 293742695
325 1437 439753595
208 2314 722975941
70 1050 71259526
111 843 54080602
357 2201 208032601
36 707 65391246
2 2090 344670074
214 2497 708331797
292 1601 615570920
212 2055 126410032
10 2212 187026672
275 1646 562533403
316 1047 939922403
122 2296 16936946
4 87 956344644
9 543 147547804
269 237 563177627
168 455 778557513
357 2301 569246424
149 752 334393797
315 397 204750334
41 1406 688849369
133 593 893306345
280 58 373368573
259 551 28671633
40 1800 187951767
283 2351 774959903
98 896 964392013
211 2357 181048750
29 1093 341574799
93 348 741044030
78 1645 398066681
125 2453 602479322
91 93 244120038
293 2361 126446932
88 2014 201090071
216 1849 460279265
241 1054 150287453
316 1147 796218660
18 952 543687175
81 541 871121834
326 604 486219647
257 898 545142707
44 1148 222046339
346 2314 639244599
224 1394 897638047
189 2095 655158944
310 402 505172221
45 346 217620286
164 649 657660492
182 2497 646774794
27 505 193677344
183 1506 568647017
15 1190 367241154
345 1806 579192318
276 155 492393349
127 661 488093848
62 1151 185654920
172 2008 168832577
298 1393 237612796
151 1854 260083803
231 1993 516892844
211 1307 959920175
223 852 257876248
303 1039 789126084
8 1703 147288935
143 1846 7312704
246 533 107505557
187 2150 158364541
232 55 460902468
178 1460 108055205
36 1957 599502639
151 654 536119563
159 1993 427219277
197 2246 775173639
15 2140 190219322
173 851 621663328
58 1641 252491019
241 1404 257784170
124 2093 595282785
123 2054 279975764
45 1896 89910506
126 645 768695394
116 59 995515542
199 909 545154330
189 1995 179248598
178 2360 843735951
73 2440 422689634
318 1958 932743983
250 1954 238656938
94 1856 35614611
4 2237 137809492
281 897 953282449
59 1840 208988003
317 1088 21183605
173 1901 761570562
179 2207 987765716
224 994 832452392
44 248 66131451
241 1204 407414109
258 1610 924203091
238 1805 893983403
202 62 707486286
43 1149 673449972
204 265 519875514
44 1898 96086745
340 1180 17680435
152 435 885435082
62 1151 335977786
338 745 87048822
157 1348 373085130
194 935 249895658
180 1394 337258217
210 1094 339464691
1 896 84688626
350 2050 145632034
302 941 343397868
103 2351 435955464
93 98 739867346
37 2195 683336256
331 600 509816256
155 349 451906164
228 1351 978613427
113 1757 932211318
153 1599 996609334
181 753 758328676
200 2490 626441875
135 1946 5560599
255 1244 920739693
117 1148 420655165
219 2153 334655961
43 1999 762425555
280 2158 746737969
20 1696 782399782
99 1467 89301707
226 2204 251691644
143 1996 757506113
179 707 59756205
319 137 333833283
97 247 287397116
304 542 849799854
216 249 657119861
189 2395 496259448
319 2287 677016783
172 258 695999615
154 1397 779773558
19 1997 899761717
261 2488 11735509
16 42 838999491
90 2007 826799617
56 1658 385236489
189 1345 247179841
144 1155 266336144
237 745 51598191
197 1396 228146428
49 1800 246820112
300 1444 935190006
333 101 99560438
295 147 129900467
341 1250 53587103
145 1337 284390273
42 944 915267528
322 2397 583757151
90 1407 106193460
41 556 641947330
75 2202 154436310
142 2252 521454623
282 2141 719293513
59 2290 953185329
253 243 975571204
300 744 517962965
64 1348 272767337
197 1246 433361613
14 148 564976507
305 1748 669818320
24 700 711719106
178 2110 96994370
330 2207 681471261
174 1798 393070238
126 1445 63076964
224 294 340963054
355 1490 680250797
331 400 549660765
23 12 644134270
266 543 824698455
296 154 865183476
215 1098 387821825
344 1710 79486254
41 2106 168055007
304 892 987863293
168 2405 909581505
267 706 747679804
245 2104 351378661
327 1308 323997078
271 2450 120234313
165 2004 910088908
178 860 707794760
202 2012 816356050
317 2388 681293778
65 904 525345887
113 957 610083579
321 252 628255113
5 1100 704398518
281 1647 95927656
289 339 109140740
135 2096 365993537
330 707 509450567
3 1844 998480452
31 1709 734989540
98 496 221714394
165 2254 904104449
258 560 88548548
263 698 680809778
193 2096 140871859
121 2146 829009725
151 904 476703588
213 1448 21637468
117 2398 361515832
213 1798 348910988
155 1949 155266238
75 252 50855566
68 896 467405574
53 1953 861065205
253 1493 293350160
34 252 812252363
25 1749 490020670
52 2099 862952199
203 7 171273865
13 151 17157461
351 2042 311684561
300 1394 586004315
313 1254 805839725
224 1144 776628374
334 1602 198975025
356 1049 832905585
316 497 151281156
331 1800 264181377
151 1704 477940975
341 2000 151880808
11 2449 172475960
61 1703 840028024
210 1044 261567320
53 1153 774552158
340 530 427740937
282 1491 690841728
32 341 785490519
10 1662 771157289
62 2201 203903161
162 2111 375063064
85 2198 503346708
46 1238 155295411
189 595 337513280
103 251 737127894
321 852 907877039
285 1200 223945710
67 2103 327506670
85 1548 981710229
141 297 285989344
54 1953 371628823
334 602 990716396
324 507 882166830
123 354 100752001
33 1260 687252597
128 498 357950556
116 709 238422953
44 348 202048480
212 205 943892113
172 1208 34490493
5 850 936726630
270 2206 961254636
107 1513 29357192
255 644 499210926
341 2450 152391142
38 954 705888284
260 1049 526602404
156 1846 827770174
92 736 279466149
133 193 215030030
290 2400 359036122
128 1148 888908462
26 145 487747443
203 2357 614002794
274 304 637655969
81 1841 51924442
294 906 359617382
90 107 572025768
7 1599 414829631
27 1405 783210073
68 96 716094552
144 1655 792104924
146 1046 304427719
356 2149 273880285
179 1357 645300093
131 357 123681536
80 697 569625522
350 900 986671518
142 2352 198523477
117 1148 374762017
356 549 117343815
250 554 691587336
325 137 937938624
215 1298 613264848
141 1547 446146511
49 1600 147677166
237 1795 35839721
249 1104 615834583
290 150 84340959
213 248 275781804
331 850 992527834
247 1042 120743793
338 1645 840287316
355 1390 447513130
100 893 346903292
315 147 371629880
326 354 654553954
193 496 552653812
122 1546 799070162
26 145 987630654
275 546 882136394
260 49 166883519
182 847 986615247
135 1446 765027846
171 2400 587276907
289 1789 690365656
222 268 255273911
184 849 539143046
295 897 640234609
233 848 177696055
311 1146 396453440
98 2446 463475150
86 1104 868715101
284 2050 581364241
114 1240 257846585
252 202 731628868
122 1096 695344076
146 1196 528357634
284 2450 304544067
220 2354 107842433
301 213 20605906
125 2303 61000410
49 2500 161873816
341 1200 128770669
303 1539 779253478
178 1360 260226177
52 949 137782290
44 2348 13953883
201 1946 33370699
2 1290 732215012
299 545 428290950
118 1106 667260327
296 804 771028669
54 1453 918104930
149 2202 102805649
175 2160 976332124
180 1494 789992181
91 1393 47352914
72 555 263336468
6 1951 702097705
50 494 468406375
128 698 744734430
293 611 643981360
259 801 586542566
130 1144 552006358
98 1846 671298068
356 149 866182666
265 1907 621945567
158 792 877790522
27 855 61052678
3 944 435688714
297 1953 103530453
291 2349 298216938
262 362 78825562
150 701 425730769
2 690 211334862
285 1500 937919233
297 1053 531319734
69 907 157181685
174 998 387136096
226 904 922666924
131 1857 235014625
306 1488 764422426
266 943 338219594
156 546 63809177
180 2044 733347254
179 207 191552807
353 1404 397970831
213 1498 922906863
159 893 478073150
168 1005 890470708
181 1053 281942709
28 195 415124221
346 1214 43917361
32 791 691099425
279 2047 120844336
78 1245 46496075
114 2090 296228034
326 2404 550449351
198 1959 295573788
326 404 643616957
196 1652 724992672
326 1654 410936331
236 405 861668060
159 1893 837075858
338 1095 998781361
261 1488 304261478
135 496 871755085
239 841 431403528
131 1307 843710459
85 1398 126331234
163 510 951902636
143 696 214608526
206 1253 677441186
26 1145 100030462
170 1906 452095080
55 1206 198591682
35 1149 299544063
273 838 135405049
242 305 36439190
137 543 694705288
308 1391 85590361
43 2049 763458140
278 54 806553013
180 2044 140115056
50 1244 107783179
139 1443 208858867
58 1991 609779628
320 1556 189634125
85 1548 27235080
163 1560 75617458
250 254 308203900
268 1086 867020336
52 599 285604885
36 1257 230535809
106 1201 386410766
56 608 211976122
31 1259 713308994
173 351 545932270
159 2343 642881282
23 1912 797073920
248 950 198745328
96 1146 182506854
185 1247 374800472
140 1246 438065070
203 1407 407366805
138 1150 27373657
35 1249 76320775
83 645 593336220
256 848 163757778
187 1200 227592929
328 2105 252371179
288 1345 171122241
15 1390 146749688
79 1952 122523113
357 401 193035529
207 358 295787350
267 656 781424391
44 1298 918231607
135 96 784993169
67 2003 748373216
219 1153 991587237
167 1111 499755687
89 1497 834458940
207 858 949916662
336 2052 91374456
199 959 422040516
82 169 585796390
252 2 113309301
57 1198 466285404
340 1730 661510743
279 1847 218310779
199 309 364838538
11 399 644229915
190 1993 335780203
209 1754 857968890
117 698 795457140
243 409 317659263
254 648 91361395
97 1947 576419825
91 1443 163097083
41 606 998195577
271 500 511883326
222 1518 56885350
23 1112 575601862
78 1095 734422747
197 1696 431788305
160 339 375550079
165 604 872452176
196 602 226210703
126 995 877614569
178 1910 141267041
324 1557 231744073
80 497 882852249
63 2005 248203762
186 599 256844929
5 1750 774612718
119 2150 387244510
313 1954 218042030
340 2030 63307245
119 1100 13773910
134 407 677002898
216 749 53979006
185 1647 500925741
51 1091 689198917
32 1291 198999460
327 758 667606559
253 1393 821671620
21 395 164567485
221 1963 890828581
222 2168 765388680
122 346 673219007
340 280 644284413
220 1604 623978543
130 644 519676417
124 1743 564393960
104 2149 573063101
42 2194 905638188
259 2251 165329385
13 1351 535630258
193 596 602150050
118 2206 335863075
15 290 332745553
297 1953 975295329
288 145 203451275
231 343 900824298
107 2013 63756079
134 707 342374070
83 2045 361528675
9 193 781259265
138 1600 786642541
152 35 556749284
179 157 561018928
185 1497 451057744
155 2349 303596570
201 1796 69299410
153 1099 146009424
120 304 288303715
248 200 108519745
344 360 996185477
300 1944 280684772
292 2351 978059573
193 1196 88610203
32 1191 826488574
284 900 87753201
14 2248 790618860
79 1702 928692965
354 640 531670178
273 1388 90989060
353 1304 869674305
347 1302 188603756
190 943 451750394
230 1251 350572919
256 948 431539719
189 1245 81256542
33 860 885099930
10 762 350035407
29 1443 247000812
148 1697 180616765
116 9 515690879
63 1205 655734072
232 1005 1270400
206 1253 905254710
134 1957 281768164
314 299 764675991
300 1544 526705798
105 2343 117100215
278 2154 819226121
232 105 130966975
4 2437 278360536
216 549 456377065
120 4 380378465
300 1994 911403049
167 1361 635318019
223 852 728280631
332 859 770344469
294 1006 114245160
203 2107 19206060
272 2306 459685404
238 1205 181300616
195 1541 303286650
226 254 850175903
354 890 809422094
259 551 3862633
293 1611 319187805
169 1606 89813386
205 348 857000723
256 1698 109352037
307 1555 749041182
133 493 174040802
321 1752 134651677
330 307 148791477
71 6 792882286
7 649 667768814
139 743 59685582
188 541 100564902
334 2202 98613901
257 1898 922984961
263 1948 64182253
323 346 522912650
139 2343 948030876
33 1810 331665411
333 1301 145544636
82 1619 613652106
233 1748 757629804
239 2341 847603495
37 245 257374715
344 510 701757949
143 1846 217278903
179 1007 875540547
119 1350 824712364
112 841 93705320
161 2111 351193462
238 1705 214254566
10 1312 219266019
180 1694 917766642
276 2005 986697778
113 1757 560180032
299 2195 923139539
276 955 198626390
230 2451 795385930
272 506 332554817
253 993 511157032
11 1649 388503760
274 1054 629626707
95 698 742351498
145 2437 271082541
220 204 740661262
48 857 121128673
257 2498 795341866
232 1055 372485701
287 1852 531986497
336 2252 898602040
67 403 358964765
121 896 444526300
317 2188 111719145
332 2259 687682193
108 647 880145724
75 1602 543452795
146 1046 350816102
324 1507 148831280
331 1550 108044752
332 359 472237572
257 1648 254136627
98 846 736365303
314 799 537539162
221 2213 590115938
221 1863 163377705
195 691 113266856
32 1691 485104677
206 1353 471942944
204 1265 326927937
232 2155 706355628
166 144 279119403
42 2044 673967832
271 50 889420068
93 148 634845882
107 1813 926996810
307 1205 860681135
11 2249 34043918
295 297 226610728
17 955 971986873
180 2444 517307762
262 2012 892522458
241 654 8750845
82 269 186230066
211 2207 21961395
137 893 4222921
141 1547 994607805
168 305 58697374
282 341 301099006
281 597 985856986
3 444 254232680
190 1343 350974694
14 898 154443539
53 2403 116547569
163 1410 770045862
353 2254 99809586
175 1060 364108637
210 1444 533853650
188 2341 375198789
132 648 445991324
57 1548 648592909
319 137 762785507
117 2498 135659503
168 1455 839953130
148 47 16593842
205 798 339457653
266 1293 62268460
55 6 859026562
89 547 36248018
279 2297 576201300
29 2093 369734418
174 2448 31785532
110 143 469543516
62 1201 355899807
255 944 385265898
281 747 841794520
9 843 902876892
173 201 929073311
183 306 146233577
44 398 252516526
204 165 861878521
357 801 257288705
308 2141 539002647
330 1557 740364648
249 2004 726895305
219 1703 471216034
15 390 622351580
308 791 723886826
157 1298 450450560
79 852 157550704
220 804 622458066
52 2499 660139810
210 944 100586104
23 1662 558960995
230 1201 721786978
162 61 742500523
305 1798 51851208
207 408 577512530
332 2259 412505270
147 1354 301065426
46 938 325471822
136 519 227365127
209 804 49314979
109 257 145773807
313 2054 814028793
157 1198 673358198
350 1250 555641469
97 1197 788154749
329 1004 365965987
221 2313 281982635
267 2206 121517689
215 1998 422614126
89 2097 222118674
6 2201 416972258
243 2209 647437542
13 601 553320365
216 1949 584334911
10 1562 155446033
256 1448 230666039
180 2144 793934874
96 746 138953706
194 2185 41591790
225 1150 341320704
340 1380 876090765
47 935 23039596
266 143 948542410
308 1641 904312366
101 1658 268118488
210 494 984030440
151 804 69126784
317 2188 720112198
269 1887 348067863
34 1002 84259225
77 2450 873694857
284 150 197807882
25 649 53488091
172 108 179227048
292 951 830388340
33 510 602944916
298 1493 570212567
121 296 263678332
251 249 510118026
36 1207 469645596
145 387 441081380
282 891 609083040
15 390 978848366
249 254 7735790
79 702 587351368
201 2246 801452265
27 105 374459905
181 53 64526965
235 2138 387571085
254 2198 29723343
12 1368 598532363
110 393 233299018
107 1463 611800677
249 554 455540854
178 2310 244755113
288 2495 267292990
298 143 728415681
131 1007 883284497
227 704 767786490
143 896 263870265
3 2244 65505574
61 1603 110800582
356 2249 924791944
250 2304 989336573
147 1004 386740463
219 2003 413632884
161 1211 528642572
281 897 978492141
252 1752 441720607
134 2057 636698304
83 195 147786819
172 2258 188785178
266 1343 859330230
122 646 85482421
144 305 824694764
190 293 972658446
281 2247 633434915
265 57 664552516
345 1056 970693800
116 159 137677759
312 1954 242956502
335 2112 524268740
183 856 86644676
171 100 276046677
47 1485 255491048
81 2391 636345226
222 518 490889162
346 264 86369104
305 1798 530338082
148 1997 139246567
270 1056 817085582
326 604 542674687
110 893 415809534
265 1407 254062833
338 345 634384258
279 1647 227055488
200 1240 666406668
354 790 760453295
70 150 903180934
27 505 771617095
263 98 12240156
26 1745 688013270
349 1055 245483000
146 1496 214652486
111 243 516980462
165 954 533356072
227 1254 879445142
92 1786 829998208
293 2461 493429532
278 2254 639397428
69 2057 140493240
232 355 422584858
152 435 182476862
221 1613 57024238
57 798 856777430
51 1891 144959165
69 857 134724122
160 289 342804792
229 1800 862131122
107 1913 771715355
189 2245 140570173
327 1458 360962094
145 787 642387917
71 206 737431358
282 1141 838026818
283 1801 370067443
90 1957 682338535
118 856 266438580
115 2056 939689236
51 1291 7697483
225 2500 60193275
191 504 829188911
325 37 308842437
250 1654 130547362
178 610 999130626
187 1800 919701195
335 262 616630812
187 1600 633098790
268 286 542410583
112 1841 89066107
50 1094 59715147
104 349 365018548
325 1087 192796627
49 2350 154570332
215 1298 27918446
9 2493 62785524
125 803 210078053
289 1789 331542610
139 843 358744695
14 498 108500618
150 1751 339414316
338 745 303294981
330 157 927050509
138 1900 495573470
133 743 771135807
156 896 573401316
202 2162 848730423
69 957 566359542
260 1049 438827132
296 1854 199908335
149 2402 343465919
157 2348 591090835
179 907 391003831
63 355 467246816
6 501 966097922
198 1359 201552595
112 1991 230531855
290 2300 548837162
303 289 845976985
338 1045 321848145
223 2252 957779274
288 295 962585607
48 957 425921268
283 2351 125208084
101 1358 567046374
40 950 328423352
320 206 25925927
166 794 107261347
303 1939 983749241
168 1855 724794476
169 1056 500289697
336 2252 895388851
264 2038 465312614
12 2118 827636077
38 2104 619683353
72 1855 896685309
210 294 898158452
119 100 25535677
68 2496 90079470
169 1506 843693883
67 503 562223501
58 1841 978523818
128 498 699970457
87 395 59922138
49 1300 511433530
236 2455 684803464
19 847 485746265
87 995 149643319
219 1053 802352824
27 1305 610829071
330 2407 893856225
176 1248 588115140
167 1311 865011950
161 2111 235372053
116 1109 677065358
54 1853 116400258
223 1952 170185577
289 1489 300843756
133 143 73864190
17 555 888820455
318 258 217492395
106 151 511888744
307 55 599943866
50 1944 531230960
226 1704 19695629
4 1737 168498470
150 901 160096915
243 2009 734675096
161 1411 15130137
192 2460 818630826
104 1449 435985069
42 1044 815683494
103 1951 370943933
292 2151 909769930
73 2340 709348477
187 900 490678143
30 754 307805321
52 949 121837393
293 311 7521695
353 1454 169800559
347 1902 852836057
9 1593 182419004
218 2399 788777150
276 805 815809521
118 1456 66886205
188 1691 205670606
216 2249 384849211
130 2294 942122122
304 2342 670701615
54 1303 916216806
151 1204 713208821
247 592 256264760
356 1649 406425884
100 93 993000101
219 453 761748097
87 2395 857407225
178 1510 476205240
346 1564 378770727
357 1901 204241807
19 897 594838160
314 199 315539004
38 2404 201357708
49 200 358078898
203 1407 255643688
67 303 476879348
188 491 184471778
206 953 683038859
186 1749 375771721
17 1455 740535144
183 1956 105145602
20 2496 94279774
25 249 904024138
296 704 81083612
323 2346 883659661
288 95 520655583
31 159 724892733
81 291 25252552
230 1701 242511542
337 149 498369620
22 2006 390129549
160 2139 617149820
317 888 681650507
155 1449 500702087
27 1005 525107455
288 745 20642512
251 1549 615330486
187 2250 547615885
159 2093 579962835
141 2147 392788721
238 2155 167177676
105 1893 93460768
2 390 565380937
319 2187 218759857
100 1343 198880022
254 948 863997136
92 1186 722416728
135 596 925368479
97 1997 637721488
352 1939 549107054
43 1649 549451657
9 793 374713412
348 1851 772860582
335 712 7765813
218 2249 127889942
347 1952 751641929
290 50 833260560
197 1196 96268532
320 1356 243343161
10 212 755047789
223 402 51667353
249 954 738895250
314 1599 219886413
4 787 14812364
225 1000 563733070
351 1542 742869109
191 1404 879187917
56 308 89727594
111 1193 278625339
80 1547 48355113
60 295 619750462
246 33 652963332
190 2493 355653871
42 1344 897098528
96 1446 464685908
73 640 77678337
77 200 932266940
324 2257 5171649
66 1256 209381620
149 1202 171155314
165 1654 675881311
111 543 188675915
48 1957 812827398
315 1247 469559833
292 2151 849983127
273 238 788608080
107 513 61073414
188 1791 720276319
108 497 88862139
343 1160 486966712
71 456 453622099
204 1715 895135480
329 154 474062179
80 1997 344321667
112 2491 196431904
111 293 513214469
155 299 92479202
58 1991 297131315
70 750 70353466
91 243 979097714
250 1404 123803450
315 1997 983002341
96 1446 564507867
333 351 802884299
203 1457 849386290
246 933 23106597
120 2004 779288599
223 1452 70665097
3 1594 189903277
290 1500 829163762
43 799 927560226
113 2307 745977143
307 805 294985212
191 654 517394380
132 1498 715460207
199 209 498874655
182 1097 646529516
259 1051 255809422
193 1296 563408300
289 839 297325860
290 1200 41377780
37 845 61372593
77 350 445988369
79 1752 874114158
92 886 361860349
44 2348 792690042
286 2203 597417735
77 350 882438070
187 2350 327198630
231 1993 290252928
286 1453 287799357
279 447 21412143
198 609 624654292
134 1607 906620329
213 748 939735866
251 2199 556585038
112 591 90074329
33 1510 300629819
203 907 448757152
91 593 306617408
169 1756 681825805
6 401 45823547
73 1240 674505277
42 594 703908561
279 1497 602895630
290 2100 992087525
282 1691 709714495
65 2404 628413927
343 610 692845402
343 2010 42413668
13 1601 98084752
113 207 319664079
222 518 859863846
339 1109 156645800
289 89 250860040
47 1385 915344678
70 450 945768680
116 209 664238566
72 405 85956938
215 948 938854349
331 2400 683275826
270 2306 613670278
236 1605 180151919
44 2048 2397955
49 800 981682702
215 948 401387962
105 2393 139784660
43 1799 654072299
141 1847 489343973
170 2306 2965903
141 1397 155591081
290 1150 24116591
257 2048 91827202
125 553 430469265
230 1451 559443541
132 998 128815988
325 37 910315423
87 1795 220656818
101 1808 388673390
160 1989 292330260
71 406 919030094
254 298 245789166
38 304 330552232
117 2248 328043443
203 2257 629015332
28 1745 613587237
41 1306 587013770
267 1306 540076045
196 1552 92565448
99 617 651116473
238 2105 493267402
295 197 61800394
63 1455 583640859
205 898 116961634
302 1241 784556525
218 2349 394954218
276 1455 658056077
30 2304 47543543
271 950 153318975
216 1199 262481313
245 1054 241369292
348 1701 849836089
6 101 893322905
42 2394 70970296
287 2302 781435692
61 153 28277914
254 1298 458447188
265 607 332724292
31 9 759443704
340 630 295797370
319 1337 735555984
293 1611 601117004
286 1703 720951350
156 996 950545968
180 1544 796123816
13 1501 277841568
267 2256 397318490
80 2297 517408529
275 1446 237862943
125 753 319935594
308 1891 49932796
326 504 558808562
20 46 158774566
119 1050 924464826
151 2104 72593060
178 1660 450615226
127 1111 797839245
140 2346 518451296
32 791 862530654
127 1711 4801954
297 1553 154986771
263 1848 557177511
111 2393 443241955
219 1153 559091472
198 1159 229731249
298 1043 192271999
61 903 829012877
235 1788 244313663
292 51 870185751
93 1948 150128030
332 2109 660425538
189 2445 333975404
225 600 16795522
158 1892 533434097
283 2201 595483597
102 306 385273064
120 454 968787818
300 844 771578136
147 354 594209198
59 1190 126423461
337 1349 921656137
346 2214 143108859
171 750 331485773
314 2499 804376480
312 1954 787957333
240 2150 961879154
16 2242 589641972
41 2056 142130433
71 2306 649454591
278 404 411775938
202 1362 802782299
226 1104 895529502
95 1848 918912142
59 1990 159853015
49 50 243380867
209 154 685003893
64 448 14941468
161 2011 725488798
22 606 469019258
109 2307 959437086
237 1795 421122843
165 1104 256497522
210 1894 629993227
228 2451 44283833
107 363 338113763
321 952 802344842
222 1968 762690139
327 1408 264791689
338 2095 908965390
219 1153 331150896
307 805 742127460
268 786 719961751
203 1857 654095107
325 1787 270339849
134 107 162814050
313 354 102349716
31 1759 856178678
27 355 175383176
307 755 863868049
343 1460 251817180
276 2355 993360265
44 1898 212043822
266 93 79226613
259 1251 854882812
6 2101 824291483
14 648 785416170
122 946 630187179
324 1007 746473644
341 350 356149072
135 646 58143080
301 1913 124468734
274 704 171766413
139 1843 799376374
23 962 816223075
234 755 656594719
115 1406 212211678
197 396 534358140
90 1557 791388056
84 100 36549055
73 340 513777616
267 1206 735741997
230 1451 59289061
300 1694 674283699
299 1895 571163770
179 407 952464444
205 1548 305585134
346 1114 727891486
4 1437 182395075
152 785 864668093
337 1499 169101802
54 1453 33389450
252 1452 573634151
92 786 384556013
55 2106 37369378
149 252 272369098
3 1894 994009464
21 495 740185411
141 1347 228386075
280 1408 902163694
138 500 862088141
163 860 756299105
181 1053 518805755
348 2051 237427908
195 1991 702451399
269 37 342234765
147 754 135731581
274 1054 245221561
33 1010 443397353
167 2061 238084418
168 305 538997182
69 257 554836537
306 2288 54631416
248 50 431061358
123 854 42864993
250 2454 145956022
288 1545 413131033
49 1150 292071937
244 858 649554050
159 693 130720668
154 2397 91931620
183 1956 689779147
93 398 224817504
343 760 179020429
333 1451 588384252
343 310 604340373
46 788 821397509
227 4 353834083
234 2455 169907391
161 1311 397409252
84 700 934822451
81 141 182236156
233 148 773584471
33 1310 23369560
47 135 506814232
319 2387 608559878
257 1798 411569573
282 291 746094540
46 1238 13403629
354 240 352335810
88 2114 40038702
145 1487 86678837
77 1350 55537671
79 52 829529007
167 2411 386224423
12 1118 723826427
337 1899 764863043
332 809 71777234
31 1059 476522601
152 885 370058910
167 1911 416057564
121 596 537422487
113 1657 296055633
75 2452 204585918
297 653 235683091
27 805 892154745
104 799 378761665
327 308 561563860
49 950 69159351
201 2396 968940774
25 1649 972714290
141 1047 636052152
280 1608 958506931
316 1797 246773733
185 447 258752375
241 1204 887557412
113 1307 989039200
162 261 676546860
264 388 299977660
308 41 241229265
58 941 841548894
106 601 415984987
96 2396 58625658
94 356 544487639
47 435 233215474
151 1554 25775352
311 1596 116865878
5 1900 601302529
131 957 812681051
40 1350 473768577
353 2054 416575598
68 2246 252358533
201 1196 571005835
208 364 225694293
302 191 251558434
206 2053 225132300
75 1902 829118558
276 605 718304730
110 1793 297029219
145 1587 293135191
305 448 84565219
264 1138 148656913
240 2200 317382096
232 1705 24000733
171 1800 921183181
5 250 317499029
325 437 142062536
208 614 385336568
228 1801 678351290
318 1708 448219237
50 994 522933463
101 1158 59515374
302 1391 649202
310 2 471917275
153 949 422803408
138 2350 32948045
7 1499 902757966
24 500 989993021
314 999 712406892
208 564 229667737
236 955 674295972
21 145 637257980
42 944 143400204
93 1948 912581646
83 1945 737333541
305 1698 73447597
31 1509 160312053
13 1301 366420373
326 1604 848999976
73 240 51229773
255 2344 953198308
347 2102 995466672
86 604 188418456
212 1305 868016740
350 1900 232148863
261 738 742300658
282 1091 546381946
187 2100 697467297
260 299 164006148
136 769 291281996
310 2102 661637014
133 793 945046567
11 649 311103870
68 546 808284944
61 703 288162130
83 1395 277281510
191 1154 472061966
112 1791 251897426
34 102 220931533
1 2246 454743888
279 1497 118637046
211 157 188552897
2 940 439897365
16 1592 10238055
346 1014 561817497
354 140 201483580
13 1301 555538129
210 1194 851642901
350 1150 796592260
322 1547 578077004
87 1445 202335053
130 1094 464288622
223 852 305959074
45 2296 314278997
5 2300 612653886
192 1160 329650142
194 1035 157722759
22 256 13687680
290 2150 233241817
303 2489 222434360
31 2009 209018903
141 1047 153147609
64 1248 275817763
26 1245 308570690
243 659 248593411
23 1762 156828402
81 741 81856610
240 1950 471598234
125 253 322689945
162 1811 62375353
143 96 76396677
22 1456 797485375
19 197 80437729
202 1862 744500561
173 1851 497865841
79 152 252411128
157 698 241612424
269 1337 400386486
283 351 119162835
221 1013 656320143
42 1944 373240325
254 2048 309535274
179 807 115052491
225 1550 519346917
184 249 6686857
141 1297 544116121
190 1143 260304864
230 2051 4608023
308 2391 534769458
343 1760 573256457
289 1989 531762132
249 2004 136135743
348 101 275582804
274 1154 955856807
146 2096 184663340
338 595 766196344
161 561 959124788
89 1747 412878742
2 2390 607140368
154 2297 985754502
297 2103 305435694
219 753 94901763
197 1246 568184933
21 1145 359417943
190 2393 4720767
271 1350 97427677
30 104 944703740
118 106 232934932
53 1303 320055335
256 1648 55498345
138 1850 305452283
76 1887 400869599
106 2401 271349723
208 1714 450343177
275 496 56317024
339 1209 770487935
99 1017 288702113
242 1405 314000333
309 2041 211104330
91 1543 15066049
271 2450 424213046
113 707 425982126
220 1904 913802188
173 401 538988097
324 1857 287171222
100 1043 233163345
113 407 487675106
304 2392 829757428
154 1947 469165251
140 846 728847523
174 1448 406934408
24 1250 315843209
238 355 539902924
196 502 948167681
349 1955 198915602
41 2456 736808406
20 1246 825608709
335 1212 901163576
115 1756 175522399
167 1461 193788360
124 1193 487806902
182 347 316008251
33 1160 294057483
280 808 37275850
86 1704 387999599
342 299 248554231
353 1504 385966472
149 1902 151755305
299 2495 350910979
122 1896 20138300
134 307 789384634
18 1402 323977259
232 1255 202065485
87 2095 577567451
142 552 162842137
214 1697 46499133
248 2450 289930132
105 593 774565905
314 1899 68618168
73 2140 231998986
291 1899 672167431
172 408 391037797
267 1956 396832075
220 1304 498642483
165 1104 994041256
208 1764 70968674
198 2209 521453835
60 1595 291864116
56 708 424650404
161 61 433648612
148 1547 662882265
270 256 699177767
99 1267 276311671
306 2238 965668208
131 957 15278043
195 1741 32850387
119 50 191639842
195 2441 193254142
314 899 724005513
66 56 422300352
179 807 954301598
216 2149 108520567
21 2495 423358944
22 2406 582798061
85 98 921918776
134 857 92731768
157 248 382617233
89 297 675177120
153 2249 892545367
74 407 28260729
13 1151 31710452
210 2194 923787404
32 1241 573783451
283 351 45899098
83 1545 83679797
67 1953 653530537
76 1237 452990518
68 296 157578917
64 1948 158369224
24 1350 844267939
264 838 147750104
111 2143 489326201
205 1298 277187039
267 1456 455300651
52 2149 32855620
15 690 913138018
239 1941 507551815
48 1207 150100256
210 594 195172590
346 1114 834689264
132 698 77778241
184 799 428918174
342 1699 235468067
114 1540 655501395
43 1649 786739550
250 904 118672698
345 56 796297152
278 1054 740526893
302 91 165558795
160 639 692988715
353 504 238135612
327 458 818649831
41 1456 127307599
48 2357 1163678
214 2297 981167373
41 1856 584118059
134 307 996887726
136 1619 937233776
217 2404 942560744
281 2197 533257249
38 704 415214317
231 643 499484573
316 2447 544691031
86 904 12777884
322 2247 480807352
104 2249 439055847
268 1286 280556738
134 1807 960568325
297 1503 381567165
122 1296 67047759
54 1003 380458953
287 2002 654456777
237 1445 236997068
33 410 699979739
297 653 903915035
74 1907 16624720
338 745 487217512
290 1200 393035978
26 1795 326827009
40 2450 64705660
242 2255 724767073
203 1257 145436427
339 1809 677748099
170 956 168734982
288 2245 792530952
150 1301 368411586
199 109 753939476
120 1804 313599826
326 1654 951248794
256 298 754337351
285 2050 182485020
234 2105 743502590
118 706 239516493
20 2396 200141349
314 399 264098081
212 1205 492609083
143 546 497489981
206 903 85745780
319 37 2376903
243 1859 698263782
78 1695 282633094
319 2437 430618722
259 1101 320668779
187 650 199348205
101 2408 62494537
141 697 709359333
193 746 473109364
296 1954 965237597
89 1297 970833160
199 1709 20023775
32 2241 776426946
320 2306 118573414
332 1309 558953054
219 1553 417356557
315 697 848369057
306 1288 971524776
109 1257 7243088
344 10 267439008
36 2307 29089207
50 2294 232931056
344 2460 92961071
337 699 994209707
171 2000 980993340
158 1742 729345494
243 59 362294905
306 1988 675822921
281 2197 259444948
170 2156 308081843
242 2105 929840825
82 1019 21972215
224 744 539846236
140 1996 242052824
148 1897 888319102
161 2011 124408637
209 1204 276276188
114 2090 892526151
354 1440 652955752
160 689 707761766
129 1046 768615753
346 1964 694607003
165 54 651361562
135 646 681465351
303 2039 44947575
257 1698 320535172
78 495 433860667
293 611 253609562
297 1103 444862828
217 2004 861882146
182 1047 401065164
322 947 518092177
64 548 355946149
155 1549 829609450
297 753 922470598
149 1952 390163135
6 1451 794732543
217 354 149060337
67 1553 228141863
268 986 756264274
277 2397 65298180
276 2005 694992467
34 1252 754263130
211 857 774078558
94 2006 614809913
242 1205 39020979
5 500 164079325
36 1207 200142398
250 854 872347645
159 643 742956237
151 2454 76086688
15 1990 798552979
170 1506 603540507
60 2445 319581811
116 1509 792321898
241 454 446207884
186 949 439780072
305 2498 53501897
5 2300 326015945
78 295 848090393
349 1705 563541917
270 1106 334774972
65 954 428154961
109 1757 726161448
217 1354 798675582
75 302 115364937
249 2154 625417106
33 560 741956589
132 298 448619374
115 806 853872930
