2265 2265 2500
1786 817 946997159
2109 561 347356494
2114 2175 799605655
1519 61 750217037
1222 73 14235474
1405 1522 887298492
160 1192 896868468
940 1791 228796686
1030 1568 701915
105 2282 473825869
1800 1098 247774741
1647 2498 475056749
2100 2068 44395295
1325 1038 703312611
489 1510 312014998
2063 667 797866405
1306 2155 719404187
1460 1220 172208643
2231 1059 14481594
1826 2046 631085404
2216 1209 889324714
471 998 70015157
2048 92 596511594
94 1567 670205491
573 1762 559551124
1762 418 704992460
288 2232 178619158
1115 982 460825302
504 2414 612940039
358 1633 269645194
112 715 176897605
1796 1143 249299393
640 1121 905127351
965 2027 901176277
1537 10 788352653
1324 1350 766219571
294 1124 725598088
849 1556 472299011
832 2471 861849968
1532 492 597125048
1499 1712 358398010
1511 1491 686794163
127 592 55435283
1478 753 662483027
1064 2099 179179063
1236 545 518578032
1498 1368 324048748
268 998 870456979
2195 1508 415207854
1646 1559 756824408
710 1087 233066372
866 2431 460788673
1891 1668 689078579
1056 2331 528034462
295 388 662118106
1554 2095 937994381
1488 2094 690072710
2196 470 828104121
990 591 347806786
1894 2233 182187714
1524 752 165246104
63 2196 662482965
1375 1395 230551987
838 2243 508634497
1433 1248 802017312
1293 2298 33701007
356 1486 539598805
1150 350 494010610
417 2183 329032248
1075 1995 127262429
1714 613 257998826
785 400 51238148
1284 1728 70271917
213 739 493413098
1027 910 930406568
2053 1716 80915947
1305 1040 247020771
1148 1258 51941283
1485 1820 419557548
1443 1063 199916738
1171 701 91131305
2005 344 189870925
1775 399 103866752
719 251 649819177
1583 2163 133020077
738 1207 680109578
906 739 322538770
1943 305 101435705
814 807 58207749
912 246 438302364
1947 1621 457040783
1426 768 207303610
2131 1382 319010318
1070 2190 790387114
650 1187 301288352
1502 597 162438256
994 272 15555085
2182 5 515137299
458 2029 969244419
475 1506 188052259
2003 518 614843783
864 664 699355846
493 681 81600950
1712 709 430386955
1950 1907 936703438
126 2411 491269997
1776 525 143775560
1536 1377 780294060
1760 1918 284695719
546 1195 480749946
161 2358 706121748
577 2271 844812600
1710 2133 978049056
2224 241 248081412
1032 1435 620105708
784 2118 508563992
2154 529 569431622
552 165 26857712
2262 622 514077451
2117 1954 980351845
1772 1279 125708769
1552 1054 813742154
1626 892 901416257
1100 31 934200211
1041 2384 725914871
1315 2000 197652188
1740 1786 413042957
617 1854 233823336
1996 400 202601051
93 280 109769357
773 444 724152472
1810 593 719676399
1012 1106 191605366
1401 164 303339863
2118 2434 663120331
27 1788 799697981
963 356 888792850
1774 1765 704306378
579 37 658354266
402 340 681376449
1598 1446 441734009
630 789 223811923
46 786 336057290
721 1119 116945066
1920 2070 614459999
403 1794 333340239
739 2143 843903603
156 2150 63355430
1111 1851 419876110
1245 331 955460389
1886 1297 540330208
1309 1589 213483654
1398 684 838190952
135 1888 3609275
821 1301 909370700
1316 2434 973814295
419 164 936311274
272 314 642119001
1994 516 585402487
462 2034 814307381
134 2179 384243044
215 773 948594537
779 121 722365357
1701 214 826404580
592 1291 547083283
484 525 935413533
1011 2459 726937948
936 303 622906944
1825 1542 893570280
1214 1766 364169514
485 2485 428232943
1230 1490 587045783
2070 1644 612715246
1091 368 467218286
1210 1834 265714813
315 1224 681148184
1764 1448 495980382
514 874 163104101
189 1799 969139134
1182 487 647074074
374 2404 469262152
138 2026 116339025
2187 1260 639395356
296 30 33618976
1781 1369 475824509
1294 1028 789625710
927 859 467624896
586 1012 840274970
664 1089 946283628
1617 2105 88317158
1705 131 829266608
1574 1020 167915619
1991 1726 268409496
124 908 433503631
2098 2085 436407852
885 944 921678634
551 1226 53057399
1627 714 286953199
150 2418 18696615
1807 1472 486339660
1961 540 894667441
1952 245 200402177
1010 1351 408946535
2143 1862 549365409
463 1462 517687901
434 1433 293577803
345 2236 183657988
615 1524 158730256
1848 896 565584780
2059 2332 62899219
831 119 9690081
987 1617 275916278
1418 894 750183542
1955 2459 517236449
703 729 917830320
180 1288 787583195
537 1303 430872918
198 1694 275104333
2011 1149 365549494
256 2070 236900832
746 1672 108171424
1339 2341 436263152
1664 1628 424023882
511 1846 919422701
1944 1937 601415229
1201 1352 791472344
26 2393 205979759
1728 2162 763519013
962 580 75651787
324 1533 483887125
428 500 62197315
914 146 813814424
1058 1602 369100936
468 2063 574954148
1718 2297 661912867
722 1178 872640233
731 2281 960853242
2130 1727 504191829
1140 833 199782566
1204 657 834006408
649 2282 78273034
2185 1485 947738913
147 1650 794969272
1791 2049 14257149
2035 875 271907576
1099 2267 14851983
1592 2181 568683135
660 1201 145692497
350 577 231780753
2194 186 1652090
1358 2300 540628512
52 1407 194161731
60 1866 184139101
415 997 311926046
1467 47 934711123
1396 724 513499718
529 1300 372122819
1329 927 368244161
1561 2492 136065819
1615 814 837353170
1958 462 723614125
178 2097 584003969
512 2429 845201579
1918 2072 311070092
695 1518 783178277
846 808 830508659
848 186 31672624
1750 32 345863466
830 1970 507282892
319 1493 790745155
1193 1805 306988906
958 1053 760500088
1252 306 697641839
1156 1992 3748729
1802 845 893101518
352 1851 378664691
29 1244 159632987
1789 408 122105302
968 1684 534665459
2159 2274 153862192
361 1952 257139085
2009 1814 264579609
1484 2055 699377617
1272 1755 615909446
440 1148 597278507
1641 2192 78338202
524 1545 796710240
708 1954 39339235
1009 2267 832400001
1235 2118 127262965
459 2295 144345832
930 663 712685572
1135 826 583766481
1112 1432 143736956
601 389 412874183
903 2165 251316258
820 2324 978369311
1605 112 242047005
634 1401 87952077
1447 771 783667281
918 852 519208165
2110 102 359471296
1457 1040 216595545
889 1360 145271355
1142 1958 440821175
1506 625 791738609
1183 2224 290239809
1234 1302 128564792
1942 1349 194467853
1625 1482 977594108
516 273 382246031
257 1152 355225580
47 1079 38870343
1793 1333 501679374
943 558 636593551
122 1360 80146330
1327 2080 858382636
1335 1763 927273155
1667 1772 880970449
1610 1339 701367138
1686 1075 505472043
747 1873 802197884
1616 2124 142129876
1164 2453 514784687
991 1773 44175303
2233 1874 830473657
1452 879 139700237
1434 1055 774384331
104 694 133054770
447 2044 553033493
2128 863 729588959
1357 858 282941727
1559 137 929991115
924 2250 957453435
543 1798 52246728
2071 615 557776392
1232 1560 995147597
613 1242 922327835
944 2007 899786021
1465 1117 981942805
2151 1771 188611322
771 567 317406097
56 1949 759974132
1931 935 984820699
763 2283 789752976
355 2151 611749899
519 2364 623022795
229 119 760162189
2065 753 186597480
454 1346 867916349
197 790 396640737
262 2348 722902089
99 421 471055754
1244 861 498992564
810 2215 277852262
71 1712 453862463
2026 624 87094490
1337 1645 612741771
1154 1503 290493438
2226 1269 7333090
278 2023 525242703
604 70 29137392
1831 2158 805664084
1801 2091 803189992
883 160 110640592
775 796 567904504
2101 2395 96839746
1046 190 894751294
865 1089 1116913
431 1987 605175280
423 308 827117193
1997 1109 749705330
1736 2261 28493392
1471 2424 112909978
1662 693 2937010
451 749 492806304
501 1351 446718507
487 571 559786016
1966 2151 194666633
2105 1722 602085488
2019 830 59071033
1633 1768 691685963
674 1972 933349603
311 282 753513920
146 1864 84023437
2112 217 803385366
426 1903 350005745
450 1046 917356268
1962 1904 315887685
1908 459 537834044
1669 152 829119024
2047 446 243716599
959 654 468892456
900 870 163335741
1340 645 529159557
1675 2020 82225217
1285 283 19778558
1752 2105 306605384
1320 2288 680038911
1670 1502 891824824
1778 85 707807766
1838 193 815684133
43 77 989973560
457 976 699060753
1892 319 524634791
593 501 731579999
1368 155 732112224
673 2192 67320134
913 2478 395548492
246 850 153683912
2064 1797 316127124
1973 703 624510722
611 1854 766890629
2119 293 2600470
977 1688 535087240
62 2340 730280238
1152 2371 787539967
223 2282 179878347
1274 1694 262413588
860 2214 951212295
1414 1876 543162527
688 1816 522653606
379 232 128527193
571 1521 82445983
275 1527 561540916
1464 2200 516689107
1359 2069 822562310
2210 2386 318842008
1839 2358 694247020
871 1024 338438349
20 2076 50097305
2191 1463 29467795
894 1580 54656814
1766 2282 456923970
2129 2299 810659168
5 302 903571819
1907 2117 702974157
2018 1180 309371965
1703 2494 976609993
424 2132 294282706
2220 1089 589537904
1940 1750 137735666
1852 1964 168361970
2078 582 96226127
2091 2494 416121142
1215 741 574403772
301 1653 876363330
73 1488 41304044
1092 211 933428584
1743 1312 70081115
309 1200 378697532
1436 1084 140280388
1995 1531 836491314
2042 1250 620930525
1280 927 291722308
561 665 888453484
1676 1161 903758276
1534 2388 442825041
733 1875 275419155
666 1992 413941247
1980 192 220362152
2127 1693 176960527
693 821 373189834
2176 1639 359811857
1033 1375 396828470
1077 1950 522620181
2013 399 59727429
563 805 618495531
1192 1768 723072709
1692 618 692686009
467 2500 815409530
2249 1145 941460249
1240 2399 458263015
1919 1433 170670105
1382 1888 913080423
1876 2049 249622541
690 13 974981509
835 73 477401836
711 2287 822023139
1968 1161 943941173
2257 2053 223467833
348 2481 675853285
1779 2276 153756117
1392 826 767441570
553 1204 362842096
2207 1281 738599066
2150 1523 450932699
1386 1388 49440788
173 1947 54530005
1757 1346 667295543
1423 1357 826694329
1116 162 114321839
1812 2212 824980617
1089 275 928805251
508 1628 184307517
2255 571 964319892
861 698 332612998
1581 982 667394923
1928 924 536546673
1922 307 554305448
119 807 162676183
542 1734 442397766
974 1433 994402624
369 33 923570837
833 2230 973516657
365 1345 308789497
2188 2102 788714146
1808 2334 84068875
333 2148 95768594
2167 2137 541064660
2171 1111 95322068
492 2009 33029129
1258 134 901620426
2004 1789 943809348
208 931 127255242
265 1883 650263360
875 1576 505642043
2108 591 711820925
815 481 865113749
230 2311 355148417
1672 667 617633803
754 555 234938335
1137 1209 255671840
1688 1221 823840209
1795 621 93233245
1671 1081 965086722
298 1392 337969501
1881 1386 637724268
609 1267 294722230
1530 2307 46896162
1604 1924 619089957
1822 2044 456998822
532 868 263176433
1069 330 107935908
1162 1356 763792585
182 439 294681645
1113 1653 224637112
2016 1582 207968067
1021 51 587608604
1338 723 571015580
1666 1514 507159191
316 1902 94038356
2069 1498 466338625
1438 702 74176680
506 352 671097972
2104 954 972804211
25 217 608622904
583 1064 662038372
131 634 583507730
2156 86 707524874
1698 629 619899671
631 1201 502583203
2007 2245 572249071
306 1333 193069641
1145 1437 972424015
1823 718 806865109
470 506 768271839
665 700 660614231
1125 54 64450787
2144 370 767454562
2089 1544 449876868
1773 1943 862379049
1668 1301 154486200
796 1917 501209187
741 2248 165118694
1542 2356 431681279
1756 1960 36728009
1643 709 691952729
87 76 827730217
1500 1784 272367186
55 517 492868105
781 1082 256290974
1098 1868 220657931
853 2101 250268096
78 2238 607913843
1960 1132 880533709
1652 552 207790124
740 1187 281253754
1480 2405 368213837
1257 2094 364341413
1054 1483 518286171
1866 2433 852514972
855 1345 25234048
1440 745 859170747
281 1749 38387193
328 111 17165864
1273 1725 258314338
1163 693 403615229
1094 2331 553710361
169 928 869044476
24 505 654320200
1456 2286 729033362
879 1685 37150775
164 775 856368636
983 1789 769200858
337 2008 27682062
788 2317 336701578
1290 436 641913203
1059 929 847650235
2215 1046 568527778
2161 1807 245960627
1978 2172 386696474
1753 401 769813598
2092 1779 80283198
1451 697 78182209
1226 2109 946605326
407 566 305875434
1717 1149 983369494
2189 1745 242195819
148 738 729336492
622 1514 626513625
1963 1123 642775932
1735 2068 946221389
1107 1327 265852026
540 1969 289355337
661 831 879548217
749 353 44087612
1318 1653 923125325
2054 2401 135456537
1867 2397 873824271
1725 566 364460163
1395 560 634410130
1854 904 637765187
264 580 777198727
1275 856 356146331
1570 216 68040309
1271 473 629942664
735 75 317355415
325 412 569952792
2062 2420 708602667
1331 2270 217048278
867 1302 624952360
79 354 355444035
854 1610 93720071
1769 2278 234048893
1093 2369 790651045
1248 105 315293234
1937 1863 625832885
941 823 541196806
435 1327 434618819
1529 895 328467522
2084 702 658043345
978 912 767887735
984 1052 404795087
1317 2182 300352222
1013 146 69256409
791 814 217400282
2250 1518 476357256
2230 857 992499086
1453 1078 512242303
2175 2484 101458191
346 1193 604983197
32 1439 835234332
90 2083 933228388
1992 163 677273066
2142 430 445318853
385 398 200306889
2022 1803 372588510
870 337 360375407
922 102 925654174
1862 2463 785606984
1777 488 744536225
203 898 91717892
7 2181 213912137
1563 1566 679464831
2115 210 971850059
1376 66 165914447
1004 1189 791553018
491 578 22434472
869 6 673467937
1263 1736 360099731
474 2166 280662410
1233 8 61256189
1239 1222 878844716
1690 761 600490367
391 1172 892963978
1619 1290 666429582
1602 700 447174723
1525 369 160716148
856 2143 547720348
2006 2440 284506268
1744 364 951185561
528 228 357129585
1023 1490 964829336
789 690 983009064
1539 160 186973861
948 1862 380359808
193 699 309573258
1863 1460 245863809
663 862 193600408
2239 2494 735559371
1326 1776 434257804
798 1298 49789389
594 1454 23518369
280 1845 4827595
1924 1097 20241787
2014 1583 717990825
1804 98 246042286
2137 2493 673347431
380 1118 694964702
971 1350 570946569
234 1707 828743855
260 997 348657939
1914 2195 289692878
2093 313 453447344
238 1575 22946759
2163 831 263448602
1241 1759 973777769
619 1402 377440843
1322 1130 543159403
2103 2080 278621422
41 675 908234333
743 1925 244621264
1651 2154 370621266
715 949 126925364
737 1712 113104429
227 2086 169923415
1444 1933 709541802
945 1190 237841841
2051 393 815419308
872 479 599920178
675 385 307262866
401 440 637322089
2219 206 84726126
2030 2305 477563519
9 1692 133490340
1746 1040 173940351
363 693 18917547
1865 1381 757497672
1304 12 812582776
1377 1674 521193361
793 1640 822948230
1930 2063 608318609
2043 1813 74082789
607 1099 18173675
221 170 54587500
1576 1530 439116123
1341 1384 393507881
226 2166 666584697
2094 41 988646540
1915 1098 623160795
901 2377 573747466
1869 1592 188639527
2045 336 540864664
762 1185 127682680
344 1101 523850091
1428 2437 651581869
181 1743 335269044
1050 1823 957000113
686 776 289881582
1883 1170 181109307
1420 1825 439172875
1105 1525 226858280
1970 2168 213330706
1723 1670 776411946
527 2452 180771794
559 453 71877484
141 1176 857159660
1527 334 208602567
600 1467 457136621
1207 1220 273647583
1360 17 22520353
2205 2256 794353856
1282 1198 186900401
1551 1141 98146132
1516 522 316403409
1751 1059 760910919
1739 809 756474384
881 1480 222026168
641 1423 40575430
1302 1093 802726997
23 1701 974594646
1682 1279 698685526
76 1701 885341385
887 1197 858513173
567 2002 329104594
1242 1046 412570333
751 2177 622091143
1971 1859 841568549
1479 356 253221017
1691 2281 196275171
2152 782 847886674
314 1140 854870468
1618 1165 908949780
1638 1166 634498500
1296 1407 16341811
606 7 14237158
2237 1919 2461850
988 1304 685833483
1510 2459 276440730
727 427 67559843
2169 1523 375491412
876 1991 54459084
610 1535 97525308
1067 938 435075513
370 359 137398424
928 1846 344846953
249 993 7442559
1990 2274 88117242
1321 1360 419095291
1016 1767 361464230
787 1135 329420292
1489 1917 355003461
657 489 352438427
884 1690 231581911
1946 1965 966088362
2157 1116 167356006
541 199 188932974
1902 341 61232884
1494 2334 683421957
800 2094 144403817
570 1710 139122536
1301 2346 107436898
1726 1204 207120692
1809 2164 147706163
2134 1623 375500709
624 1554 876604224
1873 1776 776821843
2080 1602 93824433
803 751 691740148
1742 1239 346295285
225 1808 192061374
115 2482 196905247
464 1519 40656955
1738 1751 638299181
1585 1114 872073213
1330 2308 279850753
354 2115 564485860
1587 372 532339224
647 2476 208233253
595 1828 108721698
349 1793 583449542
1123 1073 37869168
921 125 694150692
1129 1854 974959033
1173 623 135620305
1702 2382 108471865
882 760 493049911
267 1129 188296831
1620 258 57321647
108 446 908914760
372 1054 207187779
509 1757 101209744
210 1028 351997072
2180 2059 543167267
1578 1118 294015820
1722 1256 656106306
1929 968 657944677
1603 1914 349792767
1351 2234 722378267
1513 1707 285066474
1673 219 334866704
45 1310 161212881
1085 1110 362853430
554 2027 391695702
1517 2180 633291746
1546 310 367456958
523 1960 592813004
1584 98 293798378
769 1206 89772726
1047 712 824469782
1289 450 948875734
1455 415 69940116
1704 689 8387505
1771 1891 929072316
84 1800 185836029
2242 2118 202285336
1934 386 941041900
1586 2188 597898811
1827 2402 958366337
1458 1297 160133560
1879 292 619956264
907 532 872079980
2177 209 10347252
1910 268 706127242
1017 74 89918642
195 875 964797785
1567 1894 266028283
1015 2095 490387827
2088 536 500322283
231 1811 789966722
1008 922 955002220
1209 1913 202028748
513 965 242091671
677 1386 290170907
1495 2308 75831602
347 1139 550953188
1649 288 742894763
200 333 231640413
2033 2105 350875504
1393 1352 61909829
1439 1369 74641524
72 1608 327140968
646 1919 691713476
896 552 733366007
1279 799 407950467
1181 1608 175356866
321 2271 132783826
11 1076 156386276
2133 476 135408517
1227 1939 903741867
1639 1280 732054304
1319 1792 374789757
834 1174 16894266
1959 1599 234611595
845 932 653488140
40 262 21856399
668 1075 857003588
2246 1753 87355949
1352 510 729875751
827 2278 22858722
2021 1591 586801098
2036 2182 571380795
2236 494 285461780
1549 1351 249491639
1988 2068 951439454
1614 1495 24446646
10 752 292163989
1696 1427 94927975
960 1177 553080266
745 2015 13441408
1622 2024 309328381
1977 76 223650150
1225 868 173375303
1912 2476 331506370
1412 237 1116706
1254 2496 825574879
242 252 71323212
1840 367 826727238
1161 775 22609975
1526 2247 810102636
240 552 222896156
89 1965 954144609
1169 2459 796123434
1845 635 866803582
1251 438 466212116
535 2153 201497497
961 1058 483954246
969 1869 609506653
1635 506 27550980
712 1268 595566919
1674 1717 356639861
1555 972 142219691
441 1305 501674009
633 723 782075130
388 65 302117707
1637 575 163371142
1755 872 101885499
758 517 325350715
826 2055 816713326
534 1842 518839566
432 2238 383469340
1122 2116 771442796
1349 1756 562928291
1356 136 57815971
36 159 452995644
390 1249 262370316
953 980 393175988
287 212 828949685
780 1923 208286562
360 1231 843280291
334 889 60318672
1573 1284 489328861
1090 2409 938074648
946 337 200787648
1120 1420 883914845
2074 1833 71107610
656 1432 580031748
716 526 596616398
558 551 923969479
700 190 794714965
2198 2168 484022689
109 196 282450589
66 1529 261692151
300 1898 685541836
61 996 260667400
1509 1476 311432524
375 1383 7276449
1634 1889 520434599
1562 1164 851625481
1898 1655 463629253
130 1580 561374815
1298 1329 960772745
86 591 62607527
671 414 288418584
80 2107 540416000
1794 1948 800516139
1741 2354 618389446
1082 1189 44499529
1957 49 132130123
206 1089 290041952
373 1578 677067960
1470 547 492383561
1072 135 564761695
377 1736 946161662
1630 58 309478810
1005 862 920397377
816 781 329592536
1877 184 339949308
433 2478 999127603
322 1617 98052057
1842 1788 443431670
598 1633 706082944
332 1973 101223661
151 549 197728019
1734 2195 860817265
1114 1081 31763339
2124 77 423958396
1650 536 597170211
1117 86 544964920
956 518 63856485
1853 805 242525262
1501 1534 921699219
1880 1075 71067350
1347 1969 328783198
919 1762 16983219
505 327 838022114
1508 586 813513007
667 1911 304424597
837 1017 612225416
1052 1426 474882296
1569 85 630526689
1159 723 698588652
1238 166 204426706
77 909 346044595
2049 1576 203898492
761 384 153782988
1936 392 25612083
1763 27 478404141
1138 607 452750552
843 1187 200575249
621 1629 852472368
626 1377 566789989
1631 2489 190890811
972 1662 163496960
1817 940 577848319
1680 2307 334603039
996 1654 320389191
2097 978 40775880
2095 471 339151777
1654 1847 517849784
2148 1567 75728979
2254 1310 53850393
1754 209 448590055
1403 1532 960726869
136 540 847839996
1198 715 281219289
393 1636 387128616
750 549 590772572
1834 1402 161111222
65 845 168437220
1247 395 277171403
1545 1853 223900259
829 1782 389899605
925 284 512625652
1454 242 623044926
2141 2435 256004726
975 914 892991066
353 2078 807446310
502 927 658538434
276 2211 342749359
1841 2500 421030772
644 106 604135048
4 1414 276571428
1219 818 173448809
1556 1987 138538610
560 280 260663051
1259 672 17618888
1558 1619 623181037
2050 2350 551597390
1184 366 801688888
1939 15 118570858
1544 2187 156463476
1887 1428 368711491
2258 1010 72539872
386 221 244561022
981 294 975406541
2008 1952 120688926
1061 616 637010510
204 578 711357931
1348 1190 91700544
2164 2136 782654914
1300 1978 971782840
2209 833 659458858
685 2310 42417730
452 1882 270498284
133 2350 530951287
2199 1465 535914825
383 165 520465085
2052 1657 270792841
1858 640 598564218
520 1724 696882850
637 183 11651971
1040 265 948507740
411 1263 149980428
1538 693 296624363
1406 572 856625901
19 1497 74463490
565 1727 722323204
1730 1474 316898190
482 1006 837673579
1186 381 969167229
1370 17 280574892
237 1939 864136317
669 2252 95538539
429 954 891975521
1128 288 373931322
1507 2012 493913306
1724 508 269715293
2076 624 59111541
1119 36 573440690
1195 1452 993497655
158 139 776146622
852 2034 61774510
1469 2150 169564155
1660 1028 747218833
589 325 644505435
33 513 807973368
1543 1886 684896892
494 2486 540363466
1264 1802 118827874
394 1997 424075248
1249 1184 335130595
986 511 492599269
699 1960 241674830
777 454 263922078
152 716 975277792
1155 768 587215915
1018 1532 906533881
2227 161 689731404
2087 1678 50899984
989 777 870717640
1829 1323 763955222
456 2249 981050197
614 1105 539697359
1711 1232 414233884
2132 2226 838669283
819 567 555754381
12 2395 144849653
725 2176 690267920
2183 1208 548701266
620 1468 481564793
448 1289 771247784
2096 120 718731189
682 1826 947401189
261 1050 599873630
772 482 948514434
1571 1965 428311989
479 2264 977300632
2235 1060 215224760
934 730 943423128
1979 2162 972051729
1797 2244 463773389
1503 2312 949910807
343 894 713215217
201 2007 422865325
2020 1375 37783292
1890 318 191558765
30 2426 347313888
521 974 153940403
1665 2280 839445565
449 1145 486978655
698 164 686482830
1158 188 371604495
1250 1330 767471136
129 2023 432769234
378 2187 430361982
14 283 630473712
1146 485 539261941
572 1601 114776985
342 2193 354570116
282 1675 202551983
1334 1514 229638156
1917 202 717505375
1770 2012 594054250
2221 1845 733410939
1237 350 151477610
252 1158 661958374
1391 305 25254081
1780 721 83386481
1303 1162 98158313
1413 1860 187746014
483 598 196520578
2213 1872 459254925
1815 2129 267151137
217 988 236556067
950 1744 435132326
1104 767 230477001
2241 1187 284268668
618 2016 158807120
188 858 955965945
153 374 471868016
997 2073 61076926
1097 615 990019650
1497 1785 717576962
1642 329 185445501
1748 1118 249522460
1295 100 231018103
799 1595 365370575
1313 169 7263150
1640 755 23523360
2153 1882 154420715
566 2426 528244817
1531 1113 423906046
168 941 766004244
1976 221 566363383
1882 84 933012916
1969 1193 970354742
1568 1501 84694002
1429 376 264707909
244 1597 221083185
430 1081 724083506
1923 626 802491209
1202 553 551858417
465 1468 804551330
1700 931 123079027
199 2020 725826137
1504 1691 749774105
279 368 197659653
2178 1612 252422437
1373 1397 60122998
2172 2424 709111641
765 2250 745211765
1986 2068 610653834
1390 803 282367086
1784 2093 166337755
1523 996 668991909
404 1086 555490470
717 2360 277874747
1034 2040 718024908
1486 356 339721970
317 1493 152034464
1716 752 907055715
2252 2043 765409275
1399 1196 863309072
1314 1376 280922734
1353 820 883723557
547 1656 531217390
392 112 34443387
250 1546 702364917
1593 1271 913960562
1055 688 975494258
1589 1215 721470426
985 1286 13922278
2193 247 139520729
1332 845 450954774
783 2091 57923211
139 886 205797705
357 839 98069562
1415 1525 679138879
1131 293 842727841
145 1656 588874655
628 2216 301493791
2145 551 925863630
2174 1688 497248865
1380 1099 404168769
768 494 113276066
1343 479 53267895
1540 145 437054398
603 948 392829904
729 1374 192475729
655 1042 287704766
1678 2326 884534919
331 1794 90536667
2211 2179 555964429
1136 2 845781168
101 2332 860975992
807 120 293929910
926 1610 920063589
2186 499 891004213
1783 263 832274741
255 198 548217147
2248 356 711941257
1167 1041 622281038
1266 1545 349355956
53 792 77470749
1761 959 973790328
510 562 220653995
83 2482 770393626
1832 2144 361497918
645 117 605904244
1814 1803 910843439
817 1727 930624213
770 111 765016376
1037 521 336479413
2244 1228 691925045
638 83 354265787
396 1938 861010677
1611 1398 601945720
1911 1922 496548540
1020 2326 564369096
910 2421 132120459
1899 2005 100944377
1787 366 877663482
1830 1585 448496558
113 1585 485970415
1850 1021 623125919
1062 2283 32575257
269 1016 69060029
1765 863 397221404
177 1052 295544706
95 1340 586747006
580 578 846546641
2082 584 953376608
245 1079 305967699
258 2015 126363405
444 93 362609543
932 80 949363121
801 1059 229379196
381 527 591418986
1308 425 326367173
1896 2010 239991001
1843 1413 848823115
142 444 278666424
412 1516 215887540
376 1497 322216349
1144 2437 16692047
1354 1587 838099667
616 424 807669872
2081 1118 124606663
1141 2433 823051890
1906 1033 813713631
17 847 646402242
59 2454 80470605
75 399 175937081
163 1999 2346266
1328 390 884696701
453 7 946725333
2025 1312 268010542
1658 2455 765739024
1378 1622 344284530
2002 2235 795944156
1160 881 456039899
720 1246 696949639
1699 2400 823443287
809 666 271076044
259 2431 417631772
1311 553 690954465
1087 1082 133101393
114 1890 18382107
1218 1244 415367420
1363 1053 329096733
1835 1712 12765064
1277 1524 237195820
839 1857 239308476
266 576 398700089
1847 581 876291402
730 1375 891468084
782 293 458575986
1628 812 662399906
2023 1900 364268268
69 8 366634019
1560 1461 76682831
1985 910 198676987
1749 1271 573533905
308 1695 706459532
437 1965 363947834
2217 2336 84719062
612 1303 207515589
106 792 746213029
1086 1493 719164546
1110 2245 333818025
436 696 333549817
1548 1176 115218502
1648 443 32223614
2168 2379 75200697
525 347 520876341
1221 1698 109420608
1345 1615 180703476
1044 1939 703575002
1874 1217 915786903
578 359 696678165
804 445 212811648
1424 2500 732920079
2075 2080 395076947
362 2391 521926554
413 1272 99347788
490 849 528408392
1288 311 330052814
937 1802 593481166
1490 144 969535680
1459 1593 497787140
1312 1416 783556903
1421 1537 118808568
1798 1143 972440677
2029 1152 992621042
28 1613 121390494
1446 400 583690504
1118 1436 100939409
1885 2001 790589942
477 1073 551290475
1588 1038 687106738
1472 1443 802819612
2136 61 818408990
336 1809 944133042
425 1822 622417880
2184 475 992905534
1964 897 415268898
2197 1311 278639032
1790 46 923698885
2181 436 538607598
2165 1139 195111631
1450 1805 724017867
1941 1222 808101906
639 1646 517381607
1859 1789 899899692
584 2016 820085081
247 928 964663275
890 1827 656422467
1475 1983 688423018
562 2452 379903385
1932 739 734214277
859 1847 787482226
1060 2491 554888036
2126 2089 900027504
1211 1394 513098386
2015 246 400676330
1384 936 758972609
414 2352 531425031
935 96 858420161
602 2220 481706844
1945 1709 426908403
209 2139 942734024
67 2118 319595122
1715 171 437388270
1732 1091 664856529
1407 1000 430031851
2027 1757 397560424
1708 352 167876859
999 46 604707407
951 2217 957259349
1878 394 181023322
1564 2048 780760420
713 37 28548594
1813 1472 591545814
1656 1346 798173147
1445 1109 10214035
420 1287 874792625
338 730 828735249
1921 977 841238337
498 2428 938628502
1514 1478 45378324
1632 2090 557092219
98 129 366307757
335 154 903237041
270 1545 744297571
2125 787 353938147
410 1734 204167278
1601 2186 757883206
1694 2243 853401905
2123 864 180757739
670 2165 481505541
1595 1163 50082366
2160 1663 810290997
895 1752 504629542
1953 1892 525593358
1837 1532 917898503
460 1692 390755822
1083 1940 34540422
405 416 635927621
892 1967 2459759
808 37 73609801
1038 1297 35763667
418 652 536141647
585 1069 429969383
623 2191 433303956
1310 727 136946319
2162 1185 799419207
2265 464 530471069
1720 2152 711195273
211 1700 619055156
291 1869 1879997
1307 332 892701390
1857 2395 62459934
556 158 721164144
1683 751 158024445
144 1261 458497681
1803 2345 196061559
2116 1503 11265528
575 1726 385779377
214 2325 384044327
100 1894 261189527
1231 655 594164847
446 2273 156956398
1864 1532 939441291
2158 2093 561327516
564 554 403155413
1381 1071 476056677
1768 1857 767611369
1987 320 49828212
705 1707 365254967
1419 2314 632157111
1196 621 392738335
1492 1876 336910756
1935 996 865518265
1557 2453 977107258
1369 1579 864674771
995 314 389336450
707 625 292486637
1591 1734 220769224
1933 1518 482259846
2086 1042 865785757
2200 1100 482781313
2107 1548 696124503
1872 802 795355315
774 1015 545171140
1644 2397 168746422
891 377 153229248
162 1387 711556995
2 710 664292396
2055 975 67989226
545 1459 2474691
1410 611 949085066
121 1099 427748776
318 2064 717544936
1535 1236 773671953
1967 1775 514565430
1981 2474 62471722
183 739 115008957
1833 1059 582518276
2203 1931 283403428
858 914 519112668
50 191 125474525
481 791 370138797
166 2130 185766638
251 574 904801582
2031 2198 344056960
1799 2298 652229622
2138 1832 430655209
1397 2467 91430044
2243 543 27458132
1606 1569 48111828
1106 1673 20005266
1165 1392 31250332
942 1162 178382121
581 1975 211543523
863 2162 860522427
13 2437 936561543
117 1021 966960322
786 1159 216081462
2218 242 890113861
1820 985 103196
2232 784 256584180
1476 2457 422177363
2001 2086 861141895
116 2134 350913084
1925 2498 161371357
191 483 463421953
608 598 502874677
1999 1265 99024654
1084 1213 30463187
2111 1214 943138402
2012 891 614941376
1170 1215 680514385
909 1685 11495259
302 1209 746152442
766 989 503732389
2122 1162 713582344
1875 561 990234976
3 1591 292288334
813 151 448149961
718 2450 694684143
694 2411 396249867
171 1462 597535684
1051 1550 621703858
531 2380 647073219
844 1016 370900846
35 2207 625402306
1462 2028 990929521
274 2162 952101691
263 1231 35476782
548 1477 799032126
140 2143 696819920
1151 1923 704924425
1868 1737 999820040
697 839 314755190
1547 1238 414577857
836 468 879940822
1269 2189 64097634
1747 481 757597036
1729 1585 344449264
857 1582 172258651
1103 2289 789906279
1860 2451 522470431
1057 1708 872779498
1042 1555 964565647
654 1317 456134236
1594 1252 251724173
687 1121 436522763
2060 1243 389516692
760 2261 924640843
878 1002 22885219
1533 1421 524796202
1679 805 215109275
1477 2264 489021844
1176 1991 753941560
1197 339 269448081
216 651 144908110
1213 2445 165638485
544 2043 947488774
1262 475 443745340
1653 794 703374218
39 2262 174888597
696 588 296488736
825 964 598640439
916 1677 783949883
1572 2438 57616607
949 2202 634361489
886 1537 181826000
2223 1224 930974119
923 243 573095384
125 981 63780283
2073 898 246487731
2121 2376 994271628
1243 455 354319790
955 2209 259855280
1220 1692 524036200
1982 168 401579590
1432 1949 521038973
1132 656 144247052
2251 241 309559602
1366 2030 363562460
1566 2202 193862311
976 2083 878826720
2238 963 210948206
533 1699 309345411
723 1323 337099274
1028 151 292460875
170 1717 792834548
689 980 183266850
1065 555 238416769
933 37 892056238
1905 1459 831679500
920 527 391772863
1147 319 67997740
1068 1495 531867172
2173 2001 255017943
1685 1727 184958920
1521 2418 706992468
1031 526 318422359
406 843 821349264
550 294 46554732
192 1223 611595869
522 2109 187582190
2201 1821 348115781
629 1257 946522133
1575 1942 103843073
473 21 896142865
341 2091 246378015
1216 2108 406951045
1333 348 112204215
327 388 623050653
806 1219 422148111
555 810 836265226
466 1131 619049028
1441 1166 472768421
1785 753 157821580
2170 355 450768006
232 1187 7696699
1681 1090 530198809
427 1166 34962405
1518 2368 160124591
2066 1994 158128641
753 441 823827084
1468 30 611728425
651 280 211490929
557 1200 578333981
536 1890 409626413
366 956 377049806
1178 894 578959893
2106 1645 294367922
16 839 931998455
64 2235 807158108
1496 2214 60205972
340 847 788899094
2146 904 852273107
1139 187 824861656
31 1377 565268554
1108 1284 930716098
1512 521 186531743
702 1043 319037038
530 1948 468504568
1861 1898 312430937
1824 1409 413779976
1893 1534 35565029
1143 2449 940670325
2000 1815 446436970
728 1410 14169764
755 786 329049059
1191 1189 170793108
1342 539 574428763
212 1587 132096595
822 2486 325229692
323 2466 645989097
1599 507 285276515
1597 769 789029055
1904 924 183760983
1657 1616 213645725
681 2090 905417450
1299 1889 839568643
2040 2220 943294876
187 1264 672269903
1260 6 935146927
1229 805 747595405
1582 1034 388065726
1608 700 320155355
205 591 468107511
1844 1349 885546613
902 1350 353844120
582 747 991774397
1224 288 95047228
1400 1831 910400541
587 1653 278939444
1972 2447 275626888
1897 2253 142510766
1126 1726 116912360
1984 2491 434547335
1998 646 947749575
488 740 708112740
368 122 383447388
823 1610 659241913
92 2383 894487533
461 1824 397023685
44 363 326075549
132 1216 257248276
797 585 195265714
1819 61 732709150
794 1240 643213549
1767 1411 738442938
818 2428 554083684
732 2010 567946651
824 1857 596983286
1900 591 943893023
1442 1368 786405720
2263 2498 175967942
1818 794 112035867
2247 1354 638865946
15 1861 224060501
1684 2431 390467253
757 2190 193702275
1993 374 445003949
1372 134 209555511
1029 2060 624603465
289 919 43359736
1367 713 918644732
202 1900 373036785
2234 1711 9055576
1580 2499 79186063
1074 94 662018994
2147 138 783473116
805 1601 481203950
1855 102 868715593
175 1053 465897536
351 2023 78391588
898 1895 968989511
271 648 885271420
706 215 873016413
954 2358 172063029
683 1600 587782538
1482 1340 785101475
1621 2310 848649658
290 436 258998655
1645 1378 157496780
38 163 937694160
1697 1946 653610455
253 1905 281436885
790 1952 212139427
812 2435 719462658
304 2031 29028583
172 487 137925807
1733 1635 266375773
1174 622 883959571
591 1412 134860127
767 1291 879461597
408 477 330734470
526 942 574108463
37 1347 512783501
1528 262 215180880
1206 2414 196649539
1520 93 330537269
1430 250 37055948
1821 547 256840769
1409 1295 74545056
297 1305 628222172
752 2288 861300445
2155 1251 636666779
759 2268 902471175
1849 2497 224304458
387 1093 959923611
22 2005 670420552
6 2364 74029484
2102 625 662608286
2202 2203 407625212
1253 1287 205381822
2245 133 121808884
915 185 162597676
841 2155 173274821
228 646 593006422
486 2003 10347597
2228 1516 76718743
678 2402 121576743
642 2406 873387576
1889 315 274582281
2192 946 403934349
70 1551 635513327
2061 1709 125958751
980 1918 188576496
34 1299 676709028
1256 1671 712012978
438 2102 853026145
1623 2020 952837258
1199 657 127246447
2034 1747 457989014
110 1910 807578636
120 1901 554284501
1048 2436 212154163
111 1211 117462444
476 1495 17495853
1661 910 484393452
1394 1042 590075875
1448 1240 854163161
220 1821 439501412
1261 1461 908120235
1956 272 48275829
2038 1352 139505409
1081 1920 492510203
2256 1286 288509781
653 1334 743213013
1000 421 266805413
176 1368 352120959
1168 1967 681130866
1079 1081 216267907
874 1086 733648388
469 269 220566059
329 517 616401596
938 1416 166715585
1073 16 415008537
497 574 521489667
399 2132 356537437
254 1094 389245284
748 1796 268713018
1281 1875 686875244
1179 1542 71051557
1806 1987 98505565
1727 109 619608677
222 1718 767330479
1336 1190 852229974
2264 260 776242420
313 2165 719241635
1745 395 236189632
1124 1873 683850423
1180 1628 276513344
1130 1266 336553764
1190 1951 350636563
1938 71 271531970
1909 101 431739233
862 1596 229745859
1188 2291 224596319
756 849 505544421
241 1115 26110429
2024 360 67571485
549 1852 51263109
303 1964 279182284
1194 1214 919861033
1629 1659 309317029
2225 1539 577849010
1461 2220 597401270
1355 255 908802653
1913 167 166959697
54 2075 244612462
2260 2112 396711165
539 1868 81095466
1035 426 291210837
2139 2315 356074694
676 131 246063186
970 345 601485449
1974 583 152411753
1417 2352 499117098
2044 168 700944374
312 1787 634172325
605 1135 568973262
1212 329 342340527
359 1114 105983920
917 2373 621062437
1402 673 57601533
1411 2128 280351802
1693 540 658531139
1096 379 585694391
680 819 860806399
967 189 595851113
590 2227 921195249
1916 1265 733103579
1071 1043 956856921
952 2209 312210419
1709 340 153147919
1871 1065 843403148
1579 646 16522926
1565 1175 760535037
1884 685 336701009
1965 568 308264252
2099 1480 881965124
636 1943 41843768
1888 2342 724126549
157 2471 132264956
149 1967 406516678
1292 984 300302920
1024 1329 950352476
2229 1585 108831795
1408 1730 787956463
1080 1022 167815871
292 841 527736087
643 1363 167132114
1121 464 3119352
1437 1312 520193882
811 1127 97131759
1157 1930 661162813
480 2067 302417318
1063 1505 461785387
1026 1266 546332506
2222 1032 236647560
235 469 469284813
1612 2281 398198300
2259 304 245682255
1404 2124 639336216
1983 1521 637497429
576 595 663236214
1948 1761 291137691
1385 2409 314451878
1076 1301 692536751
1416 1834 211022760
1383 617 802582244
1002 2451 852365408
1255 466 352077361
174 1762 712866942
1019 1191 678672222
2017 2476 404448466
588 1546 778672514
1792 1378 165562678
330 1438 382068753
1596 479 920538468
635 711 102223593
1541 1966 646309301
1721 342 88770477
1816 371 769911539
1286 2300 662386655
893 145 284446134
1049 1719 940699711
1713 2179 21382822
1278 370 138570065
873 1627 97649519
207 98 799847895
904 628 712897670
1613 1023 180699353
51 1006 644221395
196 1331 464870624
1706 2080 430519029
1474 705 768007116
897 477 848915926
496 1758 185987013
1522 1443 720806448
1949 1348 793585068
1133 891 786495388
443 442 483008680
179 688 928898877
1362 564 90449139
658 1840 487080907
1782 505 827539355
880 1531 226271271
18 1104 63950890
993 1111 141495365
905 2205 311196642
2190 417 720305433
1550 742 547005485
1267 2308 162315189
190 1384 332820001
847 1367 913386685
1287 974 423273546
88 679 237884405
1374 1802 212452863
1175 1470 261898795
888 353 580926560
908 968 847385971
597 1756 447789988
1788 506 829130732
599 20 712767269
2090 42 520435638
625 655 158175193
243 2117 886105736
382 1326 245672483
2085 104 528681948
1491 266 839742995
1687 655 664903321
239 2061 103786807
2179 1924 471405159
165 1673 210680770
472 2139 333916033
714 656 727319128
1483 1422 630203929
82 1370 692328317
2083 2103 183743021
1607 1256 633924302
1043 327 503336159
1577 2495 524824261
219 1536 375108482
364 2056 46992625
1466 1271 869652395
1066 999 100732254
868 860 360977214
371 2006 317788216
194 1555 315165372
842 149 934269987
840 1913 285229669
445 1977 643324864
778 685 561508232
1276 2230 327496
1153 1956 449491609
1624 1788 204881721
310 1354 447075385
1389 486 327194135
103 689 719495296
744 397 792610432
992 2061 56282794
397 1314 255784476
1901 213 602577878
1 657 423541978
939 808 840010329
1102 882 261390193
627 84 634406516
224 1044 346927514
1431 222 358979131
1265 272 902944471
248 827 600131529
929 2416 242067929
2058 1351 539042814
478 114 126562911
186 1137 962825823
2204 1775 527822417
1846 1526 672257022
503 1262 713965031
1989 1852 374604175
828 499 272695541
1001 2385 115322553
500 1242 925221777
802 2156 216933023
1283 1794 222847588
273 1911 86076015
128 356 695318000
167 1983 560571752
1291 2356 699988015
1951 2444 292518056
400 1313 481361659
792 113 484806932
1609 63 278935465
507 1855 827749989
2028 1870 125669960
850 2290 178627558
1655 725 133281085
2041 24 275907541
1487 2161 53709212
1088 2404 681159474
2037 2135 360333007
659 543 898681867
320 331 360089993
1036 757 706790857
1297 1948 536930204
42 2421 659910032
2072 1341 537884498
137 996 929264191
1870 1641 649018541
2079 1733 118611008
1246 2352 526304926
2214 731 482498352
499 782 533907929
398 764 120592849
1435 2385 233407935
422 1732 506921452
911 1473 587721650
1039 2120 272498486
2240 1393 14016727
1425 2045 45347051
326 434 560312749
409 1975 843191374
964 1270 367945035
851 1158 317805967
998 442 645063687
1505 1545 725040991
1007 1128 454273333
709 893 533855998
495 2383 648439207
2057 1008 838909896
692 1345 586978534
2039 1982 907077666
2056 270 535864725
1449 1145 389098045
1025 675 529777461
726 1939 72914020
569 1726 825540809
159 2179 308027867
652 157 979935700
1677 1836 670481735
2149 508 509879733
91 228 775564692
2120 227 259774350
1006 28 719005703
154 1349 365137727
973 2141 539145787
185 1729 853379052
538 478 527581463
1177 1348 396811661
877 759 139657172
1463 2463 200499592
1346 2122 134373726
68 1216 249800720
1388 256 21241617
1387 2052 151670625
517 1111 764836138
1223 1333 132867845
2212 616 808118648
1109 2267 32192707
1828 1303 748304317
1493 1352 886342359
1836 465 625612198
736 919 417982548
1707 1550 109310003
1515 321 188012005
966 1601 402476966
455 638 737741036
233 1129 427494484
691 967 191549716
1481 2473 283905634
518 272 347265823
416 2073 547260610
305 1649 565897613
2135 424 349042807
1600 967 85174618
1270 110 831487456
48 1288 956385452
1379 1639 442323481
734 61 2753003
367 497 276128129
704 2088 156555543
8 2250 642319397
1731 438 144004322
1758 563 654277499
1361 1728 164716696
2166 889 477983958
1553 1106 975489710
283 877 977495779
947 1234 338115892
1185 1780 334183771
218 740 19985757
102 2069 817344373
1101 1210 87475574
384 266 762779383
648 2154 43827664
684 923 669416837
1187 982 762345268
339 642 527312693
1127 1266 847461265
1078 90 193368670
764 1341 638977087
1365 1750 244488901
442 2283 113616087
1805 896 59585351
1811 1480 731644894
1166 1091 86070090
1022 1336 930309483
899 1019 517629450
155 1943 169747400
21 2079 983848893
1228 522 445201456
1737 581 48932472
236 2320 120139188
123 1040 951442862
1053 2443 720441508
1268 1070 205344629
81 1184 340468585
1903 1679 298097347
285 1353 209504849
1045 1623 229046895
1926 1117 16119348
1095 1759 748673372
596 277 519262840
742 1222 213037507
85 673 142010185
1422 2279 615548846
1689 37 736949428
1759 2336 560370756
107 2304 498472228
672 629 267428023
97 2433 923545000
679 1326 235183281
1856 1445 748143904
1954 343 487142013
389 1323 159345901
1208 321 786589615
662 2415 561435752
979 175 715636362
74 1462 799714254
1636 2319 726321681
2208 277 490340016
184 1360 118897228
795 222 951884245
1364 2308 62930645
1205 2210 197744460
574 607 497667862
957 624 393415013
515 479 453303730
1695 190 608423470
1659 1741 209820479
49 364 680138175
2261 988 111984492
1344 1517 9600452
1003 1454 65945251
58 2133 169907236
439 833 613885866
2068 1777 407295119
1203 311 999420755
2113 1890 174736236
284 2414 464696157
1427 453 537309799
2067 636 136867738
1323 1827 826033139
701 2268 673524359
2206 1438 793929411
1590 2040 26883624
724 1994 473655180
293 2213 465845021
421 2133 182814931
1663 1273 692788164
1719 2123 204857287
1134 2060 785983917
1172 478 680515717
1189 976 260365036
286 2283 267740753
118 689 111246610
1149 1102 966648967
2046 717 484272089
931 1699 476215602
57 1789 472245880
568 1019 142996722
1975 309 445130949
776 731 439507026
1200 2050 120733873
2010 2266 174417262
1927 535 59267856
2077 1077 802290197
2253 1632 217650216
1473 2495 29392385
143 2356 270315939
982 1905 648980997
96 2251 172872625
1895 654 569339787
299 2487 9899292
1350 1078 687253291
1014 1696 384291204
1851 2163 152552239
1217 1799 301273214
395 1698 322929722
2032 825 868202504
2140 562 789461328
307 2488 259294861
277 760 425226393
632 994 159210916
1371 606 302998575
