2500 833 2497
263 1222 137
5 798 270
200 2147 999950090
201 464 81
58 899 279
235 861 983695417
386 1935 24
795 1654 985842082
621 1808 997674524
453 1664 987029754
183 810 18
202 1511 998684383
596 706 50
468 1616 999930735
556 989 14
90 1961 174
263 1104 985978389
16 1671 998289044
449 2345 991948876
376 1674 174
440 1328 157
237 268 994542388
568 1399 999980872
321 588 70
624 142 203
340 2162 998178329
440 974 997932280
211 1189 999388810
432 692 998517247
454 642 999791629
84 780 999998440
205 982 252
831 2337 999918166
207 1654 281
807 824 945782678
243 1367 989403350
559 965 997446286
261 515 3
410 933 999308730
360 1911 999458375
411 510 986721985
526 436 999872978
740 1034 999241399
325 594 998010954
337 1731 999726116
687 1807 999999813
232 920 998567806
411 392 999922981
258 156 21
29 942 186
361 249 999335757
510 2033 149
730 971 999084828
316 1844 957148117
617 1932 200
119 1726 998686028
277 219 999299103
116 409 976751429
632 1749 960310550
229 2301 137
301 2302 994278259
506 1783 928777254
491 1366 987064557
493 2495 272
706 55 997094759
257 668 997003571
112 836 987483851
743 1270 996015731
194 958 992383602
744 1162 966949722
94 1911 926512737
194 1194 999456697
600 2166 993375993
9 341 999958059
829 1844 990098801
627 1887 999684590
773 843 950822116
259 2081 83
563 2191 999848057
122 1204 999075694
484 1383 921546984
589 2307 894627554
334 2178 995956154
570 1607 996559540
156 790 106
803 730 983097822
774 159 277
265 128 999934722
43 2176 140
223 515 114
804 772 999719936
99 1271 997741062
373 986 999981567
225 38 999866972
491 1602 999774034
397 2460 22
521 280 999582862
163 2351 930634150
192 1000 983407652
646 682 999856766
428 1773 995110274
458 114 999959304
290 482 999935102
344 2263 999105404
240 696 999820596
381 2075 141
504 384 992050721
103 841 998956340
146 439 983756202
337 1377 999160842
826 1357 217
337 1613 998628319
174 2453 206
556 871 999206271
318 2037 999975864
584 2205 999990184
771 2044 999978233
468 2088 193
298 1244 999302938
554 1707 997633837
142 1355 999998666
216 1608 995332286
827 157 271
186 2005 998848840
333 489 99
282 1881 999587036
796 1324 120
66 992 999906092
729 753 73
366 631 999965942
808 2007 998823415
125 1534 998869757
612 952 994575848
394 2360 240
741 849 295
181 833 998032215
31 546 996915549
46 1921 131
578 1440 999983741
319 569 995429620
246 1518 98
524 288 92
350 1292 993138312
350 1646 999904600
445 1905 991320793
380 503 221
697 1921 999963813
627 1769 999925370
160 1115 999992399
298 1480 999773494
17 1864 54
383 1185 47
551 2331 999977049
95 652 997682128
769 1869 9
142 1473 989333973
92 205 92
543 1737 999893061
40 1737 992770184
603 1699 300
366 513 999721533
325 476 997958591
732 1301 987946616
191 1820 999454885
80 868 999801877
317 113 263
530 2096 79
47 1862 267
96 2160 292
482 2318 1
487 331 998789272
523 1393 999947090
697 2157 45
709 1623 982147148
260 1905 107
616 601 250
527 2033 999949566
782 301 999019396
670 2228 244
561 1859 999850599
512 712 130
62 816 2
175 463 983804094
238 1759 999971137
356 541 999467276
767 901 999462040
363 1749 196
730 853 997156119
298 1598 999795960
155 35 248
76 865 988766950
698 332 999916192
15 629 239
34 1921 991705420
723 334 120
812 1252 999979840
213 892 930597835
371 349 187
613 2015 978879399
361 367 990062164
305 1873 985868775
719 1512 994336320
132 542 249
367 1349 199
36 57 289
345 1219 988963176
583 1441 999964928
82 472 77
726 1352 7
457 1371 911882093
593 1299 231
371 113 999660284
422 1941 284
147 680 266
440 1092 952871524
455 903 999555129
280 427 66
684 1991 999957877
678 897 231
595 2365 67
141 1813 220
474 2496 999981258
326 1141 992063706
140 558 999741197
388 1182 998444489
228 494 5
688 393 14
726 1234 999539715
548 1640 125
490 1791 170
167 330 245
498 2101 999758555
318 2391 111
765 345 167
181 1069 252
760 1013 988862555
744 1280 89
588 2039 58
121 1712 29
342 1821 198
2 1581 999187530
56 1342 999621231
615 1115 866014160
833 288 999994479
405 1452 999805275
315 1058 999556577
762 1285 997980786
233 1148 999864943
328 236 193
162 1191 258
424 1322 268
125 1652 197
694 1164 996450536
50 47 995683580
649 930 160
83 1152 287
221 521 153
218 1258 260
527 1797 957032206
183 692 991403621
48 2157 998525997
309 2281 989448654
583 1559 122
546 2138 62
620 887 998733249
551 2449 924261102
315 1412 38
481 1370 995944918
558 4 997186507
392 2216 999868103
566 1275 999553017
465 1534 108
563 2309 25
455 785 997422965
414 307 998704500
652 1497 990134544
366 395 974699819
65 427 999984953
812 1016 996474638
72 1958 999717319
354 1272 26
421 621 999975636
158 1182 999998495
54 213 140
14 704 988331958
466 1635 995502125
479 1004 999636998
214 405 80
123 1834 256
260 1787 999614031
724 688 998567816
546 2020 999732205
392 2334 999813543
772 1144 995714581
800 276 998407343
213 774 983117491
14 822 999621059
119 1844 227
322 2209 289
295 780 992951387
594 2245 999218541
498 2337 84
274 322 968204301
337 1495 999742990
514 21 996095028
711 1198 999784641
207 1182 908588356
110 2172 999704022
351 2357 108
379 646 52
537 274 999999849
423 1820 999977692
266 1826 128
685 221 868267997
433 1190 70
709 1859 999345543
786 1260 997057380
102 239 101
290 718 11
786 1378 264
57 370 996893913
96 1924 999998629
286 1353 998900512
216 1726 72
40 1973 995745848
45 2307 978446623
425 1345 999962407
348 1284 20
710 721 991125145
199 2373 999829205
445 2023 998352478
575 818 999887381
336 2164 985809809
643 1138 131
89 1762 112
686 1837 43
270 484 996702659
12 2374 297
587 1505 292
817 1314 996805927
152 1975 999708397
780 1347 990346275
469 2276 993902012
696 2015 50
72 1722 989924153
305 2227 992476707
49 1821 997440975
90 1607 999998343
300 2431 932849387
359 1442 986407426
693 2482 999543817
139 102 212
250 514 999969924
466 1753 999373048
786 1142 999381198
559 1083 999549603
47 1744 998849217
727 59 999986553
33 974 998829338
719 1630 241
581 2044 992331029
725 2281 55
362 92 983326957
526 318 999750629
299 1205 999730018
645 1178 95
747 1173 999987667
89 1408 999898643
186 2477 982990402
21 29 146
729 635 999991007
265 246 276
642 393 138
517 2168 999982921
84 1252 286
106 2040 995224298
112 600 996873934
259 1845 999767313
527 1679 997121022
51 2114 261
287 164 999950013
405 1334 999739356
39 2445 225
41 332 999996672
115 724 955997899
273 1289 203
345 1337 154
307 2126 996752065
128 573 986513028
261 397 998839144
435 2110 999969625
598 2017 239
4 492 136
397 2342 999956026
656 1242 945949576
311 563 281
72 1840 999275757
160 879 999959411
214 169 995985273
562 553 998082589
653 1905 141
189 1968 993390757
402 2244 979799457
84 898 999936626
463 1829 43
429 2437 35
766 1304 967129144
484 1501 987985810
485 1242 208
24 1290 971536926
715 1230 5
136 2106 103
67 781 999824263
528 846 999892643
225 156 235
60 2111 999660166
275 174 999944493
358 876 37
456 2165 976677631
711 1316 270
492 1623 990988157
631 59 277
271 173 999999791
803 258 999665870
247 536 226
163 2469 999979975
654 1404 99
140 1030 69
586 920 997313560
508 461 989794919
638 1273 955822168
468 1852 988934701
822 1299 999656213
329 2022 264
119 1608 999999537
685 103 999665673
559 847 999129613
256 1275 999987394
441 442 115
607 18 999366166
372 2311 999988349
755 2487 117
23 2172 997348975
395 1122 20
598 1899 999183585
407 1511 997976709
410 815 999781776
189 2086 999978803
448 2420 30
185 1664 997637271
1 1525 273
350 1528 967551521
180 605 999621442
182 504 980341330
2 1935 218
226 1306 38
644 2326 978614303
783 908 998341422
287 282 995565561
819 2410 13
214 287 982720627
757 2302 85
169 470 81
656 1478 999960990
106 1922 952667125
790 868 148
118 545 999052559
87 760 191
422 1823 998136827
748 2030 998891039
304 2346 23
615 1351 185
82 236 999998481
335 1196 999957219
156 672 999261774
16 1435 992470824
134 1861 119
362 210 112
488 1745 999548199
491 1720 972595170
73 1078 999677801
126 1947 965083471
609 1064 214
832 1459 998708070
227 1065 999744963
693 221 120
255 1767 283
112 718 999751738
40 1147 993312461
680 308 999781024
705 1410 999848020
589 46 998510839
5 326 984999232
436 1057 8
294 2260 999860989
74 460 999804622
775 765 245
447 1 997932570
625 1223 999549296
427 146 63
499 724 992939740
506 2019 204
196 2349 999573318
226 1188 998522425
82 354 996073727
252 1514 87
90 1725 999148602
78 235 43
127 2231 937631429
640 177 988633880
100 746 999358200
291 1768 980461277
262 2323 946788368
577 2350 999216672
476 2474 999765146
343 2338 999995878
183 574 999998910
325 948 70
359 1560 106
724 570 999675058
8 483 999505590
300 2195 999152369
22 2459 999897023
223 397 999077972
172 2360 991382143
412 2364 141
126 2065 255
154 1891 995108523
460 2093 999998424
414 189 998653342
61 1857 999999816
770 2292 936996119
481 1488 997779227
478 841 108
438 1091 246
496 1552 999478068
721 1058 999795650
65 545 72
385 140 999451993
3 1579 996568841
89 1644 999985110
452 566 997529319
60 1875 997519726
480 487 997619548
583 1323 984617222
250 632 285
658 1674 993264966
808 2243 993651053
169 352 997611790
464 36 980725560
679 2391 246
281 570 999975129
333 371 981112765
598 1781 999427694
436 821 999966501
806 2273 251
58 663 999905110
206 1407 999995527
428 1891 179
729 399 999936479
718 2301 999998886
477 1242 937893752
623 50 114
608 1476 999736995
557 293 156
679 2155 967633323
768 2028 971886417
393 1145 968133963
705 1764 300
506 1547 982605936
811 1385 189
499 370 999548648
701 2432 999758860
56 1224 999863944
465 1298 989905525
402 1890 996289867
749 989 70
402 2362 29
199 2491 165
522 1836 999344824
577 2232 996189541
528 1082 999999631
646 800 140
721 1176 245
95 416 997296470
573 2250 117
627 2005 997958412
168 1346 246
289 2358 162
231 2209 47
554 1825 142
778 1371 978795556
339 2319 6
272 18 997524154
385 258 942808356
234 2136 7
639 644 235
496 1316 999870194
442 2057 999946456
331 1521 157
660 2144 999709922
651 1816 999581151
717 1355 60
188 844 174
605 1432 998806779
783 1026 7
177 965 978449825
407 1747 998270322
325 830 993734704
425 1699 999459010
178 1884 993543433
718 276 180
620 1241 274
616 483 998408813
330 2470 999202796
401 1418 999732613
764 1887 999928013
710 957 240
562 671 219
14 586 999988290
392 2452 250
538 17 281
111 151 120
799 1093 999923236
615 1233 993580495
8 601 279
349 1261 998795952
780 1465 141
541 1678 999959093
625 1459 269
775 529 999074567
562 317 998550991
701 289 130
128 809 266
684 1873 999641998
672 1644 999739664
40 1265 999752367
72 2194 8
675 113 999367456
103 1077 64
26 1077 999999403
522 2072 123
277 101 999892448
538 2278 980837212
182 740 177
478 723 990090080
406 2346 987491518
231 1855 999994511
396 950 999677714
384 1066 962836254
824 2356 998910944
149 1217 281
310 1694 264
267 574 197
427 28 997684899
751 2335 999433343
585 194 979850618
479 886 999964407
207 1418 992053815
489 2095 999999039
513 1068 998633892
59 2372 976353887
23 2290 985162372
129 450 207
629 452 191
208 1166 999961802
105 317 298
480 723 173
316 1962 998560694
341 1622 998164947
118 663 44
276 592 999985291
779 1051 999976599
84 1134 999990333
644 2444 265
45 2189 996333455
787 574 259
441 324 999994220
199 2137 998247094
210 2049 261
191 1938 176
465 1180 999981922
332 568 993582750
58 781 998598983
53 1007 106
179 352 998512697
739 1776 268
798 23 212
294 2496 999632042
736 1178 961099997
544 1583 998782234
346 32 61
656 1124 999595153
462 1674 237
66 1110 964361793
516 976 999673192
691 1680 994423088
302 1579 203
134 1743 955108568
378 2069 989299064
448 2066 999902199
661 1846 998747773
540 153 123
509 1629 997081694
817 1432 123
22 2223 999392751
12 2256 990928204
224 374 226
680 190 999999737
431 2003 992714863
416 284 999542934
666 572 999974717
703 979 978591258
563 2073 998250966
152 2447 275
37 2292 999958790
789 2196 290
502 821 997903773
192 1118 995320566
620 1123 999528186
197 2256 52
533 2009 984154522
668 1614 998581353
526 2461 999994829
612 834 999986327
635 704 226
240 932 230
424 1086 999727052
232 1038 203
523 1511 164
611 149 191
60 1993 987934195
104 1391 999294260
443 1307 991619176
742 1204 78
712 41 999882765
135 1909 999045879
666 690 929413810
738 1731 32
722 1894 969086987
75 186 995143702
567 738 996673889
195 376 999657054
603 1581 999060652
198 1307 996778935
457 1725 92
582 1685 71
508 579 218
664 151 999063336
435 1992 999567194
270 720 995391041
107 1017 988845145
212 560 988023232
49 1939 999908062
545 2346 998623189
679 2273 999987484
155 2414 999211128
719 1276 995631931
602 84 989034629
143 2194 999994106
754 1583 994664095
538 2396 999577171
364 1065 285
495 1608 983573277
347 457 999284682
568 1163 999009546
34 2039 293
270 602 991771559
84 1016 999877659
739 1658 999993467
165 4 995788863
602 2463 998370282
44 1812 297
466 1871 170
589 2425 967183801
45 2425 999232373
693 103 999989365
690 1202 175
587 1387 999575504
636 297 999255368
216 1490 999997202
11 1620 999569675
518 1077 993927066
574 1000 92
190 1859 999992449
190 1977 246
439 1746 999777336
605 1550 998030660
551 70 196
309 20 5
721 822 998565973
212 678 14
175 581 157
543 1973 999960252
628 1000 999971222
537 392 38
141 1695 999147740
311 445 998996563
692 115 89
677 1680 92
76 747 999821652
668 1968 250
823 1809 999899443
800 158 997050922
510 1443 996601433
31 664 187
59 2490 978229927
742 850 998489637
162 1073 999173467
558 2383 992730581
63 542 995828990
276 356 998013146
288 1157 179
621 2044 999991213
320 1220 22
182 386 991972110
640 59 994583309
747 1409 999567191
760 1131 210
499 606 989293871
553 2203 93
155 2178 990611625
220 1440 993138205
77 1249 996050619
401 1654 999121042
83 798 994093730
634 2092 268
434 1259 991865481
450 1241 209
558 122 75
275 292 125
451 1208 262
76 983 999289803
742 968 977122266
369 839 72
7 2387 269
113 1892 991229795
469 2394 74
336 2282 999594269
719 1394 999204483
236 1288 97
803 376 997674917
340 2398 999946053
413 931 210
579 2468 41
287 518 164
6 1704 149
495 1726 999779902
115 960 999281538
340 19 998650414
369 603 993909204
264 739 263
408 461 997821156
600 2402 292
655 935 999344258
195 494 997081038
215 1662 999821060
103 723 997540983
181 715 964606804
652 1379 995744457
528 1200 248
131 1768 250
16 1907 106
315 1294 999999099
600 2284 989756151
780 1229 999905705
136 1752 999978907
108 2235 979070047
150 2363 117
165 240 162
75 68 999903212
316 2080 201
365 256 997744510
607 372 177
330 209 974508710
494 1780 52
627 2123 999490522
659 1984 999995611
367 1113 943878292
127 2349 166
220 1794 173
95 534 999751382
826 1239 999087137
63 660 154
697 1685 998571259
360 2147 129
671 1261 252
401 1772 17
343 2220 998972673
705 1646 999988485
281 688 998046760
521 752 194
665 585 3
545 2228 993243578
361 485 115
543 2091 213
113 2010 999996651
414 425 999914350
673 1738 997015503
187 1413 998418364
650 39 273
575 700 999999885
680 72 998986117
684 2227 999242211
136 1634 998907127
444 63 999955041
483 1343 981669640
32 405 19
338 423 993228743
112 482 994932192
560 876 25
810 1564 994293616
830 576 74
248 1707 996827498
721 704 999998079
548 1522 999621460
319 333 989471962
827 39 999869258
761 1051 71
378 2187 999320727
484 1737 999646023
159 2126 140
749 753 999995578
674 1880 236
762 1167 996095469
314 1511 998049837
269 1337 170
219 1922 293
284 738 999914015
436 939 999878251
791 2120 999923020
777 957 999314932
576 815 22
215 1544 994414537
751 2217 984216453
704 924 271
348 812 999786715
802 382 999931554
829 1962 994629491
782 419 954559938
354 1154 999824808
669 211 991332185
814 477 24
559 1201 999797474
370 323 201
785 611 263
198 1189 998457661
140 912 999905109
767 783 851176551
815 2083 998344017
674 1762 996256110
248 1589 997178612
235 743 999999633
813 1031 999967677
664 269 260
412 2246 999883712
634 1856 981607078
716 1473 199
59 2254 999882403
483 1107 999640060
103 959 999946435
364 829 957216343
788 1999 34
283 2341 117
281 924 999999836
432 810 190
424 1204 997529112
505 141 34
597 1914 999875655
102 121 999994900
297 2222 999982347
64 1802 997829401
483 871 995587004
831 76 997351361
612 1070 999986492
243 1485 999840225
733 1661 192
232 802 999799350
833 170 998491392
59 347 37
79 901 997292815
193 524 990854594
625 1341 999904326
173 1219 999968117
579 2350 999980978
421 739 999793325
630 1049 150
621 1926 990986115
799 1211 997825546
115 842 999997724
379 528 998970946
429 2083 980221475
594 2363 137
68 439 66
284 620 998384571
301 2184 964837117
127 2113 997391889
654 1286 999491163
276 238 999265016
107 1135 86
743 1152 999987315
502 1175 129
30 1108 985894730
421 385 999895465
427 2407 998925348
168 1228 997943280
651 1934 999045027
510 1325 997514797
759 108 999481264
790 514 994939361
710 839 999979428
473 5 998598161
69 2057 999999286
360 1793 999972331
476 95 994882997
171 2200 95
514 2400 998729660
83 916 999506584
415 835 998841109
45 46 997894291
501 514 999845046
46 1567 999976616
104 1509 984496770
234 1310 998621127
453 1428 980857678
312 2456 999844681
108 2471 88
49 1703 999100041
701 171 986371901
533 2245 91
573 2132 999999831
707 1569 993982133
152 2093 987774155
29 824 999658932
794 1550 999013562
377 707 40
95 298 997250169
593 1181 996852643
79 1019 930856007
782 537 102
416 48 999784399
813 1149 999984331
67 899 251
531 841 969365142
130 1110 116
234 1782 991373219
4 138 998893003
64 1566 999822498
55 1811 999991845
191 1702 995686635
131 1650 999069657
66 1228 12
404 1186 40
136 1870 974834663
713 2272 50
731 2319 981706396
542 2469 130
754 1701 241
323 1572 229
660 2026 999487045
601 297 291
801 2232 1
679 1919 957737107
649 576 999904383
704 806 998164615
23 2408 999328954
770 2174 947990538
7 2033 990489090
808 2125 972671460
566 1511 170
212 442 999956290
791 2474 997574733
38 900 214
563 1955 999871923
409 2467 968303237
173 983 999842223
606 1033 186
192 1236 132
70 2125 986823472
823 2045 996116638
429 2319 992409827
322 1973 999998777
517 2404 199
395 886 999644739
765 227 998272871
632 1867 999985314
238 2113 988981160
199 2255 993228976
678 779 999242956
423 2056 999894027
237 150 999664579
480 369 999450637
727 531 248
452 684 999787757
338 895 273
337 1849 171
280 309 999543443
201 346 994483633
505 23 995185480
154 2245 21
580 1357 128
481 1724 999920720
80 750 999953072
51 1996 999958208
365 374 96
185 1782 48
140 794 992460412
543 1855 963603467
536 130 939727201
494 1662 890884773
233 912 991101748
229 2065 980033366
766 1186 999931780
545 321 924266155
417 706 1
461 2248 999871047
414 543 278
256 1393 984424996
41 96 989376792
352 471 998778716
541 1560 996975532
658 1438 990865017
307 1890 999187341
638 1155 988268807
586 1038 172
446 150 263
80 986 982262315
97 1411 999258214
812 1370 147
675 2374 984677757
757 2184 999795907
115 606 999600095
420 1181 155
256 1629 197
737 1459 999992388
795 1536 993595629
335 1314 118
770 2410 247
68 321 996991743
508 343 991216801
623 2311 994639126
720 1453 95
94 2029 982633029
75 304 210
224 256 990167990
97 1529 998146112
509 1865 999782175
656 1832 223
568 1753 999751007
301 277 228
230 10 263
831 1983 999778627
489 2449 108
229 1947 999984092
631 2438 999977638
727 177 997674498
655 1171 99
189 2204 38
501 632 41
561 1741 994113612
777 839 992823673
681 1455 999856272
27 1819 998420846
357 850 999725066
637 769 282
766 1422 273
599 678 999776044
37 2174 932991557
823 1691 999124034
104 1627 35
400 1484 999521747
501 278 995639208
104 1273 998726083
745 1192 73
109 2183 174
332 922 53
19 1842 293
123 1716 996313173
41 450 998770430
179 470 80
135 1791 999931990
628 1118 34
708 886 172
675 2256 949429333
814 359 991855509
384 948 999206336
460 2211 961431153
69 2293 95
572 621 121
651 2170 999691212
696 1897 998618126
194 1430 248
499 842 15
749 871 999989243
180 487 997862580
767 1019 177
442 2175 34
468 1498 999998601
534 1890 171
358 758 999980294
52 1361 115
492 1387 999967341
327 1520 996545369
478 605 998882909
433 954 999914894
572 503 999827168
198 1071 999881044
435 2228 235
518 1313 6
198 1425 37
832 1577 44
511 2402 999983242
518 1195 999999005
97 1647 68
64 1684 999968792
513 832 891759228
423 2292 86
737 1577 89
472 2353 245
702 1935 245
142 1237 911275235
511 23 229
247 300 999965492
522 1954 997310780
825 564 998622451
545 2464 998785436
709 1741 980170116
535 1335 222
336 21 966942656
496 1434 999959690
510 1207 996841928
421 975 234
502 939 998614147
533 2127 999951401
178 2238 93
736 1296 999635545
654 1050 999571377
602 202 999717156
375 2314 999873204
230 2153 991880777
345 1101 999873372
544 1465 999927676
178 2002 998660940
427 2289 999925013
416 166 999855215
477 1478 295
776 1888 999799822
570 1843 187
116 173 920062263
510 1797 999776650
748 2148 157
746 2318 996366021
530 1978 999696267
272 136 101
662 2428 285
103 605 985190908
322 2091 999625336
495 2198 999423824
412 2010 993963545
779 1287 242
669 93 948760296
718 40 995179123
187 1531 211
667 814 123
309 2163 999984571
38 782 999632607
393 909 999575860
207 1064 999023290
378 2423 998831632
233 1266 990477163
699 1973 998238039
48 2039 999951108
307 2244 222
40 1619 998321177
355 355 218
247 182 999868938
96 1806 988554799
817 1196 991305227
825 1036 998285481
324 2171 295
643 1020 998726225
309 2399 999998038
114 615 183
236 1170 999997732
652 1615 999399767
758 24 999939928
764 1769 999798466
524 170 945610549
22 80 101
449 2109 999944041
517 2050 999996206
403 2182 1
170 1676 990262778
627 2241 289
685 2482 998713217
505 2402 926741912
292 1821 158
274 558 89
249 1794 34
599 796 201
529 1782 154
380 267 988102033
260 1669 994423865
559 1319 147
753 2129 999266527
331 1403 999906950
675 349 189
820 1792 194
550 1869 999971962
276 474 999226821
146 203 999135454
103 487 999856059
407 1629 990146105
94 1793 997620069
445 1787 999361415
763 1624 258
389 455 212
489 2331 999305918
456 2047 999095443
121 1594 999481527
227 1183 243
383 949 998435893
483 1461 200
734 1513 177
477 1124 993489350
440 1210 941044569
298 1362 999976374
264 621 999998051
219 1804 999976095
515 350 207
76 1101 999999968
589 164 71
86 1008 998445108
281 1042 50
636 179 998467522
41 2475 990474719
732 1655 999939839
685 339 232
138 2092 999713561
658 1556 999598917
319 687 125
387 2158 957786685
486 577 202
531 959 67
497 1872 130
368 790 295
230 2271 999964602
325 712 999970860
143 2076 998025203
362 2471 999046637
516 1212 175
172 2478 148
244 2275 168
154 2127 999310740
471 1447 996901057
312 2338 999604540
95 770 151
279 1047 999924631
173 1337 253
608 1712 294
735 2489 999733092
537 156 997582078
45 164 999957659
200 2265 11
234 1428 999970707
621 2162 248
390 94 999876720
804 1008 16
669 329 999794007
301 2420 993613348
736 1650 190
442 1939 993526820
592 1092 65
231 2091 999749678
467 299 53
541 1796 154
357 1086 188
101 2229 999991138
771 1926 999715349
269 1219 981099430
541 1442 995005985
727 2438 999694044
152 2329 978490831
209 893 229
137 794 999972333
668 1850 966222978
447 2380 998675088
791 95 194
340 2280 999572621
318 2155 999995972
529 1546 998469071
771 2162 247
799 975 829563879
809 256 251
234 2018 999997432
694 1636 164
28 1694 999436394
106 1804 999182149
149 1099 965613173
71 615 155
206 1525 273
148 452 53
542 2351 999603023
618 249 985808376
756 1947 963233598
706 2316 999702781
772 1262 999618850
270 838 999699093
549 373 975828826
209 775 954154722
731 2437 165
437 1787 998416792
799 1329 184
37 2410 49
128 691 999992536
729 281 897147397
120 2154 288
746 57 242
434 1377 143
291 1886 131
492 1859 263
504 502 999502731
360 2029 996176269
122 1322 129
556 753 985668802
116 527 58
254 1935 999296923
762 1521 54
239 675 267
532 605 78
608 1594 999356711
460 2329 226
5 444 999794957
721 940 999999012
145 2456 194
779 1169 999891165
205 746 970210396
514 139 2
93 1463 194
476 331 288
245 1861 229
711 1080 946323918
138 2210 977011067
487 95 995995588
700 1952 187
761 579 998955747
694 1282 998632931
647 564 999991818
134 1625 993146748
550 1751 996144197
19 1724 999927438
262 2441 291
575 936 7
732 1183 993783667
59 111 992529210
818 394 991932185
815 2201 999997533
630 931 996056019
218 1140 999862137
348 930 999753412
252 1396 999950487
578 1912 134
602 320 83
732 1419 990922900
233 1384 293
791 2356 924588328
55 1693 999942961
50 2426 986061832
509 1511 991814170
529 1428 998197400
750 2086 2
483 989 999782971
415 953 999982600
58 545 999151445
154 2009 999844463
448 2302 999799113
336 139 192
376 1556 999995574
730 1089 914823079
166 1618 996435194
184 2471 230
141 1459 992877096
45 282 100
69 2175 998959074
33 1092 211
639 526 998413314
487 213 999999275
426 2212 123
805 1002 990123392
194 1312 997711246
439 1982 75
661 1728 993523879
74 578 134
690 966 999815021
833 406 998978060
329 1786 996560601
137 676 999951823
211 1307 14
698 450 72
286 1235 999971746
242 2056 999969690
176 198 148
257 786 183
143 2312 989415108
649 812 999832909
459 2160 999926608
454 760 161
370 205 999998598
484 1855 282
428 1655 999927286
575 464 999631628
554 1589 986720901
433 836 999762009
568 1871 146
299 1087 997558812
495 1844 995806741
578 1558 999917867
294 2378 999533458
524 52 999759879
61 1975 999208327
676 1133 999747441
339 1965 997596022
743 1506 998004092
439 1864 991320511
62 580 999294741
114 497 999981929
168 1110 999917584
473 123 257
605 1668 228
402 2126 999999517
468 1734 999160514
344 2381 183
73 1196 112
68 203 999998590
319 451 992836282
3 1697 999994784
110 2290 997417574
453 1782 174
399 1816 238
338 659 999898048
85 308 988535293
735 110 152
379 410 996616520
622 1453 991344291
828 1970 994657634
507 2066 999391314
681 1573 47
143 1958 959747238
489 2213 985195043
818 748 264
160 997 996722396
350 1410 996916400
22 2341 995515814
475 1959 17
81 2078 121
727 295 999991529
193 642 920318322
214 51 996541082
49 2057 43
756 2183 296
130 992 989389035
647 800 268
101 2111 992311428
110 2408 88
640 295 54
827 2418 999841248
457 1607 999752794
431 1885 990041716
416 2427 999949183
561 1977 139
2 1699 995198343
384 1184 7
690 1084 999867291
246 1400 996810488
519 105 35
387 2276 53
464 154 180
527 2151 136
713 2154 998034976
794 1668 135
353 1217 991364764
656 1596 999980660
199 2019 999559174
415 717 998852108
244 2039 999915075
53 889 999749986
40 1501 999588878
724 806 140
100 628 997582249
807 942 286
51 1760 995404559
24 1172 999427017
673 1974 75
339 2083 991853838
237 386 271
42 2290 286
502 1057 999382269
11 1502 999723739
445 2141 67
213 1010 200
206 1289 998634660
501 396 886172099
515 232 999946272
695 587 40
566 1393 998059864
327 1402 998181429
305 2109 999295409
202 1629 295
186 2359 999650171
225 2417 981906042
492 1505 999965673
823 1927 999715510
430 1519 237
425 1463 999144108
139 2481 974700562
424 968 993220009
255 1531 999999695
138 2446 113
385 22 999870790
477 1360 999141824
308 1665 274
501 160 999999818
372 2429 66
138 2328 998457207
376 1438 999992135
521 398 999928985
415 1071 12
27 2055 135
770 2056 999836364
300 170 135
510 1679 999998631
367 1231 999703890
718 2065 998526608
689 579 999989795
819 2174 998087523
545 203 999998717
248 1825 998928328
525 271 104
795 1418 998484150
46 1803 999894770
146 557 951429016
115 1078 226
595 2247 995000485
132 424 999792911
84 662 999591651
811 1267 999031021
715 1112 949098065
703 1097 84
264 503 999804952
686 1719 999921400
655 1053 994799295
95 180 999995794
825 682 999452489
51 1878 982639195
775 647 988423918
437 1905 274
327 1638 238
718 158 999313919
79 1137 154
706 173 135
683 1163 997182633
488 1863 80
458 2493 999729192
506 1665 989090466
65 309 998058357
419 64 983574196
683 1281 999136462
746 2200 956320749
105 199 998916171
374 978 993516392
600 2048 964932695
5 680 999703216
426 2094 998196581
581 2280 279
200 2029 988729210
259 1963 999983023
552 1461 997613045
204 1784 68
620 1005 999665157
453 1546 999215380
306 977 224
309 2045 999679450
831 2455 998424567
195 612 235
718 2183 999991223
728 155 54
80 1104 25
364 947 999946366
344 2145 999942814
163 90 56
142 1591 170
498 2219 996986791
284 974 192
526 554 191
581 2162 812988557
616 129 999084401
641 1301 256
490 1673 999666222
824 2474 998289182
709 1977 95
348 1166 910905371
324 1935 999997780
536 248 16
3 1815 174
744 1044 990103118
356 659 261
749 635 999480034
438 855 999591864
656 1714 947821544
467 181 999882902
527 1915 995115824
401 1536 997860525
295 898 999893551
752 2013 995375466
412 2128 995095262
244 2157 998278085
438 973 992724499
782 183 993427622
157 1830 980380078
377 471 999874705
113 1774 989832398
329 1904 996059880
50 2308 999991921
774 41 984213553
433 1072 999999233
513 1186 107
324 2053 997151005
42 2172 992703609
113 2128 247
268 135 78
400 1366 998669397
584 2323 157
60 2229 178
30 1344 86
418 2338 998928642
245 1507 999525244
198 953 999285340
418 2456 190
326 1259 229
181 951 984594569
822 1417 141
449 2463 222
521 634 990849231
41 214 996674892
347 575 223
795 1772 33
506 1901 999988671
668 1732 999148780
61 2093 999979178
747 1527 90
774 2420 999951454
391 2021 998510235
831 194 110
176 80 999314635
746 2436 983861622
110 2054 994464250
117 2066 998679071
350 1764 39
139 2363 869602166
504 620 196
476 213 999913188
652 1851 151
818 276 999611026
111 2412 998550601
569 2456 999550075
635 586 999883661
689 697 71
144 847 999467659
777 1075 999282966
106 15 30
404 1068 999773378
616 365 987831112
391 1903 999959434
554 1353 999986052
677 1562 999169886
825 918 999990200
305 1991 988097073
629 334 999876305
420 1063 968278173
633 1062 993275065
764 2005 282
13 911 992043091
813 1267 90
147 562 999093951
76 1337 79
307 2008 999864426
249 1676 999760989
385 376 141
293 694 966822742
106 2276 988546537
395 1004 999356370
425 1581 991690366
283 2223 999903674
207 1536 999913168
332 804 998792213
165 122 997758831
144 1083 264
659 2220 129
3 1343 999368138
569 2220 999729927
230 2389 999897874
94 2147 272
186 2241 996269599
666 454 999685292
407 1983 280
470 1532 999986802
633 1298 203
694 1518 974735068
338 541 998945235
375 2432 262
339 2201 996399161
240 578 999785290
471 1565 252
24 1408 128
9 223 999847328
829 1726 973060199
40 2091 59
254 2053 284
421 503 975337696
450 1123 999663123
525 153 988412353
660 2380 999977173
777 1193 64
616 247 998244427
509 1983 149
660 2262 998669090
535 1217 998372713
510 1561 999129685
234 1900 884769282
249 1558 999834434
571 1796 15
552 1697 48
355 1 998359931
286 1471 57
410 1051 228
220 1676 998818384
578 1676 999851461
676 1251 999927122
416 402 81
791 2238 999332795
521 516 992356837
297 2340 128
707 1805 41
217 57 994659366
423 1938 996768569
557 175 987293880
393 1381 204
575 582 999985458
632 1985 9
136 1988 998450734
177 1083 255
577 2468 207
564 1135 226
208 1284 23
364 711 993739264
496 1670 115
300 52 999560465
776 2124 189
40 1855 999969691
98 2152 999080628
35 480 113
759 226 292
720 1335 999603139
706 2434 997300743
416 2191 993980026
406 2464 274
261 279 893234280
829 2080 241
564 899 997115738
294 235 252
472 1999 999100973
217 175 158
454 524 999210101
124 284 978103761
804 890 999990106
357 968 988816973
569 77 999284011
383 831 999461529
768 2264 107
784 284 999739319
256 1511 999904899
219 1686 998316909
314 1629 240
516 1094 999992366
255 1413 997402796
648 1934 999575399
680 426 37
660 1 271
808 2361 124
701 53 997640011
457 1489 999854719
822 1181 967097388
160 1233 60
623 2429 997253146
74 342 983079664
659 2102 990743000
180 841 297
667 578 999370072
14 940 249
665 467 999854634
697 1803 994566553
373 1104 221
545 85 984729291
805 1238 62
594 2127 999881259
803 494 990472890
59 229 999998313
135 2027 994698005
636 415 217
56 1578 259
124 166 999856015
480 251 992906766
544 1701 298
797 1882 995897092
622 1571 280
452 448 983021085
408 697 999989563
286 1117 975630475
282 1999 957472097
821 267 243
456 2283 127
203 299 209
114 379 991454594
100 864 196
481 1842 956610838
23 29 91
697 2039 999627268
403 1946 998314908
682 1914 81
403 2064 999963259
419 2443 997884950
675 231 908577954
411 274 943724800
797 2000 100
402 2008 999961413
28 1812 28
645 1060 990157996
798 2402 999375722
50 165 183
666 808 133
802 500 276
676 1487 52
679 2037 991995296
448 2184 999242584
396 1068 156
207 1300 999966731
753 2247 212
377 589 989263077
339 1847 997498679
235 1215 248
500 305 995187861
263 986 998425265
648 1816 983828557
88 409 85
280 191 989276495
722 2012 207
330 91 999997338
294 117 998981658
81 1960 987152709
349 1379 12
567 856 164
293 812 251
562 435 999527367
69 1939 992041346
764 1651 998498377
652 1733 999720666
308 1547 999965698
108 2353 944701648
271 55 999923738
528 964 999998224
483 1225 992551667
240 814 971456846
500 423 264
407 1865 973213105
737 1223 998237768
705 1528 999938108
164 2478 272
220 1558 999928656
305 1755 992372417
673 1856 995835193
334 2296 109
109 2065 999566759
749 517 998133429
614 1934 95
44 1694 999805423
276 710 984777454
661 1964 173
458 468 983801966
167 212 993034926
619 618 998831232
612 1188 290
284 502 997410955
127 1995 960553893
400 1602 231
66 874 999966422
67 663 999974872
752 2131 184
539 972 284
409 2349 999506751
4 256 996029376
425 1817 189
398 577 1
535 981 999786280
659 1866 999999872
481 1252 999995311
732 1773 187
371 231 988125531
479 1122 165
743 1388 999994346
105 81 999926877
568 1517 959442981
688 39 995950054
651 2288 142
576 697 999987437
591 1133 276
223 279 992653607
737 1341 999966091
805 1120 968575599
158 1300 251
688 275 997018968
539 736 997930168
650 2300 999849246
211 1071 999073200
760 895 999763613
57 488 258
399 1698 991970853
106 2158 999830422
447 119 26
781 1472 255
3 1461 998607457
646 564 990670725
568 1635 999982820
173 1101 998307468
831 2219 999584733
20 2497 166
768 2146 999837120
413 813 956417368
153 1732 999938064
253 904 5
409 88 255
571 1560 999091005
535 1099 999342748
507 2302 280
694 1400 994156736
17 1746 999822267
831 2101 995818854
13 793 999159467
318 2273 998245820
16 1553 997770291
545 439 267
219 1568 999997564
648 2052 161
635 468 998206203
203 181 999836951
647 682 997735565
106 2394 999839684
77 1367 262
222 2328 999921707
262 2205 999301013
143 2430 202
793 2141 49
62 698 999329071
756 2065 999914245
301 159 998251582
672 1762 163
21 2408 973109840
101 2347 158
7 2269 999888670
151 1449 154
348 1048 997772227
270 956 209
9 459 220
247 418 936095284
762 1403 999566844
30 1226 999996112
550 1987 999265743
70 2361 215
183 456 999284893
423 2174 996329209
656 1360 999258467
568 1281 998329825
519 2484 993650958
205 864 999482987
520 160 240
499 488 997721622
732 1537 999394645
194 1076 997637904
41 568 145
818 630 990491977
386 1817 999092664
503 1928 997119767
119 1490 999087800
733 1543 999756385
228 376 996925171
305 2345 51
283 2105 999996199
18 2363 129
458 232 996930684
155 2296 940331286
740 916 998245715
630 813 999513188
286 999 999836435
405 1570 297
455 1021 192
27 1937 999342864
743 1624 153
441 206 999997168
419 300 250
384 830 993706811
613 2133 102
650 2418 985371085
487 449 133
686 1483 999389457
25 2367 267
40 1383 999838921
736 1414 953916619
529 1664 999410964
734 1395 989794575
481 1960 143
470 1768 995203846
11 1974 25
607 136 998797781
133 1207 55
278 1402 247
658 1792 43
693 2246 975296971
684 2345 297
761 815 994943445
818 512 999803028
278 1284 994613068
67 545 999958796
680 2451 999134012
355 237 996830846
19 1606 999690330
184 2353 999345456
55 1929 123
426 1976 999847761
728 37 997949638
43 2058 999765921
550 2105 55
83 1034 994475760
298 1716 108
393 1027 999972477
420 945 995864201
174 2335 999005012
233 1030 999972608
300 2313 992914136
714 1882 37
124 402 32
197 2020 999989843
146 321 999696644
458 350 999910028
231 1973 999960022
287 400 988559783
607 254 999985691
5 562 996678154
341 1740 276
140 676 966735437
745 1074 999997153
618 367 284
687 1925 103
778 1253 999878759
352 589 107
303 2461 117
312 2220 945536800
723 216 999764425
411 628 258
166 1736 5
146 675 50
474 117 273
429 2201 999991879
626 1135 83
526 82 999903241
308 1429 997560402
819 2292 966922055
758 142 296
26 959 999889915
508 225 995907921
243 1603 30
798 2284 999985597
46 1685 991735526
520 42 999817485
597 2032 295
509 1747 996690481
61 2211 82
56 1460 962226513
585 312 277
740 798 996886300
279 1165 100
419 182 999466362
242 2174 257
761 697 999990236
220 1322 996878103
238 1877 999959654
282 2117 283
601 179 999908192
166 1382 999940055
675 2492 996252483
564 1017 999985325
11 1856 999996283
683 1517 50
825 800 999736821
408 815 294
465 1416 991949953
555 1833 175
753 2011 999525291
480 605 998937298
481 1606 999850030
569 195 188
248 1943 183
500 187 999999818
724 452 989289983
472 2117 998929168
235 979 999770667
444 181 55
503 2046 999880912
565 1644 17
56 1106 999565738
663 944 989370567
234 1664 999954111
186 2123 990709113
788 1881 998339432
562 199 990365206
651 2052 999185285
166 1500 999771440
301 41 999979855
526 200 981939799
638 1391 124
517 2286 900248936
595 2129 979210275
53 771 990232499
4 20 999841224
116 291 999846452
421 857 999583157
182 622 998642527
369 721 999970393
657 1510 227
584 2087 999973791
355 119 999573489
552 1579 999993948
754 1465 999999920
590 1470 110
17 1628 994313532
610 1341 164
7 1915 999905460
712 159 299
332 686 999948704
292 1703 999745496
120 2036 999834104
131 1532 992779126
784 402 999997253
234 1546 998411005
72 2076 999953190
268 17 999876884
495 1962 999892188
63 424 999341317
315 940 999997428
654 1168 908008728
148 334 983959618
510 1915 984022211
729 163 999996737
619 736 86
571 1678 999975210
718 2419 999865602
349 1143 977553171
459 2278 179
503 2164 205
727 413 999074132
532 487 998848818
634 1974 999995641
740 1152 217
492 1741 996841557
452 802 63
649 694 991421980
676 1369 999967350
121 1476 999100157
539 854 987004655
374 1096 995478879
383 1067 961743218
491 1838 129
725 2163 996093388
157 1948 190
271 291 65
512 594 972693461
431 2121 999992810
684 2109 997408158
203 63 997733023
803 612 999870120
378 2305 999962169
633 1180 998607981
468 1970 984478151
596 588 999734198
285 2111 998641381
292 1585 999759543
671 1143 999900483
72 1604 999978794
337 1259 943611203
296 1876 93
778 1489 271
353 1335 45
382 2247 112
833 524 70
495 2080 999616213
461 2484 196
622 1335 998141506
761 933 999933341
372 2193 999969527
393 1263 999567296
338 777 999658675
698 96 996019758
802 264 996669741
449 2227 985341633
187 1295 993324419
569 2338 998812069
48 2275 10
472 2235 997937388
773 1079 141
792 2017 238
408 579 965152475
4 374 998580921
299 1323 126
112 954 6
336 2400 999986830
144 965 998904137
245 1625 999399344
274 204 979724980
549 491 119
604 457 22
431 2239 102
183 338 974909559
790 632 999883266
11 1738 979703145
451 1090 999934805
751 2453 189
176 2459 999891933
470 1886 49
10 2088 254
391 2139 185
313 2019 103
810 1800 84
640 2438 999853156
211 953 992382172
245 1743 999880474
197 2138 997360425
281 806 994435346
222 2446 166
413 695 996150168
10 1970 999988925
547 907 139
70 2243 984976716
443 1425 148
613 1897 976338797
274 440 981321717
188 726 923229956
135 2145 80
78 117 997820181
495 2316 6
448 1948 996435291
755 2369 998871375
251 1100 166
330 327 152
178 2120 999935137
197 1902 997778531
390 212 60
491 1484 982654038
125 1416 999980300
340 137 4
772 1380 176
2 1817 999734331
800 394 187
319 215 996005262
76 1219 998641202
35 362 999963748
493 2377 999993551
742 1086 998413219
507 2184 992870844
565 1526 997587780
362 2353 994568689
193 760 106
773 961 966956895
416 2309 999745505
91 1325 51
470 1650 994969102
717 1237 999043957
86 1126 65
285 2229 280
583 1205 989178392
229 2183 995479313
747 1291 993936944
812 1134 989117302
241 2412 12
312 77 164
645 942 997945890
763 1506 997777900
238 1995 999996320
255 1649 998969688
13 1029 39
461 2366 999859824
16 1789 999836626
235 625 980927542
815 2319 287
263 868 996652703
284 856 971453227
419 2325 999992737
238 2231 130
89 1526 999886159
374 860 998367954
26 1195 276
730 1325 283
597 1796 999952336
283 1987 996086337
714 1764 979806792
760 777 999644563
235 1097 997493381
691 1798 221
554 1471 998859639
328 118 999560212
15 393 999997501
688 157 995192227
343 2456 246
15 511 999887495
824 95 235
161 816 193
369 485 974171521
90 1843 998495161
345 983 999992347
693 2364 956755050
790 750 999949279
85 426 186
64 1920 125
277 337 24
64 1448 999946978
293 576 997802974
809 138 989617862
380 385 999083680
99 1507 67
667 696 999145607
197 1784 999749579
20 2379 999975298
570 1725 999483382
736 1532 997631925
475 1841 999689987
137 912 163
186 98 114
295 1016 113
290 600 996533838
424 850 999773606
192 882 988105465
374 1214 156
578 1794 999750397
810 1682 995955151
776 2006 998168446
202 1393 999994576
484 1619 994355994
117 2184 273
825 1154 12
366 749 262
669 447 236
663 1062 79
693 2128 997694811
264 385 999931877
99 1389 962869402
784 520 178
111 33 997291886
170 1794 165
7 2151 997085253
315 1176 998068964
513 950 980609371
372 2075 999890522
152 2211 999924393
803 848 20
55 1575 974782716
180 723 998299766
823 2163 170
683 1399 998001101
816 1070 268
153 1850 90
686 1601 999127532
216 1372 998787969
729 517 999700531
196 2467 22
13 675 968482496
215 1780 5
388 1300 82
730 1207 995057919
707 1687 905582056
432 574 999088425
276 828 42
8 365 999487640
98 2270 148
458 586 161
699 2091 184
756 1829 999131071
96 2042 993714383
698 214 997963754
692 2494 932303475
828 2088 72
141 1577 997727596
209 657 991099804
378 44 24
