2500 2499 2500
930 2500 1000000000
221 2500 1000000000
2162 2500 1000000000
42 2500 1000000000
1072 2500 1000000000
1220 2500 1000000000
444 2500 1000000000
358 2500 1000000000
2368 2500 1000000000
1796 2500 1000000000
2101 2500 1000000000
1709 2500 1000000000
1193 2500 1000000000
796 2500 1000000000
1825 2500 1000000000
1185 2500 1000000000
1147 2500 1000000000
1803 2500 1000000000
1008 2500 1000000000
683 2500 1000000000
1115 2500 1000000000
1301 2500 1000000000
351 2500 1000000000
1294 2500 1000000000
732 2500 1000000000
1017 2500 1000000000
909 2500 1000000000
1940 2500 1000000000
1958 2500 1000000000
573 2500 1000000000
1666 2500 1000000000
456 2500 1000000000
333 2500 1000000000
2012 2500 1000000000
693 2500 1000000000
2171 2500 1000000000
780 2500 1000000000
1519 2500 1000000000
1155 2500 1000000000
2161 2500 1000000000
742 2500 1000000000
699 2500 1000000000
246 2500 1000000000
1469 2500 1000000000
359 2500 1000000000
1312 2500 1000000000
1972 2500 1000000000
580 2500 1000000000
488 2500 1000000000
782 2500 1000000000
2274 2500 1000000000
2386 2500 1000000000
1698 2500 1000000000
2170 2500 1000000000
1975 2500 1000000000
902 2500 1000000000
858 2500 1000000000
323 2500 1000000000
2197 2500 1000000000
1487 2500 1000000000
1877 2500 1000000000
2239 2500 1000000000
663 2500 1000000000
1295 2500 1000000000
2417 2500 1000000000
79 2500 1000000000
1763 2500 1000000000
2129 2500 1000000000
1919 2500 1000000000
389 2500 1000000000
2143 2500 1000000000
290 2500 1000000000
2063 2500 1000000000
1808 2500 1000000000
638 2500 1000000000
1391 2500 1000000000
188 2500 1000000000
880 2500 1000000000
1405 2500 1000000000
70 2500 1000000000
1793 2500 1000000000
1458 2500 1000000000
1821 2500 1000000000
52 2500 1000000000
288 2500 1000000000
686 2500 1000000000
58 2500 1000000000
1066 2500 1000000000
712 2500 1000000000
1035 2500 1000000000
2448 2500 1000000000
766 2500 1000000000
713 2500 1000000000
788 2500 1000000000
1388 2500 1000000000
1314 2500 1000000000
2284 2500 1000000000
1909 2500 1000000000
1021 2500 1000000000
2405 2500 1000000000
2070 2500 1000000000
1616 2500 1000000000
1795 2500 1000000000
743 2500 1000000000
185 2500 1000000000
1401 2500 1000000000
1959 2500 1000000000
249 2500 1000000000
1546 2500 1000000000
1144 2500 1000000000
908 2500 1000000000
1556 2500 1000000000
785 2500 1000000000
1770 2500 1000000000
367 2500 1000000000
1880 2500 1000000000
853 2500 1000000000
943 2500 1000000000
2328 2500 1000000000
1588 2500 1000000000
1564 2500 1000000000
950 2500 1000000000
1267 2500 1000000000
1794 2500 1000000000
434 2500 1000000000
1237 2500 1000000000
2224 2500 1000000000
176 2500 1000000000
1420 2500 1000000000
1871 2500 1000000000
606 2500 1000000000
2410 2500 1000000000
2264 2500 1000000000
141 2500 1000000000
1905 2500 1000000000
1590 2500 1000000000
709 2500 1000000000
524 2500 1000000000
1279 2500 1000000000
472 2500 1000000000
590 2500 1000000000
225 2500 1000000000
1277 2500 1000000000
2308 2500 1000000000
596 2500 1000000000
1900 2500 1000000000
541 2500 1000000000
150 2500 1000000000
2146 2500 1000000000
960 2500 1000000000
1525 2500 1000000000
1352 2500 1000000000
1080 2500 1000000000
1232 2500 1000000000
688 2500 1000000000
2125 2500 1000000000
802 2500 1000000000
1925 2500 1000000000
1303 2500 1000000000
597 2500 1000000000
2375 2500 1000000000
285 2500 1000000000
1216 2500 1000000000
1181 2500 1000000000
1565 2500 1000000000
2355 2500 1000000000
2231 2500 1000000000
1153 2500 1000000000
932 2500 1000000000
924 2500 1000000000
595 2500 1000000000
2191 2500 1000000000
1082 2500 1000000000
1890 2500 1000000000
1205 2500 1000000000
2436 2500 1000000000
393 2500 1000000000
2142 2500 1000000000
2151 2500 1000000000
2153 2500 1000000000
2326 2500 1000000000
1904 2500 1000000000
1883 2500 1000000000
234 2500 1000000000
2388 2500 1000000000
972 2500 1000000000
1638 2500 1000000000
1319 2500 1000000000
440 2500 1000000000
1364 2500 1000000000
1372 2500 1000000000
1183 2500 1000000000
2409 2500 1000000000
1816 2500 1000000000
745 2500 1000000000
2269 2500 1000000000
2281 2500 1000000000
2107 2500 1000000000
1510 2500 1000000000
637 2500 1000000000
1804 2500 1000000000
266 2500 1000000000
2047 2500 1000000000
961 2500 1000000000
1848 2500 1000000000
933 2500 1000000000
1105 2500 1000000000
668 2500 1000000000
34 2500 1000000000
1695 2500 1000000000
1495 2500 1000000000
1037 2500 1000000000
321 2500 1000000000
1610 2500 1000000000
44 2500 1000000000
1427 2500 1000000000
2379 2500 1000000000
253 2500 1000000000
309 2500 1000000000
419 2500 1000000000
1076 2500 1000000000
2198 2500 1000000000
1263 2500 1000000000
1646 2500 1000000000
1874 2500 1000000000
826 2500 1000000000
1476 2500 1000000000
2395 2500 1000000000
1901 2500 1000000000
318 2500 1000000000
1283 2500 1000000000
997 2500 1000000000
1653 2500 1000000000
701 2500 1000000000
1045 2500 1000000000
1173 2500 1000000000
2013 2500 1000000000
1030 2500 1000000000
2040 2500 1000000000
2353 2500 1000000000
2103 2500 1000000000
702 2500 1000000000
1272 2500 1000000000
1798 2500 1000000000
971 2500 1000000000
118 2500 1000000000
1806 2500 1000000000
847 2500 1000000000
230 2500 1000000000
2489 2500 1000000000
304 2500 1000000000
2418 2500 1000000000
1511 2500 1000000000
2465 2500 1000000000
157 2500 1000000000
103 2500 1000000000
1480 2500 1000000000
1830 2500 1000000000
1446 2500 1000000000
1113 2500 1000000000
1429 2500 1000000000
1433 2500 1000000000
1587 2500 1000000000
1308 2500 1000000000
2060 2500 1000000000
934 2500 1000000000
1208 2500 1000000000
1230 2500 1000000000
1635 2500 1000000000
1345 2500 1000000000
312 2500 1000000000
1090 2500 1000000000
196 2500 1000000000
1626 2500 1000000000
2424 2500 1000000000
2372 2500 1000000000
1330 2500 1000000000
2084 2500 1000000000
2112 2500 1000000000
31 2500 1000000000
1554 2500 1000000000
252 2500 1000000000
1632 2500 1000000000
2138 2500 1000000000
183 2500 1000000000
1052 2500 1000000000
1404 2500 1000000000
831 2500 1000000000
585 2500 1000000000
260 2500 1000000000
698 2500 1000000000
467 2500 1000000000
940 2500 1000000000
1942 2500 1000000000
166 2500 1000000000
61 2500 1000000000
505 2500 1000000000
768 2500 1000000000
350 2500 1000000000
1382 2500 1000000000
975 2500 1000000000
256 2500 1000000000
124 2500 1000000000
2336 2500 1000000000
1606 2500 1000000000
1737 2500 1000000000
1253 2500 1000000000
1018 2500 1000000000
37 2500 1000000000
320 2500 1000000000
1862 2500 1000000000
2430 2500 1000000000
2352 2500 1000000000
1497 2500 1000000000
1231 2500 1000000000
1586 2500 1000000000
2133 2500 1000000000
2361 2500 1000000000
354 2500 1000000000
716 2500 1000000000
808 2500 1000000000
1133 2500 1000000000
62 2500 1000000000
996 2500 1000000000
1620 2500 1000000000
1119 2500 1000000000
1034 2500 1000000000
614 2500 1000000000
1934 2500 1000000000
102 2500 1000000000
1042 2500 1000000000
1092 2500 1000000000
376 2500 1000000000
2304 2500 1000000000
1630 2500 1000000000
631 2500 1000000000
1997 2500 1000000000
734 2500 1000000000
1264 2500 1000000000
1807 2500 1000000000
1426 2500 1000000000
2408 2500 1000000000
18 2500 1000000000
1656 2500 1000000000
2160 2500 1000000000
749 2500 1000000000
1947 2500 1000000000
2045 2500 1000000000
1776 2500 1000000000
1914 2500 1000000000
199 2500 1000000000
1290 2500 1000000000
404 2500 1000000000
2182 2500 1000000000
1823 2500 1000000000
1074 2500 1000000000
844 2500 1000000000
116 2500 1000000000
792 2500 1000000000
1552 2500 1000000000
816 2500 1000000000
2335 2500 1000000000
2301 2500 1000000000
1503 2500 1000000000
963 2500 1000000000
1324 2500 1000000000
508 2500 1000000000
1619 2500 1000000000
1535 2500 1000000000
1026 2500 1000000000
1664 2500 1000000000
1566 2500 1000000000
134 2500 1000000000
1671 2500 1000000000
75 2500 1000000000
1043 2500 1000000000
314 2500 1000000000
1373 2500 1000000000
532 2500 1000000000
462 2500 1000000000
1986 2500 1000000000
1758 2500 1000000000
51 2500 1000000000
2374 2500 1000000000
53 2500 1000000000
1281 2500 1000000000
1981 2500 1000000000
392 2500 1000000000
670 2500 1000000000
1471 2500 1000000000
1693 2500 1000000000
1665 2500 1000000000
2327 2500 1000000000
431 2500 1000000000
26 2500 1000000000
1413 2500 1000000000
96 2500 1000000000
1705 2500 1000000000
1508 2500 1000000000
1351 2500 1000000000
64 2500 1000000000
1674 2500 1000000000
310 2500 1000000000
272 2500 1000000000
1170 2500 1000000000
2292 2500 1000000000
17 2500 1000000000
2073 2500 1000000000
1879 2500 1000000000
112 2500 1000000000
1789 2500 1000000000
56 2500 1000000000
1098 2500 1000000000
616 2500 1000000000
1836 2500 1000000000
588 2500 1000000000
1406 2500 1000000000
528 2500 1000000000
696 2500 1000000000
357 2500 1000000000
2414 2500 1000000000
1111 2500 1000000000
370 2500 1000000000
1162 2500 1000000000
2390 2500 1000000000
2252 2500 1000000000
710 2500 1000000000
1711 2500 1000000000
250 2500 1000000000
1333 2500 1000000000
1598 2500 1000000000
1475 2500 1000000000
1517 2500 1000000000
2396 2500 1000000000
2447 2500 1000000000
191 2500 1000000000
503 2500 1000000000
1949 2500 1000000000
608 2500 1000000000
751 2500 1000000000
861 2500 1000000000
1407 2500 1000000000
239 2500 1000000000
1338 2500 1000000000
355 2500 1000000000
677 2500 1000000000
535 2500 1000000000
2076 2500 1000000000
1866 2500 1000000000
536 2500 1000000000
437 2500 1000000000
1734 2500 1000000000
175 2500 1000000000
194 2500 1000000000
1613 2500 1000000000
349 2500 1000000000
1392 2500 1000000000
521 2500 1000000000
1936 2500 1000000000
1581 2500 1000000000
603 2500 1000000000
555 2500 1000000000
2002 2500 1000000000
1447 2500 1000000000
512 2500 1000000000
1745 2500 1000000000
526 2500 1000000000
1658 2500 1000000000
371 2500 1000000000
2200 2500 1000000000
237 2500 1000000000
2376 2500 1000000000
483 2500 1000000000
187 2500 1000000000
9 2500 1000000000
384 2500 1000000000
448 2500 1000000000
1681 2500 1000000000
1009 2500 1000000000
1842 2500 1000000000
1221 2500 1000000000
271 2500 1000000000
1585 2500 1000000000
565 2500 1000000000
1974 2500 1000000000
1020 2500 1000000000
1593 2500 1000000000
841 2500 1000000000
1786 2500 1000000000
477 2500 1000000000
287 2500 1000000000
449 2500 1000000000
2486 2500 1000000000
2036 2500 1000000000
1241 2500 1000000000
356 2500 1000000000
502 2500 1000000000
1760 2500 1000000000
1876 2500 1000000000
1881 2500 1000000000
2337 2500 1000000000
903 2500 1000000000
1366 2500 1000000000
331 2500 1000000000
101 2500 1000000000
1562 2500 1000000000
1982 2500 1000000000
866 2500 1000000000
627 2500 1000000000
1000 2500 1000000000
1394 2500 1000000000
2218 2500 1000000000
2309 2500 1000000000
2351 2500 1000000000
1226 2500 1000000000
898 2500 1000000000
345 2500 1000000000
2216 2500 1000000000
382 2500 1000000000
197 2500 1000000000
1402 2500 1000000000
1916 2500 1000000000
1977 2500 1000000000
1036 2500 1000000000
2439 2500 1000000000
1516 2500 1000000000
1644 2500 1000000000
1720 2500 1000000000
874 2500 1000000000
787 2500 1000000000
2460 2500 1000000000
106 2500 1000000000
2023 2500 1000000000
54 2500 1000000000
1604 2500 1000000000
761 2500 1000000000
509 2500 1000000000
797 2500 1000000000
2314 2500 1000000000
545 2500 1000000000
1456 2500 1000000000
2438 2500 1000000000
684 2500 1000000000
2268 2500 1000000000
2442 2500 1000000000
1305 2500 1000000000
342 2500 1000000000
108 2500 1000000000
1750 2500 1000000000
1081 2500 1000000000
617 2500 1000000000
2210 2500 1000000000
1256 2500 1000000000
131 2500 1000000000
161 2500 1000000000
174 2500 1000000000
2154 2500 1000000000
1739 2500 1000000000
1962 2500 1000000000
1390 2500 1000000000
2357 2500 1000000000
2059 2500 1000000000
523 2500 1000000000
99 2500 1000000000
380 2500 1000000000
206 2500 1000000000
1057 2500 1000000000
1898 2500 1000000000
1618 2500 1000000000
1783 2500 1000000000
781 2500 1000000000
1667 2500 1000000000
1689 2500 1000000000
884 2500 1000000000
1492 2500 1000000000
1468 2500 1000000000
282 2500 1000000000
2245 2500 1000000000
212 2500 1000000000
914 2500 1000000000
2499 2499 1000000000
978 2500 1000000000
679 2500 1000000000
251 2500 1000000000
1736 2500 1000000000
1603 2500 1000000000
2026 2500 1000000000
1927 2500 1000000000
754 2500 1000000000
506 2500 1000000000
1271 2500 1000000000
158 2500 1000000000
783 2500 1000000000
2048 2500 1000000000
949 2500 1000000000
916 2500 1000000000
846 2500 1000000000
973 2500 1000000000
125 2500 1000000000
1265 2500 1000000000
795 2500 1000000000
1725 2500 1000000000
1538 2500 1000000000
895 2500 1000000000
836 2500 1000000000
1177 2500 1000000000
1840 2500 1000000000
1744 2500 1000000000
2109 2500 1000000000
1550 2500 1000000000
658 2500 1000000000
129 2500 1000000000
2114 2500 1000000000
1156 2500 1000000000
883 2500 1000000000
1559 2500 1000000000
1297 2500 1000000000
353 2500 1000000000
1673 2500 1000000000
1913 2500 1000000000
1430 2500 1000000000
828 2500 1000000000
279 2500 1000000000
1358 2500 1000000000
1687 2500 1000000000
1724 2500 1000000000
1882 2500 1000000000
717 2500 1000000000
2054 2500 1000000000
1187 2500 1000000000
825 2500 1000000000
204 2500 1000000000
2032 2500 1000000000
1817 2500 1000000000
2169 2500 1000000000
2464 2500 1000000000
402 2500 1000000000
753 2500 1000000000
744 2500 1000000000
464 2500 1000000000
423 2500 1000000000
2285 2500 1000000000
1749 2500 1000000000
1455 2500 1000000000
1813 2500 1000000000
2279 2500 1000000000
550 2500 1000000000
1421 2500 1000000000
1853 2500 1000000000
1194 2500 1000000000
1924 2500 1000000000
2339 2500 1000000000
1591 2500 1000000000
1418 2500 1000000000
636 2500 1000000000
20 2500 1000000000
2079 2500 1000000000
1485 2500 1000000000
1784 2500 1000000000
1207 2500 1000000000
622 2500 1000000000
415 2500 1000000000
1307 2500 1000000000
1657 2500 1000000000
2263 2500 1000000000
1247 2500 1000000000
2321 2500 1000000000
1245 2500 1000000000
1299 2500 1000000000
863 2500 1000000000
1595 2500 1000000000
159 2500 1000000000
198 2500 1000000000
760 2500 1000000000
195 2500 1000000000
2221 2500 1000000000
2332 2500 1000000000
1178 2500 1000000000
405 2500 1000000000
856 2500 1000000000
1329 2500 1000000000
990 2500 1000000000
1864 2500 1000000000
569 2500 1000000000
1955 2500 1000000000
546 2500 1000000000
1790 2500 1000000000
1101 2500 1000000000
2149 2500 1000000000
2267 2500 1000000000
1886 2500 1000000000
1242 2500 1000000000
1649 2500 1000000000
633 2500 1000000000
1411 2500 1000000000
2247 2500 1000000000
2119 2500 1000000000
1743 2500 1000000000
2159 2500 1000000000
2382 2500 1000000000
1371 2500 1000000000
2018 2500 1000000000
1489 2500 1000000000
1323 2500 1000000000
1839 2500 1000000000
726 2500 1000000000
913 2500 1000000000
1888 2500 1000000000
11 2500 1000000000
2222 2500 1000000000
707 2500 1000000000
1089 2500 1000000000
496 2500 1000000000
552 2500 1000000000
1444 2500 1000000000
3 2500 1000000000
154 2500 1000000000
954 2500 1000000000
471 2500 1000000000
177 2500 1000000000
1706 2500 1000000000
2311 2500 1000000000
1095 2500 1000000000
1999 2500 1000000000
628 2500 1000000000
1467 2500 1000000000
570 2500 1000000000
995 2500 1000000000
211 2500 1000000000
1423 2500 1000000000
2251 2500 1000000000
1964 2500 1000000000
2488 2500 1000000000
127 2500 1000000000
551 2500 1000000000
647 2500 1000000000
1781 2500 1000000000
1534 2500 1000000000
980 2500 1000000000
1915 2500 1000000000
1819 2500 1000000000
1328 2500 1000000000
1712 2500 1000000000
1182 2500 1000000000
2244 2500 1000000000
939 2500 1000000000
2123 2500 1000000000
284 2500 1000000000
1911 2500 1000000000
583 2500 1000000000
278 2500 1000000000
369 2500 1000000000
1141 2500 1000000000
798 2500 1000000000
2343 2500 1000000000
1336 2500 1000000000
2249 2500 1000000000
892 2500 1000000000
1048 2500 1000000000
723 2500 1000000000
639 2500 1000000000
1383 2500 1000000000
329 2500 1000000000
672 2500 1000000000
497 2500 1000000000
1843 2500 1000000000
1814 2500 1000000000
2483 2500 1000000000
16 2500 1000000000
708 2500 1000000000
152 2500 1000000000
2367 2500 1000000000
1541 2500 1000000000
466 2500 1000000000
73 2500 1000000000
1828 2500 1000000000
763 2500 1000000000
81 2500 1000000000
1204 2500 1000000000
1108 2500 1000000000
2184 2500 1000000000
685 2500 1000000000
47 2500 1000000000
1889 2500 1000000000
2444 2500 1000000000
727 2500 1000000000
2158 2500 1000000000
1891 2500 1000000000
1861 2500 1000000000
1926 2500 1000000000
207 2500 1000000000
469 2500 1000000000
703 2500 1000000000
1304 2500 1000000000
32 2500 1000000000
219 2500 1000000000
1716 2500 1000000000
2482 2500 1000000000
2122 2500 1000000000
2230 2500 1000000000
1040 2500 1000000000
860 2500 1000000000
1965 2500 1000000000
377 2500 1000000000
1573 2500 1000000000
1093 2500 1000000000
510 2500 1000000000
581 2500 1000000000
1356 2500 1000000000
29 2500 1000000000
316 2500 1000000000
346 2500 1000000000
1778 2500 1000000000
1948 2500 1000000000
899 2500 1000000000
2131 2500 1000000000
1019 2500 1000000000
1831 2500 1000000000
126 2500 1000000000
1810 2500 1000000000
2461 2500 1000000000
1094 2500 1000000000
2195 2500 1000000000
1514 2500 1000000000
1678 2500 1000000000
1683 2500 1000000000
1704 2500 1000000000
83 2500 1000000000
7 2500 1000000000
2145 2500 1000000000
2042 2500 1000000000
835 2500 1000000000
912 2500 1000000000
1788 2500 1000000000
1186 2500 1000000000
1135 2500 1000000000
465 2500 1000000000
40 2500 1000000000
1014 2500 1000000000
1477 2500 1000000000
563 2500 1000000000
854 2500 1000000000
1246 2500 1000000000
994 2500 1000000000
862 2500 1000000000
2475 2500 1000000000
2120 2500 1000000000
130 2500 1000000000
2229 2500 1000000000
690 2500 1000000000
2398 2500 1000000000
517 2500 1000000000
1370 2500 1000000000
2261 2500 1000000000
2235 2500 1000000000
2403 2500 1000000000
579 2500 1000000000
1363 2500 1000000000
941 2500 1000000000
2479 2500 1000000000
1988 2500 1000000000
1180 2500 1000000000
1016 2500 1000000000
900 2500 1000000000
2211 2500 1000000000
1002 2500 1000000000
2155 2500 1000000000
1140 2500 1000000000
1129 2500 1000000000
1791 2500 1000000000
1157 2500 1000000000
213 2500 1000000000
815 2500 1000000000
2188 2500 1000000000
2485 2500 1000000000
292 2500 1000000000
1212 2500 1000000000
1751 2500 1000000000
1085 2500 1000000000
1273 2500 1000000000
2273 2500 1000000000
1006 2500 1000000000
2017 2500 1000000000
1219 2500 1000000000
2466 2500 1000000000
362 2500 1000000000
2090 2500 1000000000
979 2500 1000000000
695 2500 1000000000
1531 2500 1000000000
5 2500 1000000000
910 2500 1000000000
270 2500 1000000000
720 2500 1000000000
1168 2500 1000000000
1625 2500 1000000000
566 2500 1000000000
372 2500 1000000000
245 2500 1000000000
1500 2500 1000000000
1350 2500 1000000000
992 2500 1000000000
1438 2500 1000000000
589 2500 1000000000
337 2500 1000000000
922 2500 1000000000
1123 2500 1000000000
869 2500 1000000000
1679 2500 1000000000
952 2500 1000000000
2136 2500 1000000000
2262 2500 1000000000
170 2500 1000000000
473 2500 1000000000
750 2500 1000000000
1449 2500 1000000000
832 2500 1000000000
88 2500 1000000000
2 2500 1000000000
687 2500 1000000000
1639 2500 1000000000
697 2500 1000000000
2456 2500 1000000000
1732 2500 1000000000
2078 2500 1000000000
2215 2500 1000000000
1551 2500 1000000000
1878 2500 1000000000
646 2500 1000000000
296 2500 1000000000
2498 2500 1000000000
1748 2500 1000000000
1067 2500 1000000000
629 2500 1000000000
572 2500 1000000000
490 2500 1000000000
232 2500 1000000000
2441 2500 1000000000
413 2500 1000000000
1560 2500 1000000000
1054 2500 1000000000
886 2500 1000000000
1633 2500 1000000000
1346 2500 1000000000
513 2500 1000000000
2085 2500 1000000000
1457 2500 1000000000
786 2500 1000000000
1938 2500 1000000000
649 2500 1000000000
1676 2500 1000000000
1332 2500 1000000000
1424 2500 1000000000
821 2500 1000000000
182 2500 1000000000
823 2500 1000000000
1917 2500 1000000000
1553 2500 1000000000
1668 2500 1000000000
556 2500 1000000000
2340 2500 1000000000
1592 2500 1000000000
2276 2500 1000000000
1102 2500 1000000000
1103 2500 1000000000
1378 2500 1000000000
2121 2500 1000000000
1906 2500 1000000000
2127 2500 1000000000
1053 2500 1000000000
587 2500 1000000000
2144 2500 1000000000
2380 2500 1000000000
97 2500 1000000000
2453 2500 1000000000
635 2500 1000000000
403 2500 1000000000
1857 2500 1000000000
838 2500 1000000000
985 2500 1000000000
1146 2500 1000000000
1005 2500 1000000000
162 2500 1000000000
2391 2500 1000000000
379 2500 1000000000
2228 2500 1000000000
2458 2500 1000000000
435 2500 1000000000
259 2500 1000000000
1137 2500 1000000000
2039 2500 1000000000
1169 2500 1000000000
1296 2500 1000000000
2117 2500 1000000000
137 2500 1000000000
2238 2500 1000000000
2446 2500 1000000000
2035 2500 1000000000
1132 2500 1000000000
817 2500 1000000000
919 2500 1000000000
1065 2500 1000000000
929 2500 1000000000
1393 2500 1000000000
1051 2500 1000000000
1112 2500 1000000000
1835 2500 1000000000
2428 2500 1000000000
2087 2500 1000000000
1777 2500 1000000000
1431 2500 1000000000
2226 2500 1000000000
714 2500 1000000000
2495 2500 1000000000
115 2500 1000000000
2241 2500 1000000000
1142 2500 1000000000
1761 2500 1000000000
2288 2500 1000000000
446 2500 1000000000
2358 2500 1000000000
1 2500 1000000000
1782 2500 1000000000
2108 2500 1000000000
1268 2500 1000000000
1269 2500 1000000000
2172 2500 1000000000
2324 2500 1000000000
281 2500 1000000000
2427 2500 1000000000
2233 2500 1000000000
1589 2500 1000000000
1506 2500 1000000000
987 2500 1000000000
398 2500 1000000000
441 2500 1000000000
988 2500 1000000000
801 2500 1000000000
923 2500 1000000000
173 2500 1000000000
1643 2500 1000000000
1799 2500 1000000000
2126 2500 1000000000
1131 2500 1000000000
1068 2500 1000000000
1746 2500 1000000000
1088 2500 1000000000
375 2500 1000000000
1855 2500 1000000000
238 2500 1000000000
144 2500 1000000000
2134 2500 1000000000
87 2500 1000000000
1041 2500 1000000000
662 2500 1000000000
2093 2500 1000000000
1661 2500 1000000000
1166 2500 1000000000
1376 2500 1000000000
394 2500 1000000000
1634 2500 1000000000
2199 2500 1000000000
1408 2500 1000000000
1331 2500 1000000000
1437 2500 1000000000
1792 2500 1000000000
1341 2500 1000000000
2005 2500 1000000000
2194 2500 1000000000
306 2500 1000000000
554 2500 1000000000
2113 2500 1000000000
2305 2500 1000000000
267 2500 1000000000
718 2500 1000000000
1545 2500 1000000000
28 2500 1000000000
746 2500 1000000000
1501 2500 1000000000
1892 2500 1000000000
1897 2500 1000000000
2065 2500 1000000000
218 2500 1000000000
1987 2500 1000000000
568 2500 1000000000
6 2500 1000000000
1629 2500 1000000000
1209 2500 1000000000
120 2500 1000000000
160 2500 1000000000
1780 2500 1000000000
2016 2500 1000000000
1259 2500 1000000000
2192 2500 1000000000
1663 2500 1000000000
2497 2500 1000000000
1428 2500 1000000000
224 2500 1000000000
921 2500 1000000000
2083 2500 1000000000
2055 2500 1000000000
263 2500 1000000000
383 2500 1000000000
291 2500 1000000000
244 2500 1000000000
1533 2500 1000000000
2227 2500 1000000000
2431 2500 1000000000
784 2500 1000000000
2392 2500 1000000000
592 2500 1000000000
691 2500 1000000000
989 2500 1000000000
611 2500 1000000000
1571 2500 1000000000
794 2500 1000000000
2286 2500 1000000000
283 2500 1000000000
227 2500 1000000000
1482 2500 1000000000
307 2500 1000000000
1851 2500 1000000000
1381 2500 1000000000
1582 2500 1000000000
1367 2500 1000000000
669 2500 1000000000
1462 2500 1000000000
231 2500 1000000000
1285 2500 1000000000
1012 2500 1000000000
1584 2500 1000000000
416 2500 1000000000
2320 2500 1000000000
114 2500 1000000000
852 2500 1000000000
982 2500 1000000000
1309 2500 1000000000
98 2500 1000000000
1375 2500 1000000000
1805 2500 1000000000
1286 2500 1000000000
2445 2500 1000000000
1767 2500 1000000000
1165 2500 1000000000
599 2500 1000000000
2046 2500 1000000000
2278 2500 1000000000
675 2500 1000000000
1398 2500 1000000000
2003 2500 1000000000
463 2500 1000000000
2050 2500 1000000000
85 2500 1000000000
1622 2500 1000000000
1010 2500 1000000000
1459 2500 1000000000
1064 2500 1000000000
1922 2500 1000000000
1718 2500 1000000000
1128 2500 1000000000
335 2500 1000000000
228 2500 1000000000
1969 2500 1000000000
1944 2500 1000000000
1243 2500 1000000000
1707 2500 1000000000
2110 2500 1000000000
845 2500 1000000000
147 2500 1000000000
2173 2500 1000000000
480 2500 1000000000
2302 2500 1000000000
501 2500 1000000000
1439 2500 1000000000
1993 2500 1000000000
1260 2500 1000000000
1465 2500 1000000000
2350 2500 1000000000
95 2500 1000000000
645 2500 1000000000
2325 2500 1000000000
1150 2500 1000000000
2213 2500 1000000000
2457 2500 1000000000
2474 2500 1000000000
522 2500 1000000000
421 2500 1000000000
179 2500 1000000000
1001 2500 1000000000
66 2500 1000000000
2365 2500 1000000000
1122 2500 1000000000
1520 2500 1000000000
1726 2500 1000000000
840 2500 1000000000
1899 2500 1000000000
2452 2500 1000000000
925 2500 1000000000
1275 2500 1000000000
514 2500 1000000000
2189 2500 1000000000
1234 2500 1000000000
2234 2500 1000000000
878 2500 1000000000
822 2500 1000000000
1274 2500 1000000000
957 2500 1000000000
1505 2500 1000000000
1158 2500 1000000000
820 2500 1000000000
1106 2500 1000000000
86 2500 1000000000
1985 2500 1000000000
1845 2500 1000000000
1145 2500 1000000000
500 2500 1000000000
1071 2500 1000000000
769 2500 1000000000
1967 2500 1000000000
433 2500 1000000000
2451 2500 1000000000
2206 2500 1000000000
722 2500 1000000000
1099 2500 1000000000
1335 2500 1000000000
2415 2500 1000000000
46 2500 1000000000
1096 2500 1000000000
1069 2500 1000000000
1628 2500 1000000000
559 2500 1000000000
625 2500 1000000000
721 2500 1000000000
1229 2500 1000000000
2240 2500 1000000000
2254 2500 1000000000
373 2500 1000000000
2330 2500 1000000000
2187 2500 1000000000
591 2500 1000000000
1923 2500 1000000000
178 2500 1000000000
236 2500 1000000000
1190 2500 1000000000
280 2500 1000000000
2015 2500 1000000000
1474 2500 1000000000
305 2500 1000000000
2413 2500 1000000000
1596 2500 1000000000
2177 2500 1000000000
2000 2500 1000000000
1543 2500 1000000000
1171 2500 1000000000
2255 2500 1000000000
548 2500 1000000000
1197 2500 1000000000
43 2500 1000000000
84 2500 1000000000
849 2500 1000000000
8 2500 1000000000
332 2500 1000000000
2034 2500 1000000000
1741 2500 1000000000
1453 2500 1000000000
1139 2500 1000000000
1787 2500 1000000000
1191 2500 1000000000
609 2500 1000000000
326 2500 1000000000
704 2500 1000000000
1994 2500 1000000000
897 2500 1000000000
2290 2500 1000000000
2346 2500 1000000000
1555 2500 1000000000
1322 2500 1000000000
2490 2500 1000000000
2270 2500 1000000000
1059 2500 1000000000
74 2500 1000000000
537 2500 1000000000
731 2500 1000000000
248 2500 1000000000
964 2500 1000000000
1837 2500 1000000000
1931 2500 1000000000
1138 2500 1000000000
2322 2500 1000000000
613 2500 1000000000
2394 2500 1000000000
2472 2500 1000000000
2062 2500 1000000000
2455 2500 1000000000
1710 2500 1000000000
1684 2500 1000000000
1540 2500 1000000000
1941 2500 1000000000
719 2500 1000000000
2260 2500 1000000000
876 2500 1000000000
13 2500 1000000000
1599 2500 1000000000
891 2500 1000000000
1494 2500 1000000000
1703 2500 1000000000
2024 2500 1000000000
2362 2500 1000000000
1568 2500 1000000000
1118 2500 1000000000
1722 2500 1000000000
1719 2500 1000000000
1470 2500 1000000000
1875 2500 1000000000
14 2500 1000000000
1121 2500 1000000000
1717 2500 1000000000
1386 2500 1000000000
1563 2500 1000000000
2140 2500 1000000000
2053 2500 1000000000
2057 2500 1000000000
1521 2500 1000000000
36 2500 1000000000
2421 2500 1000000000
2029 2500 1000000000
4 2500 1000000000
15 2500 1000000000
1031 2500 1000000000
2275 2500 1000000000
520 2500 1000000000
2470 2500 1000000000
1654 2500 1000000000
2168 2500 1000000000
1561 2500 1000000000
172 2500 1000000000
2331 2500 1000000000
1539 2500 1000000000
1984 2500 1000000000
1240 2500 1000000000
1478 2500 1000000000
1039 2500 1000000000
30 2500 1000000000
1885 2500 1000000000
2257 2500 1000000000
1641 2500 1000000000
2135 2500 1000000000
110 2500 1000000000
974 2500 1000000000
887 2500 1000000000
401 2500 1000000000
1252 2500 1000000000
667 2500 1000000000
1677 2500 1000000000
2316 2500 1000000000
2176 2500 1000000000
1062 2500 1000000000
293 2500 1000000000
2293 2500 1000000000
268 2500 1000000000
1154 2500 1000000000
156 2500 1000000000
1650 2500 1000000000
1820 2500 1000000000
1524 2500 1000000000
778 2500 1000000000
1488 2500 1000000000
68 2500 1000000000
1609 2500 1000000000
436 2500 1000000000
1971 2500 1000000000
1578 2500 1000000000
529 2500 1000000000
107 2500 1000000000
2317 2500 1000000000
1569 2500 1000000000
2030 2500 1000000000
1827 2500 1000000000
951 2500 1000000000
1258 2500 1000000000
818 2500 1000000000
1248 2500 1000000000
10 2500 1000000000
94 2500 1000000000
1670 2500 1000000000
1567 2500 1000000000
2259 2500 1000000000
69 2500 1000000000
25 2500 1000000000
779 2500 1000000000
121 2500 1000000000
91 2500 1000000000
1097 2500 1000000000
1451 2500 1000000000
1824 2500 1000000000
1773 2500 1000000000
455 2500 1000000000
2214 2500 1000000000
2051 2500 1000000000
706 2500 1000000000
850 2500 1000000000
92 2500 1000000000
308 2500 1000000000
1983 2500 1000000000
2318 2500 1000000000
2381 2500 1000000000
1976 2500 1000000000
1075 2500 1000000000
1084 2500 1000000000
711 2500 1000000000
2056 2500 1000000000
479 2500 1000000000
2098 2500 1000000000
789 2500 1000000000
111 2500 1000000000
481 2500 1000000000
1161 2500 1000000000
983 2500 1000000000
2463 2500 1000000000
1238 2500 1000000000
1340 2500 1000000000
2378 2500 1000000000
1800 2500 1000000000
1937 2500 1000000000
2201 2500 1000000000
944 2500 1000000000
1950 2500 1000000000
410 2500 1000000000
1727 2500 1000000000
132 2500 1000000000
2433 2500 1000000000
1774 2500 1000000000
1809 2500 1000000000
1425 2500 1000000000
1302 2500 1000000000
2401 2500 1000000000
2011 2500 1000000000
2130 2500 1000000000
2426 2500 1000000000
531 2500 1000000000
1713 2500 1000000000
834 2500 1000000000
2383 2500 1000000000
498 2500 1000000000
1527 2500 1000000000
313 2500 1000000000
1852 2500 1000000000
605 2500 1000000000
1867 2500 1000000000
39 2500 1000000000
482 2500 1000000000
1292 2500 1000000000
2349 2500 1000000000
59 2500 1000000000
1859 2500 1000000000
1989 2500 1000000000
678 2500 1000000000
1464 2500 1000000000
1355 2500 1000000000
1600 2500 1000000000
1572 2500 1000000000
2021 2500 1000000000
163 2500 1000000000
1728 2500 1000000000
1473 2500 1000000000
2366 2500 1000000000
139 2500 1000000000
2393 2500 1000000000
575 2500 1000000000
1884 2500 1000000000
2248 2500 1000000000
302 2500 1000000000
2006 2500 1000000000
1753 2500 1000000000
2496 2500 1000000000
273 2500 1000000000
1850 2500 1000000000
2266 2500 1000000000
1907 2500 1000000000
937 2500 1000000000
586 2500 1000000000
2105 2500 1000000000
397 2500 1000000000
453 2500 1000000000
1198 2500 1000000000
140 2500 1000000000
1829 2500 1000000000
2096 2500 1000000000
315 2500 1000000000
945 2500 1000000000
339 2500 1000000000
1908 2500 1000000000
739 2500 1000000000
100 2500 1000000000
1046 2500 1000000000
2208 2500 1000000000
1348 2500 1000000000
872 2500 1000000000
361 2500 1000000000
661 2500 1000000000
1759 2500 1000000000
2044 2500 1000000000
969 2500 1000000000
1116 2500 1000000000
1896 2500 1000000000
562 2500 1000000000
2329 2500 1000000000
542 2500 1000000000
414 2500 1000000000
2307 2500 1000000000
1179 2500 1000000000
2077 2500 1000000000
1443 2500 1000000000
2204 2500 1000000000
381 2500 1000000000
1047 2500 1000000000
576 2500 1000000000
1415 2500 1000000000
1023 2500 1000000000
2298 2500 1000000000
2300 2500 1000000000
2450 2500 1000000000
1822 2500 1000000000
2022 2500 1000000000
2454 2500 1000000000
1321 2500 1000000000
439 2500 1000000000
428 2500 1000000000
1289 2500 1000000000
830 2500 1000000000
395 2500 1000000000
184 2500 1000000000
493 2500 1000000000
2348 2500 1000000000
1416 2500 1000000000
299 2500 1000000000
1213 2500 1000000000
2334 2500 1000000000
2091 2500 1000000000
203 2500 1000000000
2404 2500 1000000000
2385 2500 1000000000
1515 2500 1000000000
2310 2500 1000000000
752 2500 1000000000
104 2500 1000000000
2253 2500 1000000000
1752 2500 1000000000
451 2500 1000000000
1509 2500 1000000000
2341 2500 1000000000
598 2500 1000000000
489 2500 1000000000
400 2500 1000000000
1450 2500 1000000000
602 2500 1000000000
378 2500 1000000000
67 2500 1000000000
652 2500 1000000000
2423 2500 1000000000
774 2500 1000000000
2069 2500 1000000000
432 2500 1000000000
63 2500 1000000000
1844 2500 1000000000
1549 2500 1000000000
1276 2500 1000000000
457 2500 1000000000
2095 2500 1000000000
1990 2500 1000000000
654 2500 1000000000
1797 2500 1000000000
1490 2500 1000000000
1073 2500 1000000000
527 2500 1000000000
2007 2500 1000000000
665 2500 1000000000
953 2500 1000000000
991 2500 1000000000
360 2500 1000000000
226 2500 1000000000
1757 2500 1000000000
1953 2500 1000000000
1574 2500 1000000000
240 2500 1000000000
870 2500 1000000000
689 2500 1000000000
80 2500 1000000000
1873 2500 1000000000
1496 2500 1000000000
660 2500 1000000000
920 2500 1000000000
223 2500 1000000000
1293 2500 1000000000
1227 2500 1000000000
799 2500 1000000000
804 2500 1000000000
113 2500 1000000000
2342 2500 1000000000
812 2500 1000000000
2487 2500 1000000000
57 2500 1000000000
1991 2500 1000000000
277 2500 1000000000
632 2500 1000000000
2296 2500 1000000000
189 2500 1000000000
117 2500 1000000000
1826 2500 1000000000
715 2500 1000000000
327 2500 1000000000
907 2500 1000000000
1380 2500 1000000000
871 2500 1000000000
776 2500 1000000000
1412 2500 1000000000
2354 2500 1000000000
119 2500 1000000000
1910 2500 1000000000
192 2500 1000000000
438 2500 1000000000
757 2500 1000000000
791 2500 1000000000
1050 2500 1000000000
1532 2500 1000000000
843 2500 1000000000
2397 2500 1000000000
2099 2500 1000000000
1912 2500 1000000000
1686 2500 1000000000
2494 2500 1000000000
1502 2500 1000000000
2137 2500 1000000000
2277 2500 1000000000
2412 2500 1000000000
965 2500 1000000000
149 2500 1000000000
1206 2500 1000000000
962 2500 1000000000
770 2500 1000000000
215 2500 1000000000
1174 2500 1000000000
1858 2500 1000000000
1192 2500 1000000000
1615 2500 1000000000
89 2500 1000000000
340 2500 1000000000
641 2500 1000000000
1847 2500 1000000000
1507 2500 1000000000
607 2500 1000000000
999 2500 1000000000
2164 2500 1000000000
578 2500 1000000000
1210 2500 1000000000
1921 2500 1000000000
2411 2500 1000000000
659 2500 1000000000
2406 2500 1000000000
1685 2500 1000000000
1721 2500 1000000000
1966 2500 1000000000
1801 2500 1000000000
82 2500 1000000000
1167 2500 1000000000
202 2500 1000000000
1640 2500 1000000000
615 2500 1000000000
2041 2500 1000000000
1326 2500 1000000000
2419 2500 1000000000
1696 2500 1000000000
1011 2500 1000000000
2174 2500 1000000000
143 2500 1000000000
186 2500 1000000000
1755 2500 1000000000
27 2500 1000000000
610 2500 1000000000
2064 2500 1000000000
2473 2500 1000000000
65 2500 1000000000
859 2500 1000000000
1481 2500 1000000000
1558 2500 1000000000
2223 2500 1000000000
390 2500 1000000000
1872 2500 1000000000
2256 2500 1000000000
819 2500 1000000000
1694 2500 1000000000
543 2500 1000000000
420 2500 1000000000
896 2500 1000000000
1483 2500 1000000000
2217 2500 1000000000
1100 2500 1000000000
1357 2500 1000000000
1224 2500 1000000000
1203 2500 1000000000
445 2500 1000000000
620 2500 1000000000
1104 2500 1000000000
549 2500 1000000000
145 2500 1000000000
738 2500 1000000000
1733 2500 1000000000
1070 2500 1000000000
2476 2500 1000000000
2429 2500 1000000000
1815 2500 1000000000
22 2500 1000000000
736 2500 1000000000
893 2500 1000000000
2467 2500 1000000000
1385 2500 1000000000
2225 2500 1000000000
165 2500 1000000000
1918 2500 1000000000
264 2500 1000000000
1648 2500 1000000000
2250 2500 1000000000
2356 2500 1000000000
2242 2500 1000000000
1223 2500 1000000000
767 2500 1000000000
1838 2500 1000000000
656 2500 1000000000
682 2500 1000000000
426 2500 1000000000
1033 2500 1000000000
1266 2500 1000000000
2306 2500 1000000000
409 2500 1000000000
1902 2500 1000000000
35 2500 1000000000
1151 2500 1000000000
1647 2500 1000000000
1612 2500 1000000000
894 2500 1000000000
1007 2500 1000000000
1818 2500 1000000000
756 2500 1000000000
1117 2500 1000000000
1262 2500 1000000000
775 2500 1000000000
1110 2500 1000000000
412 2500 1000000000
155 2500 1000000000
2104 2500 1000000000
1278 2500 1000000000
873 2500 1000000000
2175 2500 1000000000
1768 2500 1000000000
1998 2500 1000000000
1952 2500 1000000000
998 2500 1000000000
1347 2500 1000000000
2052 2500 1000000000
209 2500 1000000000
725 2500 1000000000
1772 2500 1000000000
970 2500 1000000000
1466 2500 1000000000
344 2500 1000000000
2363 2500 1000000000
1624 2500 1000000000
2001 2500 1000000000
1611 2500 1000000000
1682 2500 1000000000
619 2500 1000000000
1957 2500 1000000000
2186 2500 1000000000
1747 2500 1000000000
1079 2500 1000000000
417 2500 1000000000
2384 2500 1000000000
311 2500 1000000000
1130 2500 1000000000
322 2500 1000000000
24 2500 1000000000
247 2500 1000000000
387 2500 1000000000
618 2500 1000000000
2389 2500 1000000000
1714 2500 1000000000
560 2500 1000000000
298 2500 1000000000
60 2500 1000000000
1086 2500 1000000000
807 2500 1000000000
1980 2500 1000000000
2004 2500 1000000000
1214 2500 1000000000
2067 2500 1000000000
352 2500 1000000000
1887 2500 1000000000
1239 2500 1000000000
1651 2500 1000000000
2236 2500 1000000000
1384 2500 1000000000
2499 1 1000000000
2082 2500 1000000000
181 2500 1000000000
1621 2500 1000000000
1374 2500 1000000000
1236 2500 1000000000
138 2500 1000000000
1004 2500 1000000000
1298 2500 1000000000
2492 2500 1000000000
833 2500 1000000000
877 2500 1000000000
55 2500 1000000000
1868 2500 1000000000
2068 2500 1000000000
1894 2500 1000000000
109 2500 1000000000
2399 2500 1000000000
442 2500 1000000000
805 2500 1000000000
492 2500 1000000000
2477 2500 1000000000
976 2500 1000000000
1032 2500 1000000000
2097 2500 1000000000
1344 2500 1000000000
459 2500 1000000000
928 2500 1000000000
624 2500 1000000000
2246 2500 1000000000
495 2500 1000000000
1669 2500 1000000000
2028 2500 1000000000
967 2500 1000000000
1460 2500 1000000000
567 2500 1000000000
1526 2500 1000000000
1441 2500 1000000000
1523 2500 1000000000
764 2500 1000000000
2432 2500 1000000000
72 2500 1000000000
222 2500 1000000000
1015 2500 1000000000
1288 2500 1000000000
2080 2500 1000000000
258 2500 1000000000
1250 2500 1000000000
904 2500 1000000000
180 2500 1000000000
1320 2500 1000000000
2359 2500 1000000000
255 2500 1000000000
2425 2500 1000000000
269 2500 1000000000
676 2500 1000000000
574 2500 1000000000
1396 2500 1000000000
391 2500 1000000000
1126 2500 1000000000
1434 2500 1000000000
2205 2500 1000000000
76 2500 1000000000
946 2500 1000000000
571 2500 1000000000
1954 2500 1000000000
407 2500 1000000000
2373 2500 1000000000
1530 2500 1000000000
915 2500 1000000000
553 2500 1000000000
2400 2500 1000000000
1343 2500 1000000000
1395 2500 1000000000
1764 2500 1000000000
336 2500 1000000000
1202 2500 1000000000
538 2500 1000000000
824 2500 1000000000
476 2500 1000000000
544 2500 1000000000
2152 2500 1000000000
1675 2500 1000000000
2102 2500 1000000000
2232 2500 1000000000
2303 2500 1000000000
673 2500 1000000000
1834 2500 1000000000
276 2500 1000000000
1766 2500 1000000000
205 2500 1000000000
338 2500 1000000000
1217 2500 1000000000
1863 2500 1000000000
135 2500 1000000000
966 2500 1000000000
2422 2500 1000000000
1699 2500 1000000000
534 2500 1000000000
600 2500 1000000000
1841 2500 1000000000
1702 2500 1000000000
77 2500 1000000000
917 2500 1000000000
2179 2500 1000000000
790 2500 1000000000
49 2500 1000000000
1754 2500 1000000000
1995 2500 1000000000
705 2500 1000000000
2287 2500 1000000000
1860 2500 1000000000
443 2500 1000000000
1486 2500 1000000000
1731 2500 1000000000
425 2500 1000000000
1738 2500 1000000000
2033 2500 1000000000
399 2500 1000000000
201 2500 1000000000
1575 2500 1000000000
1961 2500 1000000000
1003 2500 1000000000
1893 2500 1000000000
968 2500 1000000000
1029 2500 1000000000
452 2500 1000000000
630 2500 1000000000
2193 2500 1000000000
2480 2500 1000000000
388 2500 1000000000
2283 2500 1000000000
485 2500 1000000000
2094 2500 1000000000
1284 2500 1000000000
926 2500 1000000000
875 2500 1000000000
2313 2500 1000000000
1152 2500 1000000000
470 2500 1000000000
1440 2500 1000000000
935 2500 1000000000
1060 2500 1000000000
1742 2500 1000000000
262 2500 1000000000
1869 2500 1000000000
1978 2500 1000000000
518 2500 1000000000
777 2500 1000000000
1463 2500 1000000000
666 2500 1000000000
2190 2500 1000000000
2440 2500 1000000000
1929 2500 1000000000
1164 2500 1000000000
105 2500 1000000000
1529 2500 1000000000
1930 2500 1000000000
1548 2500 1000000000
2471 2500 1000000000
1028 2500 1000000000
1920 2500 1000000000
890 2500 1000000000
1576 2500 1000000000
1756 2500 1000000000
1662 2500 1000000000
1903 2500 1000000000
642 2500 1000000000
879 2500 1000000000
1270 2500 1000000000
366 2500 1000000000
1493 2500 1000000000
837 2500 1000000000
1325 2500 1000000000
942 2500 1000000000
1729 2500 1000000000
2071 2500 1000000000
2128 2500 1000000000
1410 2500 1000000000
427 2500 1000000000
487 2500 1000000000
1833 2500 1000000000
1282 2500 1000000000
984 2500 1000000000
504 2500 1000000000
1215 2500 1000000000
1389 2500 1000000000
164 2500 1000000000
1659 2500 1000000000
328 2500 1000000000
368 2500 1000000000
1360 2500 1000000000
1235 2500 1000000000
558 2500 1000000000
1211 2500 1000000000
2299 2500 1000000000
90 2500 1000000000
1120 2500 1000000000
1655 2500 1000000000
2462 2500 1000000000
848 2500 1000000000
1353 2500 1000000000
1083 2500 1000000000
343 2500 1000000000
2258 2500 1000000000
1996 2500 1000000000
1688 2500 1000000000
2449 2500 1000000000
1368 2500 1000000000
947 2500 1000000000
2020 2500 1000000000
265 2500 1000000000
1435 2500 1000000000
365 2500 1000000000
2219 2500 1000000000
2043 2500 1000000000
1254 2500 1000000000
422 2500 1000000000
168 2500 1000000000
2333 2500 1000000000
374 2500 1000000000
1765 2500 1000000000
905 2500 1000000000
651 2500 1000000000
2049 2500 1000000000
1291 2500 1000000000
857 2500 1000000000
827 2500 1000000000
882 2500 1000000000
634 2500 1000000000
918 2500 1000000000
1522 2500 1000000000
2468 2500 1000000000
2265 2500 1000000000
1300 2500 1000000000
1442 2500 1000000000
2280 2500 1000000000
275 2500 1000000000
301 2500 1000000000
1149 2500 1000000000
1255 2500 1000000000
1397 2500 1000000000
1109 2500 1000000000
1652 2500 1000000000
735 2500 1000000000
2031 2500 1000000000
1607 2500 1000000000
2166 2500 1000000000
1315 2500 1000000000
1200 2500 1000000000
2295 2500 1000000000
1233 2500 1000000000
2092 2500 1000000000
1762 2500 1000000000
1399 2500 1000000000
829 2500 1000000000
146 2500 1000000000
936 2500 1000000000
2100 2500 1000000000
948 2500 1000000000
1968 2500 1000000000
530 2500 1000000000
1327 2500 1000000000
1196 2500 1000000000
2086 2500 1000000000
220 2500 1000000000
680 2500 1000000000
1811 2500 1000000000
1311 2500 1000000000
2010 2500 1000000000
341 2500 1000000000
1769 2500 1000000000
511 2500 1000000000
564 2500 1000000000
133 2500 1000000000
1771 2500 1000000000
2009 2500 1000000000
1172 2500 1000000000
839 2500 1000000000
2387 2500 1000000000
1188 2500 1000000000
1735 2500 1000000000
515 2500 1000000000
1627 2500 1000000000
724 2500 1000000000
2237 2500 1000000000
2484 2500 1000000000
21 2500 1000000000
424 2500 1000000000
1077 2500 1000000000
1369 2500 1000000000
2297 2500 1000000000
1779 2500 1000000000
243 2500 1000000000
888 2500 1000000000
1379 2500 1000000000
561 2500 1000000000
254 2500 1000000000
1225 2500 1000000000
1058 2500 1000000000
2014 2500 1000000000
324 2500 1000000000
1195 2500 1000000000
806 2500 1000000000
2243 2500 1000000000
762 2500 1000000000
810 2500 1000000000
478 2500 1000000000
1377 2500 1000000000
2089 2500 1000000000
759 2500 1000000000
1537 2500 1000000000
297 2500 1000000000
241 2500 1000000000
842 2500 1000000000
1479 2500 1000000000
1513 2500 1000000000
2338 2500 1000000000
2420 2500 1000000000
128 2500 1000000000
1970 2500 1000000000
2294 2500 1000000000
257 2500 1000000000
454 2500 1000000000
621 2500 1000000000
303 2500 1000000000
1933 2500 1000000000
2345 2500 1000000000
1359 2500 1000000000
1127 2500 1000000000
363 2500 1000000000
1091 2500 1000000000
2167 2500 1000000000
475 2500 1000000000
648 2500 1000000000
261 2500 1000000000
1960 2500 1000000000
1306 2500 1000000000
694 2500 1000000000
486 2500 1000000000
1542 2500 1000000000
1422 2500 1000000000
1432 2500 1000000000
582 2500 1000000000
171 2500 1000000000
525 2500 1000000000
1022 2500 1000000000
2469 2500 1000000000
300 2500 1000000000
1785 2500 1000000000
167 2500 1000000000
295 2500 1000000000
2202 2500 1000000000
461 2500 1000000000
771 2500 1000000000
733 2500 1000000000
911 2500 1000000000
499 2500 1000000000
1854 2500 1000000000
1078 2500 1000000000
1660 2500 1000000000
1387 2500 1000000000
1114 2500 1000000000
2178 2500 1000000000
1963 2500 1000000000
2088 2500 1000000000
1027 2500 1000000000
1528 2500 1000000000
151 2500 1000000000
1491 2500 1000000000
1951 2500 1000000000
1602 2500 1000000000
1672 2500 1000000000
758 2500 1000000000
45 2500 1000000000
1038 2500 1000000000
447 2500 1000000000
747 2500 1000000000
468 2500 1000000000
41 2500 1000000000
1642 2500 1000000000
385 2500 1000000000
2220 2500 1000000000
1580 2500 1000000000
1730 2500 1000000000
1697 2500 1000000000
657 2500 1000000000
1992 2500 1000000000
881 2500 1000000000
1143 2500 1000000000
491 2500 1000000000
1518 2500 1000000000
208 2500 1000000000
674 2500 1000000000
681 2500 1000000000
1365 2500 1000000000
1597 2500 1000000000
2344 2500 1000000000
931 2500 1000000000
1362 2500 1000000000
408 2500 1000000000
1680 2500 1000000000
2435 2500 1000000000
1044 2500 1000000000
1802 2500 1000000000
993 2500 1000000000
692 2500 1000000000
765 2500 1000000000
210 2500 1000000000
1544 2500 1000000000
2163 2500 1000000000
2407 2500 1000000000
1856 2500 1000000000
653 2500 1000000000
242 2500 1000000000
868 2500 1000000000
1928 2500 1000000000
1056 2500 1000000000
1557 2500 1000000000
516 2500 1000000000
1484 2500 1000000000
1061 2500 1000000000
1107 2500 1000000000
800 2500 1000000000
813 2500 1000000000
1201 2500 1000000000
2282 2500 1000000000
1614 2500 1000000000
1313 2500 1000000000
274 2500 1000000000
748 2500 1000000000
1414 2500 1000000000
643 2500 1000000000
1334 2500 1000000000
539 2500 1000000000
1176 2500 1000000000
2008 2500 1000000000
507 2500 1000000000
1228 2500 1000000000
2319 2500 1000000000
334 2500 1000000000
2115 2500 1000000000
577 2500 1000000000
644 2500 1000000000
2185 2500 1000000000
547 2500 1000000000
93 2500 1000000000
977 2500 1000000000
2025 2500 1000000000
347 2500 1000000000
650 2500 1000000000
2116 2500 1000000000
78 2500 1000000000
2481 2500 1000000000
959 2500 1000000000
2272 2500 1000000000
406 2500 1000000000
1846 2500 1000000000
1617 2500 1000000000
411 2500 1000000000
1692 2500 1000000000
885 2500 1000000000
655 2500 1000000000
1310 2500 1000000000
533 2500 1000000000
604 2500 1000000000
2165 2500 1000000000
1124 2500 1000000000
867 2500 1000000000
2019 2500 1000000000
2106 2500 1000000000
1945 2500 1000000000
1935 2500 1000000000
2478 2500 1000000000
1608 2500 1000000000
1499 2500 1000000000
317 2500 1000000000
1218 2500 1000000000
2081 2500 1000000000
2315 2500 1000000000
1943 2500 1000000000
584 2500 1000000000
1136 2500 1000000000
737 2500 1000000000
1498 2500 1000000000
71 2500 1000000000
1361 2500 1000000000
494 2500 1000000000
741 2500 1000000000
1409 2500 1000000000
1257 2500 1000000000
1417 2500 1000000000
1125 2500 1000000000
430 2500 1000000000
1251 2500 1000000000
729 2500 1000000000
2416 2500 1000000000
1013 2500 1000000000
1812 2500 1000000000
1317 2500 1000000000
2074 2500 1000000000
1160 2500 1000000000
2271 2500 1000000000
2181 2500 1000000000
1472 2500 1000000000
200 2500 1000000000
773 2500 1000000000
1148 2500 1000000000
1199 2500 1000000000
2434 2500 1000000000
2402 2500 1000000000
626 2500 1000000000
1570 2500 1000000000
2312 2500 1000000000
1601 2500 1000000000
136 2500 1000000000
193 2500 1000000000
700 2500 1000000000
1244 2500 1000000000
1740 2500 1000000000
557 2500 1000000000
2141 2500 1000000000
1055 2500 1000000000
319 2500 1000000000
2370 2500 1000000000
2207 2500 1000000000
1577 2500 1000000000
955 2500 1000000000
429 2500 1000000000
1159 2500 1000000000
2459 2500 1000000000
1579 2500 1000000000
2156 2500 1000000000
938 2500 1000000000
1895 2500 1000000000
1419 2500 1000000000
1645 2500 1000000000
593 2500 1000000000
2150 2500 1000000000
601 2500 1000000000
740 2500 1000000000
458 2500 1000000000
803 2500 1000000000
958 2500 1000000000
2147 2500 1000000000
2072 2500 1000000000
2493 2500 1000000000
664 2500 1000000000
1870 2500 1000000000
814 2500 1000000000
2360 2500 1000000000
728 2500 1000000000
2443 2500 1000000000
1594 2500 1000000000
906 2500 1000000000
981 2500 1000000000
214 2500 1000000000
1354 2500 1000000000
1049 2500 1000000000
1865 2500 1000000000
38 2500 1000000000
1832 2500 1000000000
2148 2500 1000000000
1342 2500 1000000000
811 2500 1000000000
1636 2500 1000000000
1631 2500 1000000000
2111 2500 1000000000
2183 2500 1000000000
1512 2500 1000000000
809 2500 1000000000
386 2500 1000000000
460 2500 1000000000
2209 2500 1000000000
325 2500 1000000000
1452 2500 1000000000
233 2500 1000000000
1583 2500 1000000000
623 2500 1000000000
1445 2500 1000000000
1087 2500 1000000000
793 2500 1000000000
1691 2500 1000000000
927 2500 1000000000
1134 2500 1000000000
484 2500 1000000000
1448 2500 1000000000
348 2500 1000000000
294 2500 1000000000
216 2500 1000000000
1715 2500 1000000000
1690 2500 1000000000
1504 2500 1000000000
330 2500 1000000000
755 2500 1000000000
1723 2500 1000000000
2075 2500 1000000000
2323 2500 1000000000
1932 2500 1000000000
1547 2500 1000000000
1175 2500 1000000000
2491 2500 1000000000
1063 2500 1000000000
519 2500 1000000000
2377 2500 1000000000
286 2500 1000000000
772 2500 1000000000
1775 2500 1000000000
235 2500 1000000000
540 2500 1000000000
418 2500 1000000000
2180 2500 1000000000
2347 2500 1000000000
1849 2500 1000000000
1605 2500 1000000000
730 2500 1000000000
1701 2500 1000000000
1163 2500 1000000000
671 2500 1000000000
1454 2500 1000000000
19 2500 1000000000
1708 2500 1000000000
1261 2500 1000000000
986 2500 1000000000
1946 2500 1000000000
2118 2500 1000000000
364 2500 1000000000
23 2500 1000000000
956 2500 1000000000
1400 2500 1000000000
2027 2500 1000000000
640 2500 1000000000
1337 2500 1000000000
474 2500 1000000000
122 2500 1000000000
190 2500 1000000000
1623 2500 1000000000
1536 2500 1000000000
1318 2500 1000000000
2212 2500 1000000000
901 2500 1000000000
33 2500 1000000000
2139 2500 1000000000
2437 2500 1000000000
396 2500 1000000000
142 2500 1000000000
889 2500 1000000000
2157 2500 1000000000
289 2500 1000000000
148 2500 1000000000
50 2500 1000000000
153 2500 1000000000
865 2500 1000000000
1249 2500 1000000000
2124 2500 1000000000
1403 2500 1000000000
229 2500 1000000000
594 2500 1000000000
2371 2500 1000000000
123 2500 1000000000
2364 2500 1000000000
2061 2500 1000000000
48 2500 1000000000
217 2500 1000000000
1956 2500 1000000000
450 2500 1000000000
1349 2500 1000000000
2132 2500 1000000000
2196 2500 1000000000
1339 2500 1000000000
2291 2500 1000000000
2203 2500 1000000000
169 2500 1000000000
1637 2500 1000000000
1461 2500 1000000000
1222 2500 1000000000
1700 2500 1000000000
1287 2500 1000000000
1189 2500 1000000000
851 2500 1000000000
864 2500 1000000000
2066 2500 1000000000
1316 2500 1000000000
1939 2500 1000000000
1025 2500 1000000000
1184 2500 1000000000
2058 2500 1000000000
2038 2500 1000000000
855 2500 1000000000
1979 2500 1000000000
1024 2500 1000000000
2369 2500 1000000000
1280 2500 1000000000
1973 2500 1000000000
1436 2500 1000000000
2037 2500 1000000000
12 2500 1000000000
2289 2500 1000000000
612 2500 1000000000
