2378 4 2499
3 2479 536173180
3 2039 119671670
2 707 255644062
4 544 753339876
1 1881 743876751
4 1067 537759585
4 2104 137384184
2 2152 806076190
2 214 295612797
3 1133 778069218
2 919 167958360
3 2338 19421192
3 1561 726921846
2 502 32757067
2 1554 745991405
4 1744 322755179
1 787 18714084
2 1025 909148453
2 1709 770807731
1 76 825671142
4 706 324577470
2 96 954329021
3 2096 965647114
1 1814 369776436
4 2235 425433074
3 1976 188824976
4 1122 62744326
4 774 239412732
4 1452 857283666
3 1791 907471431
1 162 40173761
3 483 171704445
4 1480 853521023
2 1952 709158553
3 237 888039887
2 666 954635981
2 746 804651001
4 653 888871553
1 361 851667353
4 1878 520531265
3 2209 200285868
3 2225 251648259
4 1101 705714507
3 2162 409980697
1 1554 322104239
3 1327 998634857
2 1173 228841053
4 730 958608709
4 1581 417448972
2 794 518589835
2 7 281725866
3 1046 917938305
4 621 130509698
3 1877 60602734
2 1309 266425010
4 2230 112808476
4 2086 499793907
4 127 808910587
1 1119 830201865
2 419 341144482
3 527 53430029
1 2101 909137760
1 751 591419401
3 1291 168384201
1 452 945281616
2 568 707132920
1 76 931470469
4 1346 950387322
4 2347 593495661
4 1713 439401000
3 5 247435278
2 1638 322223406
1 2477 622334752
3 388 993591725
4 741 7193439
3 1211 692840109
3 2258 623775995
1 1408 226241154
3 1144 413367143
2 1775 106261115
2 682 416383631
4 1234 732031654
4 1107 244124218
4 891 687917548
2 1552 977109521
4 908 383110157
3 1467 550550020
4 2460 516548893
3 489 300008371
3 894 493099127
4 464 250700798
3 839 273581165
2 2278 109540972
3 1234 317933032
2 738 263567452
3 1453 961457883
2 1926 66800415
4 1663 471559371
4 339 642360451
2 1458 611561412
1 783 156662451
3 1266 327409521
3 2476 90702540
2 1305 776265042
4 1822 215938923
3 1519 650377302
2 1825 990097117
2 1367 867992212
2 572 962952609
4 2455 862688702
4 1394 94572696
3 1698 540345110
1 1059 575668790
2 2336 22248337
1 87 782397823
1 1391 91539805
1 633 78164775
4 849 900622275
1 2169 590270853
2 2357 162998285
1 1488 508583729
3 1430 255173771
2 1419 455237209
2 337 132462133
3 1169 58548512
1 1416 76532313
4 514 367916394
4 1348 137321632
3 871 55017959
4 2072 877118464
2 319 322015556
1 1936 777917319
3 1933 565994477
4 1558 880430612
4 805 942234504
4 1449 669240188
4 108 414565913
3 947 575291461
3 1832 992492922
2 1000 427336289
1 1867 459496966
2 2097 325771597
1 811 443014419
3 431 650116020
1 91 144040357
3 2111 759454338
4 107 83103466
1 248 738876503
2 2195 790219842
3 395 809357565
1 82 178108306
3 1362 625892549
4 1394 643729666
2 2218 856947582
3 1332 32921387
1 1131 584957055
1 81 613723446
1 1479 288522621
2 1594 354685145
3 2099 123864570
4 1774 42764171
3 1366 748469013
2 1582 77252682
2 2497 288610494
2 906 108904669
1 123 684270766
3 2357 56711444
3 542 784057927
4 2244 815896877
2 69 229664116
1 947 750872397
2 1100 542934069
2 738 149300654
3 1216 156676837
2 1660 418719440
4 1619 406648650
1 275 512699053
3 1423 487904545
3 344 865238914
2 2382 689240529
3 880 642959434
3 1188 913182905
4 377 566116900
3 1377 820691709
3 1226 803190648
1 1182 243479317
4 65 948536224
3 2236 977334230
1 1280 782210871
4 1200 297162736
1 1849 790512548
3 724 692478394
4 49 77974914
3 681 96801435
1 2471 183807675
3 790 227978602
2 16 677230931
1 1240 477469846
3 2461 180572815
2 1716 826739052
1 2121 666787998
2 2354 594729120
4 1276 188309886
1 2166 90102896
1 2435 695716977
2 871 594538604
3 507 190364680
3 1398 73384146
2 2045 676119772
4 2064 491745610
3 2454 552178617
1 2389 705246938
2 102 764796698
4 641 566861455
2 1114 666911941
4 716 82334033
3 1580 240643192
2 249 262461284
1 727 51156955
2 2116 388410992
4 1290 11770977
1 982 776370007
4 395 814368785
3 86 390147871
3 26 152594612
3 752 480392655
2 1218 849317122
4 943 269667473
1 314 389441244
4 2344 608280221
3 1432 570461435
3 2436 924138503
4 1261 489430662
4 2338 117239652
3 170 844290525
1 325 935195598
4 2256 303253253
1 296 133909913
3 1710 375021551
2 8 500129387
2 1687 484179061
2 2390 891818725
4 212 393616841
1 1442 357938899
2 2401 83422148
2 2196 975738051
1 753 76574917
1 1037 159002995
3 1219 564156182
4 1859 659568344
3 171 159087561
4 1578 437677258
2 2491 761784354
4 93 583660742
2 98 840925511
3 1703 668079604
1 1344 537007700
4 509 153877517
2 2476 915288619
4 955 830210061
3 777 19124680
2 2302 50446659
2 868 232721510
2 763 890877001
2 2376 554054924
1 232 661604835
1 1075 315648096
1 1165 312703096
4 2197 813715417
3 1242 811697669
3 2115 50462315
2 1559 249995566
1 1582 167694671
2 2483 769781424
4 550 718357323
3 1341 827138668
3 2342 986862749
4 1854 270901663
2 1762 150846254
1 661 318845156
4 1833 319310223
1 1863 759163172
2 2345 568063019
3 1983 317177531
2 1880 53674334
3 2018 861452658
3 1618 452838140
3 81 780829779
2 1658 581223849
3 387 132357822
3 30 643557572
1 1150 336752203
2 2388 315630159
3 134 625103596
2 1678 126731404
4 2099 649358721
3 1001 289595253
4 210 864750688
2 1034 480956361
1 983 374378973
3 2372 469132985
3 1928 116078882
3 1958 196679745
4 2255 805053438
4 1904 852794021
1 1914 484741698
3 439 5841114
2 1885 206327952
1 1528 326173480
3 892 84238605
2 1388 468478374
4 1898 952026105
2 78 661716404
4 1549 336941891
1 502 25666450
2 2250 139638837
4 2026 512544850
1 1703 59553317
4 2351 205552400
2 2148 446350584
2 1829 733547392
3 2498 713595680
3 1320 288489400
2 296 933941313
3 1422 380934471
2 1730 984833665
2 1839 53008344
1 2046 84670731
2 1154 661818291
1 158 765955087
4 2498 409816909
1 2273 912165484
4 524 787303823
2 2487 800746634
1 1640 726031210
4 1651 187775565
4 2160 900920469
2 2292 948389761
3 629 353794839
1 980 831739135
1 2495 114774186
4 2407 983739342
2 1096 94063748
1 1164 737840857
3 335 360549756
2 2117 768911444
3 2465 554687519
2 1151 677304175
2 389 80867968
1 531 368673495
2 2477 868290705
2 2185 923775646
4 500 744439832
1 1798 117598953
2 577 579521345
3 2312 141063025
2 292 795219462
2 1728 728499699
1 1831 810293394
1 1389 509395499
1 1642 611787747
1 1818 721531708
4 650 305625055
4 1585 136910921
3 119 561888973
2 1562 22821371
2 1240 129357247
3 2062 235791629
1 2013 162565744
2 1557 432229332
3 615 432291114
1 1679 61773061
4 69 133877642
1 2462 67959448
4 1715 468028508
4 1754 431142768
1 331 777878668
1 477 742365958
4 1434 872995231
3 1329 930714581
1 1043 331041164
1 326 739497607
2 2059 97496682
1 613 263244795
2 1426 902856628
4 1245 962822929
1 1532 873103275
1 1745 85039276
4 395 183614648
3 1967 963267071
1 2353 414648295
2 1044 965155985
3 1374 939328715
3 1063 520967758
2 2001 476717686
2 1975 500015108
4 2248 173583691
3 111 83147843
3 343 107426730
3 488 494306892
3 1134 660476150
1 1226 374857155
3 116 262139064
2 2205 233062017
2 1027 480070363
2 325 653936170
1 688 698426741
2 539 313907386
1 1072 201615716
1 27 434855866
4 160 232026941
3 1729 26200593
2 1797 603443310
3 1081 799138882
4 1142 342080398
3 1093 406312904
3 1053 443232836
2 985 340042083
1 1234 314179866
3 1977 504986064
3 1649 226577779
2 321 820433945
2 1799 660229794
3 370 926256979
3 844 407863884
3 37 215274769
4 985 664241435
2 2407 530799255
3 307 277567082
1 1533 41059976
1 1543 908745011
3 2492 947786632
3 956 28192314
3 1586 779566479
1 2037 226742352
3 247 598664915
2 284 54719079
4 2145 575484460
1 624 103664281
2 1113 3373445
4 350 418087507
3 2098 165977606
2 2141 356240487
3 585 827722847
1 2012 656969977
2 1288 338246528
2 1260 458779183
2 1235 12757249
4 1989 558672435
2 2346 902603732
2 1442 120700937
1 800 14265641
1 1707 40226297
1 368 311317129
1 1861 218216304
3 886 459341333
1 2076 352195814
3 122 50907308
4 407 804477623
4 660 220041680
4 331 862326676
3 293 271228573
1 1108 581040253
4 2193 944635547
1 1185 443422392
3 302 780931550
2 1888 853021256
4 2226 266296899
1 1825 434317346
4 374 727825482
3 762 216739804
4 2357 670895889
4 198 33205425
4 970 729505882
2 2182 564626955
1 1012 41386688
4 1928 847896923
3 816 79024408
3 1750 565154849
1 146 208817072
3 1628 656325132
3 1241 223449587
4 2201 404911050
2 96 913209007
1 464 661363615
3 1338 50738870
3 99 38846820
3 911 863066644
2 1430 726379004
2 2482 213580380
3 2011 794663518
1 567 360286526
3 108 36874964
1 914 155655683
2 1457 422792664
1 1067 291281788
3 2496 401576190
3 1249 610257702
2 1773 46405087
1 1871 51034414
2 1696 547475123
2 7 925987187
2 436 861736701
4 1871 96056064
2 1375 761259872
3 42 201421731
2 513 269030419
3 2295 17926907
3 1195 215557288
1 976 275272276
2 130 25043062
1 1469 677459055
2 1291 603737388
3 1922 326663530
1 2007 62934962
1 1421 37581320
3 2018 612377328
3 873 485207638
4 1852 647202268
1 2336 333825309
1 2333 96200423
2 2218 418488258
4 1211 315126505
3 2006 423503092
3 697 885627369
3 2151 621330922
2 183 656530445
2 104 717788725
1 99 500207165
4 1680 651974601
2 878 157282302
2 2061 547427319
1 133 609894482
1 1723 374379062
2 2446 111493166
3 757 153075117
4 1998 411823406
1 1497 293553837
1 230 663589390
4 632 923498741
2 44 265600787
4 366 823323317
3 2385 783950460
3 1637 934237681
4 2441 159578058
4 1182 976099883
4 312 174217389
4 2167 650369665
2 835 272544828
3 1753 212427809
4 366 118162437
3 404 105361974
4 134 545911445
1 784 361029149
3 2161 535599594
1 1294 450049869
1 1296 863146824
1 1135 596394406
2 1094 714767510
3 1007 901292424
3 868 659238625
3 1497 874453577
3 1634 394430789
1 548 630853616
1 904 342628195
4 2247 753159311
3 2442 962899635
2 2450 332127941
1 1550 275134761
2 1008 125637337
3 1488 339579797
1 1026 87008211
1 2063 510257963
4 2056 265115443
3 1612 174109061
2 1893 24536495
4 98 67013028
4 1796 541247122
1 1420 492105041
2 1614 302278330
4 1934 71106481
4 2095 951877336
1 2073 376118832
4 2015 187267815
4 1916 242953232
4 1422 853245043
3 208 995931994
4 2271 504518559
3 436 168305676
2 740 14235139
4 1018 975308286
4 605 810316815
2 501 897895996
3 997 423481710
2 2392 341400890
4 2226 161804230
2 2278 304572509
4 1162 767972109
4 1448 259245431
2 1518 739133974
4 1510 146346994
1 877 953959405
4 1736 928151130
2 163 901041976
4 2092 33477497
2 1056 66585953
2 1585 380805313
2 2392 365879376
2 2207 949323715
2 307 461109724
2 611 923442642
3 219 212016313
4 2340 877290072
4 491 862123719
1 1357 707529009
1 1276 401002162
2 294 454527868
1 342 839640487
4 1935 483674179
2 1988 236746784
4 1556 464584584
4 997 378472262
1 1582 125961567
1 1143 83210582
3 498 179605063
2 2199 178211588
3 2298 836286763
2 156 589378946
2 1882 897017183
4 2388 879342416
3 1761 759525091
4 881 439650774
1 2434 901832216
2 433 247320146
4 109 497589830
2 1285 964950019
4 1747 164379477
1 1861 990379136
1 880 490830485
2 1044 547237439
3 2444 24736316
1 2330 235591367
1 1774 215337165
2 655 460198735
1 38 750160305
3 1867 481256864
4 515 573259993
1 751 217601449
1 1924 484513450
4 39 356580145
4 835 805402528
3 489 879218496
1 715 359921249
1 1916 881556995
1 575 13785999
3 1185 837365803
1 365 935708618
1 2222 65382137
3 612 704279920
1 382 148871738
1 1800 232372693
1 1070 201995136
3 1554 98858992
1 2135 435387112
3 2235 857332778
1 1911 11146060
1 1202 197943251
4 582 305485986
4 896 777217723
1 1744 404638205
1 1694 986349787
1 179 421845933
2 962 890796804
4 1168 947283188
4 971 239027530
3 267 169127741
3 392 699687829
2 1958 125732430
4 926 828311130
3 681 832934731
2 2084 153653118
3 924 150675275
3 755 102992311
3 250 393689289
1 1276 9931813
2 2442 119470961
3 497 485412703
2 929 111077366
1 1226 155057915
4 1861 231813553
3 2275 889397962
1 847 971033311
3 33 891258532
2 2456 915400895
3 144 768079715
2 2246 827367899
3 414 568873894
1 2039 233258492
3 1524 732111659
1 1546 75165002
3 644 122714411
2 2300 620560217
3 1291 113728494
3 1662 685274195
2 1851 225283642
3 663 307017730
1 1016 933654766
2 2062 251218971
2 442 796107761
2 1948 865331123
2 2258 559206930
4 81 606093540
4 897 933578412
4 2425 215819262
2 1177 227082947
1 896 42916039
4 39 789240768
2 1879 527090827
1 1869 106704775
4 349 669677273
2 1746 973956829
2 391 614107142
4 2275 278097003
3 1831 218531702
1 421 17939986
4 1493 450247705
2 1664 573304918
2 1453 43337836
4 2396 165448518
2 1271 251867004
4 1799 493373702
2 399 130116047
1 2249 240534539
2 339 454495823
2 842 631651130
2 2310 839907842
3 643 972428762
4 2255 723000635
2 2456 380622880
3 30 954387234
4 1726 620319667
4 2203 903209560
2 1552 451274450
4 914 656255701
2 1366 278596281
4 1145 524865625
3 1463 475043444
4 446 987565566
3 1407 26767959
3 73 508220813
4 1171 5304754
1 2042 175042094
2 2054 331754814
4 1908 137415042
4 17 521169573
2 654 504643388
3 2353 988299864
2 748 270415283
3 597 411561644
1 216 561282440
1 659 411937787
4 416 470000569
1 217 833092133
3 913 679814086
4 913 584422290
4 711 21293541
2 1408 951716464
3 1716 171128502
2 539 868206675
1 2484 910266525
4 886 406184599
2 1517 418827809
3 30 97945419
4 1477 971828627
4 2266 466412843
2 1137 105013068
2 897 132128461
4 2396 856328778
1 1110 565594051
2 512 377777611
4 1491 697982108
2 1524 52163476
4 2277 136302831
3 247 570476129
3 1078 826000304
2 2024 559964961
4 839 632641984
1 389 757045284
1 2359 66429333
4 1053 504448532
4 155 277527152
1 1946 247958845
4 1917 41127192
3 2253 703334431
2 1002 310977729
1 810 503882803
4 669 66501224
3 2487 557991838
4 1862 145293780
4 56 332084740
2 416 683656552
2 720 518908267
3 912 572122891
3 1507 668477493
3 2257 739490601
4 24 794716096
1 2238 273837670
4 698 460338114
4 346 988173784
2 2069 962736239
1 579 511644866
1 2478 924518367
2 2147 324480467
3 687 707498898
2 595 366619459
1 1820 561700187
4 985 120557341
1 73 561825309
2 857 708833827
2 1521 941064400
2 806 756959540
3 1099 409039129
1 2195 998395073
3 2010 362522644
4 523 544490927
2 856 58698421
2 803 555539962
1 1859 707749065
1 2403 481787111
1 458 185216756
2 13 252048802
2 2097 198800575
1 739 606844919
4 921 24753252
4 590 891273300
1 13 183844283
1 2307 655192018
4 2251 416642741
1 2372 998292467
2 880 191966531
2 1214 254192877
1 1101 28360129
1 2469 21609339
2 1288 737016771
1 2145 861554605
3 738 213624168
3 1260 149881082
4 2200 711945467
3 1446 309396256
1 708 562955148
3 446 675829679
4 1347 426140978
1 905 741897762
4 948 873888294
4 1559 86097104
1 1619 837807504
4 1760 58083112
3 1492 219426185
1 1161 84778086
1 1909 403983683
4 886 987167424
1 133 855119096
2 630 360380199
1 850 750999964
2 301 319771364
2 2159 937467217
2 356 930614277
1 38 961461953
4 323 636800067
4 8 290085915
4 1939 787736559
2 996 827969139
1 1318 999358882
4 2392 264576447
2 1963 498775623
1 175 294159349
4 1508 527463555
1 2025 627743261
4 2071 598660305
3 1905 599290979
3 2349 427697093
3 1777 540326382
4 2185 336926725
3 1176 915505394
4 1216 788171609
2 1323 861564898
4 1132 453828250
1 1763 169312387
3 1853 64243440
4 466 265086211
4 498 267818184
2 48 126348435
3 963 943450696
1 1988 613722248
3 1273 3105168
4 2196 577940254
1 787 763774642
2 1731 373286718
4 471 838254619
4 568 503186472
2 1923 565266718
3 812 454222725
1 2393 947776989
3 1018 675770613
1 2265 12283388
1 1211 50306841
3 2296 365797138
1 1777 200603908
3 2096 25245346
1 2486 200336880
1 913 523957067
1 1141 485788294
4 1487 658826435
2 2353 253705173
3 421 520912552
1 1986 948200540
4 1797 311260472
4 1473 289524923
3 1344 712149339
1 391 122868541
1 2192 981502139
1 1975 565554469
1 244 656667079
1 1325 809230356
2 1080 761788100
2 835 406875341
1 205 665042175
1 2463 690985258
2 232 35555821
1 548 331782448
2 817 348083307
4 2191 523649992
1 1212 140715868
2 2381 816642026
1 1193 882574200
4 493 469849912
1 2305 371922020
2 1452 958292122
2 194 70877667
2 1984 398983456
1 1813 674329203
1 2346 37565182
3 986 376114923
2 1558 382134309
3 1284 868208567
3 833 44599750
3 2354 269570733
2 922 621845841
1 1942 926994303
1 776 377117499
1 15 860419212
3 431 799145993
1 1142 161704285
1 1597 823932848
4 1191 287559363
3 253 113713876
1 1598 941326715
4 1218 82357317
2 1063 468900054
3 958 661599720
1 468 947287685
1 840 821097730
4 25 907803844
1 2362 874315266
1 2161 125133079
3 1330 213532463
4 537 435611088
1 1692 111716501
2 139 863368805
4 2439 240552949
2 2495 156680624
4 1287 173391626
1 674 974691353
4 110 216174095
3 502 77067972
3 1178 197972694
1 1584 426583204
3 1196 387319060
3 1293 836684769
1 2200 211403940
2 2090 26752041
2 1171 311364770
3 2205 878960117
2 586 631584564
2 809 359317613
4 341 341808980
4 301 974467874
1 1364 108566025
1 693 349646592
2 1736 522115549
4 611 974571747
2 56 957810633
4 1774 254955294
4 607 769772200
3 1936 73972439
1 515 593980877
4 643 613825882
2 618 708137999
2 1363 294455452
4 267 86741761
4 960 95799886
1 590 591817971
3 735 833297146
3 718 77220109
4 1392 689951634
1 1582 967702466
2 874 126052355
3 2327 190507037
3 2454 4872712
1 612 722433765
3 2482 370816583
3 177 132567267
2 699 322636485
1 636 748434236
2 2249 122421695
4 326 891071726
1 19 30043047
4 2464 275891263
1 1662 67853329
1 1674 573720641
2 237 63857848
2 488 564853519
2 1132 730289391
4 799 800987698
3 1183 973567075
1 2498 803443956
3 1454 697707370
1 706 673486114
3 1449 89839638
4 879 985573738
3 1523 962511791
1 35 794521431
2 764 932025663
4 2352 74124702
1 1750 699702195
4 2297 859740525
3 1184 98774643
2 849 127822121
2 1592 721277309
2 400 926403683
1 83 717656613
3 798 657806084
2 1514 331667109
2 1396 323003361
3 779 786016697
1 1636 624315586
4 1843 490417648
3 1317 953678238
3 1234 523185346
4 804 63680665
3 2237 107073290
2 414 352571541
1 631 310517092
3 2147 780914931
1 295 784191206
2 2311 359090028
4 2315 601372204
3 2030 532914802
3 1751 208757636
2 1830 815070921
2 2399 953278213
3 1997 948345104
3 2334 413293545
4 1074 53077368
2 1191 735036429
4 513 164924958
4 74 517324757
2 346 867050228
4 720 451480895
4 763 485334605
3 1871 987071404
2 1078 283644474
3 495 137391511
4 1727 326464766
3 1879 229089220
4 1188 74119085
3 2338 685408465
4 982 102024171
1 1294 432985809
2 365 825961932
2 1158 36058717
4 2161 686920378
1 2290 766930046
2 2156 36026585
1 1796 15535702
3 1544 698619401
4 1936 182618513
4 1279 908217232
1 1535 476580523
2 2263 583338699
4 1932 460940757
1 2064 345498620
3 2166 167498008
4 559 624482858
4 1180 375032566
3 13 832207214
1 1150 227417247
2 2263 653894654
1 2487 629121141
1 209 217926900
1 1137 871858237
3 2083 200358645
1 889 164492762
3 2046 422946203
1 206 882511415
3 528 725306858
2 729 865690824
3 231 543350165
3 724 301169797
2 752 135458725
1 1640 513774538
4 2022 586544608
1 1826 29830928
2 48 975316361
4 1799 212879773
1 2133 139298083
4 607 500279410
1 2242 467110279
1 2215 53005312
4 1409 571576145
1 968 810450048
1 1744 419002339
4 2434 291364388
4 1305 661504182
1 1313 256604399
2 1071 639200000
2 2149 728739013
3 1250 406353218
1 2446 900470670
3 1485 163729583
2 2216 34287613
3 2228 207825229
2 2014 783050259
4 2204 321257715
3 1014 940308685
3 1808 842590359
4 206 429041596
3 2108 475868016
2 702 53006010
4 2080 981351450
1 1263 344402275
3 699 435304490
2 2374 52579204
4 809 276750101
2 1521 725394695
3 2348 103241112
3 1469 859673906
2 1189 643320689
2 2263 319811571
3 2217 488203173
4 804 226604249
3 2456 594403135
3 1181 766365430
1 457 975463709
1 908 66232906
1 165 40047316
4 100 182233429
1 1172 973735323
1 256 76293933
2 974 260959190
2 971 905127207
1 2076 177720806
3 1752 614498113
3 1707 331403405
4 2423 451581718
4 2098 903301616
1 1465 299372549
2 324 241817469
1 1642 146755466
4 1673 215285801
3 830 837696433
4 1275 771594659
1 2023 730876074
4 121 178370223
3 1203 147243746
2 1275 820883726
3 485 433369255
1 1526 826708685
3 1170 394041038
4 2103 644608850
4 1658 223789505
2 2012 55862530
4 951 467906491
2 477 270197040
4 2009 386870793
1 2436 948263758
4 2017 211681453
4 1010 982776415
2 342 716760056
3 373 508345469
4 1862 51266071
3 808 204146697
1 1552 198191792
3 1061 90685795
1 169 398046636
4 250 908942032
2 89 88781116
2 360 570017783
2 2359 74792882
3 1876 502035139
3 1132 783555595
3 1335 23817328
2 1457 530891087
2 2099 642747543
1 770 344343032
1 1916 355568799
1 1592 213759237
1 1500 562366627
4 337 51722743
2 328 831945913
1 1600 71085704
4 1871 190865060
3 2351 751544128
1 1889 618483478
3 80 62500870
4 974 35308346
1 145 480379897
3 1767 661127487
3 1042 482044242
4 296 764389101
3 948 807582691
3 2104 360687780
3 1448 793105764
2 1310 197804134
3 118 949242190
2 1949 253387264
1 2114 35437573
3 1524 972677524
1 730 3297891
2 2263 236336198
2 1689 77632787
1 2433 163450004
3 39 111197837
4 1771 197792283
3 1378 150850253
3 427 107745760
3 73 49464185
2 1309 113898776
2 15 476025975
3 2162 806548258
1 1328 467759453
4 504 107777501
4 1471 5647625
2 2443 966430493
3 1484 921000151
4 30 69358056
2 720 875766202
3 2294 588482303
3 193 322956988
4 1908 736218594
2 2410 568418107
3 1312 876222091
3 2182 934386948
3 167 125450484
3 67 443503097
1 2017 447764303
1 2149 779125235
2 1031 734073865
3 1668 165943779
2 1616 274203523
2 1538 436442615
1 1059 908542455
4 1013 274700097
4 2288 408858694
4 950 608285693
4 1244 305576965
1 957 565018889
2 765 264808270
2 2371 354133447
2 2055 542408001
2 575 63088055
2 2485 66037940
3 438 709998575
4 300 719015170
3 2180 181717711
2 1438 821256557
4 1598 91955464
2 2497 951150976
4 1795 620454160
1 291 206926528
1 1245 239379709
1 2044 538838249
2 403 438563561
2 459 695588658
4 487 136153283
2 521 296674521
2 1045 749441451
1 489 338808524
3 1242 967665667
1 2136 903023087
3 80 72057092
1 292 336956663
4 274 421818684
3 2495 98319001
3 1555 393000020
1 1190 152910927
2 2412 927833564
1 1223 467227247
2 566 847311118
2 160 645751193
1 2041 67852778
1 2495 87703697
2 843 963176577
3 1662 667564326
1 1975 805293929
1 2077 502492476
4 569 74764459
2 1437 172421225
1 48 823983851
1 1202 726971238
4 1943 446705708
4 2155 89470133
2 1084 557915542
4 904 450622252
2 1019 218865157
4 325 939709747
3 732 645920864
1 1923 93085879
2 1718 400244959
3 1442 135661212
3 1781 252779181
4 1542 122425905
3 1948 535656299
2 2243 604895235
1 1602 3582624
1 672 711742280
1 1149 148377439
2 2233 472588569
1 1310 252038826
3 1777 27285049
1 922 399446951
4 2064 651197566
4 836 57741905
2 1094 91119062
3 853 42294080
2 1243 29062188
1 794 147444567
4 2420 656403391
1 401 687367123
3 571 278576609
3 142 536045943
2 797 380207685
3 190 758052067
3 1484 509280246
2 2253 35884009
4 354 341919483
4 1357 182260539
3 1555 988294662
1 1415 473530026
3 1708 803866204
1 830 292758845
3 541 814304900
3 1087 480483503
4 2254 809209299
4 2173 834226681
2 151 659212034
3 757 989049998
1 540 744244868
2 816 400061120
4 166 641391612
1 167 407228914
1 577 186882763
2 813 644657444
2 2414 925031414
2 2174 131010889
3 597 952896528
4 1267 694831480
2 2087 288982798
2 2304 57692637
4 906 304933278
1 1782 404912231
4 2319 78054007
1 2461 470999633
3 1208 346750622
3 1084 45124708
4 1916 493968819
2 1925 186743817
1 2334 257694844
1 497 908570806
2 2084 20795807
2 2221 94896707
3 1767 567168790
3 636 905414056
1 966 419287404
2 2115 335354871
3 777 387885325
4 49 162416015
3 195 643361060
3 2084 992245980
2 1706 241950199
4 1338 809451163
4 954 211228346
4 2036 114788925
1 1041 112379116
3 1308 866914421
2 543 720712854
4 149 291492934
4 610 774307222
4 216 57609813
3 1627 719313271
3 1370 116312917
4 591 978745578
1 1853 637284406
3 1409 540475931
1 486 393014378
1 2282 685981549
1 1434 61867578
3 1951 71159277
1 453 219538164
4 2033 257791679
2 2250 131266413
2 2242 788466455
1 844 166527653
4 2491 50136957
4 1700 230048911
3 1490 234951576
4 663 424730732
1 10 313026668
2 909 225107082
3 161 73757549
1 787 81460915
2 1393 590195296
1 1481 700585373
1 1824 778263239
3 2112 481037480
4 2273 26247776
1 1735 106302263
2 1778 221260280
1 2398 862399791
3 642 389788135
3 1700 71653616
3 729 610318036
1 699 390290265
4 1925 259143108
2 621 48158170
2 250 118217198
2 2208 495590688
3 2413 987661153
1 1446 930453064
2 1778 465364441
4 2039 631112633
1 1124 221519867
3 1427 349536452
4 1588 999381822
3 2461 575938379
4 1791 805714305
4 844 388674142
3 964 234865985
2 2249 692805220
2 2272 623557571
3 1953 223051635
3 1190 34031304
1 2415 334545803
1 925 18935100
1 2355 42350902
3 1528 302215205
4 171 372085942
2 1116 252046796
2 1661 147780520
1 1346 462615825
4 125 284931473
2 2066 352226698
1 1683 163338196
3 805 691383832
3 1121 370051928
3 658 587962619
4 2354 833668987
1 408 148630338
3 1825 265777620
2 1106 959719389
4 241 673569759
1 471 553261508
1 2108 542804033
4 1982 389878480
2 381 939625005
4 1718 763628892
3 763 104403531
3 2101 228330947
1 1607 262997944
4 50 393720735
3 2082 99824594
2 838 685979744
1 1271 207425010
2 577 646421279
4 2373 753474208
1 1416 252692843
1 2315 971393639
3 2481 233103682
1 2298 938877792
2 2349 603912463
4 1494 580714939
4 51 771277476
3 60 917611126
4 1872 694230820
3 7 221733228
2 1849 382385169
2 79 61203081
4 2338 43570160
3 1174 260340386
2 2305 542605622
2 651 308059663
4 1892 153795456
1 1285 561858010
1 648 426549958
1 2456 373134951
3 880 502599008
2 1045 367247596
2 1582 613133489
4 2396 610235494
3 1921 544180538
4 1288 619391427
4 389 816283399
1 1637 354291541
4 312 524816956
4 692 806305724
1 1277 170843410
3 448 136465820
2 502 279398803
4 1430 135475691
2 2178 592467385
2 75 164474766
1 714 199565784
1 1393 862001034
1 546 400303954
2 2071 571457294
3 1381 327205887
2 192 745571646
3 1478 739904665
3 1342 702145937
1 1730 649124219
2 1888 230346660
2 1096 145802015
1 187 77712419
3 593 644396356
3 6 593770058
2 605 954520083
4 1494 201748243
4 440 933607571
1 2467 420852437
4 1061 165020683
3 909 395124406
3 778 800840390
3 1399 460435446
1 1196 871273802
1 1545 512815239
1 1185 46952818
1 2154 70119319
3 2019 426056123
2 580 146162440
2 579 434979838
4 262 391431857
3 2456 769143708
4 1096 33825052
4 125 771705237
4 174 429475231
4 838 211626334
2 2415 987871082
1 448 491445000
2 1511 761221190
3 1597 205319780
1 740 521075060
2 140 944175462
3 535 921830216
2 1187 107885531
1 1748 141799257
3 1556 494651404
1 2447 3671401
3 1781 529731150
2 1957 329562295
4 572 176111601
3 1228 813497671
2 2126 794014403
2 2210 731925190
4 1535 710580922
4 1872 844780294
4 1420 988192082
2 1080 868822636
1 2225 595078008
3 1433 374117191
1 692 132766380
3 2166 6801388
4 1692 36659780
4 2236 45033941
1 627 689612541
3 1939 845833237
4 1199 116780872
4 1542 521399072
3 1832 761625294
3 1848 654233135
4 233 946603993
2 1729 608834190
3 692 106282107
1 2182 617973205
2 1688 117672330
1 1291 616877567
1 1007 758264785
4 2392 282528492
4 1280 335987760
1 614 729311176
2 48 507051277
3 1109 304013051
2 1489 520041215
2 392 788498281
2 2112 183921448
1 1948 291740797
3 1259 977530295
1 1582 132195273
2 920 767895624
4 1935 716245664
1 2190 367882331
3 2119 3128450
3 701 727425322
4 653 911820936
2 1974 908573214
4 1391 621578218
3 1495 379881551
4 2458 406876200
1 1350 868665633
3 1197 764605333
4 1250 521693731
2 2450 760045786
2 799 905333626
4 829 258952532
3 484 265754214
4 261 596141738
1 2198 623457290
4 1099 543039427
2 120 398720797
1 1741 492514391
3 2001 583967371
2 2137 246625274
4 589 274981489
2 644 946121289
2 992 953865981
1 1085 333785459
2 915 13069519
2 608 709626848
4 2398 377017221
2 43 947230977
3 936 361033746
2 1184 156161424
3 1607 399830648
1 2240 358540582
2 1530 541175628
2 1931 655235521
4 1065 647645110
1 1102 374848527
4 1324 834703697
2 1780 553668414
2 380 133898948
4 131 526491119
4 1703 730925304
3 733 618562248
4 537 500086838
1 2219 91931948
4 45 886937534
1 234 978415470
2 1517 913104425
2 2033 168684269
3 11 220690234
3 1040 504110511
2 928 813942082
3 1707 392140267
3 600 292828201
1 1233 553678482
2 790 874973434
3 2141 561021022
3 1790 49173018
1 1980 670908646
1 297 234284862
2 689 240744817
3 1716 269522777
2 1692 177308908
1 404 834109214
3 1665 746257242
2 2119 336124798
1 2399 513931798
2 671 477712121
4 710 506979069
2 1578 970838403
4 1688 952311969
1 620 730516695
4 1035 9322166
4 2391 121477793
4 2270 84568764
2 2325 634239338
2 2193 324932716
2 367 211678169
4 1331 215283937
1 1792 586109574
3 1873 220781374
3 1635 558660657
4 2198 942437056
1 1170 517385052
4 7 61360234
2 451 125953142
2 734 182291279
1 2401 392034726
2 1650 997099529
2 507 435861118
4 1664 115474419
3 836 867395679
4 1378 681562828
2 1280 590447365
1 629 602572118
1 1652 876476060
4 1885 92787979
3 828 656048947
3 1326 159227677
2 2228 185604217
1 102 483184569
2 1829 24030509
2 2001 198371644
2 2490 815129011
1 1721 826690158
2 1729 885921881
4 506 986851842
1 350 831868331
4 1610 845104137
4 1869 722678484
2 2103 23068427
4 904 656503326
2 1833 650621419
3 1153 894857780
2 1139 838162680
1 190 490735026
2 412 58981682
4 1270 713726048
4 2201 199318253
1 2312 523845208
3 1077 578905923
4 1164 238931122
4 2129 607975575
4 751 709025469
2 1779 218487822
4 1586 193455621
1 579 180438637
3 942 85452767
2 986 5473841
1 1103 265452290
2 913 138070377
3 1095 27621066
3 2190 180663101
4 432 603667438
3 1977 241904782
1 1889 612465802
2 1999 63650111
2 1565 33252934
3 2430 169942442
3 544 350249119
4 2078 337269283
3 1766 122044557
4 1924 26739916
3 628 200531839
4 1491 489212217
1 2098 791661859
4 760 899891998
2 1342 150889155
1 2091 197191858
4 72 535875876
4 216 514507439
1 2399 792579135
4 1246 232521940
4 605 492852098
1 1602 906858446
4 1173 621014240
3 1840 293372402
4 1894 548214312
4 878 986906428
1 893 296348589
4 513 291056549
2 2450 269349907
1 2283 254916868
1 2248 704053777
3 1092 391993755
2 511 698806007
2 508 931088936
4 1003 92649734
3 1874 465206124
2 1049 759314040
3 2148 402757103
1 328 276634539
4 1025 571773412
2 1489 699505592
1 343 854207861
3 2239 884667182
3 1934 931233145
4 539 806012333
1 1197 129382611
1 922 856800951
2 545 435267013
1 1718 913978921
1 2416 973632112
1 2056 906062150
4 957 43849981
2 2072 111397541
2 952 897598519
1 2416 217084803
4 1327 154260486
3 1587 89060262
1 1550 848277930
2 1789 308977548
4 869 276873998
3 1222 825385475
1 103 222189524
2 237 144058214
3 625 418015228
2 1130 151496811
2 190 20607496
4 653 191752209
3 1949 337608480
1 1954 153001714
2 2266 616086597
3 1904 129661327
3 2054 254115257
4 1642 310512727
4 14 935993888
2 1972 730846375
1 1175 948336297
3 285 906827085
3 1 591798001
3 2192 482070171
4 2012 644524570
3 1567 717681249
4 623 292551867
4 2014 227280291
3 1418 325283222
1 1255 427326834
1 1520 811393219
1 37 302981839
2 2028 257740393
4 1313 252995505
3 2205 376898929
4 609 59405717
2 921 503421401
1 2457 510258730
4 997 104628591
3 937 739310902
4 943 916053743
2 1711 620590690
2 746 975197835
1 2013 61593236
2 232 346217212
3 2001 312243738
2 2490 604572379
1 291 626593373
2 288 941563751
2 69 634545620
4 1738 596228396
1 2425 820579432
1 150 526180886
1 2320 941294914
1 1167 452619196
3 1378 314942963
3 245 407340076
1 2487 832456410
4 714 968774167
2 2076 927520755
2 980 222658907
3 2480 821234259
4 914 2069020
4 303 574378079
2 1182 991903689
3 950 35925904
2 1003 440780254
1 304 188593940
1 1206 821934497
2 2396 217374678
3 1019 690666070
2 545 265189599
4 1474 107478823
1 1625 424226492
2 757 655053930
2 1876 58871623
1 1845 842435373
3 2022 763080295
1 1584 157073065
3 2361 678149295
1 408 621804965
3 1583 802621584
3 936 446943566
4 1236 691051194
4 74 404946550
3 609 376377487
2 10 196786493
1 1962 357961993
3 1863 564183678
4 2253 121740538
1 1514 886514169
3 1958 860837672
2 746 296738551
2 310 225907680
4 995 73863376
1 150 573335244
4 794 629239921
1 1049 680394849
2 366 740323860
3 871 473613748
1 2414 257409563
1 1947 137117447
2 1578 18353199
4 1806 518953710
2 2316 721811748
3 1100 220302468
1 1343 962158676
3 1409 891068336
4 1879 535865136
4 1623 575640258
4 548 103656289
4 396 694866705
2 607 982543121
4 1567 709723751
2 983 685014133
3 986 651818670
4 1280 125096066
4 1145 494307917
3 863 205974172
3 735 703937149
2 46 105527629
1 1243 405778588
3 1615 540684183
4 2383 856757069
2 2346 660803053
1 574 805195510
1 1150 877252298
2 1862 197426831
4 1951 419307878
3 816 16363267
2 2110 272873875
3 2035 206462068
1 378 952284357
2 2339 178414250
2 186 900501256
1 1074 503934924
3 588 359491041
2 1017 757451721
4 468 232315770
3 718 867336483
3 1297 267611732
3 1380 529901052
3 2456 765569422
4 499 678351944
1 634 374030707
1 1475 403499131
3 290 448633566
2 1209 143098187
3 1979 669502704
2 1344 913085326
2 1192 943558516
1 1054 495308222
2 524 95825967
3 2228 562151388
3 464 738897631
3 196 143694952
4 1714 323780363
1 1756 994210809
4 1914 26127261
3 884 895452007
3 508 210334090
2 2144 287852215
2 1876 21757465
1 2346 352916640
1 647 291519856
4 1125 850402806
1 507 630700842
1 875 370937757
4 152 64919270
3 2447 82485050
4 110 564705454
3 1632 533717281
1 1393 62540825
3 1757 978379427
1 275 51783699
1 1826 317135336
4 2155 501372588
1 1087 468060169
2 129 505559919
1 2478 726841698
2 991 224848144
2 2087 337906068
4 536 853530035
1 429 605055920
3 240 441350775
4 2492 682498315
4 2163 770066651
4 147 256458581
1 1483 660359967
2 1225 636157735
4 258 173535327
4 1681 874535276
4 798 726957518
3 448 272445622
2 2356 409044126
1 183 957152440
2 1572 318261012
2 142 198440209
4 1172 424826032
2 293 177402981
1 2055 582640332
3 270 153006734
2 1454 609114279
2 619 273703574
1 1565 763788886
2 2408 291054389
1 993 151395146
1 823 629363671
1 1493 749304159
3 439 794923503
1 904 524169417
3 637 816235496
1 1059 34984416
4 397 444183570
4 1779 264308730
3 1210 461873429
1 1509 10970131
3 117 819096591
2 757 65193608
3 439 63111028
4 1914 745907143
2 2408 986249578
4 1672 118702591
2 890 420808367
3 1461 155062563
2 2486 407233891
2 1198 915123730
2 1118 86888223
3 1649 211984942
4 2307 100997219
1 867 200680285
3 1925 187587356
3 2261 453271413
3 56 874070058
4 738 101830573
3 297 819021822
2 301 861020701
1 694 767757927
2 1262 432657370
1 2000 825751529
3 1352 378785258
3 1257 84859648
2 603 69948062
4 1698 134713099
4 1109 936631038
4 2429 510859658
2 1529 193867537
2 1737 296227598
4 854 543720624
2 962 441594545
3 1052 230306299
3 2369 4114603
2 687 272441369
4 1111 755897272
3 552 824283560
2 2245 731657354
1 1724 181986451
1 816 956544597
1 1522 61925128
1 2346 238832671
2 1570 556842009
2 595 700892806
3 1079 442530704
2 194 730218374
2 109 239763436
2 550 537419987
1 2290 866968979
1 468 211713759
3 490 677741457
3 51 397248967
2 2175 255509453
2 2450 107549780
4 56 396938410
2 28 586270297
4 1001 361112175
2 1852 502077074
1 438 624235873
3 1870 643331043
3 40 96485031
3 951 942633644
1 858 238736271
2 1175 417240923
2 1109 776192069
2 370 108665894
2 1247 814320202
3 1444 694881419
4 1769 113086503
1 2072 95457223
2 1924 957592153
1 1702 174171204
3 2076 107841690
3 1377 595702747
3 530 764932530
1 2346 435608156
2 2145 734605397
4 1446 363852732
4 1063 409520994
3 954 91218291
2 532 663517494
4 1513 267767848
1 2051 88265700
2 2166 122715270
3 508 778950191
3 1497 723596043
2 1991 375303401
2 25 202245372
4 2244 963728111
1 2074 916751576
3 660 745362282
4 495 470231629
4 2131 764876436
3 1275 573179789
3 392 772346819
1 1792 601495639
2 2227 35956028
2 1150 488586482
2 841 567018616
3 1275 282045718
3 2034 507502665
1 192 76135795
3 385 31376963
1 498 108912894
3 2111 91506557
2 1648 151743518
1 334 690601031
1 781 436087704
4 475 204480447
4 152 660134280
1 1534 437318934
3 1043 398226301
1 1937 786693109
3 1209 154832761
2 1439 481846263
3 1254 556564492
2 1064 91539232
2 2318 665889978
1 850 469245814
3 775 923018716
4 1466 540307902
3 167 167038989
4 2469 315228219
1 1183 769271040
1 592 191275602
3 832 371021791
2 1347 221112349
1 149 683525075
2 206 407861621
4 1284 888216421
1 1637 636888283
1 403 934607956
2 1578 299766307
4 1005 925780821
4 1812 938090053
3 1699 123250516
3 694 571512713
4 2249 107544160
3 1167 455042444
2 1140 281904985
4 2397 107799179
1 113 20058446
1 2265 804903571
1 2168 736743558
1 1834 273019137
2 943 994578044
3 1929 602849893
3 806 3843417
1 1783 849088439
2 1509 647838581
4 271 490528680
4 2309 204971323
3 1439 985272795
2 619 875474047
2 1117 989710108
1 1401 351804225
3 2095 819682659
4 1374 622881852
1 453 353012865
1 1386 461052077
4 649 458116617
3 620 129783486
3 471 653816643
2 538 443479214
2 2167 399670236
2 1084 986639724
2 1613 727027191
3 2172 363316144
2 529 401140819
4 59 369377764
2 325 569842790
1 1228 369869858
1 672 331867229
1 597 134828592
1 19 147559311
2 496 781058301
1 1355 15815660
2 57 817510670
3 681 737535034
1 21 746358702
1 897 808442717
2 1554 207535120
3 1579 733984998
3 2100 835946552
4 2132 471755395
3 23 61651785
3 1835 321852542
3 1133 309649257
2 2447 725563942
1 1727 313314712
3 1266 229380012
3 1671 667457973
2 1547 490217765
1 925 476226143
2 1427 738661896
1 652 246653945
4 2100 657178639
4 557 822987240
4 1445 635991661
4 1990 870350973
3 1067 412298853
4 1018 855950932
2 726 635000733
1 2072 54519503
2 939 79567590
1 647 966044216
1 2020 125545534
3 2063 642546729
1 1354 636204935
2 137 41372839
3 600 827507686
3 750 303428640
1 461 44922622
3 1854 543313128
4 2405 254171469
1 2417 302303916
3 318 289058428
3 419 612414694
1 505 782167936
4 533 63873262
3 313 933625097
3 2203 118882113
3 439 50906545
4 126 538668249
2 602 788052032
2 507 848289332
4 194 344384571
1 1445 90003756
4 81 714823372
1 314 603470209
4 197 876055243
4 973 48675461
4 1481 882436943
3 576 63121656
2 292 436976188
2 1729 66340060
4 963 456340854
3 572 986563649
1 1479 312434737
3 1094 301653962
4 1139 936175197
3 1057 165849027
2 251 590526918
4 1457 63872258
2 1220 817256832
1 1942 370193252
3 2286 561098943
4 289 763059583
4 420 765300207
1 1307 214498182
1 2359 835015413
4 89 897965641
1 1902 582830398
1 1760 898454974
4 310 617218242
4 2411 655211208
2 1391 888583824
2 1619 609085367
1 2252 43601421
1 1998 226281489
3 489 326376880
2 383 600018497
1 1029 390911966
2 1911 218638392
2 372 557102522
1 2109 519361120
4 1330 579345009
1 2331 735216001
4 1692 372688039
2 1142 226248332
3 134 552539741
2 2018 733942841
3 2002 961448380
4 1292 458477158
1 770 900370116
1 1247 918638423
3 526 576322473
4 1424 222329095
1 1038 147859973
2 238 657147788
1 2125 736184386
1 997 292144247
4 511 523778309
2 1835 604781385
3 1455 881557792
3 2479 716992291
2 1045 143206297
4 955 54697432
2 2188 305977227
3 2250 826101857
4 2177 232977061
3 1036 811099864
4 1622 966442753
1 1937 799557648
3 2454 580176057
4 870 754238343
1 20 479631173
3 1054 197910390
1 2423 20844192
4 455 997651988
1 2441 370377535
4 1292 811533638
4 2132 821678513
2 811 327596216
3 932 127731976
2 762 374327677
1 1472 21680513
1 1332 840821493
2 1823 662318449
2 236 609812332
2 545 934525752
2 2169 540365916
4 841 151084848
1 1996 454203886
1 2187 818253061
3 952 433129520
3 25 213489914
2 1706 602650395
2 1171 427849025
1 1376 519387973
4 1729 304623679
3 632 667258227
1 782 329854969
4 1301 596955902
1 632 443929378
3 910 296520432
4 175 770001533
2 1558 566603602
2 862 507612901
4 811 160072215
4 1785 787350341
4 1736 779391546
3 113 428935318
1 2136 750384279
4 1077 796870079
2 2295 709979255
1 1231 498307786
4 2064 550549106
2 1616 457996205
1 468 727140386
2 428 141110462
3 2010 124423314
4 1633 582570571
2 2216 750410970
3 2460 55219357
3 310 850597685
1 1502 198192415
1 1935 666958383
2 1490 895668868
4 2445 242904792
1 2312 940526036
4 453 19608849
4 808 409424070
4 24 169464495
4 1698 46971653
2 1794 370220975
3 1842 682438022
2 126 996298113
4 2357 842333940
2 622 640250740
1 392 188089270
1 70 958017743
