3893 4 4000
1 1538 317712768
3 978 191189949
4 1205 273819001
3 3778 444751440
2 627 989377447
3 1054 745026262
2 515 832472446
4 886 52560851
1 2542 533683947
3 625 938386723
3 2904 427348879
3 1778 53658936
2 1732 269001907
2 564 339837146
1 2775 202516496
1 2713 813566606
3 2487 420470945
1 3261 580883312
3 2079 509335534
4 454 274287717
2 347 956824618
1 990 727491006
2 99 351024396
4 339 976916049
2 3086 9542020
3 2917 1135722
2 2336 671630896
1 3046 498441649
4 2926 208615985
4 1989 305576189
3 3080 236777430
2 2710 400541361
3 1930 958685029
4 1394 560932390
3 3782 312796369
1 2131 935403298
2 3034 476688302
1 2681 552549630
4 607 629739279
2 1207 314027154
3 1416 682619088
3 3017 512329135
3 3054 854731378
4 2634 682800289
1 3892 308920321
2 1099 121059134
4 1449 68568101
3 248 278573446
1 1188 189751814
1 251 930403294
4 1527 659707429
3 2634 552148298
2 1527 380629419
2 2359 631351508
2 2340 662893244
4 2810 127024479
4 3266 685130468
3 993 829913109
2 1726 931219849
4 734 959893585
2 3788 60104869
3 2601 382340150
3 3794 761709798
4 3394 263293002
1 1144 891711134
3 3852 476450465
3 19 238065781
1 3455 161505765
2 643 430444644
4 2216 738277040
3 850 377391331
3 2702 322487044
4 2253 459779223
3 392 219630829
3 1577 603907526
1 2147 542258801
4 2984 567536929
2 1281 115458403
3 1401 607747789
3 3201 986634071
1 3382 264573465
2 3425 191830867
3 582 641094267
4 3954 379770609
4 1049 579488695
1 3283 229038190
3 1029 175454321
1 3478 689978973
2 2573 951443425
2 3722 421517838
3 773 232759226
4 3803 305511653
3 2156 574249221
4 2402 680464785
2 1473 892978125
2 1410 582949732
2 329 265121493
4 202 657268916
4 3493 408873330
2 3434 100956824
2 817 816977661
3 2821 41674532
3 3615 893150183
1 3792 700958076
4 1820 16039728
4 3235 568227078
2 1630 106819455
1 604 920673836
2 1359 988286764
1 3046 771637005
4 1958 118597445
4 3945 575474290
4 875 307265740
4 2484 12350808
3 3868 839733557
1 1128 942865559
2 3092 3493566
3 2964 788532710
3 1851 571496605
4 1479 849838976
3 3026 501133900
2 2548 318863744
4 3565 74362195
4 2305 406247080
1 3729 237128072
3 3081 170316890
1 3649 354963169
1 326 719956233
4 1868 387090832
4 972 307583525
3 3130 142596151
2 2980 137222677
1 1031 524107147
3 1547 325094958
1 551 636446670
1 834 631252281
2 1696 303045077
1 1940 211422875
4 2961 489259265
4 3758 359158287
3 3489 794405148
2 2058 950238248
2 1823 62302620
1 2753 64783180
4 3916 964156021
2 1570 852304722
4 2134 433205347
2 712 640774304
1 794 136176844
2 3252 643522799
1 2334 948973651
3 134 713930693
3 2812 951109128
4 987 904419629
3 3838 249146674
1 768 149996501
2 638 929727330
3 2181 337817966
3 3322 703250573
1 1243 243744628
3 3303 163927661
4 3243 94510998
1 2826 647797918
3 1135 98548505
2 3741 257954147
4 904 54203732
2 1567 492257386
1 3648 996409641
2 2274 453501279
2 100 49040473
3 2738 684874448
3 1794 487246261
1 401 488517149
2 3629 820192496
2 2327 761897686
3 74 681041792
4 2223 883657642
3 901 407043300
2 2225 739662024
4 2251 967069255
4 1052 482657988
2 1348 681420245
1 2336 528384274
1 2162 427708114
4 167 556673483
3 2756 722131181
4 2821 331894046
2 566 597962369
4 2473 451854940
4 1700 508999140
1 2739 249982115
4 948 1800257
4 1757 268445702
1 511 614920804
1 971 720326050
4 3503 167005701
3 2261 237145811
3 1499 251290853
3 2113 517138250
2 1645 167066787
1 1733 771048148
1 2024 17179914
2 2831 233094961
3 2535 347581091
4 164 705341138
1 3406 925003163
3 3690 963783262
1 3091 535186138
3 1632 419819741
4 3592 55545942
2 1471 211460993
3 1441 378434248
2 3300 474378100
3 618 550516607
2 2828 962606707
2 1507 67562005
1 3091 824335290
2 141 867673681
2 2005 78379513
2 3559 344747073
3 3919 732230022
1 263 614337330
1 1463 656795533
4 3318 846549998
3 2041 175074961
3 2392 142937622
3 713 564042393
2 1565 746286882
4 3947 892226221
1 3130 255997667
1 493 163490775
1 1745 703498678
2 3902 586256161
3 3202 500320501
3 3914 924366384
2 3671 820883250
3 681 223084373
3 1045 490075015
1 2946 198810581
1 1999 38474821
3 1357 345439575
3 256 414221991
3 819 882314692
3 2605 878441031
1 3436 667750116
3 1874 516917840
2 3494 174977966
4 809 454281142
3 1122 490884022
4 1751 33585408
2 1414 872159055
2 3774 895110528
2 3558 704817196
2 899 854847297
1 2512 576441466
4 1691 931627788
1 2521 150394144
3 2521 844277627
3 114 608433024
2 3452 300127023
3 2143 301713089
3 2369 976836666
1 1074 978219115
2 96 198446597
3 1344 997463678
1 754 711168720
4 1708 501110946
3 3595 229479621
1 3772 573918951
4 2859 528876571
3 1521 276908923
1 1885 881716526
3 3616 288313465
2 755 223167014
3 652 732822057
1 3114 136994264
3 1386 933379062
4 405 288457329
1 3654 852983298
2 3348 653180623
4 2609 211592704
1 1072 400152686
2 1128 980461212
2 3590 214053430
1 1655 595924751
3 2962 716257940
1 400 845869483
4 3282 167141490
3 3426 994040028
1 1092 438852725
2 538 263057925
4 78 169900653
3 3169 439544946
1 2135 813934513
2 901 363444163
2 185 562094133
2 697 48305033
3 3230 221136891
4 3554 11878253
1 3898 951407782
4 1286 96754508
4 2529 305146089
2 1927 972574348
3 2717 638300395
2 2037 683320677
1 284 207999243
2 635 887092068
2 1015 341818108
3 3593 438217034
1 2726 474238757
4 3023 99123365
2 1443 437421969
4 1901 64918622
1 1609 66888721
3 126 420778724
1 2570 479641378
1 832 349577984
1 2528 767287448
1 2674 541092602
4 3696 378413678
3 2327 714844645
1 1028 203724008
3 2638 558180064
2 1482 355291309
3 721 792169340
4 222 294852137
3 560 190491912
4 2143 483137915
1 3578 10213464
2 1010 612121270
1 849 138182162
3 1985 174700159
2 427 370329624
2 2854 876037810
2 2813 862547553
1 3373 76353303
4 810 726498053
1 1755 508879405
3 3856 407484258
3 380 549071146
2 2100 606515228
1 3838 231993711
3 804 664258523
3 3877 879961966
4 3764 251579492
1 812 376370445
3 538 247476813
2 2208 367835707
1 259 820421782
1 1064 862928837
3 47 194719920
4 1387 686230486
1 2563 592752038
4 116 784004993
2 2293 307167186
2 3955 816438454
2 3080 520002383
2 3364 381313790
3 661 452882595
2 351 397412610
3 1360 664429316
4 2928 940455115
3 1659 91649568
3 2425 309549952
3 9 507552037
1 2774 675467533
2 482 762008313
3 3889 457027355
2 3481 214541702
3 1636 236629629
3 3607 630198951
3 2830 457742800
3 2266 99845047
2 1868 61010474
4 3245 724892272
2 1472 51011330
3 1159 869600730
2 1725 993783464
4 1026 31427051
3 3559 914147337
1 900 470399776
1 2522 424517687
3 1096 91120255
2 1452 482177385
2 272 44755667
2 1863 996505152
2 1173 743840605
3 2976 883171672
1 1835 583440106
4 1489 838439350
3 3215 122957828
4 1017 328645241
3 3161 464864486
3 57 246708243
2 2634 857316313
3 975 333041969
2 1182 533758803
1 2858 517378007
3 3622 727018118
2 504 676121862
4 3809 6706542
2 3883 826806281
1 791 912789190
1 1835 447416700
1 2974 376151251
2 3706 183736493
1 832 81057245
4 3086 973172881
1 2697 358669941
2 109 827742656
3 565 259727431
3 2778 295455463
1 3799 199447660
1 881 432900331
4 3028 477704800
4 1006 500753060
4 1433 135174027
4 3902 900652475
2 3306 625301898
3 2231 453438726
2 3385 925422493
3 3357 958767880
1 3064 233905489
3 597 201591640
1 3401 128960535
1 2246 1537806
2 2273 197544411
2 2568 529741857
1 1993 439297936
3 2442 44396844
4 2434 484831243
1 2206 914911353
1 2361 438788870
1 442 903350533
1 1584 488010630
4 3705 794079948
2 3495 292475602
4 455 144923858
3 1984 271638573
4 2713 910070198
2 1455 165628923
1 3588 703606146
3 3761 837996176
1 1156 913362470
3 68 135185158
1 3697 177605850
1 1743 717633173
3 1686 757225300
2 2474 411467085
3 3728 96246146
2 1807 933164504
1 2938 109824732
4 1249 611716631
2 1351 607955190
4 3262 568265732
4 138 449460939
1 801 161278349
4 1802 883288898
1 91 878942006
1 841 292033787
4 3300 229939120
2 1757 122378988
4 3406 484177439
4 3794 35526364
4 3027 307032899
3 160 536332527
3 1226 500922093
1 1420 744820758
4 3034 190905893
4 508 918749462
3 3378 547171266
3 771 187854757
3 3114 310808338
1 3438 64374894
1 3786 493287583
3 574 611778235
2 1607 784711140
4 1332 409595443
2 3996 855169740
3 2911 422446684
2 2541 818895215
1 3380 766722015
4 2892 185087892
4 2615 600374976
1 39 188523309
1 1225 749712498
1 3914 864399555
1 896 114113640
2 1850 189524328
3 1061 293639905
2 732 702897024
3 862 464521771
4 3187 610671104
2 1968 918809958
4 822 242891713
3 1549 927122623
4 3953 622447801
2 396 290694377
4 489 328225660
3 2458 493820386
1 1417 879495204
4 2066 315497131
4 2361 54584925
3 129 831929711
4 1189 140531836
4 1766 914062391
1 3577 932598830
2 3326 491974374
2 2672 762826916
3 3257 36287709
1 2049 874284796
2 3644 367361095
3 888 803137529
2 3563 827084944
2 368 225754752
2 3899 773022926
2 1276 159115868
4 1136 71620978
2 211 150924110
1 1470 594030024
2 836 115222523
2 3851 40846009
1 1866 371938630
2 1898 40302492
3 2323 528628027
2 924 594516184
2 2587 347655906
2 2246 191167407
4 3558 60054308
4 503 611159575
1 2004 63697872
2 1793 903766528
4 201 228395458
4 2400 229461898
1 3747 898927414
4 2549 990427641
4 1416 92904073
4 470 836840420
2 2289 980775726
1 2131 644980200
2 1689 178302593
2 1191 630784815
2 1099 398448665
3 506 826075852
3 394 620182912
4 2594 383728035
4 3808 895999037
1 3508 589804145
1 2849 112144652
2 3070 121069492
3 2976 670658457
4 3135 475803735
1 3406 604922549
3 3622 708922544
1 1593 688307755
2 3902 613105504
2 1972 123748320
2 3471 211525584
2 3416 47280014
4 2555 759904370
1 3838 343907668
4 1611 586554825
3 688 575143566
4 725 425420120
3 542 437479051
2 541 960851207
1 3915 466739700
3 939 272885541
1 483 829594665
1 1819 298005736
2 1846 914046554
3 3189 5512294
3 2475 256497947
1 3720 945595656
1 2497 152778433
3 2313 302852396
3 3665 470910703
3 1341 301787300
3 3922 668871147
2 892 196139706
4 3839 237881826
1 3332 72641693
4 1603 930262167
2 1094 323424553
4 3662 603562983
1 1494 758836974
1 2567 369607765
3 3367 961587294
3 2970 166170700
2 2050 42090147
3 1903 647169388
3 522 545696689
2 3777 79003582
3 2397 46184412
1 803 560117882
3 3617 411713992
1 3998 356131587
3 3910 749820228
1 1099 957509710
2 2575 521671403
3 2016 717097609
1 2963 103906791
3 2264 402236164
3 1559 881368478
2 1136 336685582
4 2708 710334334
4 206 862797572
1 271 239412395
1 2494 789317120
4 3378 753405293
2 2440 368559434
1 3480 750785129
4 1667 2838546
4 1301 57893930
1 178 485219478
2 2598 202760741
3 1347 511896039
3 3046 75674389
3 478 782933831
2 566 381288394
4 2517 768528188
3 3729 263092770
3 1819 281512532
1 3614 563041536
4 650 171601007
2 3307 834186971
4 3026 419754887
1 1851 205844749
2 3529 368806544
4 1278 48941771
3 3100 222300374
2 11 421739078
2 530 461995277
4 3624 434605160
4 1476 765250925
4 162 638822074
4 193 987414456
2 755 575036700
4 3611 811235724
2 2161 759893411
3 807 720374364
1 332 295040252
2 818 810136381
3 2285 218407487
4 179 612218528
2 872 697273025
1 2749 120138812
2 1015 42062248
4 539 505658134
3 403 474431426
4 44 942528115
1 3136 899819926
4 844 274885131
3 821 615372222
3 413 846307085
2 3333 661119184
2 2365 367907582
4 10 611705004
3 1898 178823519
2 298 749342639
4 215 7401417
1 3579 482368565
2 3396 696313945
4 1510 209579487
3 2327 252375426
1 1614 738456984
1 698 649433088
4 1286 546073532
1 3206 562312466
2 2931 689377444
3 2614 454146621
2 486 532339995
3 2580 154375099
4 3201 682135473
4 2191 579854849
2 1587 120240785
3 312 200676633
2 3430 421261166
4 1449 116119718
4 2898 394569837
1 1065 714567783
3 1771 476738225
2 3796 763905773
4 3306 72506395
2 1968 905144317
1 1131 882561245
4 2064 703236417
2 2719 295770587
3 370 890787129
4 3517 328090911
4 718 22988907
4 3142 23457158
4 1769 135171941
4 3124 906492103
4 1363 354386440
2 3552 99491595
1 766 101047146
2 2513 125414035
1 843 752175294
3 3790 824962879
2 3768 468555574
1 620 179236798
4 1080 659288698
4 1569 463726458
3 2624 71688560
2 2283 393212531
1 3575 444038999
4 1883 658270597
2 3028 681962927
2 1997 75413079
3 1810 316718627
2 3954 505548123
2 240 328428849
3 2871 22460747
1 3078 245804559
1 3813 199793950
3 1980 780887550
2 2039 766347032
1 3362 243784399
4 311 323731492
1 337 540927138
1 2890 447002021
4 3822 133230704
2 3444 277990422
2 2141 386769132
4 1289 730443226
1 3531 197607898
3 2428 800879609
4 1235 312929741
4 1807 20972624
2 40 166013522
1 210 26181200
3 3542 280936446
3 795 560034473
2 125 982511236
1 3016 253190415
1 3719 183748532
2 1825 724330636
1 2255 444307345
2 1700 378531462
2 3953 580221235
1 1044 962073825
4 3403 297603529
2 1218 24338554
2 649 306006787
1 290 725683639
3 2385 653395747
4 1994 807996299
2 1634 591005910
1 2966 658358769
3 644 475833303
1 3860 13286437
1 2476 858781508
2 955 514478009
1 1979 24710703
2 1870 778060422
4 3885 971875284
2 3826 688466459
4 2640 401193696
2 3443 335128491
1 3265 537817160
2 2587 685968498
3 916 440090614
1 2853 5461463
4 1356 34347715
2 2637 593442526
3 2909 876002640
4 708 692712881
2 1719 526094747
2 1660 342473644
3 2360 119639739
1 2187 56255682
3 48 66163199
2 3202 421460218
1 687 90225557
1 1953 398063399
4 1811 440046878
2 1443 126506165
1 1429 433238953
3 1999 102746581
2 3130 941264049
2 1583 149720088
3 1809 793006897
4 2931 923910838
2 895 167966000
3 2197 183535735
1 2179 362474576
2 1270 225549570
4 760 442017023
1 509 595882753
1 104 888448782
1 1834 268243153
1 184 915202692
2 2738 89457391
2 674 38128323
2 2308 102211611
3 2908 91104371
3 628 701158038
2 2321 819803898
4 1043 297035898
3 3561 640616719
3 958 429229162
2 2919 316477361
2 2433 611978998
2 2318 677172607
4 6 131471404
2 3651 773765806
2 3931 436904067
1 3532 147904610
3 3948 578314244
2 2921 316124540
1 712 205120870
4 3547 57179331
4 3919 367281402
1 349 254857754
2 2950 896464791
1 2696 910493378
3 1978 75754693
1 665 89959740
4 3561 643341014
4 1766 113925937
1 3065 817808148
1 2881 970038642
4 3258 771689638
1 1466 592320592
3 1846 29264864
2 558 198521466
1 2275 66762937
4 529 208980730
3 1856 564250144
1 2949 564450370
4 600 750301887
4 3578 192452646
1 3030 915737221
2 1833 923207199
2 2086 786992464
2 2277 269790698
2 3145 626735428
1 3710 157134172
3 862 75207679
1 494 487368013
1 1455 573007066
2 1094 671951969
3 1741 106556345
3 3662 274219332
2 1714 199005719
2 1905 97389664
3 2639 542009065
3 3738 918716742
1 1742 903937446
3 657 943591613
2 1782 216112642
2 2633 914042479
3 1596 253703520
4 44 481115425
2 2306 1046561
1 3289 487494288
4 1656 371504551
4 3692 992219642
1 732 483110957
1 55 928058281
3 1690 306023447
3 828 719269415
1 2394 789860735
2 793 315428166
2 1449 851217672
4 3193 667488894
1 2930 482454655
1 1911 708529257
4 1109 732549398
2 3437 906795140
1 1773 521013235
4 2080 273719106
4 1924 190954392
4 2473 382324040
4 3734 433768819
3 1786 480871426
4 2953 642060853
3 3152 595229842
4 2604 563114070
3 2141 503121886
3 3016 291513952
3 2490 953791693
1 3719 818537145
4 1046 7713247
2 339 430659890
2 3451 784647840
2 336 114825876
1 2212 485895920
2 2150 830683235
4 1038 661879423
4 1008 432847852
2 2581 582643767
4 1368 958406299
2 869 544712129
1 2010 191422510
3 3617 350236502
4 2889 534215208
4 3017 892480782
3 2249 153693318
4 3761 492033395
4 2952 944872842
2 2501 572756506
4 694 746266511
2 2718 885525078
3 3977 252154997
3 1080 316360387
1 3042 490318203
1 549 543248563
4 1942 11636818
2 3070 409606041
3 634 723405407
3 1572 121707700
4 2631 931400711
4 3497 121424012
3 2329 791089820
1 1014 42937638
4 3035 399658464
2 1266 488644939
4 3483 907306174
4 971 20340880
1 2364 723389719
1 3440 311014860
2 1616 758790555
1 2388 476595090
4 3784 993482775
3 2914 210662806
1 1294 610105027
3 2990 48350138
4 1414 304259042
1 481 571967536
2 1257 77648993
4 602 159854238
1 3121 407203714
2 1600 595119952
3 1641 866959771
3 1400 959947827
2 3038 903442587
2 3597 325743822
2 1438 250911197
3 1396 284173507
4 1476 694425388
4 1125 905808430
4 2589 699456771
2 2995 169183354
1 889 548368521
4 1434 789087159
4 3203 426399285
3 2245 847166690
3 658 98057314
3 1043 110063901
2 1722 509512710
3 2659 565883050
3 1438 889890135
3 2144 255545356
3 2804 16223553
1 1639 164390845
4 3091 351420900
3 3635 878937074
1 1084 472206715
2 2837 597443040
2 512 588383509
2 2236 92611759
3 717 393505584
4 1868 682754920
3 1221 973088219
3 2692 786417413
3 2371 690315131
4 35 427171337
1 2588 181115684
1 2985 848204403
3 2990 536790339
4 1836 158986950
3 2880 358529369
3 369 484433629
4 1799 796829553
2 1637 182453524
3 952 369012441
2 688 674973377
4 1532 516180580
1 2008 46718474
4 570 556553957
3 3886 737176405
1 3724 462534942
3 657 526391844
1 2277 787607400
4 942 916138491
2 2778 872913527
3 3037 787653399
2 3945 883791011
4 1361 922304414
3 2190 143663709
2 795 772872503
4 532 481154219
1 2858 717532856
2 2510 267016602
4 280 214075324
1 3174 908044255
1 298 317514495
3 2738 86936162
3 1819 104171575
1 3010 48877824
1 2008 117180825
4 2355 952588402
3 1448 243836124
2 894 45401536
4 3535 281356673
3 2286 411857132
1 3098 458647747
1 1908 256148952
3 2232 975244489
2 2531 264073264
4 3623 650595910
3 3227 179611248
4 354 4452813
1 2670 135197539
3 3765 196805930
2 2230 141602193
2 1187 364732388
3 269 644950754
4 2036 42785824
4 2711 147053168
1 1971 668035060
3 2991 74511234
3 2448 566854224
3 2380 586612574
4 2667 720221537
3 2766 215789633
1 1476 380833406
1 2331 227447907
4 3071 783716843
4 1472 483511161
3 3728 231743495
3 1453 146019245
2 1390 633940369
4 399 343110610
4 3015 852420718
4 3904 5797447
3 2425 470582883
4 1341 402282287
3 570 760698937
1 1297 930355414
4 1224 886091933
2 2469 295208930
2 17 103957574
1 2958 486065243
2 2956 672592720
4 3007 47678325
2 439 412326592
4 2862 41497819
3 2265 740320533
3 3255 530805634
1 3521 556646111
2 2449 838809011
1 1344 555983340
4 551 683135571
1 743 230954879
1 2641 622037190
4 3991 371284830
2 501 741203892
1 3063 419723876
3 2448 527259999
1 904 249653199
1 922 701401240
2 1112 445838597
2 2200 970448608
2 1299 416486598
1 2016 953176664
1 2890 302818602
2 726 500723824
4 582 176984338
3 3742 535392190
2 973 504056572
4 485 262917013
2 934 375506483
1 3834 629548732
1 3022 89469734
3 1412 742536091
4 846 614661619
3 1370 777797548
1 278 171447653
2 2736 301131553
4 2067 823933248
2 2931 374021395
2 3649 89234573
1 1137 474347887
1 200 617247462
3 3333 172296384
4 435 683900206
3 2018 324955661
4 454 967982967
3 3442 622117294
1 3345 950610959
1 3277 964107271
2 957 623729184
2 1954 672608199
3 518 364580385
2 2367 526751487
3 2441 282978689
4 2767 40820320
3 3670 760841958
4 1686 414331345
2 2497 606580886
2 1802 695767710
2 4 225960133
3 2037 239050302
3 1807 799800841
2 951 98687121
3 2027 344459403
2 2777 398208687
2 2087 101861183
2 2110 843139594
1 2155 543476040
4 545 965242144
3 1588 524528834
3 2850 585209116
2 2023 881679376
1 2649 186761585
1 1337 654539472
4 23 526484519
2 2659 536794175
4 1677 684578715
1 2973 29671032
3 638 2953049
1 3450 157456310
2 235 351650161
2 996 674284377
3 3185 105287902
3 3331 857792492
3 848 179338236
2 979 76101713
2 1077 852019332
4 415 186841016
3 2779 713393848
3 2689 956554793
3 2365 591286731
1 1395 121661199
2 3428 721373798
1 656 132485744
1 560 315826867
4 3576 51229099
2 3701 312111115
3 3727 25023944
2 1757 739603406
3 2297 197166069
2 1268 86120541
4 2952 378376227
3 162 428776486
3 291 719251017
1 2569 176664031
1 1798 185449405
1 849 422864556
4 1271 190250413
2 2540 256518475
1 2211 882605693
3 2513 321205233
4 2459 164630310
1 2461 274482501
4 2091 939744659
2 3297 665333860
2 1137 28710638
4 1322 545319607
3 360 369719043
4 2189 195787584
1 1770 106061859
1 800 224052828
1 3051 155404987
4 3594 971540224
3 45 235268334
1 2095 892416127
4 1799 546530329
4 1440 681899563
3 1553 15517052
4 3870 266449871
3 1602 156259721
4 3644 857431791
3 416 257691054
3 3129 182570704
1 972 21697778
1 3364 758870841
2 2245 833068852
4 1787 278023717
2 3640 669864361
1 3716 307443002
4 2230 69815906
1 380 233160464
4 1428 674313959
2 2438 16018424
3 1086 831542176
2 2659 723699662
1 1560 515703510
4 1182 823833740
4 2680 419269781
3 569 808024630
4 1879 642534736
1 3532 151197881
1 1520 437880371
2 1397 938249385
1 1389 590017828
2 1729 474737277
2 2381 308299677
2 3850 249803050
1 2696 107799416
2 525 264715299
4 290 379331313
4 2167 123082097
2 1740 328144725
2 385 143637170
4 3886 799640879
4 138 788841130
4 2005 331055104
3 3514 213844652
3 1822 160982718
1 417 9678232
1 2056 736004581
3 2004 724959881
4 2657 475451294
2 3365 799877241
1 2053 262166911
4 2624 831394880
2 2722 64195150
3 273 468340266
1 2585 317482437
2 3640 171270951
4 1361 857530870
3 1702 31997089
1 1462 205197392
3 583 857529126
4 855 352948742
1 877 845918991
4 1798 558881898
2 1183 597746766
4 3009 322108061
4 1039 161727678
1 692 788579993
4 2624 650389065
2 1025 543373442
4 3825 572043350
3 2133 28291316
4 3577 794151226
1 2263 336418053
4 992 117309266
3 849 844468684
1 1751 420070499
3 2656 748241529
1 1582 60499770
1 2482 724198517
1 3390 122263277
4 1080 651505629
1 455 375943224
1 1969 703688708
1 3998 129953021
3 1086 514328637
1 683 760085713
4 448 356780034
3 3075 940538264
2 1006 737865511
1 1501 139230227
4 3460 903707055
4 2217 683125004
2 2649 935777203
4 375 906487699
2 2140 358088448
1 1442 985405635
2 2951 41115488
2 2911 242445629
3 2657 247245356
3 518 614339655
1 3751 56973665
2 2215 573887357
3 2186 72228175
2 2063 965814128
3 2905 64214725
4 2995 827462061
3 3077 547657293
3 789 480157126
4 1043 245135852
4 3061 675906283
4 3282 25987135
2 1399 1925803
2 3185 183395433
1 1942 447084620
4 1157 209949095
2 3362 11437502
1 2019 528049987
2 2460 585355394
4 1360 11141028
1 881 446864971
1 1774 404081944
3 2778 815066624
1 901 173995441
1 2614 891696606
1 1439 47991345
2 1905 347691423
4 2552 144522941
2 1369 299714287
3 3745 11653798
4 3816 284420449
2 2070 144621501
4 1398 34763934
4 1137 600539475
3 986 509497203
3 1729 989203591
1 977 6025195
1 700 138616936
1 68 285232369
1 3544 638724337
4 853 672126163
1 994 206583077
3 2259 248758312
4 211 285199351
2 3833 322628087
3 105 205409158
3 969 846944298
4 2795 360638892
3 1486 50911
3 3274 745950647
2 2379 78679868
4 1714 869793099
1 1958 567948725
1 1187 671603333
4 228 711739851
1 1511 859016732
1 3675 646797415
4 1312 966349116
1 1771 12129910
1 3882 284187139
4 2144 498732347
3 2320 147551846
4 205 2945106
1 2232 735373699
2 191 281882331
3 878 791303798
2 897 676215726
3 2090 427062854
3 2212 217563222
2 3105 703675840
4 1092 528456269
1 3981 670482399
4 122 10301927
3 422 450894338
3 277 837627375
1 204 623961295
1 2915 449028284
3 1278 903267930
1 1214 314577358
4 2647 264539054
4 1891 114231845
4 1872 380879954
3 2301 328482811
3 2493 118395909
3 3461 67495870
2 1685 95616012
2 3936 693689664
4 525 25131022
1 2964 867211094
3 1448 633987221
4 1351 204901840
4 3618 949354653
1 85 386778314
1 1499 154068484
3 516 139410378
4 127 569567443
1 2424 213294893
4 2095 157115987
4 585 741974659
2 3260 139430499
1 1730 746345398
3 3893 113230346
1 833 192864157
2 13 196201306
4 1188 539325119
2 3259 775729704
2 2112 915184435
4 3316 522173435
1 2622 178733243
2 3840 418188555
3 204 852977565
1 506 526093354
4 2159 876206706
3 3538 185449537
1 1298 315903037
3 462 894336209
1 3068 50106745
2 932 351527525
2 1852 44847947
1 3409 946414500
4 2604 592555056
1 3792 62947613
1 3800 145119342
3 1362 121693541
4 2584 185682151
4 1494 719318308
2 3459 240164922
4 2383 448880556
2 2234 41638687
2 2608 975844299
4 3800 771718069
3 1053 590592017
3 3310 370876566
3 637 425008140
2 1418 6057549
3 3460 48615877
4 498 950419777
4 3907 517357401
3 155 99461482
1 226 71556785
4 897 995879187
1 2730 265231040
4 3458 799167083
1 2962 57686110
1 3330 913539371
1 1231 279889336
2 1413 18573710
3 1531 946315307
2 2199 251326911
3 1032 216984528
3 513 94398833
2 2606 55134573
2 570 944863416
4 1095 113853172
1 1299 365722023
4 2141 747917697
3 3635 555479403
2 3671 432442170
3 1861 936763200
2 2843 942577680
1 756 178170403
3 832 641995345
2 425 728244157
2 2607 765193765
1 66 179283052
4 1038 654048872
3 3756 278095311
4 2144 213119905
2 709 967292298
1 1312 118571521
2 2008 164313489
2 3407 286610012
4 875 986127182
2 3981 624841168
3 362 721677403
3 3335 908630203
2 2021 525291871
4 2806 999080069
3 3807 541062919
3 2852 344143603
4 2727 199695262
3 2192 767843032
2 616 299820477
4 797 72997908
4 1012 786867931
3 2683 970732006
3 1619 979508767
1 1377 829134075
2 1567 705596766
4 161 294627396
4 1668 148459431
3 2961 64714939
2 3938 215970978
2 1793 520587133
3 841 585223859
2 3632 579392562
4 1010 175592737
3 1075 996711631
4 2015 991103038
1 630 275449937
2 1826 440589906
2 2254 149901336
4 2556 600840466
3 3556 469017543
3 2496 610385094
4 2802 358083662
2 954 781296756
4 2309 743210698
1 2216 739744061
1 217 850982859
3 1624 263444366
2 1160 83001087
1 3870 460646586
1 3101 464386566
1 1567 355973605
1 1675 991717450
3 2296 997718377
1 3370 178055380
2 3411 527034062
1 3963 791997619
2 2890 3418366
1 3768 959695203
2 1947 431178943
4 3375 392410112
4 1020 941960846
1 3817 816201482
1 3400 132276587
1 2388 501498757
3 1213 336526216
3 452 879743786
2 2714 725066261
1 2440 785659504
4 136 869499484
4 1772 520114911
2 2406 639064213
3 2802 843577840
4 2273 293520088
1 651 118737073
1 1752 253240687
1 2785 270920266
4 1719 127630084
4 914 21319270
1 2126 902983984
3 1212 714725595
2 1490 776781233
2 2042 167842242
3 3795 995662809
1 377 549171787
3 3751 474676247
4 2610 376855885
3 2914 957603091
4 324 195512948
4 2290 657966813
1 2723 275551385
4 1570 766724422
2 1183 696274360
2 1444 956444366
2 2646 423449571
3 1647 56521644
3 1787 65760590
3 1129 417379342
3 1890 169490441
3 694 653321670
3 890 430004227
2 1332 147798198
3 2709 650348432
2 3153 200520383
1 3846 819145426
1 2531 28871438
3 749 506230122
2 683 130555441
3 3041 596686792
2 887 343657645
3 1649 975878820
2 1399 657389374
2 357 776330283
2 2803 488092395
2 1613 128912251
1 2457 365653576
1 3577 828579179
3 3508 121663446
1 1157 775479169
2 315 625811384
1 2569 862201338
3 2176 842829690
1 1654 782910433
4 413 251914154
2 776 244772491
1 2147 2130612
3 2197 569935507
3 249 196585258
1 1437 141028943
4 2020 541099224
2 1503 397927800
3 861 578212769
3 2094 184865693
3 3812 645036551
3 844 736696079
3 804 826351037
1 1036 443395047
2 2068 266588885
2 3097 661464983
2 2444 403623782
2 3706 102863648
3 3332 359559137
1 2532 129402106
3 465 865958863
3 2892 869709177
2 3844 250252648
2 2041 671797181
1 298 741466485
1 2900 480175426
2 2331 421262095
2 1242 709530216
4 1356 260707316
2 3982 973612963
1 36 117750360
3 1901 495136590
1 3436 162116953
3 3954 22008908
3 3235 411634914
1 2601 273091466
2 869 186851913
1 340 357324588
3 1355 644306640
1 3073 575059241
2 827 304577692
3 2339 115738040
4 1629 945453948
4 1837 557181382
4 2379 325551878
1 967 779329948
2 2496 127514910
3 1306 423377427
2 1159 88096529
2 820 323725138
4 3749 380287323
4 2151 169889761
1 3481 672490973
4 2086 197238545
1 806 571962701
1 2228 385850431
2 1231 6224115
1 2099 73687903
1 2308 712947068
1 3535 482171095
1 2391 77548763
1 2198 983404521
2 3696 446587170
1 48 399372283
1 3884 594058413
1 823 699564365
2 209 115325732
2 1973 165908803
2 1543 552352205
4 3175 887703177
1 576 64660469
2 1319 698443294
4 1920 232817782
3 457 1501789
2 2352 576786935
2 1421 755415589
4 642 865586658
2 2762 436317593
2 1427 916847806
2 2158 687167631
2 1155 641830319
1 1195 435071020
3 1067 90403949
3 2860 823846523
1 1108 889683475
3 3548 543415382
3 1989 437371713
2 2761 914831009
2 1597 560173873
2 1479 229330995
2 1030 206331618
4 2866 73033488
3 152 55711440
4 3393 793096582
2 2682 227413014
3 2330 381740349
3 857 300228452
4 886 199710009
1 1332 928615269
1 2380 50724288
2 3393 616120584
4 2521 602586297
2 1874 254360203
4 2945 484516627
2 3351 46740404
2 690 941080556
1 2130 948469853
1 2223 744622
3 2330 128419516
2 797 622735448
4 2782 314144902
1 2982 215626208
2 3510 98035558
3 1531 50498608
2 751 520529940
3 1818 89767805
1 1374 722684665
4 1874 447027899
2 2891 284768386
2 1043 528273894
1 2260 195773157
4 2280 195626019
3 638 78027984
3 1369 212072257
2 3004 287948817
1 772 991193173
2 30 710835928
3 1417 971564331
1 110 294775153
3 2879 435007162
1 3363 626116532
1 3411 546850391
2 636 258831418
4 2168 90815844
3 1960 746753735
4 486 686769078
4 708 152041759
4 3072 869135433
4 3301 122008123
2 593 590336509
3 1943 424567267
4 1552 52095963
4 1122 814397307
2 2487 475879940
2 1923 961789158
2 3566 197264695
3 2389 913274781
3 3176 21658021
1 340 39658691
2 1715 572398814
1 191 741516528
1 3794 425330763
3 3715 807519204
3 1358 397330543
1 1651 765393181
1 1033 105285372
1 2159 47544751
1 3450 851602777
3 484 197989633
2 1885 411208372
1 2394 966683661
2 2954 777098610
3 1598 113345059
4 3777 746773579
4 5 626331348
2 2177 95024342
4 2604 575832884
4 3452 123857576
1 131 431215718
2 3089 222780581
3 3907 247471447
1 3666 580413345
3 715 677082157
2 1951 174777534
4 3843 174692515
3 742 509955484
3 1732 450193302
3 532 964276101
4 3656 721066708
2 2192 724512795
3 3922 120508944
3 233 855742037
2 653 964143799
4 1520 857453419
2 678 868730598
3 3741 945869270
2 3257 867684798
4 1598 156185616
2 313 258930127
2 3535 136351619
3 552 65464617
1 3423 330331723
4 596 798941379
2 2637 291161355
4 2016 295656756
2 2216 213812067
3 2512 74575977
4 1700 861725418
3 3261 295578935
1 2289 174333361
2 3544 783336170
2 613 811268480
4 1279 324446545
4 3219 749330314
1 2616 496948435
2 2972 616554151
4 1593 646221511
1 2184 41078286
1 2621 864039944
3 903 68237520
3 673 373416543
2 1104 850059690
2 2050 321095509
2 1779 780683901
1 2721 662488227
4 685 382096537
4 2388 526035053
1 44 570196991
1 1393 95391187
2 459 870097256
3 2616 819841986
2 1935 964861378
4 1266 15641624
1 692 570009059
1 3485 700210171
4 746 849325166
2 3930 56416964
2 996 55230679
3 3501 293308564
4 402 969702530
2 2052 902158651
4 3877 79999852
2 192 992382005
3 902 92155439
3 813 417154219
4 3683 788935232
3 2845 732263466
3 1403 751040172
3 1115 114498988
1 2949 872038194
1 22 108444768
3 2521 508590205
3 595 565078951
2 3884 528629243
1 1792 118097660
2 1712 786890259
2 3020 794024405
3 2536 147899629
1 515 918672450
1 1050 220634369
3 448 890248395
2 500 794667238
2 3363 737786186
3 3088 182382684
3 2357 448002202
2 1772 675718062
4 3259 867051907
3 1705 41979017
3 3971 532371464
2 3261 365389808
1 1755 17752543
2 1082 456560424
2 734 766924127
3 3063 158071538
4 1291 165281076
1 642 899441681
4 3383 518514327
4 1502 975473925
1 1380 451960737
2 595 55878967
3 1434 217028738
1 1823 631348667
1 2696 343129168
4 1124 311470710
1 3262 858731450
3 2332 166457651
1 2651 977074964
3 3376 295410860
1 3297 83437630
2 1711 984405432
4 3796 583855238
2 1192 172192826
4 1220 691045715
4 1005 47623076
2 3741 737631082
3 2411 450557360
3 949 529893489
4 1482 109102612
1 27 699392216
1 2275 994736525
3 3530 205055048
3 120 474540973
2 2404 326038036
1 503 997575211
2 2338 90003764
3 3912 510749931
3 920 349233038
2 364 667617156
3 2438 840878574
3 2118 130975998
2 628 970422502
1 801 394427888
3 1507 178209908
4 3070 954575926
2 2963 909884945
3 3234 426096393
4 2378 15273955
3 2660 779700706
1 1383 362054015
2 1459 954159585
2 512 687291219
1 1414 496303609
2 2151 68317331
2 2483 299693451
3 3120 971661697
2 3480 604497005
1 1187 855639784
3 3480 529859217
4 3981 412224640
1 31 121562106
4 3131 224555953
4 373 60549718
1 2127 775488639
2 1796 639831214
2 541 148826520
2 1470 84049857
1 543 274989399
3 3062 395903827
2 2714 544058470
1 2361 395638974
4 2943 437309516
1 1150 201313949
1 3830 321847438
1 2371 182694466
4 937 124582065
2 847 272139608
4 2518 716022687
4 2457 367425078
4 2046 750721127
2 3662 896638856
3 1854 925075017
2 2203 189825307
1 3972 14780993
3 2897 491148170
1 1034 129668580
1 3226 665669873
3 226 358166060
2 1247 179224655
1 857 252044306
4 3587 761113807
2 2019 82110529
1 2291 92804032
3 1104 195293272
2 545 268050359
1 3086 679254863
2 3737 804219541
4 2983 61781618
4 4000 978061069
4 110 324121671
4 1225 911067907
4 2634 657925834
2 1341 5359948
1 3656 890309018
1 2633 82383448
3 653 231365531
3 2479 322320288
4 951 141268775
4 240 619611162
4 3194 996880926
2 3008 95928659
2 1781 185300176
3 3084 836892799
4 828 320173407
1 1914 600170385
3 2663 928564374
3 3971 284366039
1 1642 664244725
1 2329 227025032
1 2570 288575398
3 1630 571853402
1 1988 794869844
3 3597 280319735
4 364 285678782
4 110 996385811
3 66 11225329
2 2011 30873054
2 547 280049884
1 686 166148300
3 3598 320768584
3 465 246143345
4 2034 806531067
3 1496 856542130
4 746 738156513
2 1882 943721762
2 1476 130885862
4 2775 966929597
3 3843 829965824
1 1131 92962648
4 868 189663954
1 3351 391914520
4 589 81349096
2 2512 171501865
4 3312 472837664
1 1400 489982239
3 2601 6796097
3 1191 390988452
3 756 28690234
1 1460 457184419
2 2593 75704204
1 1682 10342129
3 880 179301481
1 3413 414690585
2 363 590425295
3 2725 430739911
1 3583 575980012
3 251 314907528
2 3413 299322708
2 725 243324864
2 1309 114806431
3 1058 47210436
1 1331 25677333
3 3709 235376880
1 3137 883059011
3 473 935576167
3 1620 860775891
3 3561 892954264
2 1867 435287328
2 3397 179757432
2 2748 710327784
3 1632 440658435
3 2629 423153138
3 1874 133122237
4 1606 372573351
3 1540 950283703
4 1187 602617121
1 1546 585938582
1 1776 536191648
2 2908 39074550
2 585 141836230
4 1141 421368032
4 1099 298266350
2 3663 956577488
1 66 991557957
4 3279 519179756
2 679 147328177
4 1367 253253866
4 2820 200516488
4 2987 417161389
1 1118 552799443
2 311 598552698
4 1267 832977435
3 3708 289732094
1 109 809858426
1 801 279551896
1 1073 800601832
1 77 31217582
4 1309 982403780
4 2787 93793667
1 2979 952831225
1 843 947017405
1 3539 134611855
2 780 854280155
2 3576 89881347
2 3636 210200196
1 2057 748843117
1 2921 284720608
4 3500 325279051
4 3368 899720349
1 345 532833190
1 897 25662476
2 1146 33899785
3 1077 918379570
3 2848 629528376
3 2006 37557080
4 2824 658622829
3 560 889554583
4 3592 634428775
3 2677 135199384
4 729 759696371
2 2319 289390700
1 2000 325017199
1 2686 655659762
4 2543 225851560
4 1670 14818285
2 1800 818809927
4 822 970545634
4 3788 258636678
2 1649 441231021
4 2683 452120869
2 746 863902080
3 756 642379065
4 3955 571184702
4 1870 477874335
3 135 857317094
3 1580 626011061
3 196 813989225
2 1755 539708443
3 2098 739235425
3 503 393343882
2 1361 695012615
3 1533 267930408
2 2402 226306817
2 3473 606698459
3 1943 696535230
1 1237 112217354
1 2003 431338486
1 2787 257229917
2 2247 860591893
3 2592 83819029
2 564 368903977
2 3296 429880837
3 2714 231882922
1 2472 415865936
2 3026 805352318
1 254 218303963
2 3267 659218059
1 140 184391730
1 189 57546788
4 312 194372067
4 2722 409722419
3 1461 546806192
3 1899 588380922
3 2102 834997068
4 239 896965155
2 1951 946008830
2 2914 972641661
2 1222 226533499
2 280 368085365
1 3496 90360078
4 842 965603776
3 742 250396677
1 2319 987806734
3 3960 607367051
3 2561 15473917
4 1776 822502669
2 1654 619505218
1 3734 887070110
2 1405 813395070
4 3903 202891499
3 1587 368841712
1 1640 941375786
4 1562 30931605
4 1168 115846292
1 465 14260728
2 3270 6921644
4 2789 992818092
1 3624 40211708
1 90 993266152
1 1663 131326455
1 899 820273596
4 388 48085429
1 1390 857990066
2 1909 862198152
2 728 991630503
1 1237 702355480
1 2182 635396781
4 2113 166859647
2 578 651846082
3 3235 714128920
3 2353 42739817
3 3321 11474532
3 2618 28760316
1 2996 304501854
1 2906 623347149
2 1388 592957488
3 2129 868638899
1 3430 56928085
1 227 131938345
4 1968 715716246
4 76 745394891
4 3235 781114800
2 3247 696566280
3 3011 681962055
3 372 535307320
4 1907 450141740
4 45 711169300
1 1503 707088627
4 143 742399221
3 1797 319865875
2 3299 564261494
3 926 413802358
1 1365 559574401
4 1608 142954513
4 347 818685920
2 150 554448761
4 3909 308344345
4 2948 153384608
3 1019 336035616
1 1346 751189122
1 3676 969283429
2 2060 800929875
3 2910 231981978
4 2888 730516542
1 1448 806433009
4 98 461755899
4 2435 636160881
4 3801 692864789
3 3249 873091181
1 236 976282242
3 2152 741340740
1 3437 90768985
4 1629 915521198
1 3591 582232672
2 2541 313159660
4 2386 940490801
2 2123 658689375
2 2339 640708652
4 3183 430796450
2 1948 617968606
1 3818 105492589
3 66 488068692
3 2791 952529342
2 2158 773101858
1 3904 926642865
2 666 219128434
4 1925 816644394
3 1461 843854259
3 2148 105689663
2 976 190352229
1 2101 516541016
3 3112 210172138
2 543 170724636
2 409 477118489
1 3646 132714776
3 2137 835172857
4 1694 907231756
2 1166 501681780
2 2769 310945019
3 3077 908897126
2 744 329676155
4 1083 154149823
1 500 628366301
3 920 539717700
2 3012 723332298
3 3604 55699449
4 2715 938099980
3 1784 618701881
3 390 938700795
4 3980 530134248
2 832 329087198
2 3817 866459224
3 1343 535910302
1 2204 406989867
4 3516 483164637
2 2024 262564426
3 3158 611225703
1 2051 918181480
3 3562 543627369
2 3890 68441047
3 1343 438992310
2 3426 31734965
2 383 699280931
1 2524 55931248
4 806 515897427
2 1179 85240296
2 1964 676986688
3 1638 454715397
1 1783 532722445
3 3535 900656177
2 3820 560454704
2 3790 181542534
2 602 403485221
2 831 807950981
1 1431 148884607
2 1033 222027280
2 590 413842507
2 1886 658097717
4 478 7182115
1 2487 77574134
4 2165 429969309
1 3967 57276727
1 1256 113687503
2 2392 780009546
1 796 199450764
1 3396 56155237
3 937 261415764
1 3818 926798278
1 3030 204841365
3 272 34203307
2 3544 637136385
4 31 247725094
4 2791 473600878
1 1451 709890093
3 2737 79826614
3 671 294896198
2 3354 149485411
2 1515 397787641
3 2497 940606314
1 3177 293311739
4 2302 533995316
4 1049 790905313
4 1498 52624878
4 522 557551952
3 3368 376631757
2 1802 740389483
1 2236 532373215
1 985 616498921
1 2429 309141349
3 2425 323551656
1 761 225705061
1 761 787019951
1 1997 294933491
2 1764 45326078
1 1725 632933205
4 3870 590917593
2 1830 181838465
1 714 441386837
3 275 496689632
1 1817 436617809
3 1673 76085628
2 22 137254632
2 1308 553137007
2 2953 777612143
1 2192 660022744
1 917 248561575
3 808 500799968
3 3867 49714168
1 2023 651121013
1 824 618396954
3 1592 605783443
1 3592 511149893
4 1666 421974422
4 3109 185454474
3 3504 42675448
2 3251 861473022
3 617 137615708
2 1051 771121847
1 688 634586680
3 2096 324360546
2 3398 336215032
1 3117 659379672
3 1018 426271192
1 1555 34280545
4 2794 387052704
4 3325 482435643
1 3921 56034443
4 2590 573201257
2 3507 16234897
2 1834 99387079
1 764 512153284
3 3966 294198485
3 3033 99721402
4 2186 297507804
2 223 391410359
1 2450 843501
1 2705 799025039
1 3313 557484361
4 1668 134910261
1 1617 21625588
3 3776 815677922
4 277 838420779
3 909 83102378
4 576 561720335
4 2923 293434105
4 3827 792705986
3 1685 884564289
3 1061 50707212
2 1179 94251847
2 254 601860774
4 2604 783248600
3 86 209009873
2 2324 571900722
3 1257 293124031
4 1426 750968126
2 2213 374525896
4 1456 627945917
2 3356 851013406
1 1698 507344401
1 1237 659238127
1 416 846762577
4 982 248811193
4 3108 555401171
2 1038 265903884
1 3291 21794144
2 2365 366341015
3 2548 126637177
1 2404 815944306
2 2484 221527866
3 879 361128424
3 3996 848023737
2 85 270179571
4 142 509217052
1 318 558959903
1 599 584748033
1 856 810868009
4 2087 304024565
3 755 11175844
4 1725 817079919
2 607 918576761
3 1569 188035186
2 646 714479185
2 2698 397180693
3 2878 950028084
3 3421 624000796
4 3755 936656138
2 1171 859150110
2 1730 369107041
4 1353 44056704
1 3222 991707178
3 3503 330158974
2 142 893029569
1 442 600712921
2 3389 257514829
3 1686 487624089
2 3212 705201242
3 1812 226405832
3 120 432198774
3 3212 413853797
4 415 803451744
4 2612 258352850
4 3587 636385307
3 2001 574099379
4 2566 797385966
1 1731 296332631
3 3344 780463711
4 3091 74324422
1 97 183288647
3 3996 617874960
2 944 16518913
1 2929 609443518
4 3762 502255072
2 3410 921192665
3 1767 667517417
1 2917 119647534
4 3498 102956623
1 1734 666373676
2 1623 670156551
4 3535 161225295
4 1128 742329404
3 3911 253659567
2 1361 420193960
3 3352 173648525
1 3896 128271345
3 640 251150787
3 764 649950715
3 3250 720281101
3 2808 666578829
2 3478 871834880
4 1975 244746740
4 1560 280157640
3 299 772705496
2 183 553034514
4 2956 902503915
4 2701 635290432
3 218 771312483
2 1943 147895449
3 2532 246991422
2 2178 37705764
1 2996 668963835
3 429 826630713
4 2293 877564589
1 1169 874560144
3 3359 364590070
2 1199 504776949
2 965 455641430
3 235 318175899
3 3535 247687968
4 1459 452377463
3 1939 187955225
4 716 995656541
4 2509 355551835
3 469 383818913
4 3505 789921285
4 1508 768889150
1 1136 819364123
4 3020 844124023
4 3607 225050763
3 2255 159881967
1 3484 636067661
1 356 411766935
2 3514 754038020
2 211 21594988
2 2984 956616884
3 1762 137330290
1 967 416503480
2 1152 993247697
3 3145 394073038
1 355 681970051
2 1453 451182751
3 1584 437060317
4 3379 688647373
4 1892 922656977
2 2258 130743808
3 3054 172713412
3 350 720574385
3 1567 587976167
1 236 948354011
1 1707 249453593
3 1886 509515591
4 2628 946106003
3 2015 40847486
4 3643 235720730
1 3342 692819207
3 3510 995950810
2 2867 253951850
1 3503 192887208
3 2542 643941906
3 3923 904490147
2 867 782438284
3 716 868257630
2 3634 72240316
1 983 257089292
1 271 904562527
4 3519 118242456
2 3898 680876812
3 2908 631112439
3 2361 672422048
3 2010 967890390
1 3875 603187496
1 2211 989448408
3 1537 653473432
4 1769 132567965
2 3760 720418563
1 9 298362910
2 870 737373913
4 831 810576631
3 1701 770814920
2 3705 29126836
2 2702 857209954
4 2272 261194301
3 942 205028515
3 360 372230082
1 538 413729720
1 1930 349631043
3 1493 521875294
4 121 543368155
4 1678 663411647
3 1319 314140894
3 115 580071967
2 2684 163031238
4 1065 349264581
1 3217 638489953
1 1736 197030308
2 1180 932386010
3 3880 613825561
1 3195 493485639
4 3406 47862348
4 2651 641889229
3 251 135508174
1 3052 132766440
1 407 277886260
1 1082 260839696
3 2903 394781043
4 3925 757351474
1 1556 372870207
2 1245 373023255
4 3755 868132598
4 3096 587141790
4 1759 827109774
2 2887 27404784
1 569 414503772
2 2150 860777283
1 717 247190747
3 3207 284062843
1 1129 910076858
1 3253 521407419
3 2764 999381518
2 1847 572374319
3 1570 384114396
4 2871 530313128
3 1500 89395944
4 881 5767362
1 3420 714480190
2 932 950644980
4 1223 234222731
1 650 639275700
2 587 311660770
4 947 909565934
1 2403 802761904
1 1713 161637537
1 700 842507199
3 3593 362099630
1 2437 691075559
1 599 614810585
4 3867 266125255
3 2843 575424805
3 2815 665060185
3 1151 172892369
3 3300 620405145
2 3942 5427490
1 1921 971796018
2 2060 963667489
2 3147 383887589
1 3200 213388415
4 1453 204675115
1 1439 773431154
4 200 963738424
2 754 914462767
4 612 43917706
2 1691 325382055
4 3039 462887522
2 287 693231245
4 1353 215541607
1 3818 525747589
3 2613 148635311
4 206 732180069
4 2232 119911561
2 571 483008886
3 1752 367451488
4 697 933524524
3 1649 927664263
1 2885 881305142
1 2730 604341970
4 3809 824760944
3 3748 943076362
3 1932 354770584
1 1613 800354903
2 3618 282574373
4 2328 640862955
4 1712 512870324
4 1154 374885079
1 1656 905273037
4 1518 219968186
3 3695 480624561
1 1285 572898777
4 1123 266049898
3 1147 734484906
2 1060 972658774
4 2752 156773641
4 1924 35066070
4 1763 272708419
4 2647 977540498
1 943 917164401
2 3403 94428363
3 2634 976150391
2 2701 39640751
3 2811 384737849
2 3442 264198796
4 561 253264714
2 933 67902235
4 2026 254676764
3 871 661644952
3 1479 121535097
2 226 365417914
3 1133 838372490
2 1813 641084789
2 430 982957972
4 2674 943181776
2 3350 668488769
1 3518 334427196
2 3588 891352618
3 2085 195699918
4 2318 36039470
1 3060 6357515
3 1081 237276828
4 2707 365361332
3 2037 403379122
2 2529 330745079
4 686 397989505
2 784 341773381
2 2388 597644354
1 534 179835824
1 2562 339622428
3 1766 665430614
2 769 835691680
3 2128 636572150
1 2520 840418924
3 418 128544275
1 1793 736813847
3 2604 615930748
1 1758 940362427
4 3799 241758008
4 1584 447175136
1 2618 856992726
2 2934 959426962
4 1672 539736391
1 2655 30507484
2 1087 647675258
4 1020 868195089
2 2899 276497639
4 859 158232910
1 2025 124617356
4 538 501444881
3 2603 129055135
4 3819 280134736
4 648 195906032
4 2583 492987233
3 3724 88503969
4 85 14956618
2 3350 899873869
2 2292 503837728
2 3697 197789105
1 874 998698818
3 1659 219820525
2 944 389250184
3 1666 678442780
3 1808 597882984
2 2771 869650193
2 1835 402399647
1 1079 802029137
3 1102 383122610
3 736 17112516
2 3045 660458387
3 3251 916092831
4 1476 940663186
2 1846 556878370
3 550 300837635
2 2955 723405461
2 338 138114956
4 2882 572209356
3 666 229269397
3 1221 149699212
1 791 827868427
4 2839 763339075
3 865 947547071
3 1391 448523552
3 214 273454914
1 220 895948758
3 2484 511794048
3 736 173946806
4 3692 743760201
3 916 27270925
2 34 680097205
3 1996 177285198
2 3720 729871800
1 2242 14430498
3 997 454183261
4 680 714542242
3 650 130639977
4 1421 228898663
4 860 837144588
3 2283 531502524
1 3989 900636504
2 2193 785673121
1 991 857536635
2 1014 120025321
4 51 632232518
4 3175 246308815
3 3629 489352260
1 3261 157262725
4 340 943946449
3 3255 705203934
2 246 771454219
2 1792 838082910
1 2304 284816626
3 3672 569341580
1 3557 977729568
4 1759 392142859
4 437 277783607
3 3946 77887596
2 3652 11378695
1 3814 17620098
1 1132 134297075
1 581 499536821
4 569 833619851
3 1945 913356046
4 3920 648193508
2 363 330304373
4 2848 763429942
2 568 247470330
3 3363 570081832
1 3202 906499258
1 1823 735906526
4 3539 323287722
2 1173 531223919
3 2875 972444207
4 187 668533110
2 2174 704903085
3 3620 263883633
3 91 243815685
2 3137 208867604
2 3805 678000389
2 763 401856306
4 3777 238932559
2 361 402999269
2 532 592422277
1 3287 154668821
3 1118 249793867
1 308 181734988
4 951 845338346
3 386 32173347
3 478 507270072
3 343 896608085
2 2588 868861687
1 3406 338520586
2 517 440684276
1 1484 942848837
4 1522 605903575
2 2350 501267750
2 1372 619501345
3 1421 36015606
2 2449 48102794
4 3267 679947622
4 3301 421980979
3 3744 173179841
3 1625 426646838
2 795 842442684
2 3147 598071390
2 1129 174720511
3 2588 234280284
3 2003 124142596
1 3622 260065231
4 1990 553327844
4 2698 644667261
2 2564 835018824
1 1048 630965391
1 3728 991983904
4 2649 562313636
2 3751 374008597
2 45 950930122
2 3054 747633455
2 2228 847963683
2 3484 19888219
3 1635 967449357
3 3202 812000860
4 3740 728641928
1 3745 763683862
2 2139 948175492
4 2008 9861703
3 978 25116419
1 3670 496938049
3 499 845272773
1 1418 20978637
2 3121 507154514
3 3134 125405999
2 2769 866350918
4 430 574104823
1 1500 640799029
4 2912 295253170
4 1751 791990691
3 2231 661238162
3 1949 378732979
4 2794 80149729
2 581 385002835
1 51 221502342
3 2268 956339718
4 1923 252858682
2 3697 624586350
3 1991 550400383
3 2065 782554926
2 1319 274435427
2 2582 701404679
2 1582 274824734
1 3511 143918632
4 3041 400497226
2 1745 303129641
3 3723 999757612
2 1114 96645872
4 3342 706316053
1 143 559186182
2 3562 10435361
1 1218 440505254
2 1622 873587003
4 1292 35634331
1 2653 89073731
4 170 21445522
1 131 706701471
2 1906 790475030
1 3582 522536131
4 3704 285158260
2 2918 424031966
3 1990 981280966
3 662 460443760
1 2953 614111365
1 56 949510549
4 1336 121746289
1 2857 866667155
2 2037 994499044
3 1743 564075506
3 1228 299036091
3 1120 475321572
2 3214 262021930
1 2184 32779921
2 3447 821265650
1 3067 145803915
1 2495 185703298
3 2878 520073255
2 2458 729054637
1 422 277286300
3 166 398200508
1 3599 815699470
3 729 347581886
4 314 460618520
1 2427 864119008
3 841 719272540
2 2856 294877394
3 23 431179593
4 399 824212619
1 1580 462995552
2 2967 116482178
1 49 729381405
3 3123 406781675
4 3672 349755027
3 3079 67181042
2 3279 884644810
2 3239 80746351
2 2375 611663171
1 3562 357054100
4 3917 552433586
3 438 311706912
2 1476 78427528
3 27 488048162
2 1937 630152580
1 3006 537698516
4 1270 271124214
3 2915 573894563
1 2039 71433445
1 3069 786100340
2 3017 260759415
1 1204 756586940
3 394 801721365
2 1340 111425002
2 1965 667713204
2 11 215009344
1 3835 618106195
3 2886 341455719
4 945 191712144
2 1473 722434733
1 2001 771307612
4 2671 365476566
4 2399 132800560
3 1049 740467942
3 2528 992397326
4 354 522368250
2 2641 19581805
3 709 123041269
4 607 264034799
1 287 446177562
1 944 541690950
4 753 759689859
1 1138 804917690
4 1025 380640315
3 926 716172824
2 234 58689174
4 54 30946715
4 3725 697059760
1 2591 359151804
2 3540 459087452
2 3919 191609446
3 1423 505557801
2 686 463086212
1 2957 41115042
1 1430 877194224
1 1288 605462007
4 1106 159944959
2 184 219985894
2 2295 51520642
3 2639 23343117
1 2217 404392213
3 1212 63670578
3 2253 230313311
3 130 133773827
4 2239 983405924
3 3006 392291315
2 2301 94357591
2 3996 96310601
3 2095 881991286
4 3958 149660930
1 3970 750051288
4 254 844522766
4 1757 340217470
1 2047 718085458
3 63 585394800
1 910 265453027
2 132 607719936
4 3738 700942404
1 2137 870791090
3 3167 384006650
4 3737 902530889
4 2460 130152346
2 1686 145473429
2 2057 54956126
4 1022 879483505
3 1286 574789032
3 2118 733624105
2 1849 317827417
2 3943 176927234
1 850 279980833
3 3267 298764410
1 2689 466737462
4 2220 615620651
4 324 449261734
1 288 950843242
4 1165 954405657
3 749 422597686
2 1535 176940032
2 3351 256166182
1 2969 9737250
2 3141 289730990
2 1783 179947183
3 1901 619348587
1 1014 931441933
3 2770 667875307
4 2253 831013919
3 3498 379240283
4 178 269846288
3 3237 355837755
2 2706 279275661
1 2491 91522560
3 1180 251462705
3 2511 442092469
4 1511 850428145
3 315 170216684
3 206 54083386
4 2214 790457699
4 3440 882208561
3 3625 186590324
3 3861 297764399
3 3132 697817234
2 2369 185872355
2 3536 513031477
4 2478 602557577
2 20 977890258
1 310 667630914
1 3658 77801086
4 2062 989683379
3 3828 546846778
4 2812 884761702
1 2762 694216183
4 2296 16867016
1 2177 234258003
2 3497 987430433
2 3808 894410651
1 1457 695125356
2 3568 831360301
4 2796 285669054
1 3284 337698740
2 912 88417861
1 3844 862503183
3 2404 181315125
1 1776 588921183
1 2032 461999535
1 3186 625375249
1 3703 653080984
2 913 608088520
2 3381 644211384
3 2994 384604575
2 3049 118297317
4 525 114294096
1 1145 950496755
2 3327 465829471
2 476 795595792
1 1242 333529289
2 1395 668857850
1 743 618873337
2 1454 849413852
3 3526 835938773
3 3750 887259981
4 2434 545345976
3 3924 106963176
2 2823 91610406
1 2908 321307597
1 553 117476369
2 1158 595296577
2 3791 653810705
3 1656 643816555
2 584 615386431
1 2869 309401439
3 1490 759758073
4 648 182230949
2 2486 391531167
3 1079 447530144
2 3145 780152171
3 538 982384502
3 3449 837104304
1 3406 639580359
4 900 835092042
2 508 150614709
2 1153 634674944
4 308 311463439
3 72 144917872
2 866 159976943
4 4 949083966
2 2820 156173444
2 2899 853281645
4 2536 541621291
4 11 199891874
4 1063 487148192
3 2551 578474931
1 1787 161980914
3 3589 32354016
4 1548 482477877
3 906 619145319
2 2228 918104394
2 200 618853819
3 3440 506182391
2 3007 301304957
2 2105 582598776
4 2476 22132406
2 1521 191926448
3 1395 390422467
3 2333 266283002
4 2554 746763204
4 761 378946870
2 3984 454431249
3 602 588655559
3 2412 721816610
3 375 680104779
2 1962 42576478
4 1275 439249612
2 2251 100024832
1 3552 909150732
4 2947 574980750
4 1908 895233493
2 3080 737818550
3 3035 605987155
2 2407 309358555
4 2777 744171394
3 2028 796689682
1 2796 217269330
3 225 141213207
2 292 994649238
3 2990 435905082
1 2741 111495494
4 683 373473115
1 3426 719298478
3 1005 10148784
1 1089 856288625
4 1082 489045251
4 129 301276621
4 3649 387400295
1 3244 994318330
3 1821 724969495
4 2698 46746047
2 1928 32947574
3 621 887928169
1 1056 800436551
2 3725 509970159
3 661 238788771
1 1591 86297755
4 3267 485496326
4 1135 83346079
3 828 184628981
4 194 365791402
1 3940 517174066
2 2966 661383477
3 3476 766548776
3 2946 790637104
3 832 558798393
3 159 954853877
1 1605 849380729
2 236 659449385
2 2134 667842624
4 1756 251967139
3 3257 418784815
1 1229 48996408
1 2545 497441920
3 2778 916481828
3 864 462551519
1 2324 926046340
1 3914 46927234
1 384 517148120
1 2144 917302077
4 3205 606561755
3 1085 377569983
4 1519 181509449
1 3507 468324594
3 3841 812930687
2 2637 572828996
4 2945 266010519
2 2844 23744910
1 3191 974526643
2 1645 530209525
3 2555 764658915
3 3037 903329973
3 1607 703022362
1 988 583243638
3 747 248265718
3 417 698163870
2 3209 232184325
4 2910 549900505
1 1890 129040385
4 2459 241267920
1 475 677459554
2 845 473691957
4 18 988020503
1 3124 847291401
1 1470 395961172
2 131 826771430
2 3387 608436894
3 3818 523048738
4 3310 86050036
3 301 283537941
2 352 39935206
4 3799 230173794
2 1937 924868705
2 3263 600614356
2 1393 764254296
1 1825 567943150
2 931 528517830
1 924 883375809
1 2952 797993391
4 1506 618903440
4 1401 379788211
1 2599 591786498
2 451 684460689
1 3984 292395653
4 3509 100971486
1 3757 356023551
2 3268 889208943
2 756 67340812
2 3713 617490397
1 2075 132352992
2 707 95348407
1 2293 234086660
3 995 888077999
2 188 708600492
3 1867 868152050
2 933 54697161
1 3723 92220457
2 165 168493706
3 2743 669603100
4 2673 698875651
2 3471 176184550
3 2004 575900000
1 202 829080432
4 2580 2372297
3 991 243672342
4 646 273831368
3 2427 378771258
1 1991 49849308
2 2256 913690988
4 138 195429922
4 2531 934441922
4 3224 367692935
2 3674 681049435
3 3937 293496084
4 2737 480694275
2 2943 962017049
2 3599 254298878
1 3175 132260224
3 3557 107344676
4 2228 262875062
1 3026 829279771
2 2621 86476904
3 2254 7578057
3 1917 700381786
4 2158 748674332
4 2465 830527228
3 3522 253570688
3 2452 577573484
1 222 990320774
3 2490 618647007
4 2714 181369678
3 273 557212928
3 3488 616084563
3 2436 244435425
4 1814 260909945
3 2013 168370236
1 3990 656849040
4 1034 225673530
1 3105 117304816
2 1196 934031714
1 1013 351419262
3 906 436052803
3 2065 735659626
1 113 425285784
3 3195 473466336
4 3075 39957357
1 244 49425105
3 3397 101204307
2 2549 265514489
1 3239 431185130
2 2481 964167148
2 1998 572326712
2 1057 76730779
2 2454 860352958
1 1923 644217351
1 2590 741058020
2 1943 908039887
2 3772 434941928
1 1461 624707859
4 1947 745830030
4 2146 498397617
4 2770 12164795
3 748 922023154
2 822 815384928
3 548 365610901
1 3893 328863664
4 2474 589953669
4 2486 604719992
4 1421 663504310
1 241 186649491
3 2173 212197438
2 913 513653672
3 3331 197524060
2 2306 44511588
1 128 240868169
4 1085 659303361
4 647 182686168
1 2706 335926200
1 2880 133011109
2 1324 655415124
2 2492 791455037
4 1378 39323936
2 2979 616381575
3 1462 826735110
4 3032 779258564
1 3197 503065891
1 2806 766816203
3 3028 771073525
4 3651 243694510
1 1254 804051043
1 3418 953104516
4 2843 677555089
1 2724 774276264
2 2980 878860765
4 3083 439267534
1 873 501486863
4 2454 476188328
3 2597 500310816
3 2625 555852785
4 682 221516498
3 1489 131721104
2 1984 645797103
4 3136 449856876
3 3882 263459519
4 3737 414425194
3 1920 887439135
1 1442 661084633
3 1710 187403576
1 3048 408896100
1 2804 200176338
1 432 80853164
1 2154 475959518
3 2835 120838769
1 2566 97674194
1 2116 339081034
2 2204 785286005
4 3055 108517611
2 1996 241901838
4 232 471014614
1 2113 462827592
2 810 530380470
3 2945 438969135
3 2614 69330693
3 540 201068112
3 1617 711268480
3 1826 757966553
4 3497 610137725
2 2956 988014766
1 1555 442530583
1 2597 444592769
3 3489 385972985
3 606 503777430
2 3506 866706979
3 3099 490932679
1 207 332478032
1 3872 773258108
1 1177 995662844
1 369 397016108
1 2772 110563874
4 696 92714285
1 935 240835550
4 2230 790392819
2 2024 915756586
4 3217 536253721
2 1621 15331169
2 551 827725997
1 3661 843462267
3 3884 283173674
4 1801 200744456
2 438 217550772
3 1366 257276329
2 2419 458152507
3 1288 417684315
3 3015 436698825
2 3107 606173626
3 289 770863781
1 3111 250604797
1 1973 130765348
4 3761 631560995
4 2592 535526941
4 322 102598464
2 3894 799442274
3 3050 377200259
1 2062 465003375
2 1116 163168820
4 3164 840874122
1 2248 940803486
2 2863 716303174
3 2117 619669142
4 1329 775550405
3 555 437973824
4 920 799688910
4 2563 130510140
3 608 386404446
3 913 228084651
2 1917 930357524
4 1904 117094528
2 2717 297434537
1 691 141512762
1 1474 483810040
2 2440 804929744
2 3585 467354730
1 3424 935631975
1 2611 898156270
3 961 342306560
2 948 500236969
4 2179 914942245
2 1406 705888345
4 308 957286143
1 548 11027988
2 354 376308669
2 1185 906258283
2 51 651105086
4 3554 980705364
1 1928 654319453
1 1943 779037989
1 609 149222752
2 758 774400270
4 3947 447930249
2 2118 482362902
2 1196 288165250
2 398 872304
4 3927 677213758
2 2766 37081260
3 1222 9413998
2 2846 552632904
3 1752 858684695
2 2319 413293753
4 3532 615959372
1 2010 844643371
3 1401 777735351
3 1121 588302692
3 380 352861292
3 1274 384273483
1 2408 479151446
4 2916 161862898
2 3154 53858704
1 1727 102901243
2 1192 32013849
2 101 998422437
4 1160 225796137
1 522 277047139
1 3620 930355984
1 1825 64107361
2 3070 191454747
4 3841 783310775
4 1093 516418355
1 2278 800367436
3 2821 199678010
1 1000 542082335
3 3491 853022310
4 236 220043424
1 3203 229265596
4 3460 37684631
3 3357 702557316
3 390 532243283
4 2865 119787088
3 3177 190506597
1 110 510115000
2 3211 907810089
2 2 721219207
3 1121 800332986
3 241 739745071
1 74 376391360
1 1731 154138526
1 1199 781072943
1 574 156362569
3 715 207089076
2 2500 617160332
4 1567 54814086
2 3991 719095193
4 2057 20016254
2 2723 343075958
2 1736 968865083
4 2363 289053017
3 352 814868920
1 2299 225164662
2 2553 273874950
2 3108 286715256
3 171 519154446
2 2082 876748429
1 3595 512207330
4 894 964992469
4 1026 408756624
4 2530 410127882
3 838 249101857
2 2454 568506709
3 3132 166144014
3 2248 545251212
2 2946 500468437
2 1697 932874475
3 3284 184362940
4 597 447132933
1 3809 820576474
1 2279 14035790
4 233 514742898
2 3594 744520401
2 1044 790650375
1 890 969809684
3 118 406022132
1 3768 527477443
3 2017 255281469
1 829 834908044
2 2761 913386992
3 3485 466267539
1 2310 722411246
3 3865 371551595
2 3923 739512410
2 1522 152243857
4 493 551502889
2 3158 818991016
3 1478 228831315
1 150 915322436
3 3969 673510946
3 1916 48797251
3 1107 349046430
4 2356 261161133
2 417 263486231
3 3782 360201923
2 412 485686301
3 853 301272710
4 673 500093535
2 3008 804981621
4 504 118864721
2 541 646715759
3 3695 812055491
4 1794 200839360
1 2702 257568626
1 1393 407923824
2 2855 701857724
2 2437 761758973
2 169 373229935
4 749 983583914
1 2334 72412238
4 2430 81810140
2 718 639614662
1 3892 343558580
4 2716 22301573
1 2139 21463839
3 1082 215795112
2 1898 125479988
4 1863 608236142
1 3906 227628693
4 2596 47479970
4 3284 974192949
2 3281 588157369
1 113 947341934
1 2289 113877442
3 3806 549958651
3 3049 767814728
2 235 301771290
3 964 847922902
2 3247 19710102
3 231 86504476
4 2285 4211451
3 148 179920522
4 1318 929607465
3 252 490490044
3 114 346767289
4 1316 84495149
3 3429 595507816
3 2008 982661709
1 3138 245541617
3 2704 266034671
2 962 893058189
1 2596 723349708
1 1933 813505639
1 257 492201532
2 3462 386235344
2 217 256589258
4 242 124067674
2 686 967036738
1 595 667871654
1 1864 250526269
3 564 507994977
2 1617 413791152
2 1472 811183952
4 1285 91379391
3 48 832057942
3 137 200115378
3 1242 964017686
3 749 849396675
3 461 918142350
3 2160 311573827
1 2966 789736809
1 1131 641240092
4 2294 468154284
4 87 378205054
1 2002 4629592
1 1214 371351546
1 1398 942404000
3 3532 978551755
1 1756 644893587
4 3936 187484360
2 3582 78262747
4 2362 75837624
2 3028 482196543
4 3166 36798585
3 3307 112634399
2 419 129311658
3 781 712773937
1 2984 63246635
3 527 749446964
1 3585 313038558
1 127 399195512
2 1396 1157276
2 2698 151477729
2 775 27707068
3 872 251245552
1 406 101014940
2 2043 113296590
1 1600 824101416
4 3126 691606791
1 3699 677679441
4 3236 501375812
1 3564 167611838
3 3986 739507157
2 2557 601592343
4 2154 144479814
4 1562 427446799
1 3731 860224212
1 1518 462989140
2 824 588168479
3 3118 65994481
4 3074 549293154
1 739 779945162
1 2346 77245688
2 445 408993731
4 3512 609451269
3 1966 321733765
2 2970 955842215
1 427 839140210
4 671 544608541
2 1659 592708614
2 1851 605574459
2 1220 242156826
2 2967 467396302
1 2639 724510300
2 3008 216850135
2 507 259405302
4 1767 922518884
3 246 920040153
4 1507 839456478
2 3596 893675843
3 338 519494124
4 150 606872212
1 22 903750007
4 1722 119512687
4 2204 153966412
1 1753 210375365
4 422 818360822
1 2945 273627662
3 3955 101497182
4 1879 60927563
4 1880 386275736
1 1551 263876516
1 1586 241497106
4 1749 752263456
4 3526 482561228
2 1591 124405428
4 1682 668662672
1 1864 419576753
2 3566 161401695
1 1495 95266531
4 2431 431984455
4 2432 96630297
3 2125 474849884
2 2394 302575149
3 2332 835952429
3 3746 336592364
4 648 261968984
1 3273 634345143
1 316 230437840
4 1929 354119222
1 3225 609039820
2 253 313794710
2 2015 413160748
4 3718 170969273
2 1677 887421212
4 576 356797919
3 1972 463449303
3 77 168571561
4 231 256372798
4 1308 866490679
1 359 807945036
3 1777 835205877
2 3333 312444308
3 3694 731461221
2 1426 247511224
4 3223 187789213
4 1527 748697847
3 1480 924689416
1 3238 122944185
3 2339 654625063
2 3435 166680862
1 3774 49247852
1 3476 736965027
3 9 885488539
2 2080 352887856
2 2373 176719687
3 764 591712501
4 777 262458857
3 3343 924895789
1 1110 688268534
3 1767 304246684
1 3753 392635814
3 1396 660220414
1 1226 734491708
2 109 311866245
2 1723 571573532
3 3984 6168319
4 1117 452410888
4 1580 84449690
1 1563 891365702
4 1364 956603385
3 960 492681551
4 2350 791193830
4 832 885943072
1 1263 52071535
2 2955 329973282
3 2931 864049792
4 870 254171671
4 1776 456109804
1 640 247150651
2 1877 736487272
3 2412 684887964
4 3809 271714737
1 3575 316072333
2 474 420200324
2 3533 111702547
1 3507 601842968
4 1094 48243088
2 2685 700018007
3 2974 656077178
1 1415 433420281
1 3694 257078006
1 1582 144779207
1 2542 815583826
4 2297 500932734
2 2071 101703131
3 3553 769173486
1 166 177063499
1 2507 312508613
2 788 627100994
4 3354 760100737
1 3224 194402244
3 466 672785911
1 1411 725245099
4 111 145935157
2 2371 456826670
1 872 509534254
3 2961 228121576
3 730 506132838
2 3363 935256222
3 2850 322970356
1 1228 377349773
1 3483 17942915
4 3439 97945380
2 149 40113624
3 602 250146478
4 2549 109814831
1 503 277335147
1 37 513864412
1 2928 511182383
2 1111 144055858
3 2781 208439352
2 2545 221561871
2 2282 86368987
4 3271 281185147
1 3665 699979281
1 1371 640259789
3 250 270203389
1 469 277019874
2 2515 286461657
4 3631 8922795
2 3086 470970969
1 3790 60355372
1 348 67335572
4 3897 930597483
3 1923 663675891
1 3440 618805654
4 3243 83455258
4 3539 441764345
4 2681 788474332
2 577 70646784
2 3546 700513887
3 1128 748084806
1 1200 507583510
3 188 683422820
3 3673 875298919
3 2718 986147748
3 461 372181239
1 2700 220411157
3 3577 199542292
2 3148 298601786
2 3894 660053782
3 10 766475128
1 411 117262416
2 1466 184722613
1 2306 927582103
4 1255 38382541
2 3195 874399319
2 922 844737187
2 3266 4527436
3 2841 514838778
4 122 18412326
2 1738 793520515
1 379 929811410
1 3430 101719529
4 2512 949950914
3 3152 539858017
2 1557 896822809
3 1647 702185454
4 2145 205520837
4 1577 146854311
1 1172 228416224
4 1023 439369373
2 3496 745210855
3 1342 448749563
1 3514 794657626
2 2707 789414421
1 2283 650925784
3 565 877050842
3 3528 217299284
4 1846 304107568
3 773 52192017
3 1598 803822655
2 836 47867204
2 3512 739572846
1 3300 610243192
4 1574 467767044
1 38 893078044
4 1695 274370592
3 2056 450687716
1 811 666008523
4 460 671810491
2 3035 39215188
3 2751 781998433
4 651 856054510
2 3080 493499296
4 3931 239113909
3 652 111763342
4 859 928140813
1 2824 832745184
4 1531 908270578
3 2860 601309556
4 3607 922729475
1 2684 570678874
1 3857 48023762
2 2682 66702272
2 2925 931160520
4 1219 91489596
3 3835 142967238
2 1892 240627996
2 3460 713862512
4 1178 7587193
4 411 608694981
1 255 425051670
4 3961 274110793
4 33 634340430
1 649 782484787
3 3126 976219874
4 1088 18767206
1 1995 539266702
4 3333 533655690
3 592 132832841
2 1764 711176923
2 3396 747076036
3 2084 718983037
1 882 306140504
4 629 987488741
2 1632 2684750
2 1529 40861382
1 1751 55660861
4 2694 394730937
4 2721 452407331
1 3005 497244382
4 672 821977657
2 518 219532877
2 237 533036723
2 2515 629497587
3 478 464390231
2 696 982251280
2 3178 553878136
2 511 568981826
2 1156 781399758
1 160 969478849
3 3372 430224689
4 1064 994870805
4 2729 71362036
4 897 882350967
2 3506 848596080
2 1330 108160271
3 3870 603242749
2 2838 103975328
4 451 792605003
2 2846 640914437
4 1180 83018784
2 309 280513610
2 2461 636347400
2 1272 297289703
2 2320 81677283
1 2427 857823856
1 179 738117842
3 3128 611566043
1 3261 126349387
2 1446 163681396
2 121 476419768
2 2403 186208415
3 2432 523681371
3 981 125207100
2 2412 643297960
3 776 732544876
4 31 188956659
2 1494 1523890
2 1977 374350165
1 634 533910237
3 3944 34109720
4 1534 308104126
3 2989 113906023
2 621 629116279
2 1176 454275064
2 3042 286092354
1 2943 239369403
1 3410 215977284
3 144 486889464
3 20 410416043
2 1637 32593487
3 3964 174938489
4 3103 790224358
2 240 49704887
1 3349 1209235
3 2409 114102023
2 1699 107775112
1 873 16516714
3 2091 737417979
2 487 239830040
4 3690 721154356
1 1812 391027854
3 139 3904912
4 1873 624142444
2 2075 422275481
3 1330 205131427
1 2976 243041771
4 1402 339090660
3 2443 141160096
4 1584 195688188
3 3721 355329187
4 2997 658382251
4 3874 174265710
3 2308 137409844
4 455 455587831
1 3704 240173476
2 408 431709073
4 1958 256436932
2 905 462417483
2 3330 633798806
