4000 1333 4000
38 3597 996657854
721 2896 219
1300 373 999555617
23 1959 999363947
575 838 999978747
284 3937 144
1113 2919 999899748
222 3238 187
920 1860 940040743
464 649 999685428
1020 333 999765039
1145 3279 79
156 1999 992709012
464 3409 1
460 3948 997136785
240 522 999998757
514 826 999169034
466 3395 999837628
322 899 985734035
233 1189 999625087
603 3526 196
1301 119 999998907
799 2961 997653246
326 162 980276164
273 1001 999956518
1314 849 165
1010 2633 79
331 2470 109
771 3569 115
647 2344 999806839
1149 645 999983036
1278 2475 42
775 930 997030936
188 134 223
434 1089 254
1125 3759 999999768
872 2850 999863519
266 1849 996650279
108 450 118
52 2348 109
593 3964 999965948
850 504 228
1175 1647 996083888
54 2551 146
368 325 999543796
497 14 212
191 3546 37
900 784 999754489
275 1880 24
862 3398 999989745
886 3386 999938213
124 1605 995109971
445 1276 999785311
189 2732 985331753
1134 1053 11
462 3202 999279829
390 3602 999999812
1318 2097 988678440
1312 165 300
313 2859 992420453
1026 345 146
701 417 93
1036 1656 146
400 1726 995753941
555 3560 999895536
1190 773 193
394 2912 999962526
248 2312 998970025
53 1736 999614037
1325 366 277
51 883 267
1259 1018 999993274
482 2850 999845134
803 3 997265245
750 2341 297
890 944 986911795
637 3491 114
1061 1925 998664247
274 1582 999869649
250 3031 999003726
79 2855 129
316 68 999103836
368 1565 997365913
261 1917 134
1305 3265 997126961
1257 566 999731795
252 1782 998162054
527 185 999948864
1142 3420 974737139
717 2417 999984018
910 2016 999995707
756 2904 262
951 1351 991377978
951 2591 999985322
782 1270 999817133
1288 2521 998275925
312 235 119
576 3616 998197347
166 3383 240
157 997 25
274 3382 999610943
491 3951 149
769 424 42
1220 1150 977941024
725 2360 995907741
47 3466 83
519 621 999937320
915 1934 998107752
640 3381 999014362
171 227 996779777
132 2394 999854677
297 1056 210
841 1429 997016441
513 3903 239
823 541 996369127
1158 959 991708413
386 564 997393731
165 149 999681085
1194 1649 284
1123 869 996017593
222 1718 999925185
1109 3318 73
894 3924 201
1115 4 999282511
658 1 995215679
333 2922 210
860 3225 998798213
2 1899 981209437
1156 3025 269
982 3390 999288187
297 2296 999581741
854 2233 109
493 3327 995936303
478 2007 284
375 1882 999605701
306 186 956988733
484 243 204
891 2012 998829631
878 2293 237
1159 2268 999994625
286 178 24
660 2259 996602759
265 2063 999978990
504 3162 999553146
247 1579 997824557
160 991 999712325
590 1230 93
191 786 999933957
169 3711 999937117
816 831 984454781
365 3904 114
762 3504 72
1114 2222 998183905
880 1652 986123157
523 343 989185586
403 2296 998505417
638 2097 999996241
640 901 210
786 164 999984690
548 3515 998147784
622 2827 180
609 855 998363039
412 51 997454503
1217 3725 290
964 3129 994393245
1175 3167 240
469 1294 208
389 1381 997504443
1307 2260 998002781
301 387 999736790
265 2343 995208108
359 3322 979952834
1024 747 999976379
1125 2519 242
939 682 998957860
402 2814 981474276
589 544 999674942
709 2937 94
309 3095 999892096
1166 802 132
735 1301 998654091
456 3583 999777619
251 1082 251
465 1097 996523242
628 1899 166
545 36 257
495 1850 995826461
203 2857 991901864
112 1007 189
665 1661 997776042
333 2642 999886405
1192 1187 999311606
1071 2355 998968280
804 2894 998258700
201 2317 999991382
1302 3838 998007271
105 2221 209
1063 740 999995427
595 2116 999742255
958 447 999641006
831 560 997202665
1189 1511 980135147
1188 1585 118
238 3896 998284643
273 2521 289
771 809 999897405
1316 696 987466777
1172 3214 998378923
73 2313 217
1051 3372 960729188
811 3639 999964597
465 2337 999656536
1081 1256 996729810
296 2420 990944651
514 2066 999965966
614 3976 976905342
472 2051 998252009
1227 3592 983807992
1056 235 999982664
289 2601 999995919
527 2945 254
854 3473 992923887
93 3449 240
33 1514 983886018
87 1427 999901449
634 679 994287407
469 3494 994615253
487 1078 33
833 1710 996633897
615 456 999440966
531 1267 232
257 2630 995081580
757 532 999083066
1172 734 114
252 542 998810115
957 2370 999950783
1114 3462 999218925
179 118 997695116
729 3084 969440768
1272 1106 998848016
998 3468 296
1006 4 731361115
916 423 97
709 177 995480977
1142 3140 929476441
1305 2025 999972055
534 1051 999865446
158 2368 999745335
605 64 137
1260 3028 997097812
851 1753 75
1054 3697 997474065
826 1894 999252685
251 2322 999993547
418 1085 998967209
652 2597 284
1305 785 999850362
508 1596 998417701
241 122 998500079
777 3330 974482852
107 2248 41
774 3560 998152869
474 1969 999853506
656 276 9
4 923 998892155
1181 3083 997650302
1143 1970 944193241
148 2267 28
1082 2158 998106381
911 1409 188
855 940 97
488 1160 999519451
608 1286 999978897
842 54 947081136
1301 1359 999454886
156 479 975799955
619 1285 224
703 2990 999477823
968 3219 998010544
847 784 999653562
1034 2344 999521249
1052 576 998438477
1072 2806 14
518 3875 983366415
1095 2060 915939698
82 652 1
279 3857 130
836 513 999957760
1042 2492 999805146
1315 1334 999302889
241 2882 999514464
595 3636 253
217 1867 993189410
1321 2303 984142641
777 2090 973297531
1303 2017 997971614
880 1932 179
474 3489 995879681
504 682 991796211
1301 1639 234
846 2680 253
1164 2131 998169542
132 3634 999713069
334 601 998942638
185 2118 999495474
498 3709 286
115 2383 975421381
62 379 999535836
371 1866 998400400
332 3703 153
720 3983 997901307
381 3752 261
632 3160 999999611
1116 579 227
349 2534 186
793 2616 280
764 111 993298252
764 1351 999121937
856 200 98
504 962 229
328 1932 203
541 3477 999131926
1139 1316 999822802
1155 3051 291
147 2097 997632636
1144 2477 202
886 906 22
465 3857 118
578 2360 162
280 2544 212
381 992 999673687
113 2423 999949781
627 3982 999447984
1248 1194 101
875 84 994025619
847 3544 999988313
1171 278 978964401
452 1969 995458243
444 869 26
854 433 999965976
511 1271 999990664
844 287 989366155
301 667 66
874 882 999993330
96 2103 238
1201 1887 999313176
942 1362 43
209 3331 184
317 3543 987207508
765 2045 952590385
38 837 999862305
1214 3524 996509217
614 2736 998628687
1123 3629 276
421 111 999929183
1176 3823 993026385
883 810 998802189
794 1150 15
931 738 998546336
669 1337 8
835 1389 67
827 2494 988027561
87 3907 999972660
705 937 999922628
1142 2180 271
1235 722 999995004
470 3027 999984453
314 2128 999990539
561 1999 125
1200 3114 185
406 2976 976919320
231 2568 998520069
361 1327 999978359
1036 2896 999295052
577 461 998992869
115 1143 999818105
661 2318 999945461
568 2567 999995851
626 2238 999486569
888 2048 976323838
422 306 125
97 3977 114
984 2603 999968506
38 3037 999745672
424 769 999404685
832 1406 260
1287 2064 989552404
1063 460 992772212
591 892 998061010
938 1911 999689522
1189 1791 208
1086 4 190
237 28 999764765
1201 3127 954286932
907 2399 184
1237 1491 999902872
1082 918 123
267 2038 999452756
505 3914 227
117 2294 999713674
253 2790 994899518
158 3888 61
43 811 25
521 604 996535104
1261 3428 999543026
1114 982 999776698
800 2238 999030332
1207 1756 63
980 2056 997858073
1097 1045 997094095
1089 562 996970530
1181 603 175
690 2511 16
456 1103 296
1063 3500 148
582 2468 166
915 694 999822381
130 3012 997660779
814 2615 297
1003 3834 182
1122 1383 999964916
520 26 999614697
147 857 12
988 3075 998322617
981 2812 995167152
160 3751 199
223 41 986294513
1307 1020 168
152 409 201
298 2094 259
146 3124 998095819
326 442 238
943 1127 999274088
410 790 49
311 1788 999956211
1097 3805 5
135 2799 998902419
240 3282 999984116
1328 3184 185
1045 410 961478333
85 129 262
977 1956 994956772
1272 2626 997846036
642 4000 109
1145 519 999989977
241 1642 194
1084 437 999979722
727 1655 287
4 2163 998597555
737 3962 94
475 2698 999853315
1227 2352 93
115 2663 162
629 1152 999264038
1205 1458 997342610
1201 647 999650147
790 3397 247
803 1523 261
857 2457 219
726 3178 999940802
934 3464 63
864 2724 998613642
409 3910 230
243 2073 999938834
875 2844 999784964
867 369 995029824
160 2231 998617513
264 1938 999851272
657 3281 999832465
947 2179 996631902
547 1500 999994747
370 672 101
858 2749 107
247 339 125
618 1604 92
468 3897 118
436 2586 994919998
153 800 985976837
1074 851 999975758
1180 2356 999909434
22 825 6
730 703 260
1099 1602 84
784 3317 999834524
421 2871 185
1105 2188 201
1119 1580 999738670
525 1536 997393547
1193 324 999968383
608 2526 998770967
140 3539 221
778 2867 999547948
760 2914 50
1249 3307 999477737
1112 2831 999967758
1081 2496 998069056
553 187 972632795
47 706 995598879
903 1759 133
967 839 997795097
116 1532 999135423
881 149 995454258
611 1065 999645241
46 3456 998137926
855 3420 999643558
633 749 101
515 783 992931673
358 787 265
473 1332 283
989 3695 998051456
591 3652 999079961
195 2746 277
1 1953 999928167
960 1534 995349804
1209 3609 998727929
967 3599 999996068
808 2626 998804334
84 1341 999984319
1324 3777 999994502
49 2969 35
779 989 2
18 339 37
1037 1127 178
1216 186 998900735
1255 2022 927022879
489 1128 998581009
172 786 999984960
758 938 999553262
545 1276 991541401
1213 385 997465755
682 320 999842067
1031 1146 256
579 3708 999996301
54 2271 999206696
1057 1467 97
327 850 18
88 1671 997088776
1035 2514 259
906 677 986571148
500 3245 977637378
987 3668 998223292
801 3845 998761517
994 765 74
800 3758 39
357 2366 32
720 3703 989708144
1116 3059 997580838
966 1385 999555292
913 3020 269
1165 390 998337467
1017 1647 991347074
1185 2320 191
174 3470 999798429
1056 515 194
184 2031 250
821 1183 999776721
34 2963 999918313
487 2318 999922718
196 15 147
281 416 977341048
220 3942 999495646
102 167 983090708
523 623 999866721
1170 3181 999770692
676 2876 998706459
1225 441 997799445
19 2144 113
1022 366 999949718
596 3427 999267615
1276 3429 147
169 2191 997193924
388 355 150
1267 391 999581981
523 3103 986746206
55 3964 981439803
1171 1798 296
531 2507 966543137
216 2231 998461506
134 604 999998280
133 3200 25
494 138 46
483 3893 999125217
1148 1663 997306173
1246 850 999794562
423 554 998757991
932 3365 999448963
1070 1061 249
752 2063 999991037
1094 1177 180
692 1279 196
801 2605 151
211 77 999963239
903 239 998026881
354 291 997535918
332 2183 999822796
1063 3220 998883884
853 868 989723282
379 3252 998135819
1262 3497 999675943
1286 3797 994773176
1064 58 14
168 2036 94
272 894 72
161 1320 993942987
100 2893 233
102 1407 986143490
631 1876 990300798
491 911 999392977
494 1378 996933815
685 843 998374091
1275 2825 999952049
231 88 40
936 2779 994347554
282 2778 12
554 3861 18
1175 2887 949833823
1242 1978 263
884 3705 996228765
730 1943 999919509
60 1616 979650788
1115 1524 253
1085 727 999927814
932 605 996398992
762 1984 994801846
1250 871 999962047
542 3684 999687278
1218 3258 996061336
71 1411 999651865
259 1884 999923107
291 3609 997929951
1313 1906 974357775
863 1859 976584181
500 765 999827637
335 1578 14
522 731 217
470 1787 164
333 1402 914132956
1150 937 990045569
128 178 161
460 2708 77
64 3604 999993908
518 1395 292
1229 2976 211
1160 3001 999999283
904 1880 66
282 978 982997120
1092 3937 135
637 1971 997165533
20 175 968890161
856 3920 999529423
289 121 267
1092 1177 999279420
257 150 149
462 722 101
968 1979 69
1213 2865 992305568
704 1955 983094665
871 2813 999823111
499 3103 999761356
480 74 174
351 580 238
773 2513 93
1081 1536 999268320
233 3949 971416721
1158 1239 218
90 604 999967405
235 749 144
1133 2786 998808219
1300 653 291
408 299 999784586
294 546 999957595
307 1743 999762605
1280 543 997893743
850 1744 993915643
1138 305 995075013
24 2416 226
533 1980 988587689
744 3256 973822759
174 3750 248
432 1139 999689131
690 3751 998858826
1208 3942 38
688 3179 999110060
215 1303 999672704
508 356 996122654
64 2364 975311346
1139 3796 999430501
1153 1328 999992443
729 324 998934210
617 254 999235487
223 2801 985053015
277 1088 999989968
261 3157 995774543
452 729 237
1136 1738 273
424 3529 988099107
431 181 999424563
1087 3831 938624701
639 1869 995424198
273 3761 999916906
870 3849 242
303 1341 996421857
898 3838 999630921
1029 3911 999509917
281 976 999391597
1074 571 968127527
242 1467 163
703 230 998376216
336 3678 54
347 2358 999978751
272 2134 983237687
625 2034 20
423 2074 998645633
104 2692 184
856 1440 999634694
1100 2705 995784306
1133 1546 960481223
910 776 173
108 1690 956766640
1023 2432 39
169 951 982681875
1131 1923 183
754 3407 85
1316 976 997917537
1116 1539 999965170
530 1625 999252774
11 1651 160
182 1070 39
430 2372 105
170 2373 999960493
187 2204 242
107 728 992894073
717 1177 186
240 2042 999874567
77 783 99
1329 570 99
1074 2371 999999626
1193 3084 998684786
436 106 998669889
324 672 71
390 2642 61
1234 3981 995208425
835 1109 999570224
1018 119 999891756
831 3320 141
36 840 993602086
1223 619 999997701
126 3669 998610000
194 226 108
1323 1376 75
538 2518 127
931 2258 177
1196 1658 143
895 55 999964524
57 3237 999900843
1071 2635 277
594 3459 217
1321 3543 999763315
757 1772 999102859
769 144 999730315
1327 2730 999929786
877 2611 243
318 846 137
867 3129 204
1015 3832 998926631
477 1952 130
140 779 999928348
1279 694 2
752 3303 999964306
1260 1788 983237955
167 3766 999520440
295 2168 295
586 3167 992931564
852 3723 116
397 124 956282822
74 2537 274
543 1218 207
1331 2641 80
966 145 994369638
116 1812 29
530 2865 991887073
260 3868 116
169 3431 999383343
1017 3167 73
858 3989 998673913
714 215 981051311
538 3758 998949815
1180 3596 997590955
991 2776 999490990
774 1080 999745108
89 2699 997754392
735 61 170
646 329 993710357
209 571 998595963
606 3417 999999000
463 2004 999978412
520 2786 20
720 1223 998474492
300 2125 998471583
637 451 968938339
1267 3151 274
130 532 124
609 1135 998060789
1108 3431 29
1033 889 999645743
1052 3336 74
1264 90 999928564
449 3049 998992285
276 1183 994948310
397 2884 993358796
1083 1892 282
326 2922 999413418
523 1863 968652025
843 3091 999999665
285 296 991750465
6 3910 999996580
197 3922 992474851
811 2399 144
1295 540 257
766 198 226
616 2189 994074675
1010 1113 999665401
810 2674 45
291 2369 56
1069 305 162
755 2346 999019215
484 2723 999998152
107 3488 990354818
1089 3602 121
1093 1519 999912735
834 3212 81
94 3847 999806260
442 3714 273
581 1090 141
1316 3456 999972094
887 136 45
302 1214 19
18 1579 985650136
1075 554 4
108 2930 999948434
993 1963 999985420
783 3674 999510213
511 991 996816485
605 1304 997250728
377 3262 998342355
1162 3981 996249836
1279 1934 971312627
1286 1317 206
352 3686 121
922 823 35
243 3033 999584120
347 3598 995230822
983 3162 990547121
112 2247 993280636
791 3534 999331155
563 2311 236
571 2391 997367427
715 1024 999560833
1145 2999 998813164
590 3710 999855006
122 3236 211
613 855 997919823
1011 1782 999593443
30 568 161
188 1094 996447015
233 1469 999843697
149 1263 299
502 3144 998302274
30 3048 999622160
1157 2957 990318627
334 3361 998428535
364 2781 988280307
645 3415 104
324 1912 999623841
1243 1675 992667318
475 3938 999932864
950 934 976699319
1207 1476 999100587
472 3571 999982714
216 991 999346135
854 3193 993334904
244 1466 73
915 2214 41
480 1314 945463092
79 1335 998345397
1210 806 998699655
838 3485 998922197
821 903 999483106
1211 1977 999876860
249 1975 991803823
491 2151 999866676
202 3468 999728279
663 1926 26
224 495 140
995 2335 994929683
1109 558 999967550
574 422 92
566 1558 991859304
863 3379 90
455 2887 999999757
691 3144 15
55 244 44
211 2837 999695294
546 3115 995669048
110 1038 980949129
879 1588 261
423 834 997378285
1333 132 997107251
512 933 92
151 624 999839858
643 3772 999794930
297 3536 999891777
207 2431 999692116
1118 271 1
1172 1974 999992522
1130 1946 274
1073 3874 927641852
177 3050 983498939
70 2344 299
39 218 294
598 2398 999111581
1218 2018 999974774
1141 2443 254
1254 979 999072035
412 1291 998995312
621 3842 26
89 1459 999085044
1125 999 999700315
1116 299 999843847
373 1499 3
1080 2736 989829585
94 1367 999996249
213 2740 48
827 1254 999976938
666 2571 998374787
281 16 46
1333 2892 171
798 3808 995772616
1024 2267 8
1184 1481 997447072
766 2678 999985329
1109 1798 999440374
768 444 970204708
963 1687 997220438
314 888 196
1191 2253 228
1144 3717 995349460
433 865 998891066
875 1604 999807226
75 1478 993561095
205 3270 289
238 2656 996421812
489 3888 998956117
988 595 200
367 553 89
983 682 999926732
1206 910 957243719
995 3575 999552626
479 735 998663713
1311 2251 189
874 3642 231
44 1743 11
74 3497 968029145
463 764 956760658
739 3781 998225994
20 1415 956166478
159 1857 106
943 3887 152
661 3838 975324971
939 3162 999862725
683 751 993801326
947 3699 57
586 1927 262
563 3551 999885773
701 1657 996385785
834 452 990368235
622 1307 913728945
864 1484 103
868 2337 999957495
368 3085 996589644
645 1895 998186750
1253 1628 243
699 511 234
1259 3778 159
1047 679 294
277 2328 998418024
1254 2219 999477144
244 3946 999853335
1077 812 998505836
950 1894 970548506
322 3099 999998537
408 2779 999965024
383 2812 999233802
9 3101 999673856
1034 3584 999998943
1031 866 996497068
1147 3705 999229561
991 16 998330397
1276 669 998499416
1187 2082 997726912
281 3736 976940014
278 333 999979120
715 3784 995207728
633 1989 999717617
541 717 995731264
853 2108 999997157
811 879 995142661
113 3943 999695517
895 2815 997472928
712 1306 9
137 522 979322795
1055 506 999863812
8 1105 997562733
26 699 994428711
1098 455 998760440
728 703 171
675 1851 152
884 2465 256
627 2742 997457885
1015 1352 226
1291 3843 999457754
105 3461 998988783
1214 3244 999647922
492 1627 923375114
200 2440 246
929 3924 101
1018 399 999999677
501 1878 157
1042 1252 990307911
370 1912 983012247
385 1212 999999518
1058 1651 161
689 2105 999742928
836 2993 999597713
1150 3977 108
1038 3998 997815803
199 3252 240
1294 999 999800693
500 2005 999922381
24 3656 987369157
58 2447 999770627
774 2320 980030660
1257 1806 999999990
132 2114 990922713
1157 1717 200
1271 3360 999936974
488 3920 64
675 1571 999436008
997 2198 134
443 1791 990406034
723 1594 992271057
537 3762 999994903
687 1655 222
83 376 939107832
1004 1081 186
993 3483 997165849
228 1371 995785892
679 2724 995813115
530 1345 991138488
42 1861 127
153 2040 999973910
590 950 997825558
556 862 999856472
766 1438 999774420
1152 373 999992096
780 1178 239
1142 380 990109871
376 380 978927076
445 1556 121
167 2526 998908320
570 3634 998992042
7 582 958241820
218 1530 999610802
344 1466 999841308
219 2451 248
608 46 176
719 2442 58
1278 3715 999353890
971 2452 999545681
88 2911 999620365
818 2815 997832160
779 2229 999993791
881 2909 998179426
18 2819 992966420
881 429 999992995
549 835 105
780 3658 990660467
476 2500 999826398
770 812 999999549
1024 3507 999325896
283 2513 276
1032 2363 999748280
414 3659 998181305
1163 101 286
571 3911 21
132 1154 260
626 998 13
391 3338 229
565 930 197
1053 2972 996916097
583 2681 998938845
1224 3818 4
820 356 998241855
1067 133 176
1332 969 298
952 135 997685271
429 3354 151
1199 639 292
1045 690 67
140 3259 996393033
606 2177 38
1074 3611 984374259
276 2423 999793739
262 2607 999793781
951 2871 999999957
279 2337 997325211
60 376 997728106
141 977 998081166
476 1260 69
1153 2848 144
928 1552 999537942
90 2124 999981099
1122 1663 225
50 79 999621838
1138 2785 999140169
145 1713 26
390 2362 999194258
535 1779 998027163
564 1154 232
626 3478 998539897
859 135 107
259 3124 999871072
1185 3560 999897062
231 1328 999993462
767 1017 999963582
442 3434 999898344
694 1783 999725118
394 1672 267
506 176 81
76 2082 999696992
741 130 86
1264 1610 198
1225 1961 188
631 636 56
252 2062 220
334 3081 997530421
550 3407 997883752
413 3282 999511689
628 2859 999458859
1176 2583 999757668
436 2866 998364112
1245 3544 992305069
1233 3225 999994272
1065 3621 175
821 3663 999496697
226 748 63
449 3329 999884554
807 2995 999573572
157 3477 995705183
723 354 187
436 386 49
759 2363 251
76 842 115
1086 1244 995337051
836 1753 998903554
763 659 50
463 2284 121
26 3459 262
802 3592 970940317
336 2158 999999968
889 3951 256
559 623 3
880 412 997774947
936 299 166
478 1727 999392735
1149 2165 999992706
909 3082 257
389 3861 999891336
876 1090 999824177
774 120 997571956
1225 1681 984990377
223 2521 996553613
393 3112 999910355
472 2331 994501389
1310 2236 999988939
1322 2219 262
852 963 998791749
745 3260 171
1046 801 999999626
575 3598 999318852
1316 1256 162
1282 75 998496175
153 3280 999286314
768 3204 999280921
608 1006 999951149
716 1313 195
1031 2386 999060938
1326 3780 236
783 2714 999202605
1080 1496 999853006
221 1289 994333482
768 1964 998448719
702 2541 107
285 1536 996445836
518 1115 987234030
816 3591 967855348
629 1432 209
281 3176 999999357
785 3064 989574737
1149 925 93
389 141 190
1318 857 95
213 1220 980420921
1030 3971 99
589 3584 986682614
205 1750 949853108
1151 3161 999281304
307 783 295
364 21 997043834
181 1187 999984898
776 3203 12
375 3402 999944454
1187 3322 986984038
885 3558 275
1111 3167 997842938
942 3842 996954165
1017 407 999939842
604 1034 8
659 1508 988862856
1247 3210 86
267 518 995527550
753 2022 300
174 710 999993306
1119 3100 284
291 849 997050758
1089 3322 999816042
533 740 999958104
713 1239 999723565
1186 3478 997929118
589 2344 200
171 2987 999917354
425 2433 985040423
732 583 954638564
37 2087 995903424
700 3695 999308560
6 1150 998554383
220 2702 162
301 3147 999963538
400 486 27
758 1218 129
37 3327 999970890
301 1907 774680927
817 3879 997884571
1168 2176 999999839
83 3136 990703829
161 2560 999951151
1272 3866 999961231
167 1286 23
156 759 176
973 160 228
555 2040 999741369
818 335 993040416
773 3753 999438628
697 2617 36
1170 421 999587591
784 837 996739505
802 1112 49
34 1723 238
774 2600 981658271
188 1374 997763142
369 1339 250
164 125 999587193
1107 3443 192
970 3695 999220272
958 3207 999999533
1186 438 999911050
1198 3811 974971637
995 3855 999999055
395 1995 999994090
1031 3626 999788996
619 2525 999713241
223 1281 994511026
677 2894 982981516
964 369 986274327
305 2806 998067201
672 2447 998681671
429 3074 988866419
40 3275 981354231
1159 3508 999398090
615 736 998359867
611 2305 999638044
1150 3697 999672271
4 3683 999000127
911 3889 997916392
249 3495 999482682
1068 2501 21
827 2774 210
287 3848 999091826
265 3303 999698783
1311 731 943438324
560 485 300
59 2092 999999750
436 1626 998720502
948 2271 924126306
431 2941 132
612 3503 999129326
630 1541 128
783 1474 972582712
1231 140 999998380
1244 2931 17
327 570 999900146
889 2431 999676592
354 3051 114
546 355 999466028
113 1183 985193527
265 1103 999986243
99 2670 280
523 2143 153
537 2522 999834710
1205 3938 999988272
990 1694 997277257
866 649 9
1188 3785 999843593
983 1922 994230859
794 2390 987029982
1180 3876 242
940 3563 153
662 3041 115
1205 218 210
1053 3252 68
979 3211 25
928 312 187
1193 604 54
764 2871 72
1072 46 999307973
724 3018 55
1160 2041 172
833 470 26
657 2041 68
824 3097 999997944
816 2351 998945888
1297 701 246
996 671 234
1016 1780 999785841
342 1910 998937383
637 731 997377110
357 846 998322487
349 2254 999948062
1257 3326 195
1237 3971 987757270
823 2061 998689750
7 3342 23
474 1009 999068549
872 1610 197
1209 2369 166
1051 2132 998963633
190 68 996208325
585 1485 991404313
343 1905 999256590
1234 2741 214
602 1784 153
478 487 980787078
1258 1516 999143259
376 1620 998282167
311 3308 278
1236 2723 851054414
247 2819 999530182
242 3947 997613026
322 2139 999485893
331 3710 976952286
1233 3505 58
825 3632 995722816
264 698 999976100
829 1470 229
798 2568 206
986 1611 999082429
1132 2191 296
333 162 989482282
953 2061 999455522
767 2537 105
290 603 6
110 1318 154
1025 3992 999856376
373 3979 996067135
754 1887 984323347
81 468 999698397
265 3583 999907027
939 2202 998784424
883 2050 999896603
373 2739 999659980
39 1178 999348532
578 3600 999553118
601 1486 166
1320 2961 12
1264 2570 972584687
490 1221 999982222
274 2142 152
456 2063 999428045
125 2141 992430184
662 281 990657781
40 795 183
955 1680 998752082
535 2059 181
50 2839 998899213
287 1088 999977038
234 2137 998860310
1100 3945 980781009
896 426 999974075
900 2024 990838855
1256 2320 113
1164 3651 981194517
983 402 999938689
1174 1316 999997341
712 2546 970624575
1025 1232 993341973
950 2174 999625329
395 755 999520525
1108 3151 998879009
762 3224 999999284
1316 2496 920024334
1067 2613 999992892
707 541 138
1036 136 994428336
1109 3038 999979260
10 2320 991020882
1051 892 39
694 2063 932849810
673 1201 50
679 3004 262
1204 2340 200
337 729 21
1151 401 980601909
1 1673 999997898
952 1375 998515102
1255 782 996362615
1160 1761 980254954
174 2230 999966614
461 75 981311759
875 1884 10
1299 87 999756351
100 133 996934457
282 2498 999442477
1113 1679 136
221 2809 982624548
784 3597 999977399
443 3031 994596958
1294 3759 997130122
909 322 999714385
1007 2343 944863714
1313 666 285
908 70 999953390
63 1308 987331867
519 3381 272
471 2254 89
679 244 993464985
894 2404 998783092
159 337 994144096
249 2255 204
1006 2764 7
1323 2616 999710610
386 3324 999970643
1028 2736 997699755
1007 3863 23
569 277 997292395
1284 668 997065102
364 1541 999891872
602 3024 994246773
230 3262 177
1302 2598 999858285
667 1656 107
518 2635 998848787
1271 2120 13
935 534 267
907 3639 991121190
835 2349 999246840
215 2543 999990026
664 3345 134
451 3631 999804158
713 3999 140
826 374 998767029
347 1118 273
384 1814 997401251
1268 3011 997395566
1311 3491 999608719
312 2715 990126606
1179 3359 989161943
27 3773 85
288 1371 999729440
592 1935 151
526 1213 984619481
1131 403 997561142
995 1095 999924521
159 1577 998650283
66 1803 74
761 66 260
358 2027 989927591
978 3393 999867446
793 3856 998837458
708 151 274
1025 2752 198
1276 3149 997563055
1101 3846 999957943
818 1575 983933623
576 856 997232280
312 1475 998998183
383 3092 997221079
473 2572 981582594
6 1430 997666625
1226 3824 246
181 3947 999957488
281 2216 999922815
1040 1680 944585101
197 1442 97
584 206 260
1281 1130 162
445 2796 997949098
665 3181 132
1146 3667 33
342 1630 999981330
293 1898 993923627
659 268 187
228 2611 999937015
393 632 989041735
972 2238 45
975 2513 51
1186 718 998676758
1043 2068 999793871
720 943 989568262
814 3855 999881922
1169 2793 936787870
597 2603 85
981 1572 283
423 3314 987111152
1137 852 100
1297 1941 999571870
427 861 998791877
132 874 997399477
786 1684 999711316
156 3239 997545049
433 3625 216
912 2183 204
554 1101 995240719
740 2362 183
1174 2556 975299862
79 2575 997683526
661 2598 30
310 1054 115
1020 3093 999699942
229 978 996772991
560 1725 989603772
617 1774 91
482 1610 92
592 415 999864958
841 2669 980282682
904 360 999161969
1115 2484 963975747
172 3546 225
745 2980 999578472
682 1560 999790717
411 1911 104
1197 2130 999714797
711 3519 999436186
1135 2464 86
483 1133 999851725
574 2902 994810730
580 400 999914460
1113 159 953923056
854 713 996501405
424 2289 237
1032 3883 201
962 2761 159
953 821 8
663 3166 990320292
147 1817 999085583
1117 176 37
1269 814 999888091
141 3737 999960994
981 52 999541741
1262 2257 2
1213 3145 999565973
913 2460 995698501
12 721 166
224 1735 999828005
1115 2764 998164746
109 2436 998808736
890 2184 999961396
1128 2322 189
246 2010 998194965
370 3152 998909022
173 203 994108483
1055 3266 162
609 3615 997657270
842 2814 969425578
831 1800 999644449
835 3869 999853990
418 3845 973536916
1139 2836 62
1153 88 967165691
1164 891 999838346
135 39 991723933
1206 2430 259
1093 279 999776645
995 1375 30
579 948 999178331
941 2841 129
822 2038 240
247 59 999613923
189 3692 999207599
8 2345 999683542
410 3270 998889334
1045 1930 988536171
55 2724 998069568
39 3938 967393627
485 3494 252
412 1571 192
257 3870 999186955
693 989 61
1240 3464 997120409
483 2653 19
639 629 29
684 1241 126
510 2577 998081897
332 943 999880946
84 101 212
1150 2177 999972544
699 2991 999757870
98 534 39
692 2519 999996994
173 2963 204
1330 1573 993323000
432 3899 164
609 2375 975563220
227 28 79
520 1266 993263683
46 976 233
129 3672 999992547
1166 3282 997431490
1322 3459 995108861
48 3426 996247767
1034 1104 114
1282 1315 999918366
532 2211 999301774
237 2788 103
70 3584 999999755
1088 900 34
1081 2776 995793171
414 2419 135
1101 1086 974362238
684 961 998187764
94 2607 999800844
762 464 999899421
203 1617 999470846
1121 909 297
415 2430 979480044
832 2646 987188800
958 1967 32
1293 1925 999902869
803 2763 999979601
180 943 999995416
348 2317 999948033
210 3469 114
100 1373 998989061
181 2707 998738501
1060 3829 999997931
1219 1010 202
208 2281 978065061
1054 1217 203
685 2363 136
145 193 997355454
782 3750 995734321
1282 2835 278
151 3384 92
583 3921 995246865
5 2130 999969213
183 856 990041985
64 1124 62
960 294 999796963
866 3129 999998520
1240 2224 999313539
1174 2836 995169274
1138 3065 987395616
987 908 899571482
120 1082 999971427
361 87 12
638 857 999625999
682 3080 119
936 1539 998676285
809 2887 999954517
491 3671 999814481
715 2544 175
448 344 990272458
8 3585 999930108
1236 1203 992764381
1179 879 169
615 3496 65
1255 3542 996051204
931 3498 996680357
315 920 36
97 1217 999896441
267 798 198
1053 212 996861822
991 296 168
1132 3431 994787368
833 2950 998896244
56 1246 999813111
379 2012 999958044
862 2158 990891856
8 145 83
603 2006 997447145
1134 3533 999998440
127 2716 999472970
208 1041 140
1169 1553 997754348
330 688 187
123 2689 996620840
448 1864 84
651 3416 236
1056 1755 999823202
123 1449 121
1069 1545 998970416
1207 236 994341583
1067 3853 859239782
670 1329 26
845 2728 997762851
131 1159 998431856
385 3972 141
1188 2545 999985218
39 1458 999888102
762 744 999884179
9 2141 998209606
914 3733 942153766
1168 3696 998684115
1245 784 995394009
234 3377 999999371
131 2679 259
161 80 998038487
564 2394 996168083
1212 735 269
1138 1545 999930275
729 1844 47
955 440 995338531
806 2253 998606457
163 1751 998512113
127 2436 961157932
221 49 998125830
660 1019 122
218 290 181
281 1256 999993305
658 1241 997263922
1196 2898 998810648
456 2343 998724489
890 1224 998928934
540 1551 169
425 1193 976375648
138 562 999850513
948 3511 999865486
871 333 37
1259 738 998334177
589 824 999543936
492 387 994521903
355 3418 999001213
848 1210 999987469
1266 123 995495068
304 3667 265
150 1405 158
126 2709 84
685 3603 999313716
109 3956 244
398 546 253
254 2418 144
982 2150 997341196
659 3988 999067094
223 1561 238
762 1704 993955687
1264 1330 999798830
1192 3667 864512603
404 2573 989241920
29 3185 999507748
362 2864 999576799
828 3329 999926712
1254 3459 998249970
1058 1371 985904100
1149 3405 997984126
739 1301 80
1216 2946 999889297
688 1939 40
225 3061 279
982 910 223
891 492 974524845
1126 1643 971529052
203 377 268
1093 3039 275
267 3278 989722636
1 713 998464382
1054 2457 999611105
914 13 264
115 3903 999015147
1197 3370 999007104
1315 2854 997780586
40 2035 999015328
89 2979 127
726 698 238
1302 3558 997314739
1076 2726 255
546 1875 999882721
93 689 999547007
62 1899 224
1198 91 64
189 2452 999804120
1033 2409 139
656 2756 998448340
216 3751 120
179 1358 998169431
1038 1518 272
344 226 79
976 1266 999358188
705 3697 229
957 3610 998969492
313 1339 994955297
789 1410 262
950 3694 29
1040 2920 991799797
590 2470 988983402
411 391 986069829
1211 3497 999923920
1050 2903 293
1106 3543 995363340
829 3950 999908657
804 414 29
1221 1492 909947412
566 38 957139290
842 1574 116
553 1427 908906099
683 3511 995983646
1110 2300 999865323
1218 3538 961482604
904 3120 995242869
175 1056 143
335 2818 989457711
258 1807 992924306
711 1039 996373027
59 852 956115414
238 1416 50
959 2929 874952478
815 1431 999999841
59 3612 238
1287 2344 247
188 2334 999977404
59 3332 999612832
1023 3392 920322999
905 3555 982987863
80 2335 104
1229 1456 993381007
205 510 904321452
386 1804 999355860
791 2294 997677807
493 2087 999883935
277 808 973212539
153 3560 201
319 135 81
856 2680 998816002
466 1875 999966278
1306 276 227
1019 2081 293
356 2499 999953560
1220 2390 999770223
802 2352 993718652
977 3476 106
402 1574 73
1000 3056 132
51 2123 998784437
952 2895 239
206 275 998347976
677 414 991318690
136 2812 997643793
1041 842 281
602 1504 999986727
978 2153 274
190 1588 275
395 3515 97
1111 687 291
726 1938 999308707
244 1186 999999084
308 256 999769134
1224 1058 997511126
162 1848 987897813
572 3642 52
897 1765 238
577 1701 999868537
638 3617 128
574 1662 998869289
468 1137 999516869
270 2213 955237978
1209 849 998658164
242 1187 999938165
343 665 999996931
641 1315 149
1270 3203 974168589
369 2579 999999499
722 369 283
1 3473 18
1283 3879 995448468
644 123 999995523
945 3121 999759889
479 1975 998630934
743 161 999964024
1241 1085 113
1305 505 999371801
1198 2571 999539750
745 1740 999257915
1252 3960 108
961 1556 214
655 1976 992916733
1046 3561 84
1246 2370 200
292 1135 989272921
127 1476 922673500
1169 1273 999920055
383 52 998050028
651 656 999849635
141 2497 214
340 1700 996820051
368 1845 96
138 3042 989603627
12 1961 998047591
101 327 999337581
795 1262 25
890 3704 992674865
1170 1941 163
1289 1131 993822233
736 92 996950335
187 3444 999701185
668 1911 68
1239 3454 280
1085 3487 46
544 3631 999238714
1199 3119 997978614
694 3303 992233914
787 3274 16
874 3362 996954888
1165 3150 998763056
214 2265 43
704 715 976304712
435 3539 222
1168 1216 210
162 328 991807168
235 1989 997475082
1168 3416 995501141
575 2358 84
294 2066 111
438 1389 997100593
974 1130 983714318
913 2740 995246085
493 847 277
1062 1960 999997530
1136 2978 996743492
1114 3742 223
673 3681 999268943
1078 1578 257
110 2558 997974916
949 1994 991942606
357 3606 999970089
1266 2883 282
641 1035 998798627
1038 2758 999993939
1233 745 999399805
66 1523 999199533
825 2392 298
138 2082 120
154 2735 107
772 2447 993840194
1236 3963 999562051
1183 2556 45
527 1425 971103905
942 2602 979590236
1186 2238 146
74 1017 998825422
703 1750 131
45 649 38
1101 2606 133
847 2024 999989747
544 2391 47
386 3044 994357871
1265 230 155
307 2023 969976342
1095 820 163
549 3315 997815569
334 1841 994347797
588 1374 191
371 3386 176
1077 3572 170
112 3487 996719405
1112 1591 998426998
345 2869 996060158
277 3848 3
809 1367 999998733
1073 2354 999997462
905 1075 275
1281 2370 967131279
116 3052 999465454
535 3299 992953647
472 811 999887560
995 815 992512833
427 3621 42
1180 1116 995629139
824 617 277
1274 3252 995582643
783 3954 976747014
1218 2298 245
114 1797 291
634 2199 999821752
548 2275 98
68 162 999895320
603 3246 995099160
913 3980 991612945
455 407 1
823 3301 997658409
969 2921 227
353 3015 999998036
31 1576 70
889 1191 981497562
327 2090 999161541
985 3558 41
1263 3320 999830066
893 432 996491216
281 2496 997028704
805 2242 999996807
522 1971 995353929
947 939 999371820
774 1640 296
857 3697 999673160
642 1240 999876816
808 426 267
756 2624 999924874
782 990 989598417
1022 1886 192
171 1747 246
821 2423 975829484
356 3739 998715013
802 832 999694649
871 1573 981121593
1188 65 999967710
1322 699 935698313
1292 3373 15
680 1628 290
1041 562 999875510
631 3116 998609049
971 3972 997739411
188 2614 999878621
512 2173 999999085
759 3603 996242464
511 2511 999814816
1058 131 998446744
1251 394 999975265
399 2900 85
259 3404 93
1018 3439 33
72 121 999763793
843 1851 164
704 3475 995114602
87 187 227
875 3124 999910027
1001 29 999988852
509 872 997522022
140 2019 999435911
673 921 999976539
383 1852 38
117 3814 197
698 2407 999991146
666 1331 233
529 1913 994020832
130 1772 996329105
230 502 997881864
1035 3754 999964887
326 1682 998373203
133 440 998140245
917 1386 27
786 2924 998787080
590 2190 999083584
652 1077 999473408
410 2030 999978831
749 2178 121
457 2893 147
250 1791 999236377
501 358 998286528
228 1651 281
1007 1103 999919621
923 681 955545832
813 717 999814523
1261 3708 47
385 2452 999562865
916 1663 999999963
218 2770 999742955
120 3842 182
429 594 998162554
489 2648 998651789
568 87 130
183 3616 999996924
926 475 151
1263 2080 259
242 2707 998150659
499 3383 985644464
914 1253 999316976
1188 2825 999180671
245 392 998456803
1073 1114 993252387
531 3747 998852371
1131 3163 999867237
243 1793 994780251
1193 1844 990978977
1146 907 979673485
126 2429 998327827
145 1433 986554258
1297 3181 936641018
733 1161 966070379
155 536 999678965
236 2153 277
1106 3823 205
481 2918 225
505 2394 990824593
173 1443 958088467
521 3364 172
612 743 994083913
724 1498 999999352
437 851 133
292 3895 998915283
547 2740 999786114
646 3089 165
1023 3672 999241824
264 2218 297
413 522 996912508
644 403 215
233 2429 995352713
514 3586 156
673 2441 998587383
336 918 999978586
1134 2293 989617464
629 3912 999187101
1315 94 979014233
587 317 999884203
693 2229 999530539
670 2569 999218110
1018 679 999806418
1039 294 97
808 2906 999463819
1169 33 999967587
818 3095 262
240 802 206
742 1147 234
104 3932 999246361
1326 3500 999020803
12 1681 998410097
773 993 997732246
243 833 203
340 3220 992947904
901 3406 991877110
282 1258 967317264
196 3735 999998841
529 3433 38
748 3638 265
1087 1351 117
524 3792 112
990 2934 937016511
1079 1934 147
1143 730 127
221 1569 87
196 2495 999436960
466 2155 41
1140 3451 997957834
1117 1416 971615418
1202 2250 34
1071 1115 997331726
523 1583 962122790
737 1202 999780167
92 896 999306153
939 1922 992716822
546 2835 999774016
945 3401 233
186 2281 198
1185 800 985062165
807 1755 999805900
822 1758 999940861
54 3511 999996320
1267 1631 999644750
499 623 973322487
461 2555 999963703
432 2379 999946716
383 1292 999913485
1002 1477 134
1288 1281 274
91 755 999985696
1216 3226 27
1198 1331 999512474
1304 3067 231
637 3211 999985822
479 3495 977093408
698 1167 100
880 3172 996852918
294 1786 999979432
434 2329 996329519
189 1212 999344946
1326 2260 994016200
772 1207 997084939
1204 2060 989093985
185 3638 997468004
1164 3371 997075115
379 772 75
293 1618 972272665
1301 2879 998359886
1195 178 999723858
1173 2738 999772227
605 2544 997364479
1296 410 172
1032 1123 975065586
1098 735 233
375 2162 994834042
69 391 197
81 1708 995329409
958 1687 999918261
48 666 999949111
1203 1667 67
656 1516 999673409
1119 340 996592717
666 1051 998366342
4 2443 158
1053 492 923594319
956 2266 192
378 3519 55
774 1360 998585616
865 2429 205
824 1857 974050473
162 3088 907086897
1015 2592 997352556
1047 1919 988133107
479 2255 22
672 2727 183
619 3765 999402038
446 3897 995272045
664 585 998329310
445 2516 999206886
509 2392 31
556 3342 999290126
346 3013 992652574
911 2649 999974383
204 875 10
984 3843 932939183
1001 1269 980418569
1074 2091 985176501
850 2984 930703785
397 1364 999746139
376 3140 26
810 3914 998708998
933 2994 31
1063 1980 999204533
1099 2842 994924575
493 1807 999835363
919 1218 174
923 3161 995515310
102 2927 999167460
767 3777 980488834
960 3054 137
1169 313 236
876 3850 54
1294 2239 999705312
1228 3057 282
186 3521 998180011
746 1089 209
486 2174 989031632
971 1212 999910708
753 3262 999723593
1137 2092 993779775
944 243 992441972
365 1144 885565971
484 1483 975516682
214 745 998944080
1022 3126 999328910
75 238 994198531
274 3102 994199847
1110 1060 233
425 3953 169
170 3613 999074214
1223 3379 2
817 2639 281
23 2239 289
939 402 999953475
246 3250 999909382
1189 3031 970317637
870 1089 991004038
548 755 992728654
273 2241 777160540
838 2245 146
419 795 123
1333 1372 999657751
616 949 179
945 1881 999763634
730 3183 938952111
287 2608 22
1162 2741 998893176
119 3380 999789604
408 1539 999662602
299 3213 234
681 2245 999947474
388 1595 997981581
630 2781 990232227
733 3921 999956053
691 384 999811090
684 2201 999671183
494 2618 999999996
1298 1594 999976170
486 934 125
85 3849 999966221
449 569 998775007
206 3035 37
211 1597 263
1307 1980 999984351
1119 2820 961953854
654 997 237
1268 1771 179
479 3215 999900665
499 2143 28
705 3417 993477447
83 1896 175
446 2657 996870800
304 2147 999637504
448 3104 999997846
836 3273 76
1302 1358 63
234 897 211
288 131 995084942
977 3196 981947031
667 2896 994309918
611 3825 118
799 481 124
413 2042 276
754 647 966581008
1255 3262 999376810
68 2922 139
274 622 998293489
678 2409 192
744 2016 991046389
772 3967 171
723 74 999995502
984 1363 245
684 3721 998835363
732 3343 176
848 2730 998748184
747 2643 999747745
908 1590 200
111 1749 999963235
861 3135 999516530
1176 1063 999940980
1227 832 997373499
788 2715 121
785 584 126
233 229 285
696 2067 117
417 1198 109
1041 2082 996587897
16 871 139
557 189 999731660
260 1108 999970114
1073 2634 49
941 81 998736808
983 3442 189
859 2615 999850521
98 1774 999978488
1220 3630 999567837
338 873 142
478 3247 998648312
1187 3602 19
808 1666 999537524
1120 1756 824415862
416 2993 990785354
441 2065 220
853 2388 92
761 1306 999995959
826 654 999864619
1181 1283 997511575
50 1599 131
29 705 77
750 3581 947656727
537 1282 44
503 2955 980095386
181 227 145
281 1936 999792564
815 2951 239
157 717 995247722
966 1665 287
16 3351 999970092
1016 540 211
41 3502 999918302
927 3341 274
164 2605 998865352
1027 3149 999343439
957 850 954475192
322 619 999960254
1200 1594 999379792
1058 2891 999794935
14 681 180
527 2665 922746167
212 2632 999999329
694 543 989136397
384 574 999833386
182 2310 965040274
758 3698 996087663
243 3313 997070665
278 3093 989309484
1040 440 62
118 611 32
755 1106 206
733 2681 994647286
1055 2986 999178006
734 425 6
1116 1819 998414869
236 633 999113151
739 2541 999737080
262 1087 999814314
797 557 231
13 3392 226
1142 660 999971475
16 2111 995538556
127 1196 999909222
1308 448 997135613
481 158 998537614
971 2732 128
1173 1498 48
493 567 999594755
1060 2589 17
925 2324 963910218
706 2179 999876497
181 1467 999435387
146 644 154
757 3012 999386373
504 3442 999634780
861 1895 999388232
1217 965 999965953
65 3831 39
412 2531 999814641
998 708 997575249
657 1761 996836653
1044 3349 981225730
346 253 998952705
1176 1343 999946594
92 1176 178
1164 2411 229
222 478 997450054
598 3918 999900906
428 1336 996329044
782 2230 988671079
783 2434 999999995
890 2464 987479271
827 14 999617001
1012 2957 983680436
1028 256 176
390 3882 996519025
945 641 995389701
599 603 259
240 1762 998946986
510 97 258
618 2844 998995955
28 538 999622029
765 805 189
1300 1613 995110542
405 2372 175
1168 936 999275838
576 2376 208
972 3478 962671333
1206 3670 999818823
579 2468 219
1304 307 998484771
23 719 982937130
1205 2698 994412399
1276 1909 987915228
363 2848 963098819
92 3656 998904881
699 231 998173276
142 1063 8
109 1196 999883215
311 548 999945818
255 780 999876269
722 89 996521736
29 1945 999931642
135 1559 219
386 2084 3
725 1120 161
803 1243 998956752
9 621 997096604
956 1986 950809446
350 3166 985611057
288 2891 14
740 3602 960314197
1018 1919 998713593
1162 261 75
1294 2519 999970270
116 292 998846655
839 1187 998917547
1075 1514 999253765
1303 777 5
1221 252 238
75 2998 8
1261 2188 995358163
985 798 999999929
1158 2479 999111362
612 2263 65
863 3099 999869590
79 95 995219179
284 3657 992132097
1214 1044 203
259 644 999594589
784 2357 160
634 3439 992384594
556 3622 980258055
628 379 953618444
592 3175 996721938
539 2039 29
469 1014 988219090
158 1128 998923378
994 2005 964709788
466 635 980523569
1300 1893 999996217
807 3275 213
1182 1834 998632706
322 1859 999981110
1096 2383 206
1277 3248 8
601 2726 999992533
1182 3354 999424584
906 1917 999430203
1147 945 991160347
1061 685 116
900 3544 70
236 1873 998261633
269 2065 156
502 1904 293
39 2698 999611790
353 535 96
516 790 49
1188 1305 984003278
1245 2304 208
360 3821 272
775 2450 61
63 2828 31
157 2237 999434266
303 101 33
1030 1211 999205085
1208 1182 999808643
53 3256 999501611
844 3047 223
785 1824 999995917
1309 3015 247
1057 3947 999963444
143 2464 989509060
610 478 997919050
891 1732 999861953
233 2709 985132751
655 736 999927388
1321 1063 218
637 2931 991563601
1190 2013 998382353
1327 2450 999995125
1079 3174 998687353
328 3172 999457553
450 1171 995525566
714 2975 212
1237 251 116
1253 108 934121711
783 1194 996785875
348 1077 72
949 3234 998785170
469 2534 996692288
1033 2129 998674645
932 2125 193
407 2715 983687247
495 3090 999957748
829 2710 998071033
1042 2772 174
744 496 999680624
1160 521 961410130
364 301 191
263 3691 224
650 2096 998671535
334 2121 16
121 3774 189
134 1844 999927503
694 823 156
1179 2119 995631948
627 1502 998645695
218 10 999525841
744 3536 89
369 3819 997968714
1216 466 999732084
1260 548 217
1087 3551 967625716
458 194 945154812
197 2682 999619200
131 3919 997511613
507 2678 89
111 3269 168
57 477 999985516
127 3956 999992861
406 1736 209
924 3467 79
1042 12 996352248
1 433 999918124
309 1855 999185337
121 1014 999307212
841 189 214
1074 3331 999130178
56 3726 996348937
284 1177 987448735
1200 354 999828899
453 2265 122
474 2249 982848439
520 3746 985698930
927 581 989254585
302 2454 999246249
912 3423 999773055
1089 842 999972783
955 3200 999436531
363 368 300
339 3699 949431670
493 3047 997516785
681 1285 79
823 821 110
733 1441 162
1181 323 991456049
1298 354 94
793 1096 993666389
1049 241 999724361
991 1536 992664981
745 500 998396398
1302 1078 999536668
1311 1971 999994562
525 16 999016853
129 2432 995890572
1296 1650 993380241
639 3109 967126516
339 1219 91
669 2577 999996144
814 1095 898340370
366 1091 995762053
650 3336 984795202
1045 3170 952927338
313 1619 166
236 3393 999880503
1018 3159 999686761
295 648 996901087
509 3632 997924017
697 1097 997893168
152 2889 999522946
67 1331 177
585 245 183
1103 3711 999978039
718 2328 170
412 2811 982995670
835 2629 992211236
1211 2257 22
192 3093 999381522
107 3208 999750975
271 475 22
1111 407 996602906
837 2189 999434386
1314 2089 983139935
1231 1380 999902437
562 2587 197
634 959 134
78 1912 5
480 2554 996340813
198 354 174
1098 1695 930580012
329 1006 245
840 1207 996835213
40 515 986830727
732 1823 999886604
291 3329 997090116
201 1357 999759700
895 1575 55
439 2741 147
873 574 116
644 2883 997259357
1259 3498 976873425
992 724 996449492
849 2817 997868241
401 2933 55
188 3854 999813214
1012 197 998026366
987 2428 223
584 2686 975069382
891 772 117
1181 1563 991850995
1139 76 995566724
1124 405 998545386
1292 613 999476665
316 2828 117
805 3482 994492351
716 2553 996150916
38 3317 999836326
490 2461 999413285
66 3043 999797837
549 2075 994456469
886 2146 990999978
125 3381 999926520
892 3833 999264918
744 776 999997904
9 1861 994015674
941 1321 997997613
273 3481 999866937
557 2949 265
281 3456 999830835
550 2167 295
695 64 229
967 2359 284
428 96 31
1133 26 996595287
1174 76 999203074
896 3186 993772586
1075 1794 997651142
12 441 998910080
382 2225 40
796 3385 999563737
35 1670 998774562
832 1126 999950683
1117 3896 972665021
1049 3001 164
213 3980 999929634
556 2382 992368642
155 2056 79
963 3207 186
469 2254 999172040
1066 3705 999480023
677 3174 199
264 3458 999957203
1306 1516 972111981
755 3586 999212067
1124 3165 93
1001 2789 71
1140 691 999528687
147 577 997010474
228 2891 994203514
1081 296 281
820 3116 984331123
1175 407 975220887
365 2384 990697976
486 3414 999995743
546 1595 994981040
1087 2591 984730327
821 1463 138
1299 1607 996464450
84 2581 966722373
1178 3014 998543390
1130 3186 999874344
572 882 999599169
1087 2311 999424135
209 1811 999600545
1197 890 999928417
374 1992 996547195
114 3037 996225383
855 2180 998410822
1247 1690 999022454
239 1585 255
882 728 28
500 3525 986666018
726 418 985236812
102 1687 999860536
126 1189 999115879
347 838 950473516
303 2581 994287221
418 2605 999933771
161 2840 215
1238 836 999962417
8 3865 989448851
697 3857 986163159
41 2262 148
589 2064 998388166
186 761 999050704
1222 3670 86
160 3471 994742007
1253 2868 999682011
568 3807 999827060
1182 594 999420778
55 1484 999598659
164 1645 152
1090 3436 999812012
847 2304 78
1090 956 150
624 1768 278
115 3623 999343691
377 2022 148
758 2458 999832687
293 378 878166033
600 2707 998644129
2 659 999931892
640 621 977203723
666 3811 998702911
819 500 999986709
1005 2890 999958146
607 971 76
520 2506 984290701
1053 1732 999674262
808 1386 999621062
225 301 999232557
265 3863 33
1324 2257 997941692
423 3594 174
196 1255 970312492
1232 2522 160
672 3687 999902315
1222 910 979948143
524 2272 996967377
491 1191 999921861
705 2177 999980923
89 219 969194825
1012 1717 999310759
230 1742 999917717
138 1802 989157835
535 539 929405163
1181 2803 954315854
202 708 982821893
1005 1650 168
949 754 112
1122 143 985223811
628 3139 998887898
201 2597 999976027
1195 1698 963390406
956 3506 999858474
53 2976 998547513
36 3600 292
659 1228 996750796
896 706 134
539 3279 999700936
1183 3796 994098069
722 1609 999978343
643 2532 20
1130 426 999817444
632 400 983362680
1059 1509 135
678 889 999631193
1048 3241 48
30 288 999994949
1190 3253 988755711
644 1643 897715737
94 127 158
1181 1843 999978485
617 1494 999999784
495 610 27
929 1164 998943779
598 2678 263
340 740 34
733 3641 998277476
526 3973 6
1161 3918 80
1317 2657 285
33 3034 42
228 131 999997453
451 1151 92
499 1863 986426858
662 1521 993090256
976 26 124
456 823 999761228
447 3898 86
781 3051 284
547 3980 999930282
241 2602 999986453
72 1361 942432949
547 1220 999879375
163 511 125
255 2020 968265353
459 184 299
621 1082 999024210
39 2418 999673631
65 1071 995241723
1021 1783 148
1199 359 999999155
462 1962 985827896
241 1362 997110085
322 3659 241
505 3634 999378528
274 342 999958501
105 701 999507351
1214 2004 999673957
812 3884 999385081
930 1348 96
653 3435 129
1103 951 999987849
125 3661 74
279 1097 990946138
756 144 999649254
339 2459 986275109
577 181 981857751
859 1375 973869414
1226 1064 997125427
586 407 999812841
1002 2717 996393211
325 2565 157
571 1151 995129748
944 3003 81
55 1204 999957679
809 407 180
985 3278 987171039
852 2203 990706107
593 2724 999393227
185 878 999882063
704 2235 228
173 2683 999110866
28 1778 998872906
245 1912 110
256 214 999937773
508 3116 269
1023 632 992696683
1254 3739 999997852
511 3751 999598071
1037 2367 999987654
1117 2656 997449804
646 1569 996679900
587 1557 997367281
648 62 76
1310 3476 999148772
1065 861 999371322
969 161 994442419
743 1401 999518157
614 1496 260
12 3201 998436701
939 1642 986113198
1197 3650 257
404 3813 997026054
179 1638 265
305 1566 265
250 551 999722224
1306 2756 991031674
1230 214 999968159
359 562 999970895
1077 2052 999148102
845 1488 234
795 3742 998719626
88 431 252
1290 2480 106
736 2852 999029917
1273 739 271
854 1953 993349098
722 1329 980694482
555 800 999564042
566 318 276
1091 1534 981107002
1245 2024 986094809
988 1835 994514446
826 3134 999656722
1295 3020 996293598
906 3437 180
492 2867 999996602
293 658 999856397
1199 1879 999655232
891 3252 999792724
962 1 999972081
569 3037 280
1026 1585 999996336
1225 3201 999986144
1165 1630 992264741
270 973 269
623 1062 992133911
1320 1441 979807431
84 3821 999994068
119 2140 231
248 3832 1
760 154 999965186
91 3515 53
890 3984 228
318 2086 998729304
35 430 223
9 901 999731662
924 707 998725912
705 657 983477093
404 1333 94
1070 2301 997513234
681 2525 999425430
892 2593 119
164 1365 993609496
276 3663 992153323
556 2102 999415389
396 1333 103
449 1809 998067182
598 1158 998218564
1214 764 999977070
837 949 999998462
1049 1481 998689386
418 2885 256
887 1376 985937081
1184 3001 292
293 3418 157
1126 403 98
249 735 989205240
1189 271 999740322
1270 1963 143
295 3128 957637989
610 3238 202
166 1863 999991401
359 842 77
1151 1641 999963106
1233 465 999959230
1327 1210 999794932
573 2392 195
179 2878 983770419
225 2781 998579135
396 2573 996271107
1186 3198 999831288
102 447 999886194
1184 241 999705790
503 1715 79
1244 171 999498568
974 3890 998619188
489 1408 998500346
857 2177 995022040
965 1161 141
635 266 52
1269 2334 190
1256 3560 992682363
137 3282 943437880
1097 2285 999973370
903 2999 966162307
359 2082 999962467
53 496 999391184
375 922 280
675 3091 999998252
1008 1765 281
689 865 997212760
806 1013 284
628 1619 970434688
1090 676 981559759
475 1458 182
1120 516 999961628
710 426 272
655 3496 999947521
66 283 999069500
56 2486 984035462
504 2202 998303573
950 3414 998233613
558 695 119
384 3334 7
284 2417 960696367
346 1773 216
1246 3610 997806907
821 3943 997754763
937 236 15
346 1493 992832438
1305 3545 999980537
504 1922 992258827
126 3949 970927830
1213 1625 995565385
1090 2196 999641512
458 2954 999836526
1075 274 999521789
948 1031 27
426 3235 289
1236 1483 131
276 3943 130
225 21 987071208
443 551 197
1103 2471 954518498
577 2941 999423580
986 371 266
770 3572 219
342 3430 225
849 57 992077586
523 3383 999969541
243 553 999716852
1289 3891 995840968
1041 3322 995007327
699 1751 998732015
386 284 999598430
450 3931 72
540 2791 999903794
340 460 999889238
342 670 999979803
320 1506 170
1251 3154 239
536 2784 251
25 1159 180
1028 1496 986163707
159 3097 999956043
1138 1825 29
680 2868 999998942
145 2953 999874800
345 1629 178
649 1902 988764351
185 2398 78
1177 672 2
1275 1585 244
1253 2588 999999985
620 1807 139
1029 2671 28
617 2734 999754574
1130 1666 978323709
993 723 999459917
202 2228 200
684 2481 999335764
2 3419 130
176 5 51
743 2641 997682730
415 1190 3
438 149 198
458 1714 94
1299 367 163
16 591 999974812
970 2455 171
1280 3303 113
324 3152 999523956
1233 1985 999978669
343 3425 113
1202 3490 996186010
207 3951 264
633 3229 999340879
650 856 111
609 3895 200
1219 2250 980636013
323 1302 999948412
366 2611 156
796 625 999217461
1174 3796 989961391
282 18 999977488
293 3138 994934376
134 3364 286
390 1122 998227682
1331 3881 999916931
632 1920 131
648 2542 989759323
1243 435 161
1154 3908 184
763 3139 999993054
420 1689 275
496 3615 101
956 746 994638965
826 3414 168
257 1390 999564652
608 3766 957584205
1165 1910 992501173
1106 2303 999215986
575 2078 999927104
816 1111 201
1243 2915 999349466
706 3699 985239315
107 1968 999206221
654 2237 999053130
778 1627 999099334
853 3628 999797277
176 1245 979846046
1248 2434 998508434
252 3302 999727042
350 1926 987109719
808 146 999998784
858 1229 999757766
542 924 998599190
775 3690 999769923
256 1454 995743470
1274 2012 153
569 2757 999995214
1122 2903 999339575
226 1988 999901377
147 3337 996545426
809 1647 980549969
1150 1217 972002646
655 2256 170
934 704 978074840
517 3298 999924895
229 2218 999969363
207 1191 999035729
445 36 999943520
192 1853 26
149 2503 999992197
10 1080 997662152
1253 1348 994730789
993 2243 999928510
1203 2907 991062439
139 1841 72
342 3150 999928524
1099 82 999999628
436 1346 999851641
1018 2879 997876355
910 3256 999973998
757 252 999988908
22 3305 999802054
180 3703 285
157 1957 977027738
1249 2067 104
214 3505 998529197
461 1315 999998389
489 168 134
849 1577 37
1240 984 59
1112 351 261
584 1446 999943057
306 2946 152
1326 1020 999212230
360 1061 996281295
1285 2569 266
5 890 154
1192 3947 112
280 3784 999408994
874 2122 981823417
972 718 989810935
469 3774 999805904
256 2974 233
1250 2391 78
751 2882 999635680
48 2186 161
786 444 127
834 1692 999748993
38 1797 999782524
615 3216 999079677
474 3769 106
262 3847 985187890
921 2459 64
923 1921 999913838
783 234 273
295 1888 992737427
860 465 998957961
474 729 981026416
1176 103 110
957 1130 158
990 3214 280
418 125 962192866
637 1691 997471361
936 19 999793673
566 2798 998611769
738 3777 193
1129 1277 145
311 3028 982589870
438 2629 996678902
987 2148 999480168
678 2129 994871823
487 3558 976094217
1142 1900 998720208
355 938 29
95 2039 999963678
674 2628 53
1183 1036 999390220
1098 175 988311367
1330 2813 999980286
447 1138 997380796
1013 3529 999721972
781 291 999875426
184 3271 999303191
696 547 999999039
463 3524 998864969
800 998 924147742
774 2880 999854820
923 3441 79
850 224 999849990
884 945 999183137
162 608 77
727 2895 999977437
492 3147 100
795 2502 999024665
1089 2082 999393544
169 2471 36
951 1631 45
307 503 999143067
1308 3208 999728552
722 2849 999972363
294 3026 996165157
938 671 220
393 3392 231
208 3521 999991486
1220 3910 100
1307 740 999795689
1307 3500 997227391
113 2703 198
615 1976 999798334
832 3886 993353040
281 696 999778931
1195 458 133
557 1429 999061980
583 1441 246
1098 1975 999589427
309 615 75
341 704 123
54 3791 999965701
61 3981 229
964 1889 18
1102 1083 992333956
791 1054 97
332 3423 999646351
510 1337 999994558
977 716 995601969
840 3967 999733908
857 937 999953177
902 2665 243
524 1032 991788723
323 62 220
795 982 911686354
391 578 998378034
1246 2090 997805879
296 900 996267902
995 2615 999810961
1010 2353 989452913
1291 1083 991934410
678 3369 998683480
866 1889 999461113
720 2743 183
8 1385 999861182
525 296 161
553 2947 17
648 1302 995325773
623 2302 995050464
533 3500 996190787
389 2621 994080222
278 1853 253
363 1608 992970497
34 203 999995832
1298 2834 997310351
1162 1501 988359896
594 699 999999266
72 2881 188
1133 306 62
320 1226 999719923
643 1012 999386075
277 3568 999320792
1166 2042 999871003
679 1484 999973177
596 2187 197
87 2667 999762526
146 1884 996724701
331 950 999911242
659 2748 997104077
567 3459 136
190 1308 981036795
136 1572 171
604 2274 998832278
747 1403 246
787 514 999702498
1265 1470 999987931
1235 3482 176
1074 1131 999724048
112 727 999924449
387 496 130
845 3968 990685503
914 2493 999999022
1098 2935 998396990
71 171 232
418 1365 999785851
332 663 995862462
57 1997 194
296 1180 140
430 3612 994821592
1284 3428 114
1056 2995 999967102
716 3793 997932928
392 3430 69
839 2427 999477203
1168 2456 999760873
375 642 996945066
1287 3584 999623406
56 6 184
164 2885 999297114
3 1118 9
913 1220 997244459
307 3263 983254451
1324 1017 999350442
519 1861 990548830
90 3364 999932973
828 2089 24
925 1084 262
232 1580 276
37 847 74
756 1384 999742342
614 1216 999946376
1104 3641 261
1204 820 994889990
70 824 999965909
894 1164 999998792
435 779 990687393
15 247 80
405 3612 999906859
282 3738 998825881
920 620 980322751
501 3118 994764816
565 2170 999219205
881 1669 998705137
372 2875 227
201 117 187
352 926 999616976
137 2042 36
1264 2850 999614037
675 331 996832673
779 3469 999533549
896 1946 995189240
544 871 992151407
766 3918 999991009
1327 3970 995425973
790 637 997514804
613 3615 69
869 1347 215
165 2909 998319026
288 2611 999815192
635 2746 975618752
966 2905 995988078
898 2598 11
752 823 296
570 2394 124
875 364 999950916
1023 2152 999952393
749 3418 999981124
428 2576 996567680
1259 1978 989423656
191 2026 999995464
46 2216 999283554
1010 3873 995217543
204 2115 999373042
1160 3281 951252859
951 111 999951427
269 545 999770986
383 1572 999802418
883 3570 240
1290 3720 995053494
1158 3719 991950532
1152 3133 36
558 1935 999583482
888 808 999999963
1300 3133 999995233
392 670 997626715
733 2401 999990183
1027 1909 982881284
861 655 995798538
484 3963 999210701
1135 3704 999693782
731 710 264
255 3540 296
1212 1975 998495327
406 216 999984527
275 3120 999999750
782 2510 985138814
420 2929 999673182
1272 1386 106
1078 2818 994823932
940 803 999900339
174 990 896967339
1011 3022 999555776
990 454 998382050
686 1315 293
526 3693 993542005
1150 2457 999463722
993 1003 38
782 30 289
840 2727 260
1002 3957 999954799
1011 542 184
636 3754 157
645 655 993658103
751 1642 74
782 3470 998982160
803 2483 987031434
340 1980 999772787
1310 996 172
541 2237 10
595 876 999999968
440 3938 53
1293 685 126
697 2337 999575624
569 1517 987086163
780 2418 999983909
320 2746 996213242
397 1644 129
349 3774 999992678
387 1736 998942799
106 1381 248
677 1654 998926824
974 2650 127
1298 74 995322799
980 3576 32
1230 2974 123
589 3304 999468802
603 766 998457271
985 2038 999306317
863 619 999845404
226 3228 999305931
1182 2114 2
10 3840 239
1080 3016 237
963 447 997962852
532 971 86
1316 2216 999596598
1283 2639 253
813 3477 286
165 1669 38
1112 1311 999905862
909 1562 993974378
1289 1411 197
867 2849 999735582
671 493 186
300 885 158
491 2431 996231102
796 2145 230
235 469 987049376
603 486 999659895
9 3381 997802676
848 1490 141
641 3795 999887214
1316 3736 969088748
778 3147 136
777 850 998488931
763 1899 997748406
401 173 999952644
591 2412 68
959 449 249
122 476 998461406
294 3306 999258604
1108 1911 999962054
1207 2996 997714141
70 2064 999468902
157 3197 998284542
724 2738 970342159
678 3649 999946634
582 3708 999996462
977 436 998718035
1141 3683 994081750
711 3799 195
539 519 999990498
28 3298 49
893 3192 213
689 3625 20
1330 333 221
490 3981 171
193 1431 69
1192 2427 999994331
681 1005 999599968
574 142 999925677
702 3781 998536591
706 939 999674679
25 2399 999748079
913 1500 992719631
1084 3197 84
629 2672 990189883
1272 2346 997750898
6 190 998920432
1230 1454 996966484
881 3189 34
838 725 984793546
587 3077 998807217
555 2320 204
62 3139 999938091
321 2220 45
769 1664 996334996
209 3051 998884223
417 2438 999113484
821 2703 998328162
17 1785 71
757 3292 137
308 3016 187
1110 3540 999987824
1039 1534 996351400
92 2416 910603880
1244 1411 990397967
1081 16 997552169
189 1492 285
1258 276 195
989 1215 132
1216 1706 999830241
1103 1231 196
176 2485 997387854
189 3972 998797215
33 274 998362126
661 1078 999512903
1023 912 998927035
78 3152 998858371
269 1785 999798235
1148 423 11
268 2043 208
544 2111 999859347
1112 71 994689658
872 90 999473653
106 3861 999708265
320 3986 996117673
393 1872 977922729
765 3285 996103962
505 1154 999786306
868 1097 221
106 2621 999506205
913 260 999191762
313 99 990328986
1009 812 63
448 1584 991019139
53 2016 226
822 3278 998775641
1098 3215 995817008
992 3484 33
1237 2731 993818056
32 760 227
681 3765 999997877
658 2761 34
602 264 996341972
683 2271 55
1302 2318 997156058
1026 2825 999556053
830 74 164
212 1392 213
940 3283 998983616
1261 948 999999954
145 2673 999719891
245 3152 999600060
21 1835 165
590 3430 995452549
530 385 243
246 770 87
812 2644 152
820 1876 999914139
905 2315 999313878
700 2455 39
893 1672 994333565
1018 1639 996532596
820 636 137
1297 421 968023063
888 3568 999590154
1043 828 84
89 3939 993627534
85 1369 999997431
402 54 999971370
665 421 990512934
9 3661 294
627 262 130
529 673 997133988
208 761 999979557
63 68 989768388
1071 3875 999859510
70 3304 999115547
829 1190 999881011
183 2376 993682454
702 1021 999708753
978 1873 999183029
407 3955 999637723
304 907 993178718
556 1142 94
258 567 254
954 3767 36
23 3479 999465109
1229 216 999273343
1299 2847 997898356
1013 2289 222
43 2051 998571739
86 2860 88
784 2077 999828115
1057 2707 998689878
500 1045 200
1279 3174 884521829
542 2164 999996931
459 1424 999939154
736 1612 33
38 2357 256
568 1327 997662445
250 3311 170
476 3740 999616657
225 1541 997324223
88 151 999993239
1158 2199 999635190
635 1506 999218900
350 686 156
574 1382 994294475
1147 2465 231
640 2141 997924281
262 1367 185
507 3918 999987178
1055 1746 998259267
1127 115 183
892 1073 997485792
455 1647 973550937
1062 720 8
254 3658 996773769
978 633 999921245
1213 1905 148
127 236 34
263 931 999975280
888 2328 285
875 2564 998438299
1255 2302 258
383 332 989101104
362 1624 185
530 105 999639840
1044 2109 226
450 2411 999962865
500 2285 999950663
285 3056 24
955 1960 257
138 3322 998961529
848 3970 999880474
1211 737 996387762
1165 670 999972425
253 1550 238
743 2921 178
623 3822 190
580 3160 289
128 1418 999841462
178 1258 150
8 2625 999939967
716 1033 994741445
194 1466 999905527
799 1721 998790018
1305 2305 250
30 1808 998814233
513 3623 965324169
593 244 236
1195 2938 999921042
38 557 992023459
459 2664 989334252
779 709 998358416
933 234 999726848
657 521 999993177
85 2609 999604550
654 3477 998722893
1014 2280 253
152 1649 999043614
342 390 957397312
99 1150 999608870
1293 3165 993047837
999 378 100
90 884 137
999 1618 968844811
22 2065 999999310
58 3687 998783342
461 2835 23
353 1775 997029907
317 2303 47
1111 1927 999074214
1 3193 998314484
922 2063 998451268
1295 260 997952224
807 515 994146729
625 3274 999978240
1159 1028 19
954 1007 999276167
696 3307 999213004
58 1207 60
528 1746 291
118 1851 984853780
1215 659 998053203
1139 2556 999520041
981 1292 999995423
588 2614 999357815
403 1056 266
1287 824 999800355
77 2023 999898978
1067 1373 997870794
1232 3762 998748231
723 2834 999906290
1068 3741 999932439
265 823 998829762
1238 3596 56
748 878 993567865
711 2279 998454563
1324 2537 994296710
868 3577 843402007
467 3687 198
939 962 245
899 3495 163
513 2383 922155520
407 1475 177
376 2860 999268747
1330 53 999844501
266 329 997911826
901 2166 82
587 1837 226
442 954 999966349
1066 2465 251
878 3533 977961648
6 2670 999777644
207 3671 997949539
1259 2258 999471868
1178 1774 44
1319 1871 38
626 718 986730058
641 2555 997217996
1291 2603 242
533 2260 186
924 1947 987001641
355 658 999936975
1102 3843 130
819 3260 237
1269 3574 994448790
144 2329 70
1080 256 999962017
177 1810 37
1247 450 990563361
543 2458 987584061
411 3151 999999385
1120 3276 142
706 2459 206
201 1077 972607339
183 1136 22
525 2776 999839707
1099 1322 997339113
515 3543 180
60 3136 88
1215 3419 63
1129 2517 996876198
1261 668 997914919
513 1143 999271442
485 734 999157172
1231 2900 164
815 191 991566315
1320 201 999578051
371 626 926764392
1289 2651 998532334
900 3264 998494029
74 3777 999430550
597 3843 999992301
1088 2140 999838589
908 2830 996164539
408 3059 154
1309 255 999530698
777 3610 200
1210 3566 70
102 2647 999517318
1074 3891 64
1181 43 997377115
1020 1853 130
371 3106 999796519
520 986 999822560
1294 1279 143
1204 3580 999976690
875 1324 999667314
1100 1465 251
266 609 54
1324 1297 171
1151 1921 140
1250 3631 999274075
1286 2557 999707734
928 2792 999847740
1267 2871 998127515
980 816 999390625
830 1314 984718069
616 3429 948166940
1048 481 993159429
286 1418 994976817
1328 424 999954861
266 3089 989829061
1075 3034 994500773
939 3442 999046667
1091 294 5
581 2330 999031383
552 1106 197
166 623 979661539
1108 671 989970545
102 3207 216
617 3014 998810467
922 3303 999991911
804 1654 991449125
652 3837 961125828
124 365 31
296 3660 999996470
339 939 979117478
295 3408 999998011
314 3368 999890889
837 3709 148
959 1689 993881260
999 2858 999941014
201 3837 939459365
374 752 147
950 654 982819681
687 2895 974459407
860 1985 118
940 2043 992504295
534 3811 207
805 1002 251
946 2759 77
768 724 203
586 1647 995363123
920 3380 294
1052 1816 999775636
568 1047 998780945
289 1361 999266988
291 2089 994472035
417 3678 999938542
13 632 998484480
1119 60 985239708
577 1421 999712886
64 844 999996107
792 797 60
649 662 128
861 3415 29
672 3967 999993337
724 258 985472544
1218 778 999977651
600 1467 955523504
366 3851 999860572
622 67 998000831
1174 1596 64
577 3221 151
716 2273 996816629
446 1417 276
321 3460 999895517
454 976 7
1133 1266 999989648
110 3798 971465355
95 799 126
447 2378 969137270
774 3840 995501187
526 2453 998573358
511 31 276
74 2257 999997811
676 1636 192
1019 3321 999500554
60 2856 984658200
1106 1063 998184693
6 2950 215
81 3228 195
416 1753 172
1214 2284 998463462
327 3330 994958430
239 2825 994242787
356 1259 72
1295 1780 999466252
472 1091 84
117 1054 999358548
144 3569 992390542
111 509 999616164
235 3229 991569195
143 1224 98
125 901 999835582
647 1104 27
862 918 286
349 1014 995653395
253 30 999632379
38 2077 999951571
1167 264 254
778 387 995714399
839 3947 133
867 1609 999298032
1033 3649 999471702
1308 1968 239
1187 842 999738416
355 2178 989645224
170 1133 21
248 1072 977810405
99 3910 991178088
451 2391 999997488
1315 1614 54
672 1207 998258429
101 3087 218
1145 1759 999959575
546 635 206
1087 1071 966710414
517 2058 238
710 1666 987231626
674 3868 999920792
453 3505 998846602
442 2194 998214556
302 3694 999974893
1327 1490 18
215 63 277
989 2455 999956251
1165 3430 138
322 3379 999965595
822 518 999731704
551 3847 223
1037 3607 997745327
792 2037 937311049
1254 2499 283
900 504 999998266
155 3296 998985283
244 2706 999610179
54 1031 998805755
1199 1599 983774347
190 2828 985233194
1054 937 999995863
449 2089 293
269 3305 999971902
739 1021 998868452
915 3454 999690780
571 3631 999915132
733 881 994872616
103 1588 6
769 2904 998739676
837 3429 989114707
1140 2211 28
720 2463 999755792
1186 1958 997099067
600 227 20
155 1776 996918331
429 1834 999808612
217 627 87
229 3738 23
246 490 997841182
20 2935 170
547 260 165
1115 1244 997702892
918 1061 221
380 3736 40
874 602 961559360
1171 3038 985878254
502 384 998900316
1105 3428 998977972
1012 477 254
593 1484 996437869
749 658 982600274
292 2655 35
532 3451 999952347
1206 2150 997813319
274 1862 996831338
542 2444 246
1029 1151 999856973
809 127 993680015
1201 3407 189
1027 669 89
129 1192 182
