4000 3999 4000
1133 4000 1000000000
1123 4000 1000000000
2689 4000 1000000000
3611 4000 1000000000
1744 4000 1000000000
1029 4000 1000000000
1812 4000 1000000000
669 4000 1000000000
1069 4000 1000000000
1825 4000 1000000000
3783 4000 1000000000
1036 4000 1000000000
1171 4000 1000000000
1426 4000 1000000000
2912 4000 1000000000
3957 4000 1000000000
283 4000 1000000000
2317 4000 1000000000
779 4000 1000000000
1422 4000 1000000000
2283 4000 1000000000
2985 4000 1000000000
1248 4000 1000000000
1080 4000 1000000000
2296 4000 1000000000
3435 4000 1000000000
764 4000 1000000000
2705 4000 1000000000
900 4000 1000000000
2727 4000 1000000000
3311 4000 1000000000
1587 4000 1000000000
826 4000 1000000000
400 4000 1000000000
2698 4000 1000000000
2407 4000 1000000000
2888 4000 1000000000
3609 4000 1000000000
413 4000 1000000000
207 4000 1000000000
545 4000 1000000000
2310 4000 1000000000
3501 4000 1000000000
489 4000 1000000000
210 4000 1000000000
2047 4000 1000000000
84 4000 1000000000
2858 4000 1000000000
3786 4000 1000000000
2937 4000 1000000000
794 4000 1000000000
1438 4000 1000000000
292 4000 1000000000
3154 4000 1000000000
3285 4000 1000000000
3576 4000 1000000000
757 4000 1000000000
119 4000 1000000000
1961 4000 1000000000
1810 4000 1000000000
2385 4000 1000000000
1477 4000 1000000000
2003 4000 1000000000
1301 4000 1000000000
1181 4000 1000000000
3496 4000 1000000000
3201 4000 1000000000
2591 4000 1000000000
3354 4000 1000000000
3531 4000 1000000000
1018 4000 1000000000
2255 4000 1000000000
2089 4000 1000000000
1556 4000 1000000000
1246 4000 1000000000
2028 4000 1000000000
559 4000 1000000000
2734 4000 1000000000
828 4000 1000000000
1430 4000 1000000000
3389 4000 1000000000
1901 4000 1000000000
2146 4000 1000000000
923 4000 1000000000
2387 4000 1000000000
3839 4000 1000000000
1654 4000 1000000000
1300 4000 1000000000
844 4000 1000000000
44 4000 1000000000
1868 4000 1000000000
2025 4000 1000000000
1557 4000 1000000000
2096 4000 1000000000
1791 4000 1000000000
3213 4000 1000000000
2113 4000 1000000000
655 4000 1000000000
2708 4000 1000000000
1390 4000 1000000000
1828 4000 1000000000
407 4000 1000000000
1419 4000 1000000000
277 4000 1000000000
962 4000 1000000000
3366 4000 1000000000
2090 4000 1000000000
69 4000 1000000000
628 4000 1000000000
787 4000 1000000000
2030 4000 1000000000
1886 4000 1000000000
458 4000 1000000000
1306 4000 1000000000
3332 4000 1000000000
1219 4000 1000000000
1749 4000 1000000000
522 4000 1000000000
1799 4000 1000000000
2622 4000 1000000000
881 4000 1000000000
3108 4000 1000000000
1025 4000 1000000000
2534 4000 1000000000
253 4000 1000000000
2803 4000 1000000000
303 4000 1000000000
2017 4000 1000000000
381 4000 1000000000
2281 4000 1000000000
1156 4000 1000000000
504 4000 1000000000
1244 4000 1000000000
3061 4000 1000000000
2015 4000 1000000000
3361 4000 1000000000
462 4000 1000000000
3630 4000 1000000000
1394 4000 1000000000
1152 4000 1000000000
2431 4000 1000000000
1944 4000 1000000000
3907 4000 1000000000
2237 4000 1000000000
1518 4000 1000000000
3562 4000 1000000000
2737 4000 1000000000
1216 4000 1000000000
257 4000 1000000000
1623 4000 1000000000
1754 4000 1000000000
574 4000 1000000000
3079 4000 1000000000
1291 4000 1000000000
2035 4000 1000000000
3956 4000 1000000000
505 4000 1000000000
3306 4000 1000000000
2211 4000 1000000000
901 4000 1000000000
3980 4000 1000000000
2917 4000 1000000000
2273 4000 1000000000
3024 4000 1000000000
1999 4000 1000000000
2042 4000 1000000000
136 4000 1000000000
3449 4000 1000000000
3095 4000 1000000000
1605 4000 1000000000
3789 4000 1000000000
2656 4000 1000000000
3720 4000 1000000000
957 4000 1000000000
1380 4000 1000000000
2676 4000 1000000000
3341 4000 1000000000
514 4000 1000000000
1354 4000 1000000000
2669 4000 1000000000
268 4000 1000000000
2099 4000 1000000000
77 4000 1000000000
239 4000 1000000000
1136 4000 1000000000
3873 4000 1000000000
1331 4000 1000000000
3358 4000 1000000000
3983 4000 1000000000
1407 4000 1000000000
3170 4000 1000000000
2267 4000 1000000000
1697 4000 1000000000
363 4000 1000000000
612 4000 1000000000
2603 4000 1000000000
3684 4000 1000000000
2060 4000 1000000000
3760 4000 1000000000
396 4000 1000000000
1470 4000 1000000000
1218 4000 1000000000
1636 4000 1000000000
1411 4000 1000000000
3093 4000 1000000000
1228 4000 1000000000
1027 4000 1000000000
21 4000 1000000000
2643 4000 1000000000
28 4000 1000000000
1371 4000 1000000000
1689 4000 1000000000
927 4000 1000000000
140 4000 1000000000
3348 4000 1000000000
3623 4000 1000000000
1176 4000 1000000000
2783 4000 1000000000
698 4000 1000000000
378 4000 1000000000
2128 4000 1000000000
1122 4000 1000000000
3770 4000 1000000000
3228 4000 1000000000
123 4000 1000000000
174 4000 1000000000
1655 4000 1000000000
2214 4000 1000000000
3257 4000 1000000000
390 4000 1000000000
1570 4000 1000000000
1585 4000 1000000000
263 4000 1000000000
1967 4000 1000000000
2398 4000 1000000000
1610 4000 1000000000
895 4000 1000000000
2077 4000 1000000000
1635 4000 1000000000
1227 4000 1000000000
2372 4000 1000000000
1207 4000 1000000000
1409 4000 1000000000
2742 4000 1000000000
3268 4000 1000000000
3800 4000 1000000000
1386 4000 1000000000
1464 4000 1000000000
3763 4000 1000000000
673 4000 1000000000
741 4000 1000000000
1707 4000 1000000000
1582 4000 1000000000
1127 4000 1000000000
3375 4000 1000000000
1678 4000 1000000000
2499 4000 1000000000
830 4000 1000000000
2368 4000 1000000000
3856 4000 1000000000
2955 4000 1000000000
3136 4000 1000000000
1495 4000 1000000000
1725 4000 1000000000
2402 4000 1000000000
2063 4000 1000000000
3303 4000 1000000000
1747 4000 1000000000
1818 4000 1000000000
2674 4000 1000000000
2262 4000 1000000000
2088 4000 1000000000
1187 4000 1000000000
3426 4000 1000000000
145 4000 1000000000
658 4000 1000000000
488 4000 1000000000
837 4000 1000000000
234 4000 1000000000
686 4000 1000000000
510 4000 1000000000
3328 4000 1000000000
3624 4000 1000000000
3984 4000 1000000000
3781 4000 1000000000
3052 4000 1000000000
219 4000 1000000000
675 4000 1000000000
3805 4000 1000000000
1241 4000 1000000000
3997 4000 1000000000
360 4000 1000000000
2550 4000 1000000000
1090 4000 1000000000
1071 4000 1000000000
2849 4000 1000000000
3284 4000 1000000000
246 4000 1000000000
925 4000 1000000000
2629 4000 1000000000
983 4000 1000000000
309 4000 1000000000
471 4000 1000000000
3381 4000 1000000000
643 4000 1000000000
1415 4000 1000000000
45 4000 1000000000
3038 4000 1000000000
3635 4000 1000000000
3735 4000 1000000000
738 4000 1000000000
1243 4000 1000000000
518 4000 1000000000
2008 4000 1000000000
3411 4000 1000000000
2613 4000 1000000000
2527 4000 1000000000
2911 4000 1000000000
3869 4000 1000000000
2512 4000 1000000000
3159 4000 1000000000
2953 4000 1000000000
3122 4000 1000000000
642 4000 1000000000
2410 4000 1000000000
2722 4000 1000000000
1611 4000 1000000000
1159 4000 1000000000
3423 4000 1000000000
2897 4000 1000000000
3047 4000 1000000000
2809 4000 1000000000
2578 4000 1000000000
1822 4000 1000000000
437 4000 1000000000
1894 4000 1000000000
2837 4000 1000000000
2528 4000 1000000000
408 4000 1000000000
1061 4000 1000000000
1106 4000 1000000000
1684 4000 1000000000
3865 4000 1000000000
3964 4000 1000000000
3186 4000 1000000000
1716 4000 1000000000
3453 4000 1000000000
2890 4000 1000000000
1351 4000 1000000000
3855 4000 1000000000
1701 4000 1000000000
3464 4000 1000000000
890 4000 1000000000
3391 4000 1000000000
3908 4000 1000000000
1759 4000 1000000000
1444 4000 1000000000
3663 4000 1000000000
735 4000 1000000000
1551 4000 1000000000
1852 4000 1000000000
1313 4000 1000000000
3041 4000 1000000000
1517 4000 1000000000
1713 4000 1000000000
3448 4000 1000000000
656 4000 1000000000
3775 4000 1000000000
3962 4000 1000000000
2838 4000 1000000000
2631 4000 1000000000
1723 4000 1000000000
1903 4000 1000000000
2082 4000 1000000000
519 4000 1000000000
932 4000 1000000000
2606 4000 1000000000
2169 4000 1000000000
1893 4000 1000000000
1867 4000 1000000000
967 4000 1000000000
2418 4000 1000000000
1038 4000 1000000000
879 4000 1000000000
3450 4000 1000000000
1388 4000 1000000000
2939 4000 1000000000
3382 4000 1000000000
649 4000 1000000000
3844 4000 1000000000
2180 4000 1000000000
2391 4000 1000000000
1612 4000 1000000000
1142 4000 1000000000
1535 4000 1000000000
754 4000 1000000000
3046 4000 1000000000
3947 4000 1000000000
2044 4000 1000000000
1329 4000 1000000000
1628 4000 1000000000
1190 4000 1000000000
3574 4000 1000000000
820 4000 1000000000
2594 4000 1000000000
531 4000 1000000000
1397 4000 1000000000
299 4000 1000000000
415 4000 1000000000
3732 4000 1000000000
1685 4000 1000000000
2057 4000 1000000000
1466 4000 1000000000
182 4000 1000000000
1566 4000 1000000000
3692 4000 1000000000
1794 4000 1000000000
436 4000 1000000000
3196 4000 1000000000
3649 4000 1000000000
1704 4000 1000000000
1494 4000 1000000000
3811 4000 1000000000
3756 4000 1000000000
609 4000 1000000000
3190 4000 1000000000
1836 4000 1000000000
2667 4000 1000000000
3761 4000 1000000000
1558 4000 1000000000
3674 4000 1000000000
3277 4000 1000000000
937 4000 1000000000
2541 4000 1000000000
2825 4000 1000000000
278 4000 1000000000
566 4000 1000000000
2774 4000 1000000000
2218 4000 1000000000
2738 4000 1000000000
3771 4000 1000000000
705 4000 1000000000
1493 4000 1000000000
633 4000 1000000000
1849 4000 1000000000
1459 4000 1000000000
370 4000 1000000000
3639 4000 1000000000
3298 4000 1000000000
148 4000 1000000000
1764 4000 1000000000
2358 4000 1000000000
3345 4000 1000000000
2918 4000 1000000000
2566 4000 1000000000
3011 4000 1000000000
1694 4000 1000000000
1320 4000 1000000000
2702 4000 1000000000
3319 4000 1000000000
2126 4000 1000000000
3834 4000 1000000000
2630 4000 1000000000
2203 4000 1000000000
187 4000 1000000000
3669 4000 1000000000
2155 4000 1000000000
1288 4000 1000000000
1826 4000 1000000000
1134 4000 1000000000
3299 4000 1000000000
3935 4000 1000000000
2110 4000 1000000000
2118 4000 1000000000
2062 4000 1000000000
1452 4000 1000000000
3948 4000 1000000000
985 4000 1000000000
503 4000 1000000000
3537 4000 1000000000
885 4000 1000000000
1806 4000 1000000000
3326 4000 1000000000
1044 4000 1000000000
2153 4000 1000000000
422 4000 1000000000
513 4000 1000000000
780 4000 1000000000
1358 4000 1000000000
3462 4000 1000000000
3291 4000 1000000000
2515 4000 1000000000
1962 4000 1000000000
1670 4000 1000000000
3115 4000 1000000000
354 4000 1000000000
2444 4000 1000000000
1327 4000 1000000000
1173 4000 1000000000
1448 4000 1000000000
1700 4000 1000000000
2649 4000 1000000000
3124 4000 1000000000
3741 4000 1000000000
1668 4000 1000000000
3577 4000 1000000000
3414 4000 1000000000
3638 4000 1000000000
1269 4000 1000000000
2160 4000 1000000000
248 4000 1000000000
2187 4000 1000000000
724 4000 1000000000
3682 4000 1000000000
1988 4000 1000000000
840 4000 1000000000
2223 4000 1000000000
1910 4000 1000000000
3222 4000 1000000000
1626 4000 1000000000
2756 4000 1000000000
2778 4000 1000000000
1011 4000 1000000000
1303 4000 1000000000
1873 4000 1000000000
1714 4000 1000000000
858 4000 1000000000
470 4000 1000000000
2979 4000 1000000000
1199 4000 1000000000
2623 4000 1000000000
1607 4000 1000000000
37 4000 1000000000
3044 4000 1000000000
2423 4000 1000000000
3171 4000 1000000000
1543 4000 1000000000
1062 4000 1000000000
1711 4000 1000000000
3497 4000 1000000000
2501 4000 1000000000
3092 4000 1000000000
2337 4000 1000000000
20 4000 1000000000
1000 4000 1000000000
107 4000 1000000000
3288 4000 1000000000
49 4000 1000000000
2659 4000 1000000000
2477 4000 1000000000
3406 4000 1000000000
3012 4000 1000000000
1092 4000 1000000000
1196 4000 1000000000
3575 4000 1000000000
2145 4000 1000000000
1184 4000 1000000000
1066 4000 1000000000
142 4000 1000000000
444 4000 1000000000
2677 4000 1000000000
2124 4000 1000000000
906 4000 1000000000
1539 4000 1000000000
2417 4000 1000000000
3866 4000 1000000000
3787 4000 1000000000
1039 4000 1000000000
1935 4000 1000000000
2415 4000 1000000000
3731 4000 1000000000
1293 4000 1000000000
789 4000 1000000000
1840 4000 1000000000
3441 4000 1000000000
2006 4000 1000000000
2066 4000 1000000000
2474 4000 1000000000
1650 4000 1000000000
1310 4000 1000000000
3977 4000 1000000000
2579 4000 1000000000
3734 4000 1000000000
699 4000 1000000000
2376 4000 1000000000
1830 4000 1000000000
2324 4000 1000000000
68 4000 1000000000
1259 4000 1000000000
2277 4000 1000000000
1108 4000 1000000000
3084 4000 1000000000
3679 4000 1000000000
1760 4000 1000000000
1040 4000 1000000000
3861 4000 1000000000
678 4000 1000000000
2971 4000 1000000000
1671 4000 1000000000
2804 4000 1000000000
419 4000 1000000000
3725 4000 1000000000
1829 4000 1000000000
2349 4000 1000000000
3797 4000 1000000000
1933 4000 1000000000
2654 4000 1000000000
2121 4000 1000000000
1164 4000 1000000000
2998 4000 1000000000
2396 4000 1000000000
1435 4000 1000000000
2437 4000 1000000000
298 4000 1000000000
89 4000 1000000000
2027 4000 1000000000
1669 4000 1000000000
1342 4000 1000000000
1087 4000 1000000000
1148 4000 1000000000
613 4000 1000000000
3158 4000 1000000000
878 4000 1000000000
3668 4000 1000000000
204 4000 1000000000
3680 4000 1000000000
1290 4000 1000000000
1284 4000 1000000000
2284 4000 1000000000
421 4000 1000000000
411 4000 1000000000
2061 4000 1000000000
1168 4000 1000000000
1278 4000 1000000000
2567 4000 1000000000
1273 4000 1000000000
648 4000 1000000000
2086 4000 1000000000
2104 4000 1000000000
3443 4000 1000000000
808 4000 1000000000
2502 4000 1000000000
3323 4000 1000000000
1355 4000 1000000000
3840 4000 1000000000
2307 4000 1000000000
711 4000 1000000000
2219 4000 1000000000
3766 4000 1000000000
1973 4000 1000000000
3896 4000 1000000000
792 4000 1000000000
3581 4000 1000000000
1841 4000 1000000000
286 4000 1000000000
1872 4000 1000000000
1177 4000 1000000000
772 4000 1000000000
3876 4000 1000000000
2664 4000 1000000000
345 4000 1000000000
2509 4000 1000000000
249 4000 1000000000
1629 4000 1000000000
108 4000 1000000000
1346 4000 1000000000
3058 4000 1000000000
2729 4000 1000000000
620 4000 1000000000
2943 4000 1000000000
2114 4000 1000000000
461 4000 1000000000
3424 4000 1000000000
7 4000 1000000000
1860 4000 1000000000
2574 4000 1000000000
618 4000 1000000000
3815 4000 1000000000
3806 4000 1000000000
2278 4000 1000000000
753 4000 1000000000
700 4000 1000000000
3480 4000 1000000000
2303 4000 1000000000
1048 4000 1000000000
1634 4000 1000000000
2348 4000 1000000000
1771 4000 1000000000
2476 4000 1000000000
2078 4000 1000000000
1549 4000 1000000000
1788 4000 1000000000
129 4000 1000000000
579 4000 1000000000
2968 4000 1000000000
2706 4000 1000000000
134 4000 1000000000
978 4000 1000000000
2538 4000 1000000000
3172 4000 1000000000
3438 4000 1000000000
2880 4000 1000000000
2553 4000 1000000000
42 4000 1000000000
2250 4000 1000000000
1276 4000 1000000000
661 4000 1000000000
2570 4000 1000000000
3749 4000 1000000000
3331 4000 1000000000
1252 4000 1000000000
2411 4000 1000000000
2980 4000 1000000000
2165 4000 1000000000
2779 4000 1000000000
3547 4000 1000000000
3845 4000 1000000000
542 4000 1000000000
2154 4000 1000000000
1231 4000 1000000000
300 4000 1000000000
1536 4000 1000000000
301 4000 1000000000
2192 4000 1000000000
1169 4000 1000000000
3738 4000 1000000000
3622 4000 1000000000
3627 4000 1000000000
3085 4000 1000000000
2975 4000 1000000000
592 4000 1000000000
758 4000 1000000000
2996 4000 1000000000
3310 4000 1000000000
1204 4000 1000000000
3089 4000 1000000000
1839 4000 1000000000
1758 4000 1000000000
2354 4000 1000000000
1941 4000 1000000000
2049 4000 1000000000
3197 4000 1000000000
3431 4000 1000000000
1198 4000 1000000000
1953 4000 1000000000
3020 4000 1000000000
666 4000 1000000000
1646 4000 1000000000
2173 4000 1000000000
1661 4000 1000000000
788 4000 1000000000
3344 4000 1000000000
3564 4000 1000000000
624 4000 1000000000
782 4000 1000000000
2993 4000 1000000000
3265 4000 1000000000
3220 4000 1000000000
1102 4000 1000000000
3214 4000 1000000000
3442 4000 1000000000
3466 4000 1000000000
1471 4000 1000000000
53 4000 1000000000
3492 4000 1000000000
1865 4000 1000000000
423 4000 1000000000
3055 4000 1000000000
2835 4000 1000000000
384 4000 1000000000
438 4000 1000000000
1877 4000 1000000000
2531 4000 1000000000
2883 4000 1000000000
1308 4000 1000000000
3784 4000 1000000000
3219 4000 1000000000
845 4000 1000000000
446 4000 1000000000
3796 4000 1000000000
2095 4000 1000000000
3689 4000 1000000000
2511 4000 1000000000
324 4000 1000000000
3905 4000 1000000000
3486 4000 1000000000
3211 4000 1000000000
731 4000 1000000000
1985 4000 1000000000
1089 4000 1000000000
3922 4000 1000000000
2535 4000 1000000000
1963 4000 1000000000
3785 4000 1000000000
765 4000 1000000000
929 4000 1000000000
3642 4000 1000000000
1476 4000 1000000000
1429 4000 1000000000
3152 4000 1000000000
223 4000 1000000000
1158 4000 1000000000
2408 4000 1000000000
778 4000 1000000000
761 4000 1000000000
2903 4000 1000000000
2112 4000 1000000000
3506 4000 1000000000
554 4000 1000000000
786 4000 1000000000
1958 4000 1000000000
590 4000 1000000000
1597 4000 1000000000
641 4000 1000000000
3727 4000 1000000000
1282 4000 1000000000
2094 4000 1000000000
3561 4000 1000000000
327 4000 1000000000
2122 4000 1000000000
1919 4000 1000000000
3664 4000 1000000000
3343 4000 1000000000
1162 4000 1000000000
74 4000 1000000000
3202 4000 1000000000
2930 4000 1000000000
1743 4000 1000000000
492 4000 1000000000
2833 4000 1000000000
58 4000 1000000000
3675 4000 1000000000
3903 4000 1000000000
1911 4000 1000000000
2941 4000 1000000000
2723 4000 1000000000
450 4000 1000000000
3704 4000 1000000000
3685 4000 1000000000
47 4000 1000000000
3736 4000 1000000000
553 4000 1000000000
3237 4000 1000000000
3899 4000 1000000000
2604 4000 1000000000
3080 4000 1000000000
3185 4000 1000000000
2286 4000 1000000000
2762 4000 1000000000
1161 4000 1000000000
869 4000 1000000000
3231 4000 1000000000
2460 4000 1000000000
1120 4000 1000000000
1265 4000 1000000000
1922 4000 1000000000
2750 4000 1000000000
1777 4000 1000000000
1054 4000 1000000000
1928 4000 1000000000
3934 4000 1000000000
3230 4000 1000000000
2347 4000 1000000000
1129 4000 1000000000
1576 4000 1000000000
160 4000 1000000000
3901 4000 1000000000
1182 4000 1000000000
3978 4000 1000000000
2076 4000 1000000000
2720 4000 1000000000
1368 4000 1000000000
902 4000 1000000000
385 4000 1000000000
3096 4000 1000000000
1876 4000 1000000000
3568 4000 1000000000
2764 4000 1000000000
2699 4000 1000000000
940 4000 1000000000
3433 4000 1000000000
1104 4000 1000000000
2688 4000 1000000000
222 4000 1000000000
2775 4000 1000000000
2893 4000 1000000000
2786 4000 1000000000
2456 4000 1000000000
3517 4000 1000000000
3373 4000 1000000000
2235 4000 1000000000
361 4000 1000000000
2977 4000 1000000000
683 4000 1000000000
1504 4000 1000000000
1674 4000 1000000000
991 4000 1000000000
193 4000 1000000000
3380 4000 1000000000
1544 4000 1000000000
2898 4000 1000000000
1299 4000 1000000000
306 4000 1000000000
1206 4000 1000000000
3636 4000 1000000000
1210 4000 1000000000
593 4000 1000000000
1555 4000 1000000000
1960 4000 1000000000
2641 4000 1000000000
3743 4000 1000000000
1861 4000 1000000000
59 4000 1000000000
2940 4000 1000000000
2906 4000 1000000000
2205 4000 1000000000
3207 4000 1000000000
3644 4000 1000000000
783 4000 1000000000
1578 4000 1000000000
3181 4000 1000000000
1642 4000 1000000000
3198 4000 1000000000
2014 4000 1000000000
155 4000 1000000000
1859 4000 1000000000
952 4000 1000000000
3595 4000 1000000000
3131 4000 1000000000
2400 4000 1000000000
785 4000 1000000000
3270 4000 1000000000
262 4000 1000000000
1260 4000 1000000000
1561 4000 1000000000
1428 4000 1000000000
3255 4000 1000000000
3626 4000 1000000000
91 4000 1000000000
3512 4000 1000000000
2646 4000 1000000000
3843 4000 1000000000
364 4000 1000000000
1031 4000 1000000000
512 4000 1000000000
864 4000 1000000000
1513 4000 1000000000
3514 4000 1000000000
3853 4000 1000000000
535 4000 1000000000
3113 4000 1000000000
1373 4000 1000000000
1333 4000 1000000000
120 4000 1000000000
3904 4000 1000000000
1483 4000 1000000000
323 4000 1000000000
2610 4000 1000000000
1497 4000 1000000000
1613 4000 1000000000
1742 4000 1000000000
2784 4000 1000000000
3979 4000 1000000000
774 4000 1000000000
90 4000 1000000000
1579 4000 1000000000
2334 4000 1000000000
424 4000 1000000000
3943 4000 1000000000
1237 4000 1000000000
64 4000 1000000000
802 4000 1000000000
2036 4000 1000000000
3456 4000 1000000000
2130 4000 1000000000
3127 4000 1000000000
1625 4000 1000000000
3075 4000 1000000000
184 4000 1000000000
163 4000 1000000000
3490 4000 1000000000
2144 4000 1000000000
2638 4000 1000000000
2597 4000 1000000000
2330 4000 1000000000
2518 4000 1000000000
440 4000 1000000000
871 4000 1000000000
2948 4000 1000000000
1645 4000 1000000000
2279 4000 1000000000
3597 4000 1000000000
3476 4000 1000000000
1364 4000 1000000000
3432 4000 1000000000
2795 4000 1000000000
2732 4000 1000000000
143 4000 1000000000
693 4000 1000000000
3022 4000 1000000000
2519 4000 1000000000
602 4000 1000000000
3521 4000 1000000000
3066 4000 1000000000
973 4000 1000000000
3972 4000 1000000000
3279 4000 1000000000
1006 4000 1000000000
2901 4000 1000000000
1086 4000 1000000000
1160 4000 1000000000
1914 4000 1000000000
3467 4000 1000000000
2749 4000 1000000000
1641 4000 1000000000
650 4000 1000000000
2854 4000 1000000000
2648 4000 1000000000
712 4000 1000000000
1804 4000 1000000000
2662 4000 1000000000
1526 4000 1000000000
1353 4000 1000000000
3925 4000 1000000000
2658 4000 1000000000
1183 4000 1000000000
3819 4000 1000000000
1530 4000 1000000000
2885 4000 1000000000
2240 4000 1000000000
3988 4000 1000000000
3681 4000 1000000000
3973 4000 1000000000
1137 4000 1000000000
3421 4000 1000000000
189 4000 1000000000
946 4000 1000000000
3109 4000 1000000000
3659 4000 1000000000
457 4000 1000000000
1047 4000 1000000000
2741 4000 1000000000
2793 4000 1000000000
2217 4000 1000000000
569 4000 1000000000
1624 4000 1000000000
577 4000 1000000000
386 4000 1000000000
507 4000 1000000000
1994 4000 1000000000
3017 4000 1000000000
773 4000 1000000000
1245 4000 1000000000
1096 4000 1000000000
1028 4000 1000000000
635 4000 1000000000
1856 4000 1000000000
2608 4000 1000000000
2602 4000 1000000000
2087 4000 1000000000
3572 4000 1000000000
3721 4000 1000000000
1653 4000 1000000000
3260 4000 1000000000
599 4000 1000000000
2382 4000 1000000000
251 4000 1000000000
310 4000 1000000000
3278 4000 1000000000
3788 4000 1000000000
1930 4000 1000000000
2614 4000 1000000000
3545 4000 1000000000
2792 4000 1000000000
3748 4000 1000000000
3718 4000 1000000000
2915 4000 1000000000
2105 4000 1000000000
3837 4000 1000000000
355 4000 1000000000
926 4000 1000000000
3966 4000 1000000000
1765 4000 1000000000
1302 4000 1000000000
1939 4000 1000000000
321 4000 1000000000
2983 4000 1000000000
337 4000 1000000000
3321 4000 1000000000
1318 4000 1000000000
2442 4000 1000000000
2295 4000 1000000000
2195 4000 1000000000
22 4000 1000000000
3437 4000 1000000000
357 4000 1000000000
2891 4000 1000000000
71 4000 1000000000
2248 4000 1000000000
1741 4000 1000000000
3407 4000 1000000000
3516 4000 1000000000
2185 4000 1000000000
3706 4000 1000000000
1968 4000 1000000000
2709 4000 1000000000
1679 4000 1000000000
3247 4000 1000000000
3508 4000 1000000000
1677 4000 1000000000
3114 4000 1000000000
2549 4000 1000000000
2900 4000 1000000000
128 4000 1000000000
2362 4000 1000000000
2136 4000 1000000000
2967 4000 1000000000
3195 4000 1000000000
1203 4000 1000000000
3183 4000 1000000000
279 4000 1000000000
1201 4000 1000000000
63 4000 1000000000
1352 4000 1000000000
2388 4000 1000000000
473 4000 1000000000
1473 4000 1000000000
964 4000 1000000000
32 4000 1000000000
3193 4000 1000000000
2950 4000 1000000000
1052 4000 1000000000
1404 4000 1000000000
343 4000 1000000000
659 4000 1000000000
1746 4000 1000000000
2093 4000 1000000000
2043 4000 1000000000
2107 4000 1000000000
2168 4000 1000000000
2645 4000 1000000000
3632 4000 1000000000
1105 4000 1000000000
838 4000 1000000000
1528 4000 1000000000
1688 4000 1000000000
3960 4000 1000000000
1698 4000 1000000000
2510 4000 1000000000
1146 4000 1000000000
3415 4000 1000000000
2329 4000 1000000000
3258 4000 1000000000
3790 4000 1000000000
1980 4000 1000000000
159 4000 1000000000
1595 4000 1000000000
3314 4000 1000000000
1059 4000 1000000000
1637 4000 1000000000
2926 4000 1000000000
110 4000 1000000000
2300 4000 1000000000
373 4000 1000000000
3798 4000 1000000000
2318 4000 1000000000
1946 4000 1000000000
3439 4000 1000000000
2327 4000 1000000000
3553 4000 1000000000
959 4000 1000000000
1070 4000 1000000000
2100 4000 1000000000
336 4000 1000000000
1416 4000 1000000000
499 4000 1000000000
3618 4000 1000000000
38 4000 1000000000
2965 4000 1000000000
1739 4000 1000000000
1082 4000 1000000000
2713 4000 1000000000
371 4000 1000000000
2711 4000 1000000000
2733 4000 1000000000
267 4000 1000000000
2744 4000 1000000000
3933 4000 1000000000
78 4000 1000000000
1979 4000 1000000000
2463 4000 1000000000
2179 4000 1000000000
2668 4000 1000000000
2302 4000 1000000000
2812 4000 1000000000
580 4000 1000000000
2193 4000 1000000000
647 4000 1000000000
1996 4000 1000000000
1026 4000 1000000000
1157 4000 1000000000
2740 4000 1000000000
1844 4000 1000000000
1208 4000 1000000000
2162 4000 1000000000
346 4000 1000000000
2138 4000 1000000000
2352 4000 1000000000
2259 4000 1000000000
1496 4000 1000000000
3001 4000 1000000000
2874 4000 1000000000
209 4000 1000000000
3673 4000 1000000000
3573 4000 1000000000
707 4000 1000000000
430 4000 1000000000
689 4000 1000000000
813 4000 1000000000
1314 4000 1000000000
2403 4000 1000000000
2412 4000 1000000000
3068 4000 1000000000
173 4000 1000000000
528 4000 1000000000
3403 4000 1000000000
2989 4000 1000000000
398 4000 1000000000
139 4000 1000000000
3794 4000 1000000000
3859 4000 1000000000
2703 4000 1000000000
1432 4000 1000000000
3495 4000 1000000000
3144 4000 1000000000
2916 4000 1000000000
2293 4000 1000000000
3296 4000 1000000000
2007 4000 1000000000
2962 4000 1000000000
3863 4000 1000000000
1937 4000 1000000000
3950 4000 1000000000
1512 4000 1000000000
1005 4000 1000000000
2586 4000 1000000000
1458 4000 1000000000
2820 4000 1000000000
420 4000 1000000000
3919 4000 1000000000
3168 4000 1000000000
3404 4000 1000000000
1900 4000 1000000000
3162 4000 1000000000
3824 4000 1000000000
1030 4000 1000000000
3683 4000 1000000000
1315 4000 1000000000
3194 4000 1000000000
3118 4000 1000000000
2877 4000 1000000000
97 4000 1000000000
990 4000 1000000000
3336 4000 1000000000
115 4000 1000000000
3541 4000 1000000000
676 4000 1000000000
696 4000 1000000000
2221 4000 1000000000
1498 4000 1000000000
3073 4000 1000000000
2441 4000 1000000000
1780 4000 1000000000
2472 4000 1000000000
2782 4000 1000000000
2735 4000 1000000000
3281 4000 1000000000
1155 4000 1000000000
2212 4000 1000000000
2200 4000 1000000000
999 4000 1000000000
2005 4000 1000000000
920 4000 1000000000
1417 4000 1000000000
3542 4000 1000000000
3640 4000 1000000000
338 4000 1000000000
810 4000 1000000000
2663 4000 1000000000
241 4000 1000000000
2763 4000 1000000000
3700 4000 1000000000
3566 4000 1000000000
2601 4000 1000000000
3173 4000 1000000000
3033 4000 1000000000
2315 4000 1000000000
2228 4000 1000000000
677 4000 1000000000
465 4000 1000000000
1072 4000 1000000000
739 4000 1000000000
72 4000 1000000000
1550 4000 1000000000
3390 4000 1000000000
2117 4000 1000000000
576 4000 1000000000
2175 4000 1000000000
1339 4000 1000000000
657 4000 1000000000
1896 4000 1000000000
1222 4000 1000000000
274 4000 1000000000
2887 4000 1000000000
3200 4000 1000000000
870 4000 1000000000
1842 4000 1000000000
2995 4000 1000000000
1362 4000 1000000000
2161 4000 1000000000
3469 4000 1000000000
493 4000 1000000000
1021 4000 1000000000
162 4000 1000000000
2811 4000 1000000000
2500 4000 1000000000
2167 4000 1000000000
2092 4000 1000000000
302 4000 1000000000
3759 4000 1000000000
2817 4000 1000000000
2263 4000 1000000000
133 4000 1000000000
622 4000 1000000000
3271 4000 1000000000
1857 4000 1000000000
1651 4000 1000000000
547 4000 1000000000
3175 4000 1000000000
684 4000 1000000000
1084 4000 1000000000
3064 4000 1000000000
3967 4000 1000000000
606 4000 1000000000
2596 4000 1000000000
3860 4000 1000000000
3928 4000 1000000000
868 4000 1000000000
517 4000 1000000000
3097 4000 1000000000
1305 4000 1000000000
3570 4000 1000000000
889 4000 1000000000
743 4000 1000000000
3661 4000 1000000000
3054 4000 1000000000
2892 4000 1000000000
1239 4000 1000000000
486 4000 1000000000
2823 4000 1000000000
498 4000 1000000000
797 4000 1000000000
873 4000 1000000000
191 4000 1000000000
2426 4000 1000000000
132 4000 1000000000
2386 4000 1000000000
2526 4000 1000000000
285 4000 1000000000
1529 4000 1000000000
1974 4000 1000000000
1599 4000 1000000000
3504 4000 1000000000
2583 4000 1000000000
2125 4000 1000000000
1375 4000 1000000000
2438 4000 1000000000
2847 4000 1000000000
94 4000 1000000000
3145 4000 1000000000
588 4000 1000000000
244 4000 1000000000
880 4000 1000000000
3481 4000 1000000000
3117 4000 1000000000
2322 4000 1000000000
1573 4000 1000000000
2083 4000 1000000000
1312 4000 1000000000
722 4000 1000000000
763 4000 1000000000
2636 4000 1000000000
582 4000 1000000000
2399 4000 1000000000
995 4000 1000000000
2292 4000 1000000000
1721 4000 1000000000
909 4000 1000000000
3878 4000 1000000000
2489 4000 1000000000
2343 4000 1000000000
1263 4000 1000000000
2234 4000 1000000000
1042 4000 1000000000
202 4000 1000000000
2959 4000 1000000000
86 4000 1000000000
2657 4000 1000000000
1487 4000 1000000000
3733 4000 1000000000
214 4000 1000000000
2760 4000 1000000000
1460 4000 1000000000
275 4000 1000000000
1321 4000 1000000000
1482 4000 1000000000
718 4000 1000000000
416 4000 1000000000
3589 4000 1000000000
3804 4000 1000000000
2275 4000 1000000000
1107 4000 1000000000
3563 4000 1000000000
866 4000 1000000000
2367 4000 1000000000
2448 4000 1000000000
3399 4000 1000000000
1511 4000 1000000000
3378 4000 1000000000
2428 4000 1000000000
2123 4000 1000000000
2227 4000 1000000000
333 4000 1000000000
168 4000 1000000000
322 4000 1000000000
1986 4000 1000000000
2425 4000 1000000000
1866 4000 1000000000
3906 4000 1000000000
1049 4000 1000000000
3882 4000 1000000000
2633 4000 1000000000
1594 4000 1000000000
1377 4000 1000000000
818 4000 1000000000
178 4000 1000000000
2810 4000 1000000000
2498 4000 1000000000
3148 4000 1000000000
2419 4000 1000000000
2845 4000 1000000000
236 4000 1000000000
79 4000 1000000000
388 4000 1000000000
3290 4000 1000000000
1575 4000 1000000000
169 4000 1000000000
3747 4000 1000000000
3335 4000 1000000000
2564 4000 1000000000
2196 4000 1000000000
3944 4000 1000000000
2671 4000 1000000000
607 4000 1000000000
585 4000 1000000000
872 4000 1000000000
2210 4000 1000000000
3106 4000 1000000000
1014 4000 1000000000
605 4000 1000000000
1821 4000 1000000000
3165 4000 1000000000
3359 4000 1000000000
3522 4000 1000000000
2454 4000 1000000000
3998 4000 1000000000
537 4000 1000000000
595 4000 1000000000
3338 4000 1000000000
560 4000 1000000000
3446 4000 1000000000
350 4000 1000000000
70 4000 1000000000
3599 4000 1000000000
3266 4000 1000000000
3204 4000 1000000000
2670 4000 1000000000
1020 4000 1000000000
1658 4000 1000000000
1779 4000 1000000000
266 4000 1000000000
3479 4000 1000000000
1524 4000 1000000000
3931 4000 1000000000
2584 4000 1000000000
2336 4000 1000000000
695 4000 1000000000
654 4000 1000000000
989 4000 1000000000
2458 4000 1000000000
3006 4000 1000000000
16 4000 1000000000
3264 4000 1000000000
2627 4000 1000000000
3637 4000 1000000000
1755 4000 1000000000
955 4000 1000000000
2378 4000 1000000000
3465 4000 1000000000
109 4000 1000000000
2829 4000 1000000000
468 4000 1000000000
2360 4000 1000000000
848 4000 1000000000
3471 4000 1000000000
1621 4000 1000000000
2801 4000 1000000000
3652 4000 1000000000
3242 4000 1000000000
3554 4000 1000000000
1232 4000 1000000000
1267 4000 1000000000
2787 4000 1000000000
898 4000 1000000000
3831 4000 1000000000
2944 4000 1000000000
1510 4000 1000000000
1179 4000 1000000000
2065 4000 1000000000
2690 4000 1000000000
2422 4000 1000000000
2139 4000 1000000000
2332 4000 1000000000
3320 4000 1000000000
3927 4000 1000000000
1947 4000 1000000000
3694 4000 1000000000
3037 4000 1000000000
2353 4000 1000000000
568 4000 1000000000
729 4000 1000000000
335 4000 1000000000
843 4000 1000000000
1350 4000 1000000000
2577 4000 1000000000
326 4000 1000000000
175 4000 1000000000
1109 4000 1000000000
2956 4000 1000000000
1274 4000 1000000000
3930 4000 1000000000
290 4000 1000000000
1667 4000 1000000000
1405 4000 1000000000
3182 4000 1000000000
418 4000 1000000000
2342 4000 1000000000
2555 4000 1000000000
164 4000 1000000000
1562 4000 1000000000
2271 4000 1000000000
2866 4000 1000000000
540 4000 1000000000
951 4000 1000000000
2986 4000 1000000000
697 4000 1000000000
916 4000 1000000000
1850 4000 1000000000
2875 4000 1000000000
2483 4000 1000000000
2208 4000 1000000000
3868 4000 1000000000
221 4000 1000000000
487 4000 1000000000
865 4000 1000000000
3936 4000 1000000000
2840 4000 1000000000
958 4000 1000000000
976 4000 1000000000
831 4000 1000000000
1319 4000 1000000000
750 4000 1000000000
2679 4000 1000000000
8 4000 1000000000
3716 4000 1000000000
3217 4000 1000000000
13 4000 1000000000
3911 4000 1000000000
454 4000 1000000000
369 4000 1000000000
2686 4000 1000000000
3483 4000 1000000000
762 4000 1000000000
3276 4000 1000000000
1119 4000 1000000000
297 4000 1000000000
3009 4000 1000000000
3552 4000 1000000000
1236 4000 1000000000
3941 4000 1000000000
2023 4000 1000000000
3053 4000 1000000000
264 4000 1000000000
1285 4000 1000000000
3245 4000 1000000000
377 4000 1000000000
1374 4000 1000000000
2770 4000 1000000000
2102 4000 1000000000
2326 4000 1000000000
2445 4000 1000000000
1604 4000 1000000000
1414 4000 1000000000
3583 4000 1000000000
101 4000 1000000000
1657 4000 1000000000
3754 4000 1000000000
3460 4000 1000000000
2344 4000 1000000000
2004 4000 1000000000
2357 4000 1000000000
33 4000 1000000000
1887 4000 1000000000
2611 4000 1000000000
2297 4000 1000000000
2178 4000 1000000000
2970 4000 1000000000
1344 4000 1000000000
2533 4000 1000000000
819 4000 1000000000
2443 4000 1000000000
1449 4000 1000000000
2091 4000 1000000000
2209 4000 1000000000
3253 4000 1000000000
721 4000 1000000000
439 4000 1000000000
3239 4000 1000000000
3586 4000 1000000000
100 4000 1000000000
3762 4000 1000000000
3793 4000 1000000000
2802 4000 1000000000
2807 4000 1000000000
2492 4000 1000000000
1774 4000 1000000000
3918 4000 1000000000
3560 4000 1000000000
366 4000 1000000000
1811 4000 1000000000
2436 4000 1000000000
777 4000 1000000000
2449 4000 1000000000
2521 4000 1000000000
3317 4000 1000000000
2513 4000 1000000000
769 4000 1000000000
1114 4000 1000000000
3526 4000 1000000000
3559 4000 1000000000
3100 4000 1000000000
3422 4000 1000000000
3035 4000 1000000000
2103 4000 1000000000
3740 4000 1000000000
691 4000 1000000000
3451 4000 1000000000
2576 4000 1000000000
1143 4000 1000000000
1767 4000 1000000000
1676 4000 1000000000
2516 4000 1000000000
3590 4000 1000000000
1832 4000 1000000000
1918 4000 1000000000
2071 4000 1000000000
3593 4000 1000000000
2021 4000 1000000000
2032 4000 1000000000
1392 4000 1000000000
2798 4000 1000000000
2607 4000 1000000000
237 4000 1000000000
1502 4000 1000000000
3686 4000 1000000000
827 4000 1000000000
1820 4000 1000000000
1125 4000 1000000000
3246 4000 1000000000
1581 4000 1000000000
1614 4000 1000000000
3968 4000 1000000000
3549 4000 1000000000
3538 4000 1000000000
3678 4000 1000000000
846 4000 1000000000
1522 4000 1000000000
3484 4000 1000000000
2938 4000 1000000000
847 4000 1000000000
2409 4000 1000000000
3507 4000 1000000000
3825 4000 1000000000
1309 4000 1000000000
2642 4000 1000000000
1854 4000 1000000000
1598 4000 1000000000
2894 4000 1000000000
1463 4000 1000000000
1343 4000 1000000000
631 4000 1000000000
2626 4000 1000000000
3511 4000 1000000000
3059 4000 1000000000
1683 4000 1000000000
1726 4000 1000000000
3329 4000 1000000000
2851 4000 1000000000
1927 4000 1000000000
3339 4000 1000000000
434 4000 1000000000
968 4000 1000000000
485 4000 1000000000
1751 4000 1000000000
156 4000 1000000000
3604 4000 1000000000
2184 4000 1000000000
2532 4000 1000000000
3223 4000 1000000000
353 4000 1000000000
836 4000 1000000000
1124 4000 1000000000
3620 4000 1000000000
497 4000 1000000000
3477 4000 1000000000
2508 4000 1000000000
1311 4000 1000000000
1748 4000 1000000000
3267 4000 1000000000
280 4000 1000000000
1934 4000 1000000000
1601 4000 1000000000
3885 4000 1000000000
3989 4000 1000000000
2186 4000 1000000000
2164 4000 1000000000
3677 4000 1000000000
1814 4000 1000000000
752 4000 1000000000
332 4000 1000000000
3767 4000 1000000000
852 4000 1000000000
3155 4000 1000000000
2560 4000 1000000000
1391 4000 1000000000
1848 4000 1000000000
3 4000 1000000000
3851 4000 1000000000
1113 4000 1000000000
2058 4000 1000000000
767 4000 1000000000
358 4000 1000000000
2865 4000 1000000000
1060 4000 1000000000
3616 4000 1000000000
2046 4000 1000000000
1167 4000 1000000000
3420 4000 1000000000
3238 4000 1000000000
1553 4000 1000000000
2773 4000 1000000000
3468 4000 1000000000
2978 4000 1000000000
375 4000 1000000000
2862 4000 1000000000
1574 4000 1000000000
3910 4000 1000000000
1338 4000 1000000000
1341 4000 1000000000
1957 4000 1000000000
3654 4000 1000000000
3452 4000 1000000000
1456 4000 1000000000
3942 4000 1000000000
1913 4000 1000000000
3849 4000 1000000000
2469 4000 1000000000
2868 4000 1000000000
981 4000 1000000000
3891 4000 1000000000
998 4000 1000000000
392 4000 1000000000
478 4000 1000000000
273 4000 1000000000
3459 4000 1000000000
509 4000 1000000000
1786 4000 1000000000
3078 4000 1000000000
685 4000 1000000000
849 4000 1000000000
3263 4000 1000000000
3569 4000 1000000000
2751 4000 1000000000
1772 4000 1000000000
3436 4000 1000000000
2026 4000 1000000000
2475 4000 1000000000
1055 4000 1000000000
3357 4000 1000000000
231 4000 1000000000
1240 4000 1000000000
573 4000 1000000000
1542 4000 1000000000
3304 4000 1000000000
549 4000 1000000000
3379 4000 1000000000
83 4000 1000000000
1863 4000 1000000000
1479 4000 1000000000
532 4000 1000000000
2881 4000 1000000000
1538 4000 1000000000
506 4000 1000000000
2661 4000 1000000000
2761 4000 1000000000
235 4000 1000000000
934 4000 1000000000
3235 4000 1000000000
3994 4000 1000000000
3693 4000 1000000000
3812 4000 1000000000
2505 4000 1000000000
2859 4000 1000000000
342 4000 1000000000
1763 4000 1000000000
3556 4000 1000000000
447 4000 1000000000
534 4000 1000000000
1217 4000 1000000000
106 4000 1000000000
2084 4000 1000000000
543 4000 1000000000
3719 4000 1000000000
1178 4000 1000000000
17 4000 1000000000
2562 4000 1000000000
3478 4000 1000000000
2772 4000 1000000000
256 4000 1000000000
3842 4000 1000000000
3016 4000 1000000000
646 4000 1000000000
680 4000 1000000000
2359 4000 1000000000
1971 4000 1000000000
1630 4000 1000000000
538 4000 1000000000
2972 4000 1000000000
587 4000 1000000000
888 4000 1000000000
218 4000 1000000000
2074 4000 1000000000
1559 4000 1000000000
1256 4000 1000000000
1845 4000 1000000000
2258 4000 1000000000
2011 4000 1000000000
1230 4000 1000000000
3248 4000 1000000000
3116 4000 1000000000
2461 4000 1000000000
1757 4000 1000000000
206 4000 1000000000
443 4000 1000000000
3280 4000 1000000000
82 4000 1000000000
1766 4000 1000000000
614 4000 1000000000
1762 4000 1000000000
254 4000 1000000000
3585 4000 1000000000
1003 4000 1000000000
2133 4000 1000000000
3530 4000 1000000000
6 4000 1000000000
3540 4000 1000000000
3023 4000 1000000000
2381 4000 1000000000
1898 4000 1000000000
2680 4000 1000000000
3667 4000 1000000000
3418 4000 1000000000
2922 4000 1000000000
3002 4000 1000000000
1586 4000 1000000000
2593 4000 1000000000
2850 4000 1000000000
1505 4000 1000000000
552 4000 1000000000
1077 4000 1000000000
1334 4000 1000000000
919 4000 1000000000
2990 4000 1000000000
938 4000 1000000000
1254 4000 1000000000
3802 4000 1000000000
102 4000 1000000000
3447 4000 1000000000
3259 4000 1000000000
2598 4000 1000000000
391 4000 1000000000
1500 4000 1000000000
475 4000 1000000000
131 4000 1000000000
1675 4000 1000000000
2440 4000 1000000000
2870 4000 1000000000
1534 4000 1000000000
217 4000 1000000000
2745 4000 1000000000
3063 4000 1000000000
2961 4000 1000000000
815 4000 1000000000
220 4000 1000000000
3600 4000 1000000000
3881 4000 1000000000
2644 4000 1000000000
1506 4000 1000000000
1324 4000 1000000000
359 4000 1000000000
1490 4000 1000000000
3499 4000 1000000000
2523 4000 1000000000
3598 4000 1000000000
130 4000 1000000000
1017 4000 1000000000
3580 4000 1000000000
713 4000 1000000000
3292 4000 1000000000
961 4000 1000000000
541 4000 1000000000
2581 4000 1000000000
3850 4000 1000000000
2479 4000 1000000000
288 4000 1000000000
2730 4000 1000000000
2306 4000 1000000000
3101 4000 1000000000
2545 4000 1000000000
812 4000 1000000000
954 4000 1000000000
2339 4000 1000000000
911 4000 1000000000
1336 4000 1000000000
2952 4000 1000000000
2137 4000 1000000000
2693 4000 1000000000
615 4000 1000000000
1205 4000 1000000000
1423 4000 1000000000
3955 4000 1000000000
2525 4000 1000000000
2921 4000 1000000000
908 4000 1000000000
862 4000 1000000000
2252 4000 1000000000
1287 4000 1000000000
710 4000 1000000000
85 4000 1000000000
2135 4000 1000000000
329 4000 1000000000
141 4000 1000000000
2957 4000 1000000000
3289 4000 1000000000
2960 4000 1000000000
670 4000 1000000000
2595 4000 1000000000
2242 4000 1000000000
1800 4000 1000000000
3042 4000 1000000000
3737 4000 1000000000
397 4000 1000000000
1708 4000 1000000000
1733 4000 1000000000
121 4000 1000000000
2356 4000 1000000000
1879 4000 1000000000
3302 4000 1000000000
185 4000 1000000000
3156 4000 1000000000
3952 4000 1000000000
3753 4000 1000000000
1508 4000 1000000000
867 4000 1000000000
3111 4000 1000000000
594 4000 1000000000
3008 4000 1000000000
564 4000 1000000000
2033 4000 1000000000
2504 4000 1000000000
3647 4000 1000000000
183 4000 1000000000
980 4000 1000000000
2796 4000 1000000000
1776 4000 1000000000
2767 4000 1000000000
3867 4000 1000000000
2704 4000 1000000000
2370 4000 1000000000
2685 4000 1000000000
3975 4000 1000000000
3340 4000 1000000000
1150 4000 1000000000
48 4000 1000000000
600 4000 1000000000
639 4000 1000000000
625 4000 1000000000
3249 4000 1000000000
362 4000 1000000000
1816 4000 1000000000
3013 4000 1000000000
449 4000 1000000000
491 4000 1000000000
1609 4000 1000000000
2716 4000 1000000000
3777 4000 1000000000
3690 4000 1000000000
3251 4000 1000000000
2830 4000 1000000000
555 4000 1000000000
652 4000 1000000000
2260 4000 1000000000
1750 4000 1000000000
291 4000 1000000000
1796 4000 1000000000
589 4000 1000000000
2285 4000 1000000000
663 4000 1000000000
842 4000 1000000000
892 4000 1000000000
2320 4000 1000000000
2813 4000 1000000000
3088 4000 1000000000
856 4000 1000000000
598 4000 1000000000
1486 4000 1000000000
73 4000 1000000000
2752 4000 1000000000
2466 4000 1000000000
3316 4000 1000000000
3070 4000 1000000000
3474 4000 1000000000
352 4000 1000000000
1813 4000 1000000000
2628 4000 1000000000
2857 4000 1000000000
170 4000 1000000000
2377 4000 1000000000
546 4000 1000000000
1410 4000 1000000000
317 4000 1000000000
2038 4000 1000000000
250 4000 1000000000
501 4000 1000000000
3461 4000 1000000000
2867 4000 1000000000
1366 4000 1000000000
791 4000 1000000000
3000 4000 1000000000
1631 4000 1000000000
1316 4000 1000000000
3488 4000 1000000000
1101 4000 1000000000
2177 4000 1000000000
557 4000 1000000000
258 4000 1000000000
1408 4000 1000000000
3216 4000 1000000000
3660 4000 1000000000
2264 4000 1000000000
166 4000 1000000000
1053 4000 1000000000
158 4000 1000000000
137 4000 1000000000
875 4000 1000000000
1912 4000 1000000000
3409 4000 1000000000
1531 4000 1000000000
1271 4000 1000000000
2106 4000 1000000000
104 4000 1000000000
2728 4000 1000000000
2949 4000 1000000000
1740 4000 1000000000
2994 4000 1000000000
2216 4000 1000000000
3387 4000 1000000000
1418 4000 1000000000
716 4000 1000000000
2439 4000 1000000000
3077 4000 1000000000
147 4000 1000000000
1389 4000 1000000000
2599 4000 1000000000
325 4000 1000000000
2945 4000 1000000000
3646 4000 1000000000
1554 4000 1000000000
284 4000 1000000000
2158 4000 1000000000
36 4000 1000000000
3688 4000 1000000000
2536 4000 1000000000
3629 4000 1000000000
2341 4000 1000000000
3026 4000 1000000000
1663 4000 1000000000
570 4000 1000000000
1949 4000 1000000000
2889 4000 1000000000
3814 4000 1000000000
1904 4000 1000000000
3236 4000 1000000000
2394 4000 1000000000
1568 4000 1000000000
124 4000 1000000000
756 4000 1000000000
671 4000 1000000000
43 4000 1000000000
759 4000 1000000000
2982 4000 1000000000
1789 4000 1000000000
18 4000 1000000000
3776 4000 1000000000
2861 4000 1000000000
367 4000 1000000000
2455 4000 1000000000
150 4000 1000000000
2834 4000 1000000000
448 4000 1000000000
2152 4000 1000000000
3528 4000 1000000000
896 4000 1000000000
2819 4000 1000000000
2257 4000 1000000000
2691 4000 1000000000
2997 4000 1000000000
634 4000 1000000000
3218 4000 1000000000
795 4000 1000000000
2924 4000 1000000000
905 4000 1000000000
1078 4000 1000000000
3643 4000 1000000000
3112 4000 1000000000
3293 4000 1000000000
3617 4000 1000000000
3854 4000 1000000000
994 4000 1000000000
2696 4000 1000000000
3123 4000 1000000000
387 4000 1000000000
1696 4000 1000000000
305 4000 1000000000
479 4000 1000000000
524 4000 1000000000
2070 4000 1000000000
1660 4000 1000000000
915 4000 1000000000
567 4000 1000000000
3594 4000 1000000000
1166 4000 1000000000
1815 4000 1000000000
3163 4000 1000000000
2241 4000 1000000000
3269 4000 1000000000
245 4000 1000000000
409 4000 1000000000
3779 4000 1000000000
1638 4000 1000000000
265 4000 1000000000
3355 4000 1000000000
1884 4000 1000000000
1381 4000 1000000000
1192 4000 1000000000
2274 4000 1000000000
530 4000 1000000000
1710 4000 1000000000
3417 4000 1000000000
1328 4000 1000000000
3425 4000 1000000000
971 4000 1000000000
2899 4000 1000000000
3710 4000 1000000000
261 4000 1000000000
2189 4000 1000000000
3713 4000 1000000000
913 4000 1000000000
2785 4000 1000000000
295 4000 1000000000
1801 4000 1000000000
1402 4000 1000000000
39 4000 1000000000
924 4000 1000000000
3822 4000 1000000000
464 4000 1000000000
3782 4000 1000000000
195 4000 1000000000
2946 4000 1000000000
2559 4000 1000000000
3650 4000 1000000000
1792 4000 1000000000
3757 4000 1000000000
3832 4000 1000000000
3282 4000 1000000000
118 4000 1000000000
1281 4000 1000000000
853 4000 1000000000
933 4000 1000000000
401 4000 1000000000
746 4000 1000000000
2524 4000 1000000000
640 4000 1000000000
1920 4000 1000000000
1298 4000 1000000000
1691 4000 1000000000
1118 4000 1000000000
1229 4000 1000000000
67 4000 1000000000
227 4000 1000000000
2724 4000 1000000000
1421 4000 1000000000
1363 4000 1000000000
1615 4000 1000000000
2692 4000 1000000000
81 4000 1000000000
977 4000 1000000000
1616 4000 1000000000
3408 4000 1000000000
3557 4000 1000000000
3665 4000 1000000000
903 4000 1000000000
2470 4000 1000000000
3872 4000 1000000000
3909 4000 1000000000
3160 4000 1000000000
3007 4000 1000000000
2147 4000 1000000000
969 4000 1000000000
748 4000 1000000000
3879 4000 1000000000
2001 4000 1000000000
2765 4000 1000000000
289 4000 1000000000
3992 4000 1000000000
3029 4000 1000000000
316 4000 1000000000
1619 4000 1000000000
3166 4000 1000000000
2115 4000 1000000000
490 4000 1000000000
455 4000 1000000000
215 4000 1000000000
3543 4000 1000000000
171 4000 1000000000
2037 4000 1000000000
3350 4000 1000000000
25 4000 1000000000
2282 4000 1000000000
111 4000 1000000000
467 4000 1000000000
3161 4000 1000000000
1984 4000 1000000000
2947 4000 1000000000
1727 4000 1000000000
2935 4000 1000000000
1370 4000 1000000000
1170 4000 1000000000
3949 4000 1000000000
3921 4000 1000000000
149 4000 1000000000
103 4000 1000000000
3206 4000 1000000000
62 4000 1000000000
3915 4000 1000000000
2246 4000 1000000000
2002 4000 1000000000
790 4000 1000000000
1307 4000 1000000000
1606 4000 1000000000
2013 4000 1000000000
2016 4000 1000000000
2040 4000 1000000000
2841 4000 1000000000
798 4000 1000000000
188 4000 1000000000
2120 4000 1000000000
2551 4000 1000000000
2414 4000 1000000000
565 4000 1000000000
1906 4000 1000000000
3187 4000 1000000000
2304 4000 1000000000
525 4000 1000000000
1908 4000 1000000000
2478 4000 1000000000
435 4000 1000000000
2243 4000 1000000000
1507 4000 1000000000
2149 4000 1000000000
113 4000 1000000000
1955 4000 1000000000
2625 4000 1000000000
1577 4000 1000000000
122 4000 1000000000
349 4000 1000000000
1264 4000 1000000000
1202 4000 1000000000
3130 4000 1000000000
2969 4000 1000000000
226 4000 1000000000
2927 4000 1000000000
190 4000 1000000000
2351 4000 1000000000
3607 4000 1000000000
114 4000 1000000000
2496 4000 1000000000
3920 4000 1000000000
1180 4000 1000000000
2129 4000 1000000000
1620 4000 1000000000
3827 4000 1000000000
1275 4000 1000000000
3969 4000 1000000000
3612 4000 1000000000
966 4000 1000000000
3377 4000 1000000000
833 4000 1000000000
3587 4000 1000000000
1436 4000 1000000000
2539 4000 1000000000
3502 4000 1000000000
3458 4000 1000000000
2653 4000 1000000000
65 4000 1000000000
2871 4000 1000000000
2719 4000 1000000000
2142 4000 1000000000
3386 4000 1000000000
167 4000 1000000000
1950 4000 1000000000
2936 4000 1000000000
1737 4000 1000000000
2174 4000 1000000000
26 4000 1000000000
2860 4000 1000000000
2397 4000 1000000000
1445 4000 1000000000
733 4000 1000000000
2482 4000 1000000000
2992 4000 1000000000
2272 4000 1000000000
3974 4000 1000000000
3999 3999 1000000000
2009 4000 1000000000
3410 4000 1000000000
3454 4000 1000000000
3383 4000 1000000000
1798 4000 1000000000
1672 4000 1000000000
523 4000 1000000000
1234 4000 1000000000
2276 4000 1000000000
75 4000 1000000000
1212 4000 1000000000
1618 4000 1000000000
3353 4000 1000000000
2547 4000 1000000000
1680 4000 1000000000
1140 4000 1000000000
3346 4000 1000000000
2800 4000 1000000000
2374 4000 1000000000
1016 4000 1000000000
1875 4000 1000000000
476 4000 1000000000
56 4000 1000000000
2041 4000 1000000000
922 4000 1000000000
2111 4000 1000000000
2331 4000 1000000000
3419 4000 1000000000
3074 4000 1000000000
3138 4000 1000000000
2725 4000 1000000000
2805 4000 1000000000
229 4000 1000000000
1398 4000 1000000000
2806 4000 1000000000
3894 4000 1000000000
2987 4000 1000000000
404 4000 1000000000
2473 4000 1000000000
2640 4000 1000000000
406 4000 1000000000
347 4000 1000000000
3510 4000 1000000000
3430 4000 1000000000
1932 4000 1000000000
293 4000 1000000000
2615 4000 1000000000
3330 4000 1000000000
1188 4000 1000000000
3491 4000 1000000000
539 4000 1000000000
1401 4000 1000000000
3275 4000 1000000000
3701 4000 1000000000
2913 4000 1000000000
376 4000 1000000000
1756 4000 1000000000
203 4000 1000000000
2942 4000 1000000000
2468 4000 1000000000
1357 4000 1000000000
3534 4000 1000000000
2651 4000 1000000000
1885 4000 1000000000
511 4000 1000000000
1545 4000 1000000000
3912 4000 1000000000
2856 4000 1000000000
1189 4000 1000000000
356 4000 1000000000
199 4000 1000000000
2288 4000 1000000000
1131 4000 1000000000
3392 4000 1000000000
948 4000 1000000000
412 4000 1000000000
591 4000 1000000000
2379 4000 1000000000
2886 4000 1000000000
1889 4000 1000000000
2497 4000 1000000000
1056 4000 1000000000
814 4000 1000000000
706 4000 1000000000
1905 4000 1000000000
3836 4000 1000000000
884 4000 1000000000
527 4000 1000000000
1345 4000 1000000000
803 4000 1000000000
1058 4000 1000000000
99 4000 1000000000
2554 4000 1000000000
725 4000 1000000000
1567 4000 1000000000
2790 4000 1000000000
2491 4000 1000000000
1403 4000 1000000000
1753 4000 1000000000
11 4000 1000000000
2660 4000 1000000000
2781 4000 1000000000
372 4000 1000000000
380 4000 1000000000
3179 4000 1000000000
2236 4000 1000000000
1437 4000 1000000000
3071 4000 1000000000
2617 4000 1000000000
270 4000 1000000000
832 4000 1000000000
2951 4000 1000000000
1268 4000 1000000000
3551 4000 1000000000
1280 4000 1000000000
3758 4000 1000000000
1632 4000 1000000000
3634 4000 1000000000
3376 4000 1000000000
2753 4000 1000000000
681 4000 1000000000
3509 4000 1000000000
3401 4000 1000000000
3603 4000 1000000000
1706 4000 1000000000
2910 4000 1000000000
3427 4000 1000000000
3369 4000 1000000000
737 4000 1000000000
3286 4000 1000000000
3141 4000 1000000000
1395 4000 1000000000
1065 4000 1000000000
3871 4000 1000000000
1475 4000 1000000000
1002 4000 1000000000
1514 4000 1000000000
3301 4000 1000000000
715 4000 1000000000
801 4000 1000000000
1954 4000 1000000000
1855 4000 1000000000
917 4000 1000000000
2592 4000 1000000000
3951 4000 1000000000
3143 4000 1000000000
3307 4000 1000000000
14 4000 1000000000
3518 4000 1000000000
1451 4000 1000000000
1948 4000 1000000000
3981 4000 1000000000
714 4000 1000000000
672 4000 1000000000
668 4000 1000000000
949 4000 1000000000
1738 4000 1000000000
2029 4000 1000000000
529 4000 1000000000
3816 4000 1000000000
824 4000 1000000000
2159 4000 1000000000
2452 4000 1000000000
1862 4000 1000000000
50 4000 1000000000
2929 4000 1000000000
2375 4000 1000000000
2665 4000 1000000000
2265 4000 1000000000
2514 4000 1000000000
1132 4000 1000000000
2864 4000 1000000000
2202 4000 1000000000
3993 4000 1000000000
2054 4000 1000000000
2933 4000 1000000000
1224 4000 1000000000
402 4000 1000000000
3364 4000 1000000000
3746 4000 1000000000
1174 4000 1000000000
294 4000 1000000000
1079 4000 1000000000
823 4000 1000000000
1770 4000 1000000000
1103 4000 1000000000
1292 4000 1000000000
2715 4000 1000000000
1193 4000 1000000000
644 4000 1000000000
3150 4000 1000000000
27 4000 1000000000
3167 4000 1000000000
1532 4000 1000000000
2896 4000 1000000000
2064 4000 1000000000
1983 4000 1000000000
3578 4000 1000000000
1478 4000 1000000000
334 4000 1000000000
728 4000 1000000000
3065 4000 1000000000
3954 4000 1000000000
2621 4000 1000000000
1396 4000 1000000000
2134 4000 1000000000
426 4000 1000000000
2718 4000 1000000000
197 4000 1000000000
1057 4000 1000000000
3601 4000 1000000000
3212 4000 1000000000
1729 4000 1000000000
1846 4000 1000000000
3210 4000 1000000000
3801 4000 1000000000
1888 4000 1000000000
3413 4000 1000000000
550 4000 1000000000
1149 4000 1000000000
399 4000 1000000000
974 4000 1000000000
3370 4000 1000000000
1295 4000 1000000000
3178 4000 1000000000
2984 4000 1000000000
1787 4000 1000000000
2814 4000 1000000000
1993 4000 1000000000
1775 4000 1000000000
1467 4000 1000000000
3119 4000 1000000000
3132 4000 1000000000
1843 4000 1000000000
2494 4000 1000000000
2109 4000 1000000000
2695 4000 1000000000
2684 4000 1000000000
1163 4000 1000000000
1966 4000 1000000000
1773 4000 1000000000
1075 4000 1000000000
3513 4000 1000000000
66 4000 1000000000
459 4000 1000000000
307 4000 1000000000
1997 4000 1000000000
1013 4000 1000000000
558 4000 1000000000
1382 4000 1000000000
228 4000 1000000000
138 4000 1000000000
3985 4000 1000000000
3655 4000 1000000000
2316 4000 1000000000
2873 4000 1000000000
2758 4000 1000000000
3048 4000 1000000000
3300 4000 1000000000
1571 4000 1000000000
1186 4000 1000000000
3991 4000 1000000000
1323 4000 1000000000
876 4000 1000000000
2991 4000 1000000000
2453 4000 1000000000
897 4000 1000000000
1943 4000 1000000000
2925 4000 1000000000
1989 4000 1000000000
2700 4000 1000000000
1195 4000 1000000000
936 4000 1000000000
88 4000 1000000000
34 4000 1000000000
740 4000 1000000000
811 4000 1000000000
3633 4000 1000000000
3494 4000 1000000000
3416 4000 1000000000
3987 4000 1000000000
3308 4000 1000000000
1172 4000 1000000000
2230 4000 1000000000
1795 4000 1000000000
3726 4000 1000000000
2973 4000 1000000000
2557 4000 1000000000
804 4000 1000000000
637 4000 1000000000
960 4000 1000000000
3723 4000 1000000000
484 4000 1000000000
3523 4000 1000000000
1399 4000 1000000000
3666 4000 1000000000
747 4000 1000000000
2928 4000 1000000000
1296 4000 1000000000
1952 4000 1000000000
2127 4000 1000000000
1790 4000 1000000000
240 4000 1000000000
1286 4000 1000000000
308 4000 1000000000
1412 4000 1000000000
2072 4000 1000000000
57 4000 1000000000
474 4000 1000000000
992 4000 1000000000
495 4000 1000000000
2714 4000 1000000000
1153 4000 1000000000
1024 4000 1000000000
1892 4000 1000000000
1972 4000 1000000000
3062 4000 1000000000
3582 4000 1000000000
796 4000 1000000000
3192 4000 1000000000
2487 4000 1000000000
2010 4000 1000000000
3699 4000 1000000000
1420 4000 1000000000
841 4000 1000000000
1489 4000 1000000000
3221 4000 1000000000
200 4000 1000000000
1964 4000 1000000000
442 4000 1000000000
2747 4000 1000000000
3898 4000 1000000000
692 4000 1000000000
1485 4000 1000000000
3455 4000 1000000000
1515 4000 1000000000
2 4000 1000000000
1929 4000 1000000000
269 4000 1000000000
3189 4000 1000000000
445 4000 1000000000
1283 4000 1000000000
2842 4000 1000000000
2231 4000 1000000000
1491 4000 1000000000
1427 4000 1000000000
601 4000 1000000000
2932 4000 1000000000
1664 4000 1000000000
339 4000 1000000000
2563 4000 1000000000
304 4000 1000000000
3809 4000 1000000000
575 4000 1000000000
3795 4000 1000000000
596 4000 1000000000
3014 4000 1000000000
616 4000 1000000000
520 4000 1000000000
1503 4000 1000000000
2540 4000 1000000000
1523 4000 1000000000
3297 4000 1000000000
771 4000 1000000000
3110 4000 1000000000
3254 4000 1000000000
1242 4000 1000000000
2045 4000 1000000000
1722 4000 1000000000
3374 4000 1000000000
2863 4000 1000000000
3621 4000 1000000000
3864 4000 1000000000
2884 4000 1000000000
232 4000 1000000000
2204 4000 1000000000
935 4000 1000000000
2199 4000 1000000000
665 4000 1000000000
1541 4000 1000000000
1784 4000 1000000000
2821 4000 1000000000
1712 4000 1000000000
1552 4000 1000000000
1297 4000 1000000000
3352 4000 1000000000
3810 4000 1000000000
2548 4000 1000000000
12 4000 1000000000
1977 4000 1000000000
3628 4000 1000000000
719 4000 1000000000
2836 4000 1000000000
2163 4000 1000000000
910 4000 1000000000
1266 4000 1000000000
318 4000 1000000000
3208 4000 1000000000
1249 4000 1000000000
3482 4000 1000000000
562 4000 1000000000
1858 4000 1000000000
2450 4000 1000000000
2251 4000 1000000000
1022 4000 1000000000
751 4000 1000000000
3768 4000 1000000000
3120 4000 1000000000
242 4000 1000000000
1998 4000 1000000000
2808 4000 1000000000
1360 4000 1000000000
3315 4000 1000000000
627 4000 1000000000
216 4000 1000000000
1372 4000 1000000000
2215 4000 1000000000
2743 4000 1000000000
1831 4000 1000000000
3764 4000 1000000000
176 4000 1000000000
331 4000 1000000000
2789 4000 1000000000
2882 4000 1000000000
3036 4000 1000000000
2389 4000 1000000000
2999 4000 1000000000
23 4000 1000000000
55 4000 1000000000
3996 4000 1000000000
1724 4000 1000000000
2920 4000 1000000000
3606 4000 1000000000
2556 4000 1000000000
3691 4000 1000000000
186 4000 1000000000
3362 4000 1000000000
3846 4000 1000000000
2869 4000 1000000000
276 4000 1000000000
154 4000 1000000000
1413 4000 1000000000
2575 4000 1000000000
2301 4000 1000000000
1387 4000 1000000000
3489 4000 1000000000
1304 4000 1000000000
3897 4000 1000000000
3505 4000 1000000000
2346 4000 1000000000
1468 4000 1000000000
3043 4000 1000000000
3584 4000 1000000000
2313 4000 1000000000
3177 4000 1000000000
9 4000 1000000000
3653 4000 1000000000
2843 4000 1000000000
1045 4000 1000000000
2131 4000 1000000000
3703 4000 1000000000
2506 4000 1000000000
3913 4000 1000000000
2116 4000 1000000000
374 4000 1000000000
3030 4000 1000000000
1981 4000 1000000000
417 4000 1000000000
2424 4000 1000000000
2244 4000 1000000000
3558 4000 1000000000
1560 4000 1000000000
2433 4000 1000000000
1783 4000 1000000000
3742 4000 1000000000
3657 4000 1000000000
544 4000 1000000000
2902 4000 1000000000
1347 4000 1000000000
460 4000 1000000000
3662 4000 1000000000
3995 4000 1000000000
930 4000 1000000000
3487 4000 1000000000
533 4000 1000000000
3027 4000 1000000000
1945 4000 1000000000
3225 4000 1000000000
3337 4000 1000000000
1185 4000 1000000000
1745 4000 1000000000
3676 4000 1000000000
3049 4000 1000000000
1891 4000 1000000000
3715 4000 1000000000
2287 4000 1000000000
2748 4000 1000000000
1890 4000 1000000000
3744 4000 1000000000
3959 4000 1000000000
3917 4000 1000000000
2290 4000 1000000000
2261 4000 1000000000
3334 4000 1000000000
1982 4000 1000000000
3971 4000 1000000000
963 4000 1000000000
1803 4000 1000000000
3687 4000 1000000000
3252 4000 1000000000
1100 4000 1000000000
2766 4000 1000000000
2589 4000 1000000000
723 4000 1000000000
834 4000 1000000000
1147 4000 1000000000
2434 4000 1000000000
3205 4000 1000000000
907 4000 1000000000
3396 4000 1000000000
3261 4000 1000000000
3862 4000 1000000000
603 4000 1000000000
2639 4000 1000000000
1145 4000 1000000000
793 4000 1000000000
3333 4000 1000000000
2333 4000 1000000000
1603 4000 1000000000
29 4000 1000000000
157 4000 1000000000
2289 4000 1000000000
1584 4000 1000000000
1537 4000 1000000000
2558 4000 1000000000
3841 4000 1000000000
2542 4000 1000000000
472 4000 1000000000
921 4000 1000000000
3707 4000 1000000000
664 4000 1000000000
629 4000 1000000000
1909 4000 1000000000
2846 4000 1000000000
2544 4000 1000000000
953 4000 1000000000
3402 4000 1000000000
1015 4000 1000000000
3729 4000 1000000000
732 4000 1000000000
3485 4000 1000000000
3722 4000 1000000000
3982 4000 1000000000
1895 4000 1000000000
3887 4000 1000000000
3520 4000 1000000000
3083 4000 1000000000
3895 4000 1000000000
526 4000 1000000000
3533 4000 1000000000
1223 4000 1000000000
3069 4000 1000000000
2020 4000 1000000000
1233 4000 1000000000
2080 4000 1000000000
3829 4000 1000000000
736 4000 1000000000
2312 4000 1000000000
348 4000 1000000000
243 4000 1000000000
2726 4000 1000000000
3356 4000 1000000000
225 4000 1000000000
1622 4000 1000000000
781 4000 1000000000
805 4000 1000000000
1992 4000 1000000000
3146 4000 1000000000
2148 4000 1000000000
2435 4000 1000000000
3129 4000 1000000000
1902 4000 1000000000
271 4000 1000000000
3631 4000 1000000000
2328 4000 1000000000
939 4000 1000000000
2855 4000 1000000000
2390 4000 1000000000
3656 4000 1000000000
3946 4000 1000000000
2963 4000 1000000000
745 4000 1000000000
3970 4000 1000000000
1793 4000 1000000000
1376 4000 1000000000
3555 4000 1000000000
429 4000 1000000000
3525 4000 1000000000
1648 4000 1000000000
3870 4000 1000000000
1687 4000 1000000000
2675 4000 1000000000
319 4000 1000000000
3670 4000 1000000000
3791 4000 1000000000
201 4000 1000000000
3833 4000 1000000000
2166 4000 1000000000
886 4000 1000000000
3056 4000 1000000000
1424 4000 1000000000
1369 4000 1000000000
2373 4000 1000000000
3164 4000 1000000000
2721 4000 1000000000
734 4000 1000000000
942 4000 1000000000
1332 4000 1000000000
2503 4000 1000000000
1596 4000 1000000000
208 4000 1000000000
1457 4000 1000000000
1692 4000 1000000000
3493 4000 1000000000
1431 4000 1000000000
3888 4000 1000000000
947 4000 1000000000
2256 4000 1000000000
3363 4000 1000000000
3813 4000 1000000000
3060 4000 1000000000
3739 4000 1000000000
3999 1 1000000000
1032 4000 1000000000
1481 4000 1000000000
1665 4000 1000000000
3698 4000 1000000000
2620 4000 1000000000
674 4000 1000000000
2108 4000 1000000000
882 4000 1000000000
1251 4000 1000000000
76 4000 1000000000
3702 4000 1000000000
205 4000 1000000000
1883 4000 1000000000
3184 4000 1000000000
1833 4000 1000000000
979 4000 1000000000
1050 4000 1000000000
2585 4000 1000000000
2085 4000 1000000000
749 4000 1000000000
3826 4000 1000000000
2799 4000 1000000000
3945 4000 1000000000
1465 4000 1000000000
24 4000 1000000000
3463 4000 1000000000
3003 4000 1000000000
877 4000 1000000000
854 4000 1000000000
1081 4000 1000000000
2816 4000 1000000000
768 4000 1000000000
1837 4000 1000000000
2739 4000 1000000000
3232 4000 1000000000
1255 4000 1000000000
2405 4000 1000000000
2791 4000 1000000000
835 4000 1000000000
755 4000 1000000000
1257 4000 1000000000
2490 4000 1000000000
410 4000 1000000000
1356 4000 1000000000
1440 4000 1000000000
1853 4000 1000000000
2486 4000 1000000000
3094 4000 1000000000
3875 4000 1000000000
1880 4000 1000000000
2298 4000 1000000000
1681 4000 1000000000
2222 4000 1000000000
3283 4000 1000000000
2529 4000 1000000000
2788 4000 1000000000
1165 4000 1000000000
610 4000 1000000000
2818 4000 1000000000
2543 4000 1000000000
1214 4000 1000000000
3076 4000 1000000000
3503 4000 1000000000
1782 4000 1000000000
770 4000 1000000000
3500 4000 1000000000
2156 4000 1000000000
3233 4000 1000000000
3619 4000 1000000000
2395 4000 1000000000
1718 4000 1000000000
1099 4000 1000000000
3412 4000 1000000000
1393 4000 1000000000
2321 4000 1000000000
1521 4000 1000000000
720 4000 1000000000
427 4000 1000000000
3877 4000 1000000000
1951 4000 1000000000
3134 4000 1000000000
984 4000 1000000000
508 4000 1000000000
315 4000 1000000000
1702 4000 1000000000
2587 4000 1000000000
1001 4000 1000000000
1337 4000 1000000000
3347 4000 1000000000
1643 4000 1000000000
3544 4000 1000000000
521 4000 1000000000
2683 4000 1000000000
3641 4000 1000000000
3398 4000 1000000000
2694 4000 1000000000
1220 4000 1000000000
1583 4000 1000000000
931 4000 1000000000
3937 4000 1000000000
2467 4000 1000000000
1112 4000 1000000000
1383 4000 1000000000
1008 4000 1000000000
3394 4000 1000000000
3395 4000 1000000000
3830 4000 1000000000
3712 4000 1000000000
2280 4000 1000000000
3817 4000 1000000000
54 4000 1000000000
2464 4000 1000000000
3696 4000 1000000000
2687 4000 1000000000
1441 4000 1000000000
30 4000 1000000000
456 4000 1000000000
861 4000 1000000000
2056 4000 1000000000
3229 4000 1000000000
3005 4000 1000000000
287 4000 1000000000
2170 4000 1000000000
3711 4000 1000000000
899 4000 1000000000
3287 4000 1000000000
2777 4000 1000000000
2493 4000 1000000000
3133 4000 1000000000
1093 4000 1000000000
1330 4000 1000000000
2308 4000 1000000000
477 4000 1000000000
730 4000 1000000000
3658 4000 1000000000
2238 4000 1000000000
3102 4000 1000000000
2019 4000 1000000000
3313 4000 1000000000
2048 4000 1000000000
2634 4000 1000000000
2311 4000 1000000000
1317 4000 1000000000
2294 4000 1000000000
2666 4000 1000000000
1881 4000 1000000000
2245 4000 1000000000
850 4000 1000000000
1917 4000 1000000000
1194 4000 1000000000
3125 4000 1000000000
2485 4000 1000000000
1870 4000 1000000000
3180 4000 1000000000
3032 4000 1000000000
3169 4000 1000000000
1662 4000 1000000000
2848 4000 1000000000
3548 4000 1000000000
941 4000 1000000000
1007 4000 1000000000
2268 4000 1000000000
3209 4000 1000000000
496 4000 1000000000
2371 4000 1000000000
1035 4000 1000000000
1802 4000 1000000000
2119 4000 1000000000
3615 4000 1000000000
3057 4000 1000000000
127 4000 1000000000
2325 4000 1000000000
3087 4000 1000000000
1492 4000 1000000000
2794 4000 1000000000
2363 4000 1000000000
1154 4000 1000000000
2191 4000 1000000000
3199 4000 1000000000
2746 4000 1000000000
1956 4000 1000000000
1520 4000 1000000000
578 4000 1000000000
996 4000 1000000000
2406 4000 1000000000
2459 4000 1000000000
2171 4000 1000000000
212 4000 1000000000
1033 4000 1000000000
2736 4000 1000000000
3828 4000 1000000000
2759 4000 1000000000
3227 4000 1000000000
3532 4000 1000000000
2226 4000 1000000000
1926 4000 1000000000
2365 4000 1000000000
452 4000 1000000000
1546 4000 1000000000
2034 4000 1000000000
432 4000 1000000000
19 4000 1000000000
816 4000 1000000000
1348 4000 1000000000
2480 4000 1000000000
1455 4000 1000000000
703 4000 1000000000
1443 4000 1000000000
179 4000 1000000000
2701 4000 1000000000
2561 4000 1000000000
41 4000 1000000000
453 4000 1000000000
383 4000 1000000000
1978 4000 1000000000
2176 4000 1000000000
3769 4000 1000000000
822 4000 1000000000
2637 4000 1000000000
1899 4000 1000000000
2206 4000 1000000000
2157 4000 1000000000
1384 4000 1000000000
2717 4000 1000000000
1117 4000 1000000000
3648 4000 1000000000
653 4000 1000000000
726 4000 1000000000
469 4000 1000000000
2569 4000 1000000000
3428 4000 1000000000
165 4000 1000000000
161 4000 1000000000
1976 4000 1000000000
2635 4000 1000000000
35 4000 1000000000
1472 4000 1000000000
3902 4000 1000000000
3613 4000 1000000000
1425 4000 1000000000
3614 4000 1000000000
1076 4000 1000000000
98 4000 1000000000
3040 4000 1000000000
2522 4000 1000000000
494 4000 1000000000
2097 4000 1000000000
3705 4000 1000000000
31 4000 1000000000
515 4000 1000000000
3365 4000 1000000000
96 4000 1000000000
2958 4000 1000000000
2590 4000 1000000000
3755 4000 1000000000
660 4000 1000000000
3256 4000 1000000000
2776 4000 1000000000
2182 4000 1000000000
891 4000 1000000000
3889 4000 1000000000
3926 4000 1000000000
451 4000 1000000000
551 4000 1000000000
3965 4000 1000000000
2393 4000 1000000000
1439 4000 1000000000
617 4000 1000000000
3792 4000 1000000000
1924 4000 1000000000
3571 4000 1000000000
1931 4000 1000000000
1965 4000 1000000000
3004 4000 1000000000
3457 4000 1000000000
260 4000 1000000000
3349 4000 1000000000
3149 4000 1000000000
3728 4000 1000000000
776 4000 1000000000
3224 4000 1000000000
1238 4000 1000000000
2069 4000 1000000000
1728 4000 1000000000
2000 4000 1000000000
682 4000 1000000000
198 4000 1000000000
40 4000 1000000000
874 4000 1000000000
259 4000 1000000000
180 4000 1000000000
2815 4000 1000000000
2931 4000 1000000000
1940 4000 1000000000
1666 4000 1000000000
1126 4000 1000000000
3440 4000 1000000000
2421 4000 1000000000
500 4000 1000000000
211 4000 1000000000
1564 4000 1000000000
1447 4000 1000000000
2471 4000 1000000000
296 4000 1000000000
389 4000 1000000000
2655 4000 1000000000
1261 4000 1000000000
2673 4000 1000000000
536 4000 1000000000
1644 4000 1000000000
3818 4000 1000000000
177 4000 1000000000
2232 4000 1000000000
52 4000 1000000000
3372 4000 1000000000
859 4000 1000000000
2270 4000 1000000000
1695 4000 1000000000
1936 4000 1000000000
1569 4000 1000000000
809 4000 1000000000
2832 4000 1000000000
1501 4000 1000000000
2517 4000 1000000000
365 4000 1000000000
1340 4000 1000000000
611 4000 1000000000
572 4000 1000000000
3434 4000 1000000000
2488 4000 1000000000
1250 4000 1000000000
2266 4000 1000000000
2600 4000 1000000000
1827 4000 1000000000
2039 4000 1000000000
970 4000 1000000000
894 4000 1000000000
2827 4000 1000000000
583 4000 1000000000
61 4000 1000000000
1768 4000 1000000000
799 4000 1000000000
645 4000 1000000000
1572 4000 1000000000
688 4000 1000000000
632 4000 1000000000
2181 4000 1000000000
1752 4000 1000000000
1010 4000 1000000000
1083 4000 1000000000
1365 4000 1000000000
1589 4000 1000000000
563 4000 1000000000
2495 4000 1000000000
3990 4000 1000000000
3953 4000 1000000000
2824 4000 1000000000
3592 4000 1000000000
1897 4000 1000000000
993 4000 1000000000
651 4000 1000000000
2018 4000 1000000000
3105 4000 1000000000
1221 4000 1000000000
1874 4000 1000000000
1563 4000 1000000000
3823 4000 1000000000
1851 4000 1000000000
1446 4000 1000000000
51 4000 1000000000
1720 4000 1000000000
3929 4000 1000000000
1272 4000 1000000000
2768 4000 1000000000
1484 4000 1000000000
586 4000 1000000000
2079 4000 1000000000
1761 4000 1000000000
3272 4000 1000000000
3883 4000 1000000000
3388 4000 1000000000
1349 4000 1000000000
3234 4000 1000000000
3188 4000 1000000000
2919 4000 1000000000
571 4000 1000000000
2323 4000 1000000000
2309 4000 1000000000
368 4000 1000000000
3157 4000 1000000000
1659 4000 1000000000
3709 4000 1000000000
3142 4000 1000000000
2350 4000 1000000000
3019 4000 1000000000
196 4000 1000000000
1923 4000 1000000000
1907 4000 1000000000
3924 4000 1000000000
194 4000 1000000000
1225 4000 1000000000
3579 4000 1000000000
1211 4000 1000000000
3588 4000 1000000000
3470 4000 1000000000
2150 4000 1000000000
912 4000 1000000000
2392 4000 1000000000
3772 4000 1000000000
3018 4000 1000000000
2067 4000 1000000000
3098 4000 1000000000
1253 4000 1000000000
1258 4000 1000000000
2197 4000 1000000000
2383 4000 1000000000
1247 4000 1000000000
3940 4000 1000000000
3932 4000 1000000000
2220 4000 1000000000
431 4000 1000000000
3565 4000 1000000000
2981 4000 1000000000
3803 4000 1000000000
1097 4000 1000000000
1987 4000 1000000000
1864 4000 1000000000
851 4000 1000000000
2249 4000 1000000000
3327 4000 1000000000
1144 4000 1000000000
2605 4000 1000000000
146 4000 1000000000
92 4000 1000000000
2731 4000 1000000000
1717 4000 1000000000
172 4000 1000000000
717 4000 1000000000
1385 4000 1000000000
433 4000 1000000000
1151 4000 1000000000
3081 4000 1000000000
3807 4000 1000000000
944 4000 1000000000
3472 4000 1000000000
1094 4000 1000000000
2672 4000 1000000000
3536 4000 1000000000
2681 4000 1000000000
125 4000 1000000000
3240 4000 1000000000
1608 4000 1000000000
2582 4000 1000000000
3893 4000 1000000000
3128 4000 1000000000
860 4000 1000000000
2188 4000 1000000000
3191 4000 1000000000
2853 4000 1000000000
3445 4000 1000000000
379 4000 1000000000
2852 4000 1000000000
1970 4000 1000000000
2024 4000 1000000000
2052 4000 1000000000
943 4000 1000000000
1213 4000 1000000000
2609 4000 1000000000
1548 4000 1000000000
2207 4000 1000000000
1270 4000 1000000000
3890 4000 1000000000
2319 4000 1000000000
727 4000 1000000000
3886 4000 1000000000
1433 4000 1000000000
3958 4000 1000000000
3444 4000 1000000000
2632 4000 1000000000
3274 4000 1000000000
116 4000 1000000000
1115 4000 1000000000
2457 4000 1000000000
87 4000 1000000000
311 4000 1000000000
2754 4000 1000000000
1809 4000 1000000000
1289 4000 1000000000
1474 4000 1000000000
1046 4000 1000000000
3567 4000 1000000000
986 4000 1000000000
405 4000 1000000000
1778 4000 1000000000
2151 4000 1000000000
1633 4000 1000000000
3852 4000 1000000000
3765 4000 1000000000
855 4000 1000000000
252 4000 1000000000
3695 4000 1000000000
2828 4000 1000000000
1335 4000 1000000000
2430 4000 1000000000
3884 4000 1000000000
1004 4000 1000000000
483 4000 1000000000
3045 4000 1000000000
2190 4000 1000000000
2380 4000 1000000000
2194 4000 1000000000
1732 4000 1000000000
328 4000 1000000000
2073 4000 1000000000
1325 4000 1000000000
1652 4000 1000000000
2780 4000 1000000000
126 4000 1000000000
3808 4000 1000000000
1627 4000 1000000000
825 4000 1000000000
3176 4000 1000000000
144 4000 1000000000
3226 4000 1000000000
10 4000 1000000000
3780 4000 1000000000
561 4000 1000000000
548 4000 1000000000
1878 4000 1000000000
3371 4000 1000000000
2031 4000 1000000000
1656 4000 1000000000
46 4000 1000000000
1041 4000 1000000000
1037 4000 1000000000
3858 4000 1000000000
1639 4000 1000000000
1805 4000 1000000000
2771 4000 1000000000
1200 4000 1000000000
1262 4000 1000000000
482 4000 1000000000
1326 4000 1000000000
1462 4000 1000000000
351 4000 1000000000
1590 4000 1000000000
1019 4000 1000000000
988 4000 1000000000
2964 4000 1000000000
3778 4000 1000000000
2429 4000 1000000000
117 4000 1000000000
3244 4000 1000000000
2769 4000 1000000000
2530 4000 1000000000
1095 4000 1000000000
2481 4000 1000000000
3773 4000 1000000000
3139 4000 1000000000
2612 4000 1000000000
1647 4000 1000000000
393 4000 1000000000
247 4000 1000000000
238 4000 1000000000
608 4000 1000000000
1141 4000 1000000000
382 4000 1000000000
3961 4000 1000000000
1797 4000 1000000000
766 4000 1000000000
3099 4000 1000000000
2098 4000 1000000000
2201 4000 1000000000
2844 4000 1000000000
2050 4000 1000000000
2224 4000 1000000000
272 4000 1000000000
1488 4000 1000000000
1197 4000 1000000000
2335 4000 1000000000
3900 4000 1000000000
15 4000 1000000000
744 4000 1000000000
3939 4000 1000000000
807 4000 1000000000
2914 4000 1000000000
2183 4000 1000000000
340 4000 1000000000
1921 4000 1000000000
2895 4000 1000000000
1139 4000 1000000000
1592 4000 1000000000
918 4000 1000000000
2269 4000 1000000000
213 4000 1000000000
3025 4000 1000000000
2879 4000 1000000000
3535 4000 1000000000
153 4000 1000000000
2682 4000 1000000000
1294 4000 1000000000
2707 4000 1000000000
2446 4000 1000000000
1378 4000 1000000000
3546 4000 1000000000
1593 4000 1000000000
3368 4000 1000000000
1191 4000 1000000000
3820 4000 1000000000
701 4000 1000000000
2143 4000 1000000000
1719 4000 1000000000
3174 4000 1000000000
2954 4000 1000000000
2552 4000 1000000000
93 4000 1000000000
1469 4000 1000000000
1121 4000 1000000000
1807 4000 1000000000
2652 4000 1000000000
2822 4000 1000000000
1322 4000 1000000000
800 4000 1000000000
3874 4000 1000000000
3342 4000 1000000000
255 4000 1000000000
604 4000 1000000000
330 4000 1000000000
3367 4000 1000000000
597 4000 1000000000
3121 4000 1000000000
3322 4000 1000000000
2384 4000 1000000000
3708 4000 1000000000
1110 4000 1000000000
3104 4000 1000000000
95 4000 1000000000
2404 4000 1000000000
1781 4000 1000000000
2213 4000 1000000000
1009 4000 1000000000
2075 4000 1000000000
3351 4000 1000000000
1916 4000 1000000000
2650 4000 1000000000
2909 4000 1000000000
2571 4000 1000000000
2826 4000 1000000000
3602 4000 1000000000
151 4000 1000000000
3203 4000 1000000000
3475 4000 1000000000
2520 4000 1000000000
2462 4000 1000000000
2647 4000 1000000000
3880 4000 1000000000
2053 4000 1000000000
2934 4000 1000000000
893 4000 1000000000
2624 4000 1000000000
2757 4000 1000000000
3519 4000 1000000000
1838 4000 1000000000
480 4000 1000000000
466 4000 1000000000
3745 4000 1000000000
3103 4000 1000000000
1991 4000 1000000000
1453 4000 1000000000
2572 4000 1000000000
3847 4000 1000000000
112 4000 1000000000
2364 4000 1000000000
2068 4000 1000000000
2904 4000 1000000000
516 4000 1000000000
344 4000 1000000000
2678 4000 1000000000
1925 4000 1000000000
1175 4000 1000000000
3140 4000 1000000000
887 4000 1000000000
1226 4000 1000000000
1591 4000 1000000000
3153 4000 1000000000
3028 4000 1000000000
1454 4000 1000000000
1824 4000 1000000000
3838 4000 1000000000
3651 4000 1000000000
3147 4000 1000000000
690 4000 1000000000
281 4000 1000000000
3524 4000 1000000000
428 4000 1000000000
3021 4000 1000000000
1602 4000 1000000000
1736 4000 1000000000
3799 4000 1000000000
972 4000 1000000000
441 4000 1000000000
775 4000 1000000000
341 4000 1000000000
2198 4000 1000000000
2233 4000 1000000000
1034 4000 1000000000
1869 4000 1000000000
313 4000 1000000000
2314 4000 1000000000
623 4000 1000000000
1808 4000 1000000000
3135 4000 1000000000
3215 4000 1000000000
2140 4000 1000000000
3752 4000 1000000000
2616 4000 1000000000
3250 4000 1000000000
403 4000 1000000000
3821 4000 1000000000
1067 4000 1000000000
1823 4000 1000000000
312 4000 1000000000
581 4000 1000000000
233 4000 1000000000
3067 4000 1000000000
3086 4000 1000000000
3963 4000 1000000000
1703 4000 1000000000
904 4000 1000000000
2908 4000 1000000000
3294 4000 1000000000
2976 4000 1000000000
2580 4000 1000000000
839 4000 1000000000
1480 4000 1000000000
2988 4000 1000000000
2484 4000 1000000000
2420 4000 1000000000
224 4000 1000000000
80 4000 1000000000
3605 4000 1000000000
3730 4000 1000000000
708 4000 1000000000
2974 4000 1000000000
414 4000 1000000000
1617 4000 1000000000
2712 4000 1000000000
3273 4000 1000000000
630 4000 1000000000
694 4000 1000000000
1367 4000 1000000000
1882 4000 1000000000
1995 4000 1000000000
1527 4000 1000000000
1682 4000 1000000000
1051 4000 1000000000
3400 4000 1000000000
152 4000 1000000000
2059 4000 1000000000
702 4000 1000000000
2573 4000 1000000000
784 4000 1000000000
2340 4000 1000000000
3309 4000 1000000000
2132 4000 1000000000
1209 4000 1000000000
2618 4000 1000000000
3051 4000 1000000000
3697 4000 1000000000
679 4000 1000000000
2338 4000 1000000000
5 4000 1000000000
1915 4000 1000000000
1942 4000 1000000000
1379 4000 1000000000
1 4000 1000000000
3938 4000 1000000000
2291 4000 1000000000
1600 4000 1000000000
1686 4000 1000000000
1565 4000 1000000000
1519 4000 1000000000
1673 4000 1000000000
883 4000 1000000000
3082 4000 1000000000
1516 4000 1000000000
3892 4000 1000000000
1817 4000 1000000000
1975 4000 1000000000
3039 4000 1000000000
3031 4000 1000000000
1068 4000 1000000000
463 4000 1000000000
105 4000 1000000000
1400 4000 1000000000
3550 4000 1000000000
829 4000 1000000000
3126 4000 1000000000
2239 4000 1000000000
1235 4000 1000000000
3393 4000 1000000000
3591 4000 1000000000
481 4000 1000000000
1525 4000 1000000000
1277 4000 1000000000
3384 4000 1000000000
2831 4000 1000000000
1533 4000 1000000000
621 4000 1000000000
1442 4000 1000000000
2401 4000 1000000000
3151 4000 1000000000
1434 4000 1000000000
2697 4000 1000000000
3262 4000 1000000000
3090 4000 1000000000
2253 4000 1000000000
2305 4000 1000000000
584 4000 1000000000
3608 4000 1000000000
3385 4000 1000000000
1731 4000 1000000000
2361 4000 1000000000
3515 4000 1000000000
556 4000 1000000000
2537 4000 1000000000
1540 4000 1000000000
3243 4000 1000000000
1215 4000 1000000000
1547 4000 1000000000
1871 4000 1000000000
1012 4000 1000000000
2022 4000 1000000000
3774 4000 1000000000
1135 4000 1000000000
2565 4000 1000000000
2247 4000 1000000000
965 4000 1000000000
1690 4000 1000000000
395 4000 1000000000
2355 4000 1000000000
2878 4000 1000000000
1715 4000 1000000000
3072 4000 1000000000
760 4000 1000000000
997 4000 1000000000
3325 4000 1000000000
2797 4000 1000000000
928 4000 1000000000
2451 4000 1000000000
1509 4000 1000000000
2447 4000 1000000000
3137 4000 1000000000
1693 4000 1000000000
950 4000 1000000000
1588 4000 1000000000
1580 4000 1000000000
1359 4000 1000000000
1640 4000 1000000000
1699 4000 1000000000
2254 4000 1000000000
3405 4000 1000000000
3050 4000 1000000000
1111 4000 1000000000
1088 4000 1000000000
230 4000 1000000000
975 4000 1000000000
181 4000 1000000000
3010 4000 1000000000
1064 4000 1000000000
1279 4000 1000000000
3312 4000 1000000000
742 4000 1000000000
3625 4000 1000000000
2012 4000 1000000000
3324 4000 1000000000
914 4000 1000000000
3360 4000 1000000000
1959 4000 1000000000
1785 4000 1000000000
2101 4000 1000000000
1734 4000 1000000000
1085 4000 1000000000
2568 4000 1000000000
1847 4000 1000000000
3539 4000 1000000000
636 4000 1000000000
3305 4000 1000000000
1769 4000 1000000000
2172 4000 1000000000
662 4000 1000000000
1819 4000 1000000000
3976 4000 1000000000
1735 4000 1000000000
3717 4000 1000000000
3714 4000 1000000000
2229 4000 1000000000
3751 4000 1000000000
1130 4000 1000000000
3241 4000 1000000000
3671 4000 1000000000
3318 4000 1000000000
1461 4000 1000000000
3397 4000 1000000000
709 4000 1000000000
626 4000 1000000000
2966 4000 1000000000
314 4000 1000000000
1023 4000 1000000000
1709 4000 1000000000
2225 4000 1000000000
1073 4000 1000000000
1116 4000 1000000000
821 4000 1000000000
60 4000 1000000000
857 4000 1000000000
667 4000 1000000000
2619 4000 1000000000
2923 4000 1000000000
1730 4000 1000000000
3529 4000 1000000000
2905 4000 1000000000
1091 4000 1000000000
3835 4000 1000000000
3645 4000 1000000000
4 4000 1000000000
2839 4000 1000000000
3724 4000 1000000000
1499 4000 1000000000
1835 4000 1000000000
3672 4000 1000000000
1138 4000 1000000000
2755 4000 1000000000
3610 4000 1000000000
3527 4000 1000000000
817 4000 1000000000
2427 4000 1000000000
2465 4000 1000000000
3914 4000 1000000000
945 4000 1000000000
3429 4000 1000000000
2416 4000 1000000000
982 4000 1000000000
2141 4000 1000000000
320 4000 1000000000
1361 4000 1000000000
3473 4000 1000000000
394 4000 1000000000
1649 4000 1000000000
502 4000 1000000000
3916 4000 1000000000
3750 4000 1000000000
1074 4000 1000000000
806 4000 1000000000
2366 4000 1000000000
3034 4000 1000000000
3857 4000 1000000000
3015 4000 1000000000
704 4000 1000000000
1938 4000 1000000000
2055 4000 1000000000
1128 4000 1000000000
3107 4000 1000000000
1450 4000 1000000000
192 4000 1000000000
2081 4000 1000000000
135 4000 1000000000
2588 4000 1000000000
987 4000 1000000000
3986 4000 1000000000
2432 4000 1000000000
1705 4000 1000000000
1406 4000 1000000000
2907 4000 1000000000
2413 4000 1000000000
1969 4000 1000000000
3923 4000 1000000000
956 4000 1000000000
2345 4000 1000000000
638 4000 1000000000
863 4000 1000000000
1990 4000 1000000000
1834 4000 1000000000
2299 4000 1000000000
2872 4000 1000000000
3295 4000 1000000000
3091 4000 1000000000
2876 4000 1000000000
3596 4000 1000000000
619 4000 1000000000
3498 4000 1000000000
2710 4000 1000000000
2546 4000 1000000000
1043 4000 1000000000
282 4000 1000000000
2051 4000 1000000000
425 4000 1000000000
1098 4000 1000000000
687 4000 1000000000
3848 4000 1000000000
2507 4000 1000000000
1063 4000 1000000000
2369 4000 1000000000
