4000 1000 3996
929 2430 674643216
675 1180 820708442
440 2 344709236
103 175 291839637
810 849 770221228
134 2541 183988957
808 2861 210737864
341 1685 920093498
577 1501 804251978
390 2601 455420487
977 1655 93333476
457 290 277362833
209 1146 963277097
163 3243 113891083
164 2838 718274682
735 1792 766878015
749 325 69886006
378 3346 572424601
433 667 291993012
676 1915 655384201
797 343 779690282
48 2724 898609210
512 886 52865359
611 2918 361629513
432 3277 460469462
569 176 124258071
68 2578 553144189
134 2004 893523877
233 1524 747643416
214 3971 363145590
979 615 66542948
79 2248 612758607
2 3868 945354616
639 411 738906618
500 1769 696347857
253 1690 49120425
129 910 239190384
447 1437 258131160
661 2591 543536164
518 2498 135014175
199 4 331368305
802 2552 762031954
346 598 459394608
670 3189 136635543
502 223 147394243
209 2228 257827378
568 1216 624082301
285 216 245599599
718 3924 385465197
532 2850 194551618
580 2988 752132754
208 2309 159670684
671 829 710883111
790 915 305944346
521 1081 186133319
615 2852 86208904
332 2788 910231567
276 1716 377706226
323 937 438264860
14 195 108387656
367 2498 544160348
217 3834 89072813
941 3552 662838898
193 1956 287126873
104 2808 468977415
209 3015 858598177
349 1517 690615862
532 601 634685691
659 216 642935855
49 3367 136091914
191 2048 40366426
506 639 526116558
648 2426 703781768
523 2829 608450292
743 607 322775979
740 1384 81641095
303 776 452459460
710 3132 205121140
171 584 203654021
477 1776 795462149
65 1078 155797816
65 1603 196189753
732 3746 127019447
753 2882 778815625
359 218 113559142
691 2119 578704960
609 2351 951222536
361 3175 300030373
541 1067 262160100
369 3375 151698118
410 1732 921318539
839 3791 72276691
426 199 171306024
696 3148 728225583
965 1931 426124255
87 1307 58002563
95 3826 710335918
604 2040 96667748
718 1534 692682296
392 2423 303773822
625 1180 711920161
831 3620 370058710
309 1229 969580745
360 3543 778663321
160 2796 317482443
661 3288 253955644
958 3416 947326155
306 1827 282028670
63 3187 469460512
485 1458 126924226
638 1284 791500144
628 785 568848631
170 1810 678026166
657 3625 160890799
437 945 128710238
816 73 721881814
508 3699 727146840
935 2626 962103725
59 264 18048134
312 16 817644652
93 2628 344664403
573 403 248818443
115 1496 261437689
677 3232 834393075
171 2234 343717920
840 906 179613133
527 3875 454975346
227 2641 140924263
818 876 939855293
820 457 597493688
579 3089 85534946
146 1858 700980615
149 33 888398447
259 479 805820263
503 1727 536619473
996 2309 244627626
445 2513 58717788
848 1596 464181060
234 1690 40783136
385 1534 903861759
455 838 513407536
938 1824 274376547
371 797 508357989
780 3011 701573657
155 3751 157124962
455 463 350140954
895 924 405627029
676 2142 587327802
565 1985 707314176
515 2840 471877730
599 2091 748134119
585 3269 203072984
715 3357 653321586
230 1774 586672707
102 3829 10229372
495 3843 668675304
670 2965 557365765
214 3540 528292564
795 3935 116388304
169 3556 284215895
385 2914 735725771
444 127 83960235
223 2459 119358401
834 1910 162336330
396 1156 659236706
321 1 39457320
82 979 872657468
251 2459 662080110
910 3983 374298281
316 1305 932800009
854 3133 265122709
361 2853 447620881
86 3510 353122434
981 1120 365162576
824 2304 36308955
200 3968 640376846
637 469 941851506
436 3554 538421918
239 2141 85892415
169 237 844568174
652 538 502799354
282 1419 274942626
154 1477 391406595
838 54 924117179
75 3124 857469703
867 1604 652418843
977 1366 194266412
324 1350 44875275
44 3919 635886254
290 3058 655766454
319 988 121789360
997 2955 153083370
996 573 920118202
345 3225 97957324
902 1108 39203921
745 3616 166274282
583 2843 307663040
852 2221 387866694
642 173 26597389
754 3440 268424564
128 3289 84510589
931 2952 114645624
402 3169 947655371
831 2682 514530581
756 321 178515817
204 1390 627844909
812 3235 303092185
83 1026 115000364
769 1795 731775280
693 2817 102626615
999 2623 28568135
989 628 640557367
926 3830 61692431
725 3156 270090008
190 2304 90717064
622 1158 713894034
262 1275 267378075
771 2228 848935344
892 1309 970045557
579 2507 878797141
772 3625 196331350
325 2338 312086665
349 3698 646774924
801 3631 479628973
482 1249 185633910
208 2673 12927108
807 1334 171984208
213 1141 322311407
19 1318 898558793
442 720 961518447
216 74 512262111
692 135 463259742
629 3072 549115181
61 3441 685033476
709 1341 253200491
14 3074 350292790
753 360 486226294
17 3086 114572045
363 2261 467064787
271 1571 120153817
357 1279 363078909
663 769 591758739
970 803 631559322
702 3236 72591622
589 3678 484815101
834 404 153548798
196 3845 147634595
772 845 972473280
463 475 573277560
41 2296 415848306
586 464 551390756
781 98 861091049
713 1276 351458230
40 1393 657172218
371 3533 287552628
709 2378 74630159
588 967 134191825
431 3604 952015617
739 832 894549720
740 3035 408867526
743 967 563943071
818 2274 495162959
193 1811 410145617
48 3258 477418606
948 2666 914660387
546 3930 293089871
489 2403 395406202
528 3390 975618662
874 2787 166979521
819 3455 756106209
575 3677 349039660
586 889 701140762
304 2074 282228386
679 2238 971286750
716 2174 927322538
255 2166 465943434
322 1735 943349473
300 1256 535291999
600 3599 326832415
748 1850 220056772
486 1961 688055792
879 3577 513247295
94 3566 970399877
218 3937 51405121
629 3546 688457682
292 1898 861526353
987 2302 42905619
811 3069 589010199
72 1137 427433799
68 3390 562648720
370 1165 209777382
614 1052 823749961
528 683 193340969
431 456 330811513
373 1940 925384967
338 1561 324650778
426 674 463542204
282 1552 562029181
76 1784 81204854
423 969 956088261
582 3417 44725517
729 2311 840657999
725 3633 72509889
627 1716 546568869
314 2334 892563485
457 762 157609950
816 3407 446086522
650 3484 57932871
377 1672 109375711
97 3650 700345557
787 1489 177854623
925 3581 11867761
221 2923 252115060
11 1350 547083338
598 1153 39872360
661 3513 255578188
889 2102 744079735
523 584 335100977
965 1532 42657557
125 2520 945343806
526 3566 987842396
899 3264 291834141
32 2641 898311973
95 578 679896521
770 2188 959262772
291 597 945171137
971 3207 690825177
237 2106 885323432
342 2564 427652250
186 1037 269008142
614 1931 42637166
500 1571 384134874
509 2424 462092620
377 2121 117155456
512 2209 373802123
424 277 496091099
850 1401 44726111
22 3160 19190249
594 2479 581638223
585 2969 499480618
847 3561 871255470
88 1568 584112644
957 2933 385445647
618 3117 802568574
225 3048 742552731
893 3896 519875409
719 3015 356469062
362 3926 558841215
495 208 204160414
312 327 397872769
322 2919 642618958
185 1053 299335729
772 3507 892954021
990 3230 466588192
174 762 132258092
477 3968 170917686
919 2694 272444588
50 3539 584229355
660 3275 780203925
462 1247 760541461
111 2559 727266789
257 3315 935580835
250 1893 788210773
296 63 863872761
78 3445 169639235
388 3239 124325670
388 565 62899852
368 2203 141390790
613 2417 681579192
844 3602 477612216
184 2500 244216239
38 3916 266061707
317 794 398243434
928 2541 690728262
668 58 932420895
693 3889 271518836
525 3775 675371787
609 3972 768648780
427 1034 753910278
87 1783 321907789
535 1405 789779881
939 399 964004596
334 3419 970369609
940 882 41071830
706 3138 720886495
439 2113 71901712
436 813 203342413
493 3129 832496215
548 2607 59529519
207 1866 97244388
34 1371 696700261
491 2038 136885157
457 1175 845917659
91 1837 348382382
836 616 51513588
536 1312 143754983
694 1920 606462375
351 3816 943575043
446 590 80058467
634 3721 400916061
389 1733 378148055
468 3118 983310726
520 3347 718360437
398 1946 326567037
201 2320 303975032
593 297 328384316
373 1975 838216428
979 482 429021363
221 1775 481441898
191 1822 472868179
724 1904 308942694
166 77 498815245
831 1297 11966338
639 2438 275353443
827 2620 157363222
775 2898 115015010
896 1066 272921812
14 1254 75977619
543 346 997343305
61 3974 682319096
193 1818 292372420
870 2381 174809028
996 1714 51420804
395 1766 588971530
979 2020 627738269
365 1089 697073914
652 3079 241034447
21 3339 975717379
591 2507 63153540
795 125 204074836
812 351 113520810
499 2016 303251959
379 2553 191044709
655 3719 497708840
821 3627 806438301
791 1634 264029082
64 269 141576191
501 20 210783765
747 3415 917547676
424 949 594467662
964 3411 960779607
240 3757 641478670
697 3031 230455342
456 424 237353674
160 82 874726331
367 2177 272705471
397 2534 363439895
105 286 148129902
93 1399 955641497
446 1344 488335411
124 3313 110230741
82 2007 46231214
108 1711 773375359
236 1568 103041836
948 2188 250792059
925 617 386064651
45 3279 211435692
216 1050 978437481
31 976 903588635
639 927 983104700
465 245 903799862
441 1290 861334293
822 2757 132603120
481 1767 512538423
898 1165 999924809
786 1535 649370506
966 2969 834305094
638 488 43297314
911 3193 569717137
711 3629 272871911
841 2674 118698140
236 2908 33091922
460 373 385520741
472 2304 815841512
301 2016 172705941
22 1257 866451932
733 3838 989735728
501 932 158858143
307 3745 122210345
299 142 895362985
596 3628 650922904
819 3566 789998352
546 1656 426495821
753 3901 703405223
469 1759 921593258
745 253 871232088
117 3942 674061211
440 2937 533370730
523 2428 281790825
881 2883 920962830
933 2768 433721927
47 319 476598738
477 2974 530834924
294 972 852225479
326 1832 707938900
943 2413 491589822
225 2474 582783107
171 2071 722583294
412 3474 415039512
467 1233 865031380
707 2513 3520708
265 3181 256624898
731 2416 586867437
825 1675 417192036
503 551 551723335
121 2223 610305022
913 841 52498513
999 2297 321706467
967 2051 13453839
691 455 273325419
265 2264 272231435
387 3059 45650245
916 1611 735843399
801 2999 635904179
612 3264 709607565
483 3940 862678951
910 2038 656273866
575 1801 857957754
727 1663 524698321
318 222 119885385
884 1395 478388360
868 3936 240270233
537 323 597710348
33 2319 79330892
627 3058 579832476
778 896 69611966
199 2393 919435440
746 453 278580878
685 2225 158846335
647 19 986622382
624 632 324161651
645 3416 445140411
477 2473 204517353
424 662 378544127
988 3730 77885276
651 1978 595600852
710 3720 827375169
719 3864 351002363
522 1383 847822961
200 921 189227284
920 2700 777049098
831 558 271373717
393 3139 491882884
854 403 809856775
106 2044 579439823
704 2608 464347253
259 2739 466016152
139 1440 153436612
386 2469 125177106
301 3615 848317071
902 2369 626798541
116 1338 71322512
756 3288 628348066
117 3119 793573026
925 1127 702016168
949 359 622671723
248 3553 247230961
563 2426 820231412
189 2230 677146857
398 246 126954377
793 1327 415705103
490 620 943798606
987 3622 108464377
886 2068 667763326
910 2817 305654071
213 2849 700740036
658 516 393386093
500 1871 882136281
446 688 979836382
794 3586 425663048
771 1621 771471533
909 2971 595287705
87 2905 692116396
580 1211 798676157
792 3843 928764617
726 3414 87977268
906 3578 3634647
4 502 804280236
36 65 221325984
649 3172 33404710
102 89 638219879
946 1071 91590330
813 2382 852178960
309 1826 460409780
715 1550 32592549
857 1025 781402064
441 2665 984290403
28 3747 659450788
732 120 65859709
327 3629 70202103
626 860 541239778
937 201 829378087
753 2734 190303008
784 731 114717224
325 299 459433824
582 1044 237793073
214 2866 902495553
171 3964 758492229
167 3370 133800522
470 2636 838214740
9 2282 544356431
124 3855 670921744
336 75 765122258
724 2728 826084996
71 1569 179554364
799 511 670155277
431 803 625497155
622 3058 15671463
728 2136 627733900
240 692 320241142
565 651 466764775
446 3682 321473830
239 2965 19009924
604 1953 672343761
545 1072 442763577
728 2359 106155108
608 1235 201560921
878 1159 217932121
161 2755 735689441
47 2512 568346487
236 38 430985246
818 3427 113467946
907 1784 226421006
239 1914 137019087
711 383 95665465
678 3399 747582572
601 3856 613263599
967 2373 525417325
482 3545 817632837
920 375 448837266
999 944 780648412
166 1322 320100312
479 217 988233141
402 3477 297799845
553 3621 601528339
222 1225 213215241
307 3561 508699452
814 102 823581407
718 2258 527093515
429 1894 286999680
258 3572 496555868
375 504 292546672
909 3469 586108441
53 171 642522463
197 2354 342498296
577 2336 786718580
208 3433 313669304
326 842 410243836
734 2589 135552063
597 2089 581363055
689 3968 169053236
337 1406 18159137
459 3603 78020145
741 856 112496215
647 1006 87854595
81 557 939728901
423 1595 184145679
134 803 852478367
607 564 273288723
659 2431 353030182
841 2802 553655678
411 3049 73875059
876 2956 937570606
182 1254 114924397
334 615 293178545
607 2199 939891768
858 1640 173613917
765 1957 7392908
856 141 416091125
449 2397 425501930
276 240 324808874
376 1857 133626629
315 706 227590937
956 1166 975202013
755 1796 309672402
632 559 997571219
529 464 175867649
34 978 592753623
732 1111 794950243
689 1349 465491807
900 1607 432458215
280 1667 512381253
213 3828 985302610
330 923 656203272
656 58 975680089
199 2265 612271937
303 127 254017644
237 2377 830509720
371 3908 790637726
560 1156 493915984
791 2707 160335903
918 1202 240757027
686 574 923389835
638 2096 534672351
225 2228 901349041
896 1600 55691965
898 1053 893599419
705 904 412981837
27 2812 293205762
926 1821 102142346
872 3793 870501051
188 1464 339890092
760 3101 176983336
92 2161 397727916
174 595 716682838
190 538 904755959
217 1548 850409442
205 2007 515439809
547 65 745572978
687 3086 182812815
98 3788 586693926
489 3497 600425200
977 3562 968356412
326 639 133469242
720 2217 885967486
309 3164 329969430
883 2963 626348180
450 1936 481478351
832 2660 192498613
282 2052 178123828
718 2995 302639555
228 2572 590977083
168 307 330506428
214 797 85772426
446 2618 296520590
971 1659 36660910
304 3963 278380320
839 2684 903731410
109 2002 721056235
36 233 988657853
43 1719 333134062
310 2473 140931066
673 3711 794368673
674 3678 617074557
271 1237 41341217
63 712 154583730
782 1929 589456983
633 2517 121708687
243 3831 369495790
670 1592 168453416
485 888 488070921
169 897 204955126
249 1023 614424910
877 3438 466322057
269 341 46280028
83 3624 248930738
171 2010 257306985
46 3905 305053755
27 2743 686020857
538 1170 140898161
927 1944 619016854
488 165 863449698
979 1740 647906413
174 422 751025804
824 3170 477853652
413 958 91934025
757 2479 585484376
306 1298 317521171
37 517 980820522
931 2878 771447636
811 2146 583137320
152 1652 19505841
267 1394 12280636
336 2452 201839558
787 3928 562477738
581 3120 691673848
882 800 131661688
508 2633 357913187
295 3001 744274931
580 572 628771555
311 1632 449968799
523 3977 358567855
182 3880 395652816
236 1108 6585415
749 3119 688480021
587 3019 169886317
564 3886 222849670
830 1161 554911747
723 624 962467537
62 3402 895607712
242 1914 616915865
934 1711 622296333
434 2508 154817426
609 1923 687119305
419 3970 760917088
856 207 735281947
839 749 61307433
707 1954 356278633
784 1610 567400339
983 1308 163044560
405 1285 662694349
506 3787 427535254
1 1261 67765623
611 603 314853978
369 3580 709884882
367 157 59846056
720 1642 114955561
629 3928 932207814
574 3077 577390978
222 3798 124987254
41 2091 193175097
990 3318 395060604
279 1625 675180773
119 3698 122372814
172 2195 39425358
370 1991 574414511
766 2151 255461277
918 2176 468960301
405 3269 966870754
599 1008 324410133
109 3040 70928152
136 3453 351087917
563 3619 471388485
521 2827 686072703
141 1134 769084004
507 3890 380322569
532 577 9347829
278 1723 846023910
645 3187 15832776
399 1691 222081044
783 2766 94528975
534 3648 159744883
345 2407 336102649
589 1137 745080670
634 2846 624880959
739 3499 123304502
247 878 650785880
398 3781 555575207
223 404 119006104
685 1794 409737115
477 2788 427700242
28 3774 747028334
516 2355 47659053
555 1018 214523475
311 441 249747953
609 2269 849834809
346 2456 15337924
325 2696 640069992
729 3374 116376477
322 2298 995835645
982 3910 69115930
695 487 31830923
690 3331 557486972
243 364 669486771
704 3302 149613206
941 1035 131265222
656 920 175674980
56 3011 587270013
88 2639 45915017
850 3767 570289932
69 1174 571273881
179 1952 520207090
740 2747 757567785
188 2109 605015231
480 3504 994517201
640 736 424383065
126 270 896644154
618 3042 969801916
396 3820 7148040
307 646 436932819
226 3125 92076349
981 2290 65133740
419 667 82880865
671 1923 940805701
717 2414 784890572
565 426 500653610
867 556 137671246
171 1855 979422417
410 756 686289460
726 725 664147570
596 3059 528793680
272 3074 802289114
401 2066 550559539
152 1837 642729662
884 3944 432191083
893 2673 823751562
401 782 27386481
29 1853 68619466
804 3486 244585699
520 2195 902439636
159 3346 397938987
330 2200 532628555
865 2360 868078815
465 3385 226549661
316 2363 638115353
953 1285 289556409
131 3219 560681266
556 3905 72933406
128 3400 745518128
29 1093 375049526
180 260 240517024
425 1615 536638004
347 465 136147741
543 1984 128274989
135 3877 523800396
868 500 274838444
76 3446 497498896
924 3406 160674310
462 102 455481281
20 893 571509964
17 2120 731216980
917 1504 700532658
130 3050 794952132
533 3620 946818175
538 3437 638703931
437 3310 88415324
940 324 918517375
191 178 236894346
889 2836 152829979
814 497 949872420
901 3439 988850069
998 1781 489732421
385 2590 166277582
471 2349 517632590
151 1359 203413167
392 2181 574227366
69 1356 716770726
325 3555 979439732
283 1361 927106578
521 1568 279282652
211 26 263572505
720 854 621872815
916 2364 8117663
2 349 214147890
992 650 44443137
912 161 107921946
339 538 942766662
581 1283 347428402
439 3903 938581206
898 1874 70256347
53 306 32223509
697 1147 172539544
553 3366 762880760
683 3524 801114593
20 1472 412453112
210 1727 859894083
747 2318 611520552
362 21 178083117
666 3266 339549661
966 1783 560366377
90 2021 515463129
738 3878 269190443
412 3918 649372018
640 356 191830817
954 3079 434585333
519 843 339931282
695 2028 580730370
88 1240 891976707
637 725 629491080
42 529 854114966
539 3752 941086618
427 2009 398293573
328 277 87710710
71 694 916604212
264 2792 231808463
140 3367 195077536
72 685 228465011
184 1988 763183014
143 2377 154347871
227 704 249558241
309 1824 268334009
138 2309 940338828
316 3365 560834377
456 3652 272540918
928 3960 896120302
62 635 285636002
19 383 935362425
972 3639 370820243
627 3277 847072580
835 1059 223206141
549 2380 66592461
167 3914 204782683
394 2126 825426416
403 924 700364005
572 1639 342780959
463 3265 284673048
304 2369 499337651
335 3450 859578919
942 3843 339416313
527 2701 600800777
672 1991 15539782
605 2196 170579906
327 3165 419476103
299 3347 119010414
380 2863 779796672
566 3919 64936050
885 1043 735827149
601 392 947215074
77 2366 898337176
354 2078 688714459
465 2015 39985659
249 3101 49825164
917 799 276937489
797 3566 451051616
188 1912 784097824
608 237 727993042
244 2075 990172078
725 3141 997234561
837 1785 827920547
530 2861 288774983
587 826 232557841
521 3894 141791003
401 116 944473187
507 1568 871991876
830 3661 244260323
934 2042 916242503
275 3470 185940923
491 3011 262244921
860 1507 385467893
102 1 854691625
400 1191 674678049
661 2053 163208368
373 3167 365474699
43 2980 943830497
512 859 291503268
709 3869 353888760
96 885 225278756
164 2827 362217035
283 3811 277038819
663 3090 142436116
788 3757 576481361
567 1093 842590899
860 3979 885467846
95 3416 565626441
970 2804 950924464
181 1386 964410698
18 450 909170399
199 3794 932838959
184 2507 744149380
77 1615 97261483
619 1009 945567572
210 3342 66944314
372 1468 744381201
356 1400 378288101
33 894 328591561
618 1009 267504032
902 3543 972012981
308 442 775054973
628 3174 692578233
629 3573 782721330
698 1816 848402410
328 3989 272282607
619 2676 352178737
925 2156 166403121
138 682 337528440
422 27 404552487
371 2563 419688301
44 503 127890749
932 3967 956854037
178 2121 93145618
726 808 994775317
491 2939 688976825
371 1725 381350446
955 2716 724538571
752 3308 995154726
241 594 340156263
680 3889 177807468
714 1086 906790377
132 1499 545435192
270 477 259745849
190 772 152862731
543 2461 456463846
591 3990 224720811
864 3294 203405527
751 2213 983807803
267 3243 568364204
673 3423 301079942
785 88 25139573
610 904 188953426
499 3268 389043
756 220 221647948
671 1396 574142250
825 1916 647452515
951 3290 743172428
395 2089 213586878
80 359 93436111
718 264 560840924
431 3110 375452887
690 669 308639386
63 3002 374392383
320 2872 55769443
202 524 357321293
681 2116 262969574
879 479 557168216
286 2630 72359562
298 323 870436940
708 3599 148964028
81 3911 206786119
533 1474 437927153
834 367 802231088
679 1879 977666932
940 231 765320543
147 1264 403508533
809 3791 565235259
444 3935 95411476
176 854 52593602
748 253 362144140
399 652 603289973
919 672 200292006
818 3061 199187489
482 3384 924909063
823 2777 574932323
349 2395 710575568
898 2167 311316122
46 1015 343279380
875 3879 119196243
389 2026 863146307
679 3678 839317128
63 1259 16721959
894 3129 510210697
64 3401 925399152
427 888 967529535
675 1886 707728896
709 904 189105147
458 2742 915581471
551 758 320017515
832 2813 866924112
457 976 481751177
631 22 591627819
795 3534 743523893
624 1530 816128596
461 3061 533987746
692 1808 928701780
368 610 498078179
316 1635 989229537
202 3650 187265226
641 1779 68257833
985 598 660162571
513 579 723674804
34 2814 355066529
715 223 391252419
309 1406 340348858
586 1909 145372406
745 1293 524278017
799 283 871770791
869 2593 567236380
582 1629 100762720
564 1236 985374538
852 2360 75607395
887 1784 215506239
51 261 699166924
144 2628 909699430
426 1905 295985316
431 519 962458454
573 39 254154
890 1973 344372787
409 267 578930657
121 1559 439712342
95 1942 129445239
671 2368 91710842
32 93 642141465
236 3993 616074546
120 1305 768706469
609 2908 568719553
607 3239 188788251
521 3815 280636322
112 2253 900643675
896 890 262470462
191 2180 462541292
619 1863 617520846
229 3874 334445418
817 3370 318357432
717 1150 870683212
270 19 718551376
62 1473 688932640
848 258 190067637
287 3756 979472102
195 2420 558064552
563 2639 908095603
540 2843 550695945
315 469 579674494
453 3974 66279986
281 2222 605097504
722 3111 939717155
965 3745 249945523
503 3267 360985913
970 1757 610346503
437 2603 876681734
498 1820 815261418
670 304 991257346
773 342 169469428
886 1150 818828172
770 3421 570630250
319 1339 803728743
76 1924 183848517
253 2565 700635597
399 1580 395532886
234 1968 485511265
868 652 902028095
418 3728 554920235
132 2123 417609240
895 2806 808561437
577 922 433261296
249 3781 537988980
878 3759 543644357
944 841 14041464
307 1350 494078946
223 1696 951739086
63 846 364701324
296 1480 216074105
539 3560 175534152
413 1145 18298670
935 1585 939433071
507 3887 710021962
534 3787 66758026
465 2697 692980914
395 1811 511693886
917 1780 336982041
295 2214 247535665
672 956 258600988
403 2716 129930541
17 247 422616092
810 3028 272536455
396 1685 768303649
967 2192 997696679
211 2839 37191180
405 2664 77715532
626 2394 559229463
666 697 136299798
878 2199 207376875
297 1452 3521251
954 1331 519650083
257 2712 191461619
759 368 325296398
261 3233 908882130
498 819 557172324
329 483 544672575
561 3719 247419340
589 406 21926912
54 2788 949439757
231 2181 56885156
607 1373 884618878
722 2242 476864956
787 3090 710652222
228 2031 78038288
738 32 263000483
461 2519 80022875
451 3426 645774199
991 3609 252009730
212 85 715986394
263 1161 5565169
571 1176 118949286
284 2692 853186651
198 3172 362412369
158 2539 430818961
97 1209 13221591
324 1474 524926997
443 3269 21186482
527 2536 243402871
778 959 243992386
706 231 205995969
531 1017 824689107
113 14 182168381
282 3626 695730974
82 2995 959672357
706 755 710514034
771 498 728336517
417 512 937699250
265 2831 593650689
844 144 817171897
555 7 861121060
837 2746 642220532
660 721 291825072
416 2151 461434718
279 1552 925946250
736 2240 37047176
261 3211 675280591
235 2733 499956010
730 2246 815905585
263 657 260351936
15 559 773940516
434 220 27637381
112 536 271322024
534 894 142260348
970 2151 42109575
313 3365 109940523
931 2915 116289999
923 226 61788108
506 3637 168374505
478 1819 798938805
813 2096 358303300
735 2569 691497308
888 2707 603780216
405 2557 435247108
149 2781 800470658
774 3219 549078387
162 3488 2627062
230 3057 919307705
443 3379 304791290
745 105 243390120
902 2367 113327367
743 2235 553687090
316 340 470508389
38 1903 551997203
540 2406 836300742
284 2468 800378691
4 2641 475793981
192 2318 202074830
593 2386 84508429
935 1466 63743738
951 1997 144369359
881 3535 211392906
579 1369 509384336
722 3980 216277028
661 916 578594443
931 505 986234546
607 1548 656228836
381 1954 861993384
641 853 948216369
941 1775 593224653
517 2520 779571845
828 362 141175494
984 2668 311245920
546 3447 277242330
655 877 83920486
86 594 231350958
861 3352 21649945
970 622 730979268
547 3358 713416979
828 2013 564014614
97 2631 918468916
369 3298 646741329
337 2286 993462014
532 1359 712985862
173 3226 118588292
961 2304 135938001
57 2462 808145587
758 3031 493864569
604 3837 405093941
343 56 833908196
550 2940 910788525
291 3939 166495311
506 3480 454355348
603 116 270821863
922 2629 120894632
233 920 934243771
34 3875 264921532
433 2662 19343994
982 2430 520226086
366 3737 823396581
184 2502 185854300
221 3334 1716220
988 2449 679533491
379 2755 225171276
175 1291 847356204
442 559 370728779
130 1645 472788998
938 1561 115850373
562 666 943828892
840 2335 550933863
404 3353 451733796
989 3699 421711286
310 3185 703047067
101 1910 28947262
214 3798 792543283
596 2928 350800355
7 480 274338745
18 1853 94257213
347 1426 849467092
847 86 48998586
648 2008 972680723
91 1834 492340106
715 689 796659904
217 2465 810895318
726 3138 410990846
229 1939 300264035
471 2143 739272350
525 390 334370709
706 3187 825821383
315 1368 636377775
323 2681 279975837
956 3020 236252930
602 2920 340071441
253 3310 202851028
40 721 233047873
849 1648 191403409
137 3240 379821584
473 2541 845718237
154 2072 636036625
265 2242 733345110
405 679 959436622
338 529 537288414
653 1320 82133917
967 3089 717419977
988 3099 447852803
445 3269 365602539
814 312 128572894
469 3576 613337131
235 2723 323600650
536 3825 516713062
714 1692 398523092
81 3534 389848479
845 1450 424087476
799 2181 413642594
220 3795 965823403
427 2791 957072322
914 1103 691680075
809 175 911852236
233 1559 525974001
439 2204 624939025
703 1369 725411481
921 1426 549867673
228 1052 227179959
119 3107 391351881
251 3514 179126569
945 3063 592363773
975 665 750625053
732 1756 602499627
529 2893 618782288
844 2392 714580130
929 3020 835178444
133 2211 293991300
954 3842 170052056
835 2432 239307241
849 1601 831331608
755 2813 674289112
430 2020 530931829
203 3322 789450029
245 1183 730766073
76 1037 740948841
570 1170 560023202
49 1418 30279124
641 583 696654973
579 920 586211530
453 2694 333990655
895 11 262235382
288 3347 170125667
534 573 51016779
722 617 661930218
653 2738 683112840
533 3752 579852542
328 412 949053807
110 3939 317379727
755 735 461224381
118 302 875828922
558 453 994834266
69 891 126499244
942 830 553394815
369 3133 901746681
58 3235 611596151
574 2870 747705605
729 1105 480847322
903 2124 321797284
187 1636 172813547
186 647 209533536
536 3928 172730719
593 31 939043158
991 1509 616581065
245 58 316329200
52 850 383528289
435 3576 147764236
500 2765 435795333
559 1679 585479749
146 148 737109224
539 2387 421233613
949 731 595595479
64 3131 392629162
148 3005 562550829
374 978 427761726
501 1734 39445240
942 2323 109324635
496 465 49004670
127 1411 177738938
789 908 462614478
925 720 948135013
359 3980 341604054
360 3820 115872189
589 1973 500689056
970 1366 211590761
946 3261 754757501
979 757 456609064
505 1796 457226442
105 1691 186046955
429 1700 96457752
763 663 927101343
654 1871 976352779
531 3457 675662294
866 1178 856497919
446 227 416288263
980 1958 207319072
572 3221 349507864
490 547 125639013
579 2783 988360974
363 3346 664127356
549 960 362510756
628 2247 317338852
571 2933 836206195
199 3217 752895770
824 239 376493268
680 1263 398035745
12 1537 217384429
78 2679 257667442
34 1868 560687671
663 3350 633118839
613 1268 529719620
765 3001 761021271
377 3015 379626760
461 3003 58985365
917 961 893255390
465 3700 462313175
352 803 693301843
331 3714 890980738
667 1634 467873443
544 2837 211897820
318 1879 369979859
456 2149 392702158
311 525 898673427
920 3792 877213391
153 1746 644364245
525 2746 623076818
536 2177 679039990
592 1467 570564939
104 131 470023063
602 863 290046864
558 2574 389059308
320 811 721596610
602 361 253146830
141 1134 139032082
760 821 967440051
150 3422 251735331
773 787 126099259
409 1768 748792223
452 2832 236658310
406 1884 743336383
869 2237 12173129
108 2709 29809035
914 890 729879556
610 3758 142846573
757 822 53772387
691 1935 884944323
425 869 81060789
560 1250 435347676
750 1650 367172153
625 2113 840776233
615 3413 666581745
390 3417 607338612
916 910 654690334
740 1001 319994778
228 914 535510759
342 1369 77641300
829 1138 854868054
452 3343 214599489
415 3830 970853717
957 1283 776489241
987 3711 698074536
447 3104 105721115
89 3041 383074549
235 3618 327510083
731 1321 575303238
603 2113 200136107
861 2274 256663586
372 1376 840534732
768 2222 205500592
427 3681 689040298
350 2771 585262477
865 963 152054520
837 540 918972482
307 402 293838090
811 2995 635215405
89 3887 898218011
535 3500 257418500
468 663 520313990
873 2030 439508509
510 3287 312739738
755 239 625942957
316 2135 808494041
692 3665 783656480
738 753 974281305
971 619 661546345
204 2123 500382144
528 1522 675796729
797 903 422604465
235 52 757994767
697 1156 622801726
198 1607 546302257
334 1296 527068878
832 4 746778138
162 1868 734885549
453 15 69855837
484 3195 905780719
70 2628 222382647
355 3586 93530696
554 907 811625282
148 514 522666790
161 3207 21359222
879 1153 148553237
464 3111 3993328
268 3204 662146270
792 3714 256214100
795 2723 763454328
464 3544 265806232
965 1265 388519894
217 2470 733533860
694 980 969297361
202 1127 53470945
141 3565 923991607
378 2052 426137644
689 2904 818125278
161 492 712007651
3 559 278584292
245 1059 331553563
102 1809 125378516
760 2063 451925205
221 887 912417370
352 368 57107021
682 1099 436449623
650 724 418950940
714 478 444006481
898 2029 544350072
632 2046 134707669
1 3342 298671381
784 1425 666889397
323 2376 21064405
701 487 859005125
554 1803 984578065
582 67 708337414
932 410 876426688
247 3328 504923234
147 2615 71917343
530 231 523872523
108 1135 384467165
555 966 770419488
154 2123 598203062
111 524 661966260
548 2355 512260294
907 2073 444159837
353 2688 171133073
254 174 519927245
170 1491 716719161
116 3121 912193627
447 2185 540368403
981 1513 74252497
263 202 772370555
581 1289 231903787
887 3060 607334337
482 1081 767548874
737 3620 94190315
20 1618 791311175
631 2670 118260999
348 3838 882170112
118 361 155090146
385 337 990095858
925 543 983165573
550 425 195149693
851 2467 395589954
292 1632 345922413
880 1738 532195401
478 1379 354301157
359 3973 281208238
61 971 104934194
587 2046 262782366
80 1433 371304627
761 3828 480256158
113 3683 37268548
554 116 13312236
917 2461 551455108
325 1340 362800586
272 3906 915624038
979 1951 563892964
588 3891 427687445
983 2686 196776490
35 823 824080149
436 2453 367428182
203 2395 517515613
950 3863 534470553
217 197 524855333
517 2082 98813558
354 2095 285544394
89 133 803355498
388 1522 465522074
845 3351 743362032
83 2494 979195939
963 1595 419584087
658 3824 328527353
228 3708 66255432
16 1101 74729261
121 3372 42911452
660 2732 921864334
563 3701 56010106
398 2905 291601379
820 3180 469565967
748 2886 504859684
708 2256 205230099
592 1239 109026642
688 3093 356628695
89 2863 836380246
645 12 813362843
98 920 98617019
363 3277 924251773
44 2569 817340173
877 3939 604074525
361 3626 253829010
845 3169 989458998
510 2328 943161260
651 765 716568283
759 1133 633460865
659 377 285755846
218 1667 484672205
463 2405 809838422
360 2917 887230770
833 3590 44013578
347 2787 839369514
182 1649 794966490
25 3715 991516955
112 3601 470458425
312 3859 187645389
678 2259 21586325
238 1740 8897605
215 3567 115841398
22 1507 693131810
225 1756 863017066
847 3714 498432240
559 1157 571441927
984 3335 44810201
265 3612 476554490
578 1063 831336062
710 276 678339
89 593 532966331
404 2004 250799891
338 3250 198572757
576 3521 774981917
123 1692 652198113
358 274 235179363
500 798 368812424
352 809 204394972
226 447 727196036
836 309 731848944
790 3445 704706941
615 341 526933161
101 605 74386410
710 1805 221477487
266 702 89248887
583 3844 205589868
90 2838 879640027
805 396 187856884
475 1218 326375655
674 2857 198847789
84 102 223219101
86 2387 646022138
788 2832 854181149
504 979 325684266
49 2595 490173230
746 2910 120027409
25 3527 841001083
698 3108 611721078
776 1381 537733569
503 2199 163226201
758 1817 93796851
434 2692 981176732
778 2906 829088028
147 971 17356825
143 1257 981939367
702 2280 917073058
385 2670 840791073
114 150 610716296
298 925 275850094
360 2295 978506082
829 1077 830441447
621 2683 780094962
193 3604 153972984
383 1872 61415439
496 3195 243606157
585 2202 758610201
381 3053 626483998
3 2057 859817912
859 3660 379258212
21 384 306478812
82 3164 768481529
180 755 333587075
556 3929 441679710
645 2337 904245028
743 2638 280425792
800 657 151769060
833 850 776194693
691 286 387081189
150 765 879130218
371 2834 302233192
301 215 7355553
810 3646 52964693
605 1519 470693536
37 1469 337622734
234 1633 192424168
930 2264 206979099
504 93 623114893
613 181 50527208
824 3630 129862918
110 90 259049183
275 2225 397632282
643 797 471246981
564 1752 663406117
11 1192 522118402
767 1194 564426821
140 3687 459657064
371 2748 445600833
506 834 761977110
68 1469 530336906
328 3129 781844588
201 3775 345853817
379 44 556261355
85 1310 474569519
718 171 858763279
742 3542 868885658
817 2789 484463411
774 584 797396588
828 3109 560916289
663 86 915290997
491 3636 724015270
800 583 402153526
654 338 750633320
605 1931 449495234
632 2341 969248329
778 27 508662823
585 1472 738881928
858 3361 330094453
398 2216 912868619
288 923 661470669
674 3539 131143778
305 602 669121105
44 1693 179709503
569 630 233774947
43 1560 102323939
870 3552 46566299
909 3899 110237214
85 1039 808462412
465 1078 226452137
589 3409 499402807
462 214 624245043
701 3307 259803680
300 2798 765931705
24 3366 751646524
194 2585 102022493
405 1260 144674841
258 2587 863780582
418 2334 172931697
824 298 191228475
808 3106 557697359
885 563 466666141
72 910 412091033
65 2712 416208681
801 349 537223058
965 3757 198361327
508 995 245875719
31 3406 764610327
202 2863 716176719
813 3996 981711694
603 3307 451364207
685 2635 414112914
329 2850 137747363
162 1078 526351278
334 2504 676654782
265 1563 381536684
816 1445 896290653
835 1083 525523653
750 1663 350814283
777 2893 333354486
156 783 348003088
369 2871 977967240
222 1153 986442687
635 439 385086323
593 3629 933395401
452 3008 739385124
626 3476 246593543
682 3224 150858160
245 3992 851043508
454 3064 507199840
409 1254 148565822
891 2827 147061931
938 3231 387125844
114 77 788466049
605 3277 947751237
898 859 220214699
384 3752 877073358
81 2431 590803568
594 3673 743399416
230 2243 413284306
606 2622 874592286
275 1772 307787101
301 2049 301072655
838 1580 101247870
584 3597 499392050
855 1053 666372792
791 437 116808410
221 1210 166986773
989 2829 386629377
771 1962 576485261
937 3708 948814806
120 2749 725409172
354 1436 598736915
23 3937 371305639
295 2526 614482382
14 945 798231066
350 2056 996572715
941 504 566450860
10 2910 73634096
937 3875 328381993
832 2086 983032795
970 3765 192632620
408 1716 724379113
542 3041 23160045
574 3737 137626247
10 198 817291904
441 2023 427420717
559 3775 41241501
626 2886 290673578
560 1024 16625970
599 2071 158945904
604 211 258623173
213 463 138939495
344 600 842347820
620 3893 982213510
399 1209 228397297
141 1922 253456693
67 2889 631977877
232 1235 19929224
796 49 242779064
932 1380 181298975
288 1457 895828991
72 1234 673402562
885 84 627976169
376 835 110588010
515 2614 164997640
907 1482 280046721
531 797 639647766
654 2913 659688755
98 2235 185929566
779 1295 789484814
212 284 726461150
699 772 187430289
597 143 903828171
98 1743 118306241
584 46 39716111
3 2706 176848928
319 2080 217024277
282 3726 680218346
314 1362 577668119
905 1342 87475477
267 2200 746177962
156 2124 118034816
36 2998 721637634
43 3108 978771178
452 632 636347310
610 3580 768826269
585 2498 501846227
655 3817 92740706
662 1412 511625032
530 1684 155401143
734 810 101909425
33 2107 628903084
1 1060 74011862
120 3297 989002579
91 1469 590410042
917 3438 122538912
717 3855 734136455
804 2868 749637979
695 3812 202227456
816 2380 969012999
769 2857 216113134
414 2742 36325705
961 2749 69772816
580 3471 454903313
963 350 474344272
356 2866 134535200
502 852 839063824
761 2393 535597551
895 1805 699429646
131 1346 873334290
8 2284 739247955
757 28 828271368
147 2171 650497248
22 2349 109444495
226 1126 453609528
599 30 859561160
644 3200 679863829
659 3929 844834091
38 3914 771988246
468 1332 531498830
780 3849 242113789
17 3702 846249633
764 618 601695098
465 3892 845596178
807 3146 877939514
277 1952 967808683
278 2674 678548375
661 3978 147100898
265 2368 721877524
577 1698 725565472
138 3804 437693651
99 42 401648447
400 2257 15293709
944 3562 449338499
303 2711 763900420
501 1363 975299344
176 651 5106335
360 841 955320914
348 135 115832565
84 803 605036242
505 3729 559927311
466 135 722138673
162 2234 636409886
736 1616 560459447
390 3352 907955854
5 808 907098085
493 51 990290623
623 3138 245255971
635 3468 957879828
419 2665 75587975
426 85 668863885
797 576 484778285
29 464 319283306
244 653 404292523
631 409 184407317
521 2749 788431004
206 2491 650364213
871 3209 223838818
528 2408 508804843
113 2494 327353765
853 2728 59308818
161 3889 270863520
454 815 742489999
345 3238 738424388
812 1620 548526891
74 839 965329033
317 3708 567992783
36 1181 817143248
307 1293 677429948
785 2542 239009180
286 333 181158576
742 865 689910018
553 2388 549827948
845 2277 321853553
466 2061 620274317
586 456 497718468
867 1217 392755589
285 2724 120871499
843 1674 290514124
401 2138 312370190
492 2869 704966978
891 2539 472185411
561 1498 335488240
885 3603 377267747
162 644 218272411
965 2184 662646488
301 3690 439836749
712 435 771588497
719 2204 430565277
957 696 386666959
322 3971 19282769
213 1235 880913277
682 3548 730560196
465 992 403763108
162 2453 283927379
903 3780 194070689
470 3900 785343763
818 3005 233339482
197 2025 443795845
742 2588 492732838
366 971 966728430
269 919 609118626
364 891 990309108
559 3516 244741721
943 3183 804851936
152 787 260496922
324 1828 955710657
414 2625 35034542
459 2859 896289068
360 1394 288513502
827 2282 567912488
599 2981 240989324
339 1507 807241495
556 2299 286124733
268 3457 362429301
99 3046 805075260
758 2028 29688563
676 3494 697055761
648 2656 669095219
243 3054 213193191
222 1482 704137104
859 3940 94076350
246 349 716756374
932 968 50608164
769 2343 100784962
830 725 389545464
666 2905 665305510
202 3905 184114676
565 2541 961358793
700 1181 200409354
267 2959 22734683
945 2904 61844960
909 2454 465170135
231 390 709654721
641 3669 760701399
191 3514 639876573
156 3241 212638818
545 2194 800587694
235 807 159219783
567 1226 60282124
10 377 258060484
787 3341 400983046
931 2578 55939005
26 3065 264920112
297 2166 80678588
871 3067 200483427
897 1752 556085611
752 2448 124284373
470 138 894747947
485 921 943564079
403 926 224096259
147 3314 341038771
908 2745 974094397
170 2386 448309478
922 3564 769421671
57 1533 304553446
874 447 584229897
590 302 77163032
888 2322 596039484
821 2022 878054055
119 3393 7997664
111 3799 564840559
542 2243 344287632
108 2566 706896409
363 2310 173943036
886 13 663251755
590 2032 993632445
47 1498 993778470
731 849 750423849
962 2187 763330615
124 1332 511707464
44 2051 449120439
9 1965 935360578
308 1397 408270746
913 1725 984963483
864 2441 828074919
376 1231 904571614
459 2680 852010411
721 73 642283104
681 3777 24778616
203 3905 631979318
183 721 727150923
553 3441 99143605
868 445 914402695
339 1480 188023431
426 503 22507772
466 3091 338808340
111 1459 911145748
54 1459 639384891
849 768 919921195
136 3607 272476554
828 2932 699247751
322 2240 612310889
124 1901 282550086
145 1306 937763841
774 810 175245222
559 2780 368224709
6 3424 867219592
117 1642 526121203
562 2614 538535605
744 2464 892086263
552 2087 340329727
531 2980 450271585
828 3742 281703614
161 3402 499650292
454 3482 476555302
345 3443 990263757
258 2834 168973532
946 2288 24441155
675 1314 277895701
175 2627 962327494
421 831 77420411
918 1474 184085634
722 2578 66641695
838 3768 152491894
149 590 383567473
322 3905 285781147
99 1598 800700208
375 1917 13044995
516 527 464379915
934 829 449033642
295 2714 54472951
880 2140 48128158
372 1462 100762223
756 1706 496984238
219 489 553812497
968 3656 871534671
825 2157 678698684
271 1549 351733960
831 2226 858735477
544 2710 893590445
456 3049 532031139
880 2523 698408412
514 3728 806147429
590 3040 655749238
440 1294 120176196
560 1526 428738200
624 355 251562191
974 1135 176876901
82 1093 209138107
872 2066 945021488
188 997 273433210
280 634 855682997
35 2111 327963227
217 3910 496466869
206 350 446953807
315 1329 864443765
671 832 772472845
837 2651 777526675
452 252 243957119
530 1359 356674517
627 370 148275397
440 2451 561650928
781 1403 767949149
961 713 295030263
989 957 75425937
301 1592 875081976
790 1571 299001069
39 1385 972456514
523 2310 113019486
167 138 364265708
380 971 804995846
476 2935 96375469
84 3296 611871230
598 115 45847536
4 1273 954436334
709 3097 16943552
934 1240 739537729
789 1133 822695454
232 1002 399338617
723 2790 446530265
983 657 196304606
640 3556 286824036
826 3268 275337191
263 1240 304272531
180 3958 117524286
748 1539 403333390
175 3220 567465559
34 2129 326620987
995 3242 529387468
483 310 953544814
449 181 27783098
388 2661 861893072
826 2425 654722437
912 282 776592999
943 1433 595044406
35 3533 866590038
893 2085 732223862
253 741 298828100
46 1100 610629339
799 3376 506579810
205 1114 350122239
541 1583 194743562
826 36 664562513
212 2262 513162055
847 2388 899263134
778 12 634798293
591 876 36654346
765 347 291056631
893 3946 71480089
144 1749 10822527
566 3008 160284837
857 1416 712391218
857 3885 890780075
905 2204 22651993
168 2801 760146968
852 1164 73599013
323 499 136610288
305 3018 382475864
310 611 367228903
368 1592 346394868
939 1620 455465447
645 3811 950603876
951 3804 495663938
486 3145 516497013
927 3305 797948733
793 2877 773424114
317 1853 476702655
884 1290 352737417
355 1391 128877497
957 1771 317166919
792 2103 987851920
745 603 422832035
812 2181 231311203
794 2193 45239492
887 623 286514984
571 2601 768469909
891 1469 572389910
828 3724 87953834
310 967 362287987
754 428 548659773
991 493 51273305
393 911 927318329
113 2749 3197746
96 1142 184601888
204 1890 601952825
261 37 171458536
423 3147 293515342
832 938 891380458
584 3081 191677522
953 3361 871049685
829 700 854743389
291 1026 868950241
801 2492 180799821
876 1307 751802828
756 244 66029536
710 2140 907337782
657 2033 36175004
418 337 204462646
97 1420 359237003
52 13 173052687
948 1262 921549784
161 2405 570278928
455 3223 857877208
181 2049 634170616
381 2458 954022593
12 3369 617957679
552 3485 172978910
733 2302 166456875
781 3104 498963544
300 2116 775663545
520 1084 438034781
288 712 556568330
908 976 214587272
151 3153 217249938
911 540 975987510
534 2574 39715269
248 230 883487187
380 2563 232374891
193 3615 11723792
4 1617 617957277
676 2781 101323155
131 1869 2538082
119 3880 758397436
289 2923 283163766
896 1441 318932822
57 1802 694316483
724 3413 607424629
380 2834 839789208
276 1933 235574863
453 2866 163787363
689 1945 290619950
18 256 675498294
586 3844 229763637
957 1590 664119148
693 2203 43568031
240 767 596311979
38 2306 706023833
830 1763 840339571
969 960 242107353
316 34 232903928
300 1780 138873483
627 809 970507717
901 743 457144423
590 1918 334042015
386 1319 552597055
184 2057 525889169
734 763 157422114
396 3479 525074843
634 2874 447182750
546 2723 275603570
255 1129 791542221
154 3529 569258164
302 3322 87274908
706 54 229755665
308 286 13914222
110 2563 91538200
256 3773 604124792
27 1886 414236616
629 2887 833784477
754 2444 406705970
169 219 196212268
645 1034 729431236
46 1391 61937643
685 342 63886843
382 3336 562551361
419 140 290717729
232 760 413896887
522 2733 458188586
890 1356 185194660
295 1728 954152975
713 1678 166551557
240 1097 368991071
544 3893 169552832
807 3584 833424965
439 914 779608237
159 3412 399960448
629 104 927126519
145 1239 891453831
321 1583 515273014
771 820 165435515
936 3446 309566022
818 2323 975901360
62 1609 727502701
818 215 545615675
746 2602 937433242
783 1701 510204984
535 2004 980587762
559 936 349072084
165 1208 557750976
745 336 78084019
485 1585 287504659
726 248 517397649
960 806 7292459
421 3769 567286583
43 171 311919776
852 3842 56793102
645 1862 757280916
611 790 744361497
577 2437 11290202
18 2863 64346609
222 1065 172361600
552 2424 541279590
851 1569 816463929
475 2626 318801513
185 3850 461981310
509 3042 667072127
352 1081 577673368
669 3668 520488705
829 2398 936423331
856 3021 875561271
197 809 493401770
480 202 4551877
113 1080 497987514
985 2307 857493737
53 3612 868669080
718 1594 965158551
530 3049 147034314
618 686 808460637
297 3235 678448578
881 318 910018066
949 517 354311232
340 3446 140241760
810 2359 388611057
796 3674 816155489
807 3172 214977669
177 2230 471825075
197 1230 154390932
749 2585 359913783
612 1301 277378058
290 1362 81915403
68 2905 732259843
177 3432 663484739
920 2348 978284193
352 2940 337369196
369 2838 66661073
167 1497 670967641
1000 2126 948102959
584 2468 839320625
11 3558 675639084
264 1003 848794084
47 1966 107172395
536 678 682351885
38 2784 421402231
947 475 358121562
39 3164 48938423
191 1208 104932520
866 3483 444897833
805 1399 403120301
896 2948 825421663
155 2632 44439971
798 2344 420438600
61 403 286529926
506 2076 385267375
244 3470 142952904
788 2047 925249486
677 1175 340124413
328 3727 210646087
851 411 744152789
271 2767 940371892
359 1787 457492578
546 3260 226218018
819 1117 775060234
510 2266 580649902
164 815 440960324
354 2664 639452795
293 1929 890053015
895 3351 25120715
356 1678 557587264
666 60 462564656
60 1539 659435353
24 3666 258482615
315 1920 71874889
882 853 300801696
190 1194 614367086
951 2362 111187282
571 1433 640632876
417 3231 766922694
289 600 753288643
893 1967 730587329
561 2859 719163082
164 1033 306859453
949 65 18897747
316 2084 742252583
323 1791 191217003
211 1904 33098945
723 1077 226613300
426 2458 913309718
203 3278 538677697
624 2978 543264502
824 1344 175165414
925 3239 873650685
30 3069 95622718
277 3464 81061210
413 3913 147850528
530 286 815473597
45 1709 78410944
682 3866 506021057
604 951 571610473
542 3953 165019301
601 27 811216449
271 3433 949358883
530 1621 70020295
961 453 34465247
946 3893 400257582
545 3781 845562152
440 526 123830584
142 1415 905687578
222 3582 505614690
176 2983 634411307
699 94 767849505
190 1545 520022855
341 2893 376008990
80 3480 947364856
360 941 327196256
518 2406 277920738
198 604 710071690
956 2838 198117924
124 1996 582416107
176 2067 769124552
213 1870 21132104
2 3943 138280373
348 2097 76440804
839 194 282538307
662 3073 454259645
365 3726 152424891
888 2846 410469533
857 2696 735288873
454 3876 132687698
902 1131 781700959
644 2928 743889926
993 1218 831502720
207 329 995952621
387 2348 906356584
795 3535 62700814
664 2521 796790688
177 3255 676634708
194 1763 904522743
982 136 525165463
255 1238 869804784
205 2103 923767085
514 2771 665355607
605 856 102051458
933 2708 899893953
352 1281 415960982
280 2120 347974104
289 1587 205311116
531 3573 219858038
527 2809 234102095
370 2664 672853941
254 600 755583566
250 3054 766994407
97 2330 224532830
730 3155 677889016
35 1730 950244140
632 3063 488920393
735 1008 412157258
739 2478 812044122
768 2955 262012563
506 1199 204557586
97 1490 77710282
276 3370 189130409
647 2052 707837841
489 1438 787406595
646 2989 237240761
367 778 950183497
860 750 547398354
163 938 293113504
999 1349 811289208
621 291 958412040
60 2838 521931138
494 908 302011072
212 128 444441808
818 1385 38282906
395 1722 852013551
454 61 287242515
194 2331 285924102
275 427 351899429
930 2006 498840573
222 3056 685790599
863 2188 889483996
523 3714 963903383
448 771 591715302
991 3627 680419340
186 428 896316069
730 3094 923280815
347 840 895534529
793 1381 134828001
330 2612 581377569
604 3663 254457025
799 3504 374475122
41 2692 72015742
507 1056 876108604
653 1618 569809089
374 2858 790629972
641 1264 170880466
848 650 193390018
302 1096 217061243
966 3355 903959563
199 1988 59798964
961 216 654512464
40 184 359352453
411 38 810174656
977 2019 780642926
364 1665 141280243
663 2410 696274085
395 3796 521174859
511 3679 770925512
353 2101 323944537
927 2758 292404242
335 1902 910348327
548 3247 933251794
458 3593 854754584
267 3677 651486464
661 24 47058662
456 2216 340254945
248 1981 515170858
7 3594 730973864
557 563 391307667
345 3784 253707540
4 917 917849661
843 474 404814875
633 2927 814773751
590 3662 615293206
128 63 576736777
179 2608 390158606
133 54 637221432
714 3180 168870847
757 3575 168425195
806 2272 900639376
170 3603 812428383
402 1983 323718363
41 3760 296796545
296 1643 925246910
86 59 989806461
397 3186 488203251
888 2939 278115321
537 2273 278552675
900 3256 139722459
437 2981 163250712
251 3546 578594861
834 3864 277985295
222 175 952017090
536 2399 224172339
149 3297 559867188
177 3218 390341004
477 73 342293643
887 3858 758163548
951 972 780379318
246 489 880332216
170 3582 183392517
951 3409 959057661
568 1940 635397875
206 1475 31080436
482 3050 17473986
745 198 816759506
178 2499 215391024
956 66 437686018
91 308 528513899
240 2784 188626510
259 2200 655475972
853 2760 19575582
877 2300 276712246
997 2114 159464059
758 721 395242020
630 48 180695056
477 287 647713889
301 779 663580129
607 3612 136649491
819 1936 185410109
382 2561 161702867
357 3161 723254527
152 1591 77789443
911 3052 282252320
315 2446 63042539
102 914 437137274
91 2341 659934473
935 479 701330046
675 2826 567803387
453 2173 970210253
215 1497 520841065
518 2020 316130449
421 342 154172547
699 2152 457955579
584 3097 359613497
51 1701 232253287
531 952 608842642
732 808 354415465
589 1300 418064269
235 3485 437663907
428 3278 73338233
352 2254 670954899
368 358 845459524
365 3005 726765237
456 3097 320841429
316 1641 161536116
74 268 312574793
877 1745 140093710
710 293 643853094
385 2942 244917669
884 2296 583213845
107 2826 483678804
988 3880 428071764
282 3813 232152535
617 1999 34133009
509 3227 966697143
544 3513 490974427
58 1149 971911021
751 1666 507772152
473 3894 199232414
344 2284 325497881
6 1299 841250815
731 2566 323694381
780 2282 340181540
786 3161 119011367
123 1370 638690859
73 1241 926820542
432 2568 876374691
67 867 986528697
377 3168 55847749
998 1931 917826045
444 1495 49678682
634 3308 719447000
738 274 839437190
637 3396 915504358
242 192 761553493
967 564 785234474
445 1100 426424412
320 2919 465126236
563 1818 24597349
612 1367 26066759
809 3892 392119264
320 2469 877061776
13 1325 953064352
776 2924 946141091
772 3002 62030144
192 2120 353255955
730 369 786922070
830 3609 530987635
244 2233 770227013
274 403 68231354
326 3857 986091595
392 2566 397001723
472 3178 57722094
285 3539 644794458
486 1881 709689441
769 2855 485510437
923 2344 452966296
763 3612 442303896
23 1954 272306156
299 1051 43655375
542 3216 166171974
699 3044 489624779
994 244 86457020
713 2698 785316918
731 3563 83289491
137 2970 331175273
276 323 786027731
10 763 385272379
818 724 679468820
243 3568 686395228
936 1207 243716136
210 3976 257643806
991 2412 240919895
991 892 51293950
497 1495 521543334
762 3280 473764223
748 1559 456849613
140 3176 342365322
731 3039 909972506
777 2025 149562214
246 2943 312765988
524 205 712771018
927 983 735707454
716 2997 796181621
330 2218 358336025
763 526 679859416
13 3383 259952417
371 3726 736831106
222 3142 483530646
721 1918 384030597
891 930 249494002
60 1889 737369421
594 1892 245582639
931 3451 556106887
474 3113 640381189
411 3624 653827741
760 2881 639157043
608 668 304899363
677 3650 960512627
383 3915 895018960
191 3092 851921086
769 3029 851675818
890 887 175022946
379 431 715504012
709 3045 579255471
2 2755 1961267
467 3416 86116412
440 3133 118293023
554 2445 285634323
624 1206 355568401
261 3329 3688024
147 2980 208649332
368 2359 893619406
275 3281 643211986
930 624 915329661
406 2585 470896230
822 3086 423134279
229 12 516848618
70 1116 731242279
591 3165 467377535
30 259 203608574
525 1118 88431152
979 3288 176420325
802 1001 878221598
511 2418 818187850
21 1847 75826531
341 587 291892099
515 2903 239582194
783 1800 37579265
98 1792 566049394
662 1423 926966883
912 1532 433866715
835 1020 396718000
809 3042 727909953
842 2966 497154413
296 3409 310330008
253 3076 30875066
246 2995 810534603
602 1338 934240746
568 605 625669602
292 2489 361681066
163 959 295992953
848 1293 430196517
405 3955 708960462
375 822 10679741
648 1168 939369329
488 2784 771172916
717 3013 895856113
260 157 208962927
63 170 379485002
651 2283 325293760
19 2361 347998600
692 3317 922304747
585 3878 22639636
752 1087 872814159
767 129 537004390
735 3103 482234977
276 2493 837518825
547 2527 969657967
484 3412 837330264
26 109 187740175
357 117 32611642
500 3760 930144354
376 3934 709743564
330 1570 571696044
142 2270 573439406
321 3594 597942268
430 1781 590357133
526 3318 617660790
250 2633 119836998
615 726 342274439
324 3878 574306565
69 1698 53879997
216 309 505085694
616 2619 299423161
847 3865 803188319
603 2111 411324390
598 3220 138925456
245 3336 569909347
559 2590 794223068
643 436 91261671
637 846 298743206
452 2546 76918838
190 3431 209046449
612 2444 831591886
539 1798 203078448
324 3240 933129818
831 2843 504031572
965 3383 161943452
249 2089 626115480
846 3654 869087594
219 1639 284376947
102 1809 116023015
137 578 842437550
648 3435 43026505
425 2308 317742833
231 3867 321881224
761 571 872261927
273 364 886110127
778 994 291686433
721 2221 102804417
776 2980 616122782
667 3099 177641967
573 364 791209153
472 2475 777185476
771 2912 865225180
303 259 345727332
250 2974 663180304
966 3359 203870382
81 3369 418659893
656 681 264340808
523 2669 10966226
142 864 709549256
347 3761 133535994
135 2377 187907255
297 3830 223541905
596 157 957758511
355 1997 850280129
26 3183 809275277
523 3588 640631372
570 2322 352657414
526 2337 389308483
1 2458 47782601
780 762 336367145
374 1983 333438782
248 2814 115988191
779 2585 184846630
262 1047 274691992
579 948 917734028
224 2280 620464662
392 1919 440553789
877 1687 953631390
850 518 705868424
738 2051 622222405
247 2338 921132640
101 507 98090655
235 1822 861941971
546 124 96479264
689 3453 614733960
898 324 932038793
509 1705 855640321
654 3501 766399683
849 16 681681585
374 3612 600432879
154 3602 94820436
769 735 460612725
890 2696 168422913
950 1713 717330693
90 2521 179160588
724 2224 480839393
893 1586 492758571
636 2199 139349166
429 3011 10749223
10 864 416266092
43 3835 443766154
462 2364 81511741
381 3293 241691333
471 1171 925085127
79 529 541332496
440 2084 37874177
544 2428 31420009
282 3013 382241579
488 2457 62455770
923 954 839838241
444 739 364135385
35 1519 890138691
612 1787 649537986
727 3761 379327911
324 729 766343276
214 1113 6997713
491 3713 367301380
445 1353 100986047
641 991 257940793
516 931 88759742
404 1351 754445445
53 1423 221289172
650 3995 571884918
23 3488 609164831
52 2440 10114647
932 2846 565491719
600 536 170840198
681 3475 893691344
190 2568 344652777
551 2410 257645106
559 319 982262452
892 2954 906277409
32 1961 450576191
267 2904 956142295
137 1001 436515905
625 3858 266512485
103 3111 891394815
51 2983 948819213
563 1676 486248218
808 2385 709174500
484 1432 246119767
594 2994 322103083
658 2356 744200654
598 3901 155116125
501 372 604871999
143 3420 231597033
616 3207 494283077
314 3021 105797800
230 3665 260117959
805 1435 970901673
675 173 160449456
382 784 81147021
210 160 471772765
969 1900 349714015
584 379 743306271
995 508 307618410
542 2549 307029047
883 1145 218920638
188 2188 707635036
36 3608 913367494
901 1362 756468701
827 1290 285916489
345 174 730556989
416 1168 203760312
623 1344 404953796
830 3340 425771745
783 1357 524702787
269 3843 466885977
890 518 654652870
423 2998 850083229
630 568 713979210
820 73 603815632
314 559 590304356
828 759 498041263
240 3411 407463534
779 431 589077929
921 1897 832439615
802 3826 355297720
253 1863 261424208
13 1243 498351623
869 2528 585702505
51 3390 375572700
65 2126 827382400
612 580 579076564
45 1824 106806085
821 257 39994730
466 317 113185258
942 2560 85202813
997 219 390232462
597 3769 888798937
916 3443 814965179
39 288 391663550
338 2780 474716532
325 525 163319546
463 3368 667068050
280 2601 223617990
619 2337 149557472
807 2089 126880607
20 1250 887035219
872 2628 705217784
561 883 829287705
317 222 865424534
358 3095 758599178
50 2860 666037148
633 2494 485839977
636 761 873538611
475 778 530950325
683 1467 373278821
125 2728 116014438
302 973 317792040
94 2610 90672243
604 740 307209701
157 2276 505087684
824 1393 105695856
385 2788 937611740
855 3992 240029164
809 793 826193842
304 3128 468888365
512 3916 321901061
562 1005 998538800
183 257 681943012
808 3123 395499920
827 967 122760048
582 3759 95529473
620 3228 559319404
270 2372 448528522
907 2661 613479061
582 2033 246737983
778 1471 298315455
828 2443 607961911
274 2763 660668632
83 1330 641971292
269 375 481167327
558 3490 562006339
659 10 570458689
272 3054 951047441
746 300 988231671
438 2654 816893303
77 1317 912278473
181 3240 112962908
642 2326 58154461
339 3754 877989052
899 84 14234252
416 611 347172024
261 1825 920444434
20 1539 599120798
698 2065 203896206
473 918 370932441
903 849 843417711
913 1512 679556143
278 1259 950716524
104 3912 479324328
665 2776 128404026
84 1084 4602250
399 615 931426365
684 866 143244432
731 2818 410511122
220 2849 433635099
628 187 982844521
258 3263 982920369
277 3280 70951296
416 1521 958167314
311 580 862244526
707 1224 551620313
518 1856 241061969
351 249 133686580
958 1954 99571733
116 3187 251437690
5 818 909413218
25 2175 865144621
287 568 588686500
723 2674 159755244
774 803 160032732
243 3526 312703357
897 287 267162789
546 1715 932689174
173 656 961643019
173 2648 322773477
171 1904 675607095
485 2204 442561487
373 85 614861323
42 3672 286104950
552 3488 119766111
820 1022 947737708
300 1225 813310678
947 679 752505178
377 389 293495093
981 2481 352587041
716 633 69106812
769 3705 257937300
335 1102 876895761
887 3963 353060241
444 2081 305711226
86 2498 6567145
382 945 61628238
874 2717 573196237
846 2495 586620891
894 2077 906146547
8 2918 995815021
228 3106 561573416
690 3974 20964371
268 402 947196907
824 978 904969353
191 3583 939657241
435 2259 469410543
106 2982 211181893
837 350 344906927
990 751 125396575
438 565 832821238
231 3497 936569214
409 3190 174624912
34 802 63042988
102 3967 84276508
194 262 565818627
663 979 503118676
925 1830 430285210
844 2109 102881453
173 1377 510944021
48 3849 562083398
296 863 78837633
263 2600 743320638
445 3367 367867334
494 3016 642258742
218 2072 459877956
139 2523 53294004
130 2169 969973333
85 42 78918548
976 1374 670233472
474 1947 99987630
83 24 196321697
278 3885 573273418
312 2003 150627503
786 1726 16549520
472 1086 422117969
524 3097 831896245
926 1634 583287910
509 2764 685859723
182 3668 811046830
365 1475 14593476
341 1211 971625217
756 605 541172878
188 1419 596084566
834 1168 505616605
247 394 776814093
75 1146 650732919
53 1117 242538697
232 1132 251328343
482 1101 154355079
387 2683 767330322
354 639 838664972
487 1687 738710036
157 3441 534976843
498 2306 855142068
971 3446 828916041
631 1585 101211993
314 2442 990329711
627 840 667636241
82 2440 443252796
835 2288 626608128
856 3876 228490376
878 2172 276371741
966 2021 79527551
369 2624 946754468
805 2565 739494702
646 2407 488162360
669 697 605590549
651 2964 117448469
511 3356 728753134
697 2143 373364206
828 1060 642852488
407 2424 108640321
270 1393 110168920
12 2258 348982950
10 3723 936184545
547 2551 690866179
334 3597 999077829
366 3456 870076944
641 3745 463919199
97 709 528648644
5 2965 144207648
188 3435 121509953
711 3460 358319692
376 1209 479608927
53 3466 547831405
494 2997 324239589
447 3599 717982284
208 2514 444554879
413 104 876508875
86 2646 669989100
986 1921 821970703
148 3552 967954808
432 2861 611791754
446 2737 132222919
142 3253 130897408
332 743 61031394
580 988 626884337
526 548 790233269
76 2664 204364300
489 3419 638666845
472 491 239634196
257 3065 33004025
842 1028 75421807
940 2551 85073544
31 3962 135683309
255 2356 171846049
255 3978 149048336
761 2027 134006886
712 90 18673175
443 7 830859380
637 3380 190926696
481 1129 145414613
433 3172 216174334
351 2000 241856815
497 68 165920034
462 217 330405179
630 3659 90508286
205 1656 321058511
248 352 46176351
252 2369 831723440
350 488 382217878
133 3377 405416491
682 781 936010422
915 2283 377303486
936 745 403572627
757 1148 614666456
419 2010 591976027
429 479 849528141
902 1065 794009820
489 2975 39372299
774 2146 206494326
522 2633 264351321
49 762 463594778
388 3261 549051704
630 585 250977487
449 784 383571216
747 1335 169761887
949 1626 693714701
777 2637 664070434
709 3172 940911473
766 2808 672457018
774 3608 213842483
178 3070 315922327
37 2001 73812276
446 1153 973317956
728 2260 735111135
862 3388 574001357
737 564 340903509
122 3806 556330650
332 2858 651783797
819 139 453002590
346 1910 908084002
926 2065 868682642
285 1531 484350912
585 2409 180052058
5 3658 881515576
924 2500 414389049
234 2191 155790958
431 799 447690564
381 759 28518069
677 3703 888504244
158 2321 817683847
14 848 384304754
122 2590 891777800
337 1444 580639643
356 3637 359589386
681 3134 751851237
964 309 865774863
773 2595 33547587
15 3077 978724253
256 2016 504437
626 1242 108250382
214 2009 110157165
313 2143 689996331
297 2794 938532562
332 2522 279756382
993 975 401552143
940 3252 178072696
658 1152 467877571
70 733 11377807
58 3417 852368948
982 3298 317518985
101 2032 110381377
233 3652 863480138
100 1846 911243714
213 3442 479414744
122 462 256737463
80 3382 730474732
293 1706 999763162
974 560 651859920
513 3493 377575962
869 1509 737982908
226 225 54354645
420 3265 12081554
138 3992 852739072
25 1814 313052911
544 1313 137604965
920 570 112598285
407 2615 359959234
674 2744 681073178
827 3076 164950491
715 1989 595836809
992 1928 125978624
224 1088 805099800
174 557 561916429
130 3249 404486445
298 73 374583937
784 1434 253614177
455 3484 452204038
264 3373 133047749
751 174 542564640
865 3600 798361318
760 1464 799379364
459 1167 334392215
519 1069 531564039
418 173 775408640
600 1268 461316014
538 1960 323249008
227 1827 234010366
994 528 330776982
398 303 529801743
658 1684 251248418
624 1235 635896260
831 2911 884527017
36 200 214312951
507 3139 56545288
231 2710 963834008
156 471 899228618
907 2171 20465622
700 2738 446419769
724 3309 992225070
618 1658 765962066
663 2154 347838972
399 2395 381740092
390 2892 191831401
773 709 72445544
339 3447 544436693
840 1471 794614914
440 1916 530405259
631 177 979150592
264 2223 269203283
895 661 812112981
663 657 278732
766 1908 709044123
940 3674 981065973
1000 3115 933879966
701 3861 419974477
788 51 207351273
994 1914 672387077
136 37 99628520
105 3951 28041229
151 1200 831161916
422 3595 22284869
524 2224 98731022
426 3632 194992809
297 3099 642127775
35 1563 644229512
771 157 601142346
959 3992 519109585
795 3537 754157751
1000 2110 615639506
531 2054 85625370
344 982 892596246
311 43 290774457
266 3767 187339293
581 3421 862254018
92 2619 885288691
586 540 783032806
497 1882 606278930
404 1398 741692607
762 372 283303687
751 3516 878421561
403 392 186663261
953 812 421800744
89 3114 185550046
109 226 550389819
360 1768 190573315
592 1707 170103368
814 740 317593724
999 2975 828962193
881 3892 1642869
359 3712 811687963
284 2339 587933808
690 3706 94354278
636 2159 156793101
750 3199 971409556
443 415 813460190
179 3981 338790799
75 3971 62546893
901 1433 851864513
50 2790 25372478
388 2282 822396746
933 512 334939708
775 2426 114655158
660 3838 209891340
779 1846 119150048
299 2991 258236827
878 1820 966968743
549 289 868503741
818 2235 865963972
468 3716 625216875
114 1030 696744329
121 1702 717243071
144 1367 843568394
557 3858 281515251
108 3191 787854015
105 3902 57332297
414 3445 626969620
672 1002 594806619
319 1711 459440733
519 664 660640346
304 1823 850180045
750 1734 988998741
815 2409 24320739
413 3528 425945867
773 499 189450453
609 2813 176863965
633 3180 441366929
291 1537 178717760
231 2662 448267488
14 924 25432649
117 1361 38853371
423 697 696318171
722 1113 866339090
834 2888 253853041
692 3047 25889934
908 2506 964423645
775 995 694280920
489 1304 283470746
444 3516 805882429
907 1298 273505579
492 1906 562315348
446 1006 568183707
365 257 465100477
428 1027 604032716
886 3898 904515082
973 1706 184395579
40 2682 553767148
352 1667 142055095
106 3038 426321912
795 3514 227449816
681 1113 714102583
610 881 222653622
339 1650 176484018
721 1111 316892836
980 169 284080858
980 3160 419005823
358 3261 523897540
720 2589 728423503
185 3196 934645921
291 374 417006838
434 992 206060238
664 3590 334253033
40 103 62343376
917 387 119535939
121 3904 459739916
826 3865 169242194
855 2451 209127311
723 550 562651524
320 2345 68732757
688 1838 497102316
409 412 815511692
261 951 208510147
614 958 731354629
698 3248 723888793
959 2937 255786992
177 2588 773283459
431 369 655536366
987 3708 748592827
419 1491 433738778
845 1949 182033176
420 2279 764952558
254 3259 67038310
404 596 682218977
290 593 577364683
202 3205 181527802
572 1526 268730825
302 2388 415000643
425 3532 270344696
35 736 23296363
747 1025 55963446
391 1293 219195904
689 3252 303910235
731 3282 204568018
473 2249 314245366
911 967 995349143
54 3911 751078293
333 3223 927698166
547 3124 595178459
93 3696 653244150
748 297 609340801
362 3112 678922145
19 2248 247439541
30 2434 966559438
14 3545 883160175
802 2583 868903216
337 2738 419199438
932 1830 341838153
386 3536 340409998
945 1481 425868556
744 1378 633888754
850 355 796210596
658 2987 947096953
801 1046 275282024
594 865 489694270
597 3258 140192195
274 1218 787414775
273 3292 934350831
152 1301 647588767
23 1795 390332319
201 1989 666740857
795 3284 116996919
544 928 669264950
912 3665 396295098
561 1403 957792031
150 45 659845018
65 2941 708588160
710 764 474158925
745 3514 155776502
420 3733 724715555
846 522 50566207
872 2293 785858960
610 2168 433780332
727 647 109382160
735 2996 673669190
868 947 984396193
28 847 674746708
541 3347 983883745
315 1736 725469902
422 133 44635249
280 3435 276444373
900 3031 443376574
681 992 874160908
112 633 734388537
587 1840 679205777
862 1845 27622651
172 2435 109387065
295 775 883219392
32 3488 88702625
356 1700 18015347
81 3285 831830540
988 1338 137645757
222 1839 843155349
810 3185 433419875
814 262 312281872
948 1484 880600770
744 537 120899370
477 3407 566006344
717 361 487372290
436 3607 189534661
876 1697 409695260
808 1178 810643457
691 692 784203280
555 700 874269535
244 435 756639055
916 1784 222396269
119 3939 629393098
274 1475 62386263
254 3312 316602903
591 606 609011248
314 3300 16696209
918 3279 495732258
665 243 672507510
301 3921 877075691
331 2534 736944698
355 109 62337725
122 513 461897956
482 3783 687278441
498 3560 68810664
856 3111 660686141
384 3172 973584990
642 2926 203382381
211 2641 925356252
599 3704 303213729
595 1777 31795388
863 408 97226917
2 608 450060678
259 1257 422043208
681 3785 851456398
805 2794 696591935
686 1894 94215513
918 272 992071453
51 2491 984591988
415 340 832238474
729 2800 440265360
485 736 452681001
821 1703 212085230
772 2640 966125740
667 2269 308387216
678 2276 251402642
551 3306 162948216
627 1340 703972096
881 3778 502556199
211 2500 748344889
451 2972 530399185
938 3348 658530462
906 2972 216045020
805 3389 943629163
949 828 556767968
793 1212 724168687
884 1021 589564192
956 771 525340999
888 823 249749104
147 862 426358188
773 3752 825596791
923 2361 879845050
763 2761 417266151
819 48 38672679
92 1365 937037929
769 723 985283324
665 971 784570988
905 246 439252964
82 2458 986178149
664 2003 753267787
716 1364 56102976
974 3814 678691416
382 2856 710926006
469 2628 105663848
855 3882 495910855
493 439 213788172
943 3459 830893278
611 3791 497086454
993 499 981833755
892 148 379335762
115 1173 518741272
408 3801 301299050
322 1761 546385708
996 666 6886606
919 3564 692485470
901 3085 136843715
591 2512 330284319
12 2732 44651631
261 1767 204047153
142 873 118454292
198 2367 454891529
149 2190 407553082
107 416 320042707
625 1436 89231138
749 1059 787849432
384 798 687767455
189 2308 75032613
204 387 447740226
922 3727 626115896
55 3072 190949014
723 437 809786642
260 3716 751174698
740 3709 240152399
684 1675 366829552
82 3235 313586038
557 1771 441904251
239 2102 163821705
760 3402 224567064
472 3650 265428823
317 1830 443976816
737 1522 232291352
175 1504 821175271
313 3890 670656429
631 1050 342310047
689 3096 59238430
265 3217 932527601
998 2467 81218010
215 3303 51658174
472 3724 676030494
407 2010 210877526
147 2813 412500233
306 1299 62443317
637 2773 562675174
497 2581 57840832
501 3806 986707890
986 1762 3759849
842 166 953659611
134 2684 33510615
683 1523 242925965
883 1538 999457782
83 82 51575065
769 759 600478134
916 180 568360931
317 3930 681970384
60 2035 121095688
41 2277 294486712
341 3471 177988779
783 1982 687485790
279 3801 157853726
277 1693 565020762
123 3116 246947335
862 2515 703233008
146 3841 822550181
844 1817 112999540
736 3609 909244196
805 26 24072740
197 1722 544852559
614 1861 954491882
950 3113 83795196
12 1190 663200196
204 899 445579441
973 2376 950949003
59 1812 839225487
509 2685 325870128
487 234 192091411
171 1554 384456166
897 2892 848637571
116 33 770502618
700 3640 171710597
171 1074 174584566
486 2173 92044240
944 195 921838363
935 3082 884754706
499 76 591681956
326 1556 707276884
476 467 333503060
911 3821 935727003
341 2500 267360044
805 1184 613398605
780 1021 650194079
580 446 659458097
433 2906 216310088
408 3277 389300840
785 909 723245456
65 3112 829221334
346 3776 164403158
154 3066 456342497
513 3142 983388922
764 3002 101883648
830 2797 585712220
657 2300 420855767
481 2210 361830603
904 2432 305502460
50 3395 746783811
4 3325 116023011
36 2975 414569235
517 2911 986411639
495 3304 69645479
982 2921 257125972
501 3163 39270173
187 1068 698436185
811 2950 47714741
798 1144 165385850
931 2863 609049458
671 3449 215341627
238 2588 195941969
903 2475 196738436
211 3737 567996601
463 3526 734177270
685 356 966748299
8 554 96323838
674 2194 710073112
955 1594 178214487
554 627 380283243
454 786 659239561
713 2320 325724996
642 2384 198312869
333 1085 402856003
978 2122 180417942
955 2536 758996269
202 666 109612412
382 2241 831275529
817 274 554628454
438 2788 744271098
58 1801 870001408
429 3110 643965404
258 3674 931180039
295 2872 70094960
125 2265 781345800
845 1496 32808848
427 654 650533176
315 1640 566615155
904 14 348646473
611 3574 596794027
488 3130 588150030
410 3348 941213275
880 298 60194484
27 2994 359284377
401 3297 866996651
540 2036 351012271
241 1775 525788245
680 3450 126080649
553 510 349105983
248 1192 491359558
341 2895 81309912
459 3761 171104994
583 2680 318060484
655 2175 539684550
125 1490 444614857
562 3849 475960342
689 511 13181318
794 3908 237201680
227 3722 285058798
629 1306 708722473
75 1570 433718877
815 2182 697519002
240 2174 928202241
938 780 916776953
898 1502 33689941
442 1768 79131536
691 1190 23552926
618 1076 672302989
715 3850 869201547
415 1784 757352607
300 1060 820952172
190 2097 843009674
626 1548 825937698
871 2828 350757621
728 2468 652742724
557 3170 140460619
681 424 100271798
467 2581 442041856
58 390 817527345
126 237 425407998
421 1665 39290805
616 1537 207476798
412 647 672713787
884 3975 714880785
476 1486 149853004
220 3710 171701667
65 2883 101413439
231 733 353640325
81 2975 404957083
815 1864 593314486
943 3660 608052935
924 3680 379293266
944 1848 284947261
557 601 570944325
192 3102 798290773
425 428 268329369
251 3234 786285043
342 2695 648279773
78 728 302106881
418 1096 284159216
169 2438 173683937
129 185 938581156
438 3840 190493347
945 1427 191897378
195 3440 54944108
829 3221 971388623
546 2526 750343107
737 579 459271679
730 287 179398261
805 256 296306439
145 3394 61668962
531 1836 179012922
721 1265 54332762
927 182 671714376
496 1035 279237334
468 332 54099138
6 1186 159712015
797 2786 695774577
978 2619 81454463
560 561 310014569
367 2933 985475710
136 597 876542806
358 2133 808527537
496 1698 167672886
636 3225 831320022
194 965 595950247
525 2646 509066592
323 3852 27076563
622 3495 339839591
526 3612 507463453
850 3935 450431808
74 2275 333620304
717 3110 950621636
904 3875 365162486
889 1029 612299230
769 3029 37059676
749 1140 98342706
922 3293 524302523
226 2573 624055880
236 314 773180613
441 2887 476562718
401 2238 570251868
861 2422 984942775
722 3027 185513023
803 3024 148749471
88 978 999917481
604 705 135898351
927 3862 175662594
771 2052 391074914
663 2925 947442329
952 2877 84065914
782 3462 1604185
405 3133 365665112
729 427 794335694
814 3634 824973508
442 3407 955374820
88 2771 164954013
836 1920 436581101
760 2052 435795132
453 626 31485220
127 1859 765392231
328 230 904806217
994 1285 195014976
262 2904 119752500
133 508 193846212
383 2364 231663248
288 3430 80030435
693 880 188009828
834 3691 185842871
341 2512 748068617
937 1772 403874393
348 466 22103533
624 2378 496292852
45 1549 721509704
463 1927 5594944
379 3849 456578520
159 2444 92449873
777 3070 167934358
66 913 264275049
647 1265 332525541
331 2138 446854976
358 2298 907453965
907 2308 111418921
861 3983 900503713
921 668 671581883
274 1539 780475411
499 584 553565064
213 81 908770890
832 3311 105143254
396 3637 529170305
682 2704 666294649
283 808 684539650
207 1044 855386845
818 2877 17559061
448 2688 40706395
420 2504 895857550
101 237 247636750
546 2300 273040222
530 2428 565924245
748 2392 433806691
933 1840 141831427
55 1225 251311741
572 2778 518651288
967 3909 93763277
617 2375 445832798
77 3592 847764187
56 1967 115332368
710 357 496556614
941 2054 11077860
791 3418 942643314
677 1656 612804498
230 3844 668890380
170 30 516210989
729 3445 411471782
292 549 417986420
791 2071 354504191
500 815 609879680
613 1905 158677909
705 1197 932301768
391 2882 301831398
120 653 813038187
391 2415 706589167
