4000 3970 3995
3615 3936 1049
2892 3007 110
2589 1251 446
683 3849 1896
396 1266 1801
2532 1915 1981
588 3332 1803
599 2193 1476
830 3459 1986
319 1706 436
550 3623 1903
1347 2499 66
2517 913 1417
1824 645 203
2708 3976 1879
3502 663 1108
2158 3047 1637
1736 105 97
658 3905 1104
2989 2760 593
3725 737 1100
3054 243 781
3206 1818 1139
715 204 547
1308 272 572
2719 559 407
782 1350 1545
2632 1732 425
3935 2424 1167
2320 3023 1896
3447 3250 91
2744 2489 1577
1044 1134 1247
2415 817 413
3623 2278 428
2248 687 533
2603 1011 1443
1145 1261 37
2591 454 1100
2080 2121 614
399 3760 1273
1239 3113 682
2491 3439 1821
3139 1856 182
1377 2453 1612
3779 1166 917
259 794 1927
1706 3600 1103
409 2508 179
822 1249 1109
2074 814 1194
3400 1520 1890
979 3023 615
265 1708 597
131 896 1511
3605 3335 1163
1266 707 1471
1470 3283 1835
3634 3866 1700
1980 2073 1046
2594 2171 1575
2196 2312 205
2580 3123 1073
774 3565 1851
511 1836 1044
3265 4 204
1712 2405 1744
3515 2496 1044
3368 345 1797
89 1876 1897
1034 1109 1887
333 1768 1057
896 809 178
3867 3532 1091
1383 1655 1628
859 2739 315
1850 1891 1242
2874 3098 1590
3039 1360 1434
2214 1886 1851
1004 3625 715
3150 2722 1325
2348 2191 1013
464 2657 1613
427 1692 699
1904 3926 325
2123 1329 277
1440 860 1273
2402 1568 452
1074 2139 616
3860 1071 1722
1097 3551 1955
124 3110 782
2256 3116 1880
1993 2065 1852
3924 1536 1563
1437 1713 1806
1802 1945 915
3882 1604 1858
2596 2988 816
1200 2619 242
2107 1320 1116
42 1860 533
704 2841 405
2522 3471 914
113 2441 1226
1890 2399 1108
1573 1832 344
1848 978 558
1050 3501 1331
1472 3427 1433
2130 2462 412
3733 2502 561
1504 2847 1805
1321 171 664
151 3766 303
2837 1819 449
3036 450 638
1453 898 746
1533 2617 341
2002 476 1077
3115 3625 261
3828 2250 793
2100 496 730
3788 3763 754
475 1986 81
3511 3252 1429
1332 3204 382
3658 1225 912
2044 2085 2000
2811 2105 465
3716 1262 386
170 1713 1328
512 2761 208
981 3932 262
856 3941 186
2956 1572 1462
734 1839 1297
2058 3015 1445
1934 1456 1652
1137 3296 1158
2106 2641 10
3248 3192 874
447 3881 819
1783 2713 290
1956 1982 1352
1983 3894 1393
1909 2257 1963
1596 2110 669
3042 2364 1969
813 924 798
2082 1967 1123
2013 3007 1618
1171 1904 638
3268 3537 1651
1357 3779 1655
1017 1503 842
3702 2057 300
1950 2865 1323
3913 922 976
1405 416 1780
1461 1328 999998328
1204 3287 1185
1203 2512 1932
3903 3556 249
3748 1783 244
1282 2486 1074
2465 3810 1372
3161 3227 145
3395 3097 86
3441 1332 136
1770 303 174
742 2480 121
3310 540 1471
3933 57 722
3844 1337 977
1202 1936 1066
1740 843 267
224 995 1662
1475 3790 1796
1755 1052 1749
3679 2258 668
1141 3469 1685
1629 337 1280
148 2298 700
1701 1479 1823
12 707 1850
2143 393 1175
1451 2376 98
848 445 1458
1420 1858 444
2185 3350 1533
3565 3791 7
2225 2751 466
86 1546 1152
2726 3069 57
529 1860 118
2720 3510 1510
136 863 408
2213 2732 1547
654 2441 1629
3186 430 316
708 1141 883
2191 128 688
3090 1837 1843
685 249 737
1797 1978 1278
1418 1143 408
1302 556 674
3926 2802 1903
2932 2798 1726
1597 3134 1052
1153 962 1741
783 458 103
175 81 1150
202 2526 1562
870 1689 988
2920 1867 291
1718 1218 684
642 279 615
388 3229 6
2269 2531 138
671 601 1635
814 2774 1218
1236 731 872
2190 1382 126
2516 1502 1692
451 3271 1812
501 2106 1698
1410 752 1476
2136 3977 1493
3205 2532 278
878 30 199
3163 3564 1998
2448 215 1191
279 66 313
2835 754 1255
2048 822 1958
1559 1074 500
21 2376 1666
901 2602 1261
1505 786 1841
3264 1403 467
2094 3181 1650
3706 1375 1847
188 1083 161
3602 2496 40
1583 1605 24
767 3489 1999
3688 1509 1300
2323 1373 154
1142 3154 125
2376 352 961
907 3814 1886
850 3765 681
135 1522 1692
3499 1413 767
1792 2499 1223
2037 2237 588
2125 3047 1356
2204 1276 1945
2706 2510 953
1151 1714 76
894 1504 418
3555 3139 1428
2071 3432 349
2453 2878 652
1460 617 332
1555 2164 1613
3680 465 1278
2648 2059 1218
1323 288 545
3686 3760 270
2649 1073 1736
1935 3816 169
926 1492 1201
3261 1891 1079
559 2710 1985
1128 3209 44
701 3675 1574
1379 615 1905
2667 2210 647
3491 715 1215
1474 3931 1125
329 339 1693
1227 3855 454
1147 1246 862
3196 3518 1164
3612 1609 1399
1261 1389 1061
3085 614 353
3682 2253 1960
213 2599 859
1933 679 960
1023 901 339
2977 1414 768
1871 3681 657
2826 2562 574
1892 925 8
2391 2559 1916
1333 1940 165
2354 669 1798
1621 669 1670
978 2943 1300
828 462 103
1698 3754 925
435 439 1099
554 2611 783
27 1797 867
2611 2863 1945
2350 1636 1003
1849 1764 873
81 1801 501
3918 3702 461
741 965 1916
2749 303 185
2942 3057 57
3014 1863 708
2738 2385 1214
1295 755 353
268 756 247
2958 3369 1658
292 2088 793
2353 580 885
2657 2214 197
1914 270 1508
1839 1735 1467
3073 774 804
1751 3273 1708
2085 469 1397
806 2005 369
3174 857 649
2198 461 1513
34 3803 720
72 3680 750
3659 2153 1657
280 1798 644
462 3364 325
509 2753 1244
944 3518 712
1514 3637 1590
3140 2007 1195
2463 1213 1104
1644 3053 1276
1946 732 195
1387 2505 323
2398 780 578
3348 2449 283
1692 1492 1631
1362 1603 378
665 1084 1285
106 1345 1441
1686 681 1389
2936 636 1381
3647 3393 1216
2408 187 908
2327 2626 1251
2321 442 102
2509 923 1115
1279 1490 1674
267 2371 139
1024 344 319
490 1117 1997
2458 2918 130
98 3126 653
886 2270 1753
2454 3577 760
457 2842 166
1645 1084 1134
2675 99 1288
3777 1826 1801
1181 1264 900
2345 704 705
134 2740 1847
2788 1060 1724
1617 2185 928
1297 3363 868
1294 2400 1574
3703 3448 1707
3836 2429 1947
3700 2703 1627
1057 2510 1209
672 2217 868
2138 1735 107
888 597 1069
3166 1449 526
2247 1792 56
3224 2944 1096
3627 2547 1745
157 1176 96
885 963 47
2459 43 1051
1564 3399 1548
2972 1946 911
2422 2885 751
603 2496 229
3842 2857 708
834 3988 1470
1501 2003 1072
1828 3070 1441
2869 2596 859
1130 973 542
3421 369 557
2528 2964 1636
77 2204 1138
1652 2919 1593
887 1391 409
2003 2282 1314
3802 3089 1729
1434 3517 434
3640 491 625
3195 2523 366
3942 408 1724
2052 2816 1946
3939 2785 1817
2467 3726 1979
1620 1504 303
2656 3806 1663
3885 354 1279
968 3192 1741
1346 3011 304
2949 3921 1067
1105 725 456
2996 3809 1491
1280 567 510
918 1473 400
2378 3851 813
3256 2700 1802
165 1948 489
2238 1192 359
1285 384 1795
3146 1583 1904
1908 596 136
56 2242 1600
730 1876 1409
3670 3972 274
3018 3262 1670
2140 3835 1698
713 2361 932
3912 2836 523
1148 2621 1553
2490 3007 196
2937 37 853
3530 3030 570
868 2361 1026
2684 938 1290
1585 319 1454
73 22 1542
1749 1297 1478
196 3462 1145
2438 3288 344
2200 3780 1014
33 2906 1325
336 3803 1184
3905 3708 1509
3202 1064 1342
3082 1990 1741
534 3733 1921
2979 2790 718
2549 1360 1679
449 1388 1158
1708 2703 481
2546 974 931
1248 3774 765
530 303 767
283 3732 752
3432 3255 754
2741 1854 1301
804 1842 1152
794 2857 1468
3260 2252 1877
2059 2390 514
3312 777 1391
1907 1415 1087
2628 568 757
939 3659 762
646 3902 348
2605 3805 1207
244 986 240
879 789 997919723
1247 1780 7
3584 3952 622
1260 1330 1193
3198 3775 341
258 2665 1504
3289 2677 501
343 2349 1970
3953 299 1745
2239 1158 1611
2668 3177 322
2926 514 1102
1432 3398 1969
995 834 1101
1926 2876 1889
433 85 1128
2180 469 1140
2073 3309 1088
923 2584 38
454 582 1992
545 527 1383
3305 1478 1171
2899 3529 1774
3371 199 944
2544 3688 1440
3079 3946 3
373 3447 1950
3467 615 650
1795 2243 853
180 1164 1010
3782 532 1821
2650 3714 405
482 1830 822
1109 3605 539
3730 2 1687
963 976 1697
1317 2213 825
2842 2287 935
1741 781 1100
1682 3760 1748
1100 910 277
1476 580 1205
3608 3412 573
1848 2709 999922738
3112 1289 291
3316 118 31
2955 528 627
1581 3856 670
1683 2445 1498
1292 3050 1680
1286 2762 229
832 1608 1197
731 3714 339
2954 356 1945
2500 2494 788
1349 1383 725
2599 3510 998755323
80 3191 272
1477 2776 266
1146 2491 277
913 3107 365
2343 1505 77
3471 1476 656
3473 964 84
350 1312 655
3494 1836 747
3032 96 762
2843 3886 1018
3061 3483 657
1170 70 1879
2427 426 516
64 1872 1470
1992 391 903
2104 522 1471
3527 2038 1014
3378 3012 1664
1580 288 195
3126 812 683
1608 3519 1071
3474 3522 1541
3334 3142 430
371 3489 653
450 3869 1073
2885 3273 1126
3300 3114 1828
460 3621 1638
1545 1268 1779
3488 151 1447
3106 2866 1812
2577 2691 295
2135 3520 1882
2757 1190 504
2761 2322 692
1305 341 1908
2133 3966 395
2486 801 301
3720 2535 1811
2253 3452 1670
2584 937 1730
2475 985 343
1921 3039 1490
1368 3498 1122
240 1284 1634
2425 2895 901
531 626 8
63 2959 1434
2344 420 94
1704 714 1781
3786 71 272
28 398 42
3649 3893 1055
3246 2527 402
657 593 375
3360 3978 710
1507 3220 1633
1371 2550 1979
326 3217 1599
1258 2733 271
662 524 1062
930 3009 1025
47 1660 640
3097 14 1603
3450 284 750
1786 3259 1641
3780 483 568
145 1367 1811
2714 3016 1729
1058 2910 1015
3444 1382 1708
3518 3025 29
2021 795 721
171 2766 981
2466 735 139
1509 1871 1826
3932 355 1982
2440 2383 465
561 2226 1554
3208 2251 1161
2676 1754 1177
1959 3127 460
2202 2021 48
1570 2155 36
3361 652 584
440 1 497
1427 2585 1441
2029 1582 400
3077 647 504
2906 2082 85
3184 1220 1598
370 3512 1856
1113 2126 1290
2023 1401 827
747 2582 554
2395 3270 1607
1881 2835 548
1374 2922 466
1055 3812 1516
643 2439 615
1378 2926 962
1388 3044 99
3808 514 1758
3607 1957 954
535 2898 938
2274 2367 1382
1578 1175 869
2778 2582 1051
674 2058 355
2502 2520 352
956 1506 1518
2046 23 926
2503 710 975
3754 161 1361
640 1099 580
1389 24 476
1143 1617 444
3122 2452 1131
874 1619 111
3843 1660 1375
127 3429 866
1433 444 873
2473 3188 676
1687 3752 1567
1540 1394 496
1250 2250 465
765 3511 285
2163 3106 1214
351 2846 373
2519 1285 1875
2735 581 1069
120 402 811
92 571 40
2568 2010 1244
3925 162 1271
1844 122 362
277 2117 812
2829 3023 254
3026 1030 1887
937 2899 1104
411 1324 525
3465 1485 578
1603 999 949
3207 262 213
2853 225 1277
639 791 1683
1021 801 758
3273 3104 172
3284 3980 131
2789 3360 1588
763 114 533
1185 1090 75
3497 479 1921
2662 2504 150
2062 3040 817
1212 917 1510
1115 3502 1404
691 1104 860
1710 2413 11
2654 103 1787
1443 1637 436
903 1396 1118
1777 1165 980
2707 2051 1441
845 3311 308
775 862 1106
790 1955 1226
517 1000 261
51 2930 364
97 3238 833
2121 2553 562
3508 223 1877
1257 3179 914
2999 2016 236
3587 1889 1669
2462 3875 1208
2913 181 1385
2401 2148 1317
167 2847 1737
1246 1031 299
1373 1788 1703
1409 2032 1306
3118 3450 853
577 1300 1725
2461 2373 1621
3464 1880 1938
1609 1574 1606
2664 3920 324
538 1311 1724
3153 3718 1190
3239 2544 1411
3671 3430 1670
873 3021 1386
2699 2008 23
3834 3241 1595
3412 1779 26
2952 92 1210
2318 2174 586
838 2497 1328
3280 1695 1839
3489 3270 394
3278 2625 1225
3194 1633 620
2262 3896 1508
10 3604 692
1289 246 333
1524 916 1513
383 43 69
3668 3685 1231
431 3635 84
772 2955 934
3654 3073 774
2093 187 143
2627 898 539
208 3500 1258
2211 3365 1293
1922 251 65
2526 850 1536
36 2401 1196
902 3028 1081
3687 3880 1953
163 175 448
274 3 1285
2646 872 1890
697 2451 169
174 3377 1801
1456 1357 826
717 3203 624
2099 872 331
2692 3705 444
2934 70 453
1019 743 1858
2 696 1538
3102 2844 912
927 3565 378
1264 2820 1547
2862 1172 1690
3211 454 81
2301 425 1721
958 1631 1321
1913 3795 1954
3347 3344 1087
3600 3236 1649
3155 1712 856
2184 480 254
2421 3231 1932
2677 802 619
3603 3554 1553
3868 2512 488
2254 2145 1309
3749 3396 429
1124 603 1292
3274 875 1883
2705 1104 1200
2748 1422 1086
2815 1812 481
445 2251 1643
1994 2403 1849
1256 291 860
3837 2259 1282
2325 3966 1010
2160 36 738
769 2915 1542
753 202 1509
1665 539 1995
3797 2682 1217
2260 2800 1614
1661 1935 1423
1288 1576 1091
404 328 1831
3878 3463 1375
1320 1139 1714
3121 2259 1431
1219 1694 1448
297 3322 990
3755 499 1156
3814 2972 747
3948 1954 1959
2610 156 804
1854 1913 1715
647 964 1535
308 1208 1635
3546 1576 1375
1511 1491 698
1316 425 929
1887 545 1881
3431 3737 403
2599 1779 679
1981 467 1089
1370 200 1097
88 3606 898
1694 305 368
716 2841 1213
1912 3737 1389
984 2538 1439
1026 1328 483
401 674 1364
3710 425 1719
3479 3926 1111
1774 1824 1662
1064 2435 1885
105 3674 489
547 1252 919
3835 3739 1107
254 871 438
155 835 909
3619 1837 1571
3484 386 1056
2559 821 36
1144 3934 1676
1960 3794 789
2434 2170 1219
523 1772 1374
1889 2505 727
1820 18 387
1766 707 1854
2997 273 315
1513 3315 38
2985 2946 632
184 3649 1273
1381 2145 1690
491 880 1630
699 3469 1646
2641 3323 1398
3727 814 1447
423 2998 1583
1416 2843 1132
2653 3194 1877
3103 1151 46
210 1112 663
3276 954 650
2014 1585 1565
1276 3690 1552
2683 2000 1450
601 1428 896
306 3244 1831
3202 2795 987325026
1463 1950 950
3540 1816 684
3218 2492 1195
3850 2663 1629
3201 3935 152
1287 918 187
2551 1989 1666
3819 3260 1757
1319 92 1320
3714 360 577
2647 3965 858
652 2045 563
1303 2663 1115
3485 3741 1853
1793 1954 585
1150 2892 281
1053 2388 1682
702 2157 144
1821 2947 708
408 2710 1163
3889 1138 601
3773 3389 1283
2007 2785 863
3108 508 1717
3954 3675 1146
1541 3016 1762
899 2266 821
3561 1420 1559
289 2491 391
1940 935 588
417 2426 524
1062 172 1202
2562 2004 516
1744 3133 1023
1997 1245 320
573 983 1092
2564 3832 1242
1961 2402 534
424 555 1258
836 2807 866
304 3906 551
1449 3644 1468
2713 1513 1896
2066 900 3
1384 1069 989
1958 1828 1879
2578 3746 1693
3704 934 122
3591 3816 728
2963 1838 315
1036 1592 1581
2563 1462 1776
2218 2325 645
416 744 1871
684 815 1095
2844 2707 286
3519 3939 56
2766 3963 776
3758 1820 713
3787 2230 1322
2900 2139 1275
1900 1538 33
315 3484 1157
1693 827 1680
1369 440 1149
2666 2798 412
2309 2610 144
3556 2739 979
1648 3047 994394897
1990 1397 1152
2317 1900 1740
3285 11 862
2832 2751 308
3660 2685 1738
2482 1458 1458
1095 205 844
3941 2853 1909
1224 244 867
2813 1943 498
3678 4 1323
589 495 1562
3963 2298 553
644 2611 1533
1721 2545 1877
3598 2484 1729
3898 1186 668
1446 2688 1218
3811 1005 1290
473 3993 1143
2019 1696 1383
807 445 1364
3157 1491 1397
2032 2141 632
2050 131 1484
3893 609 1217
1450 430 235
1352 1495 40
3906 2489 639
293 2829 1345
3581 1613 177
2663 3151 1691
3520 242 1560
3964 803 1426
2351 3903 1588
1763 911 167
2118 3921 120
1136 1079 1881
442 2211 1062
1851 3800 801
3894 1400 1265
2249 1287 1274
389 1966 1694
3617 805 1782
1516 3638 1677
1942 3444 1522
2908 2372 435
1073 2760 1151
557 1362 591
1452 3348 302
344 3281 1213
2597 200 1652
1492 3175 1983
571 3836 394
2558 1904 18
3114 329 1148
76 3516 533
879 3053 788
238 811 1404
3592 3783 633
3053 3366 1296
2912 2438 1588
1072 2169 1871
231 3592 594
1833 3071 1559
3785 3842 1433
2063 3099 1436
1269 632 344
3228 559 22
2840 3530 448
126 700 1336
3741 476 1538
3547 3495 835
3831 387 530
3389 1611 1676
3652 393 1254
2696 2206 1950
1780 1013 1409
663 2270 1423
2567 1094 1715
1919 1139 1666
171 502 999765757
3740 2359 327
1084 3987 1950
3298 155 383
3050 1232 909
2089 2244 346
3568 502 961
1117 3016 1214
3486 756 339
3595 3403 1635
1215 69 203
810 3144 603
1696 3616 1299
1119 3715 1817
3684 1285 11
2539 399 1277
1447 3048 449
3480 1111 156
2600 3189 416
3307 3869 86
2588 1566 1659
1364 425 125
3413 425 804
2374 194 503
2988 258 911
1589 3994 1710
24 842 1139
528 1682 1454
1738 726 130
2001 3714 1201
3342 2497 110
1925 126 1485
3813 2324 1182
3428 1426 1558
1846 2949 1778
609 3726 6
3124 245 1045
2656 1542 999912770
2905 3470 1931
1162 244 1650
96 1834 736
2965 2974 1967
1995 2755 1886
1194 1191 920
159 2290 1664
1757 3337 706
2957 958 1565
237 1645 1820
1759 1212 573
996 995 1832
3721 3900 541
3350 882 1572
1551 594 484
1964 2302 101
1382 3403 973
562 2336 1420
3081 3948 1265
1651 3804 226
953 801 1658
3590 780 702
3579 2433 726
1657 3398 1649
3697 1268 843
3167 939 422
3855 521 620
2233 372 854
558 1628 1925
607 663 381
1941 3335 1060
863 2123 1123
3875 2343 198
3159 3472 358
1808 628 1543
3807 1708 1969
1876 319 1254
1773 673 2
325 2776 1780
2585 1645 815
1566 3875 1910
3498 3699 820
1089 3264 268
1688 702 1460
817 3 440
3225 3837 365
1563 2833 1664
3642 2320 11
2868 2297 1869
585 1603 328
2640 2924 1967
1108 1025 29
311 1858 315
1717 3077 1200
3346 442 869
2092 1904 892
3135 1254 1947
3005 3989 1146
2819 3089 197
264 2129 1851
3377 386 1459
71 551 1097
3573 1233 314
798 1148 2
1743 112 625
1557 637 398
2430 1830 1303
2403 969 258
379 3491 1196
2806 1840 1298
247 2056 1148
3089 1575 549
3949 2388 1477
17 3181 28
154 2385 1213
1825 1933 1591
2870 3762 10
2907 958 455
1776 2040 710
1164 3051 604
2548 2355 1183
660 3221 1718
3767 2702 597
2489 323 603
3535 2211 1236
992 1169 1343
2065 543 1372
1662 66 1450
2930 3199 1512
2096 3265 223
1042 2248 212
3072 817 1701
2241 1688 716
2833 937 370
2268 3339 1417
179 2822 695
3549 2616 190
1579 3693 201
3134 3495 1620
323 3479 505
1499 148 109
2183 1368 999987666
3707 1485 1375
1512 952 1528
3683 2021 925
2022 1094 1491
3435 1714 139
2124 330 1418
1249 665 72
1225 1511 1191
2290 2649 1078
3295 155 543
2910 2902 1164
3329 976 587
1061 3154 1890
3589 2502 1159
2873 2467 620
3812 3808 1279
2682 343 1195
3968 1531 1493
3275 3144 410
3699 2543 1804
2814 3959 686
2329 1960 1896
616 1839 1989
3398 3811 1255
3550 1460 846
1832 545 170
1761 2545 1022
3738 2619 481
2527 1202 1847
2782 2469 1688
3899 880 1174
920 1920 1958
3123 1433 1942
1762 1147 27
1895 386 1667
3705 2087 979
1635 998 1314
2038 2098 635
1094 559 50
3909 2381 576
829 1878 43
2556 2980 77
1458 253 1980
2419 1716 1286
1818 2205 187
129 929 1219
3203 338 1118
2967 138 1548
2468 3408 849
3064 2742 1893
1604 2781 900
1435 2389 1801
935 1275 1459
3068 1496 1311
505 3682 1399
3404 512 1041
15 3542 290
1988 3116 223
502 179 1060
3020 884 214
941 2229 1827
2437 415 1785
1281 361 861
2175 43 409
483 3539 1722
321 1642 1257
3397 2193 694
2201 2256 1652
670 3299 802
693 2875 316
385 3225 859
1175 914 340
204 1776 1724
2299 1137 1738
2342 3443 439
3425 873 1107
1093 2923 712
925 1702 1978
2652 2228 1818
1577 1282 744
3128 397 352
3853 1333 1447
883 2615 732
3359 2662 1341
2715 3305 1227
2356 3825 1039
301 1207 795
140 263 1991
3331 1390 778
2831 2962 57
2122 1810 1173
680 667 1187
541 1954 193
2433 2608 471
2441 566 1249
3362 1215 1758
606 1385 960
242 3953 1393
3380 2391 1902
604 445 1071
2983 3701 1459
2620 1985 1012
162 1719 1455
1865 2179 970
1560 3161 426
3370 599 1412
2286 845 455
1947 1595 330
2480 221 1865
2040 1405 535
3907 2316 785
928 935 1756
1068 3951 1600
3744 1321 449
194 1554 1711
3928 3515 1325
758 1702 1316
3093 903 196
403 536 1050
795 2371 682
865 315 932
2745 3390 887
3910 2062 1166
125 3433 590
2525 2582 1875
3901 2154 1528
133 2996 642
439 1883 1565
2810 420 1780
1859 3436 490
386 2767 662
2259 240 807
1899 2725 588
2476 2419 1522
3185 3215 1129
3960 1566 850
1398 720 650
3781 2451 329
2488 3519 840
1439 2957 1933
483 1275 983740485
1537 1617 1029
2139 28 646
3092 1107 1257
3597 1144 972
1182 1927 1001
1772 551 910
2938 803 303
3351 317 158
256 1119 916
3287 3169 1309
87 876 885
1878 1651 1589
307 1065 1046
1930 3491 1097
3685 1314 255
1077 762 120
2851 1566 787
3708 151 398
2776 1429 369
3132 826 278
796 3126 1263
1799 3381 856
3624 1091 157
3055 1731 1514
1962 682 1692
2711 2050 1860
3826 1498 1098
2911 884 1864
19 2177 865
2381 1074 1120
1157 3892 1563
3190 2275 182
1013 2884 1590
123 831 968
1809 307 1145
3667 262 851
2655 1121 1482
712 3761 1367
982 623 118
2739 3685 104
1534 2797 506
3874 1931 603
1327 3647 21
1731 3103 633
2812 3910 1008
3794 1336 305
1394 2285 155
802 3867 1401
3719 2771 1897
1896 2695 143
799 947 982
3969 2849 173
3313 2645 1984
298 578 565
114 2030 1092
2901 3138 1635
966 1814 1691
3790 1609 430
212 3547 563
3321 1618 1744
2251 2585 1910
3004 3567 292
3769 541 296
1490 2940 744
3230 3532 259
2617 1573 310
1715 2910 378
779 185 1032
2798 2710 1031
3141 2909 1910
128 1490 1806
216 982 346
3571 812 1760
2694 3984 1280
3170 1587 284
1627 507 1520
2818 339 1203
1739 2836 689
156 2219 1213
3783 776 1655
2537 1515 973
2477 3716 1978
621 3507 1988
1237 1165 13
1032 2868 1280
3066 1219 1660
3033 201 1523
3462 2908 1280
3657 3076 1389
41 2869 586
1000 1389 694
3402 3970 1107
945 2289 718
1445 3220 1992
3133 1795 99
3339 2527 953
466 2233 603
2923 343 913
2796 851 777
970 1299 297
881 2919 1578
2018 3957 176
3559 1364 308
1459 2613 978
3160 33 1862
2914 3633 1115
2860 1498 920
1720 1738 707
3665 1579 454
2915 909 837
2791 630 1891
3333 1319 708
3895 2001 585
2941 2615 859
1441 1256 1214
384 2452 250
3509 964 1407
3694 2036 633
696 2697 56
2689 1458 1558
2511 712 705
515 2370 1012
2991 3944 952
1071 319 639
728 114 672
2335 1955 1560
2375 2277 990
3408 210 796
206 2781 1989
1481 543 1982
565 1347 1588
1400 1515 1624
1735 1493 1849
352 3515 295
1059 1989 1246
3887 2924 891
1043 3885 594
2472 210 903
2834 3771 1530
2159 1141 1628
3052 2781 105
1404 993 607
2261 2915 1262
2524 1569 621
792 2752 833
2962 1484 717
3611 3060 1925
2149 1803 1672
3651 980 999
1345 209 917
3879 3078 1647
1801 3072 1482
993 3912 1591
248 3591 254
1304 1049 1865
3372 3988 19
2061 326 754
3063 3872 1852
3816 1223 226
2816 38 640
3622 3301 1338
2619 2694 1650
3448 2639 1900
2984 3005 1796
2710 3670 1926
3653 3757 147
3137 3694 1927
1659 3064 633
1628 2127 1143
3752 2208 360
3470 296 503
2645 2178 429
3045 836 707
2237 1488 1987
3008 3006 697
544 1568 85
1800 2452 216
2622 3675 255
1879 2655 1396
3374 1709 892
1670 1518 987
1781 2344 1659
186 639 1273
675 3472 458
3277 1776 939
1591 291 1221
2145 875 264
3817 2320 1264
3747 3562 385
1967 3226 620
3449 572 1860
3136 1760 610
425 3360 117
3712 1048 966
3249 570 1281
3956 3108 454
3904 3941 790
934 180 340
904 1760 308
3007 2416 205
141 3482 1117
3690 339 59
3386 3024 71
526 661 1257
1060 1629 1364
3070 3909 1616
468 3668 1124
2057 909 420
1598 2311 957
1005 796 1511
1413 794 1904
2005 1189 1920
185 340 1798
3554 1792 908
744 3784 234
998 2404 169
214 821 592
1417 1502 1773
1336 3822 1718
2601 3728 986
2721 905 469
2090 3631 1652
3445 1014 1153
3803 2281 777
2483 3617 1104
2113 1720 1602
2156 2513 1237
3376 686 362
1953 3448 1608
2916 135 363
875 2071 1132
1845 3555 1456
2494 2180 1938
569 3178 771
2028 1518 1597
2176 414 1872
2292 3178 677
1041 3533 1266
631 3849 1331
1156 3214 876
2783 2039 478
493 1969 1715
2593 863 950
3681 1543 499
797 294 535
234 1026 904
3375 1638 976
1929 596 454
3023 441 749
2750 609 591
638 3349 385
2187 647 1346
3323 2594 1684
444 2519 1171
2413 3197 637
74 2503 1790
3766 3844 1715
2341 3146 750
2897 524 1800
2864 3728 261
1778 475 1463
2300 1642 1297
2227 1085 1399
2729 966 805
566 3794 1597
1007 857 1485
1103 140 711
912 2539 1848
2879 1289 275
1408 1113 1200
2586 29 533
1414 2169 1417
1467 3861 593
2055 3409 1642
3179 3823 524
914 1106 336
556 2844 1267
3877 2330 961
2042 139 58
488 1801 272
3257 2992 310
3255 1792 676
3558 2399 1586
1022 3055 1957
1092 2344 1318
229 1223 1504
961 3884 1928
1595 616 1045
2854 3129 555
2773 2069 415
361 3502 1150
3381 793 856
1066 2757 1216
150 3528 187
1949 1459 674
3770 1832 1793
1167 1419 683
2110 1218 1707
2045 1838 1748
1419 281 1431
1535 1840 514
2946 3158 760
2808 1027 1330
2933 346 1811
1938 3577 440
972 608 1211
857 2860 1164
3237 3253 1443
3852 2349 1553
262 3631 782
986 3227 352
3117 1197 1360
3446 509 1083
2189 361 661
2230 420 1769
376 896 781
2070 1353 959
183 1426 1674
2830 1775 205
627 1366 450
2252 889 1995
3888 3668 1860
2760 87 117
3084 1883 1678
895 1854 1214
1193 923 1026
1018 1588 169
1506 1220 116
1191 3577 631
2575 3546 1932
789 2171 946
597 3928 758
3701 1709 1665
991 2953 1576
3927 2658 1402
2157 2568 353
1936 1849 780
867 105 1589
1562 1849 1616
2016 2744 208
3726 772 256
2275 3773 1549
2520 1053 788
78 2361 287
2152 951 1882
422 2581 1957
115 1497 322
891 87 1008
1402 1535 1246
2845 3310 1488
3235 50 570
3292 440 602
2787 2160 1629
720 2084 808
2278 2394 920
911 2638 182
2264 5 1558
1791 3784 521
596 2668 1346
3392 3428 48
1330 1230 1083
1496 2227 1750
1390 2278 1745
2039 1851 343
1217 3854 614
1614 2379 988882897
3158 1410 1660
858 421 311
3921 651 1906
3319 69 1806
536 1899 1230
1918 3662 230
1819 299 1163
276 2331 3
1006 625 315
414 895 465
3270 1584 723
3713 229 1229
3109 1937 812
872 694 149
840 1115 1511
1812 2974 301
3105 3407 844
1393 3350 156
2686 1614 1903
1713 1358 1083
1827 796 1179
3845 2580 807
1322 222 363
3165 2463 765
3796 413 1323
1705 179 303
2852 1448 1065
1637 2335 1976
1872 3105 1875
495 612 32
2310 2799 1928
778 1138 329
2732 1019 1660
271 3213 551
3177 2476 587
936 3203 587
2909 2283 968
668 3974 1321
1654 2752 1740
1422 3004 94
703 1500 1058
1155 3239 1900
1666 1359 430
2470 3772 428
2009 3121 300
2535 777 685
3482 2151 176
1719 2043 1247
3415 1748 852
847 55 1708
496 1584 69
3385 218 950
339 164 690
816 613 1016
587 1821 1068
1133 208 16
866 3201 1304
117 2096 1757
3632 3161 1044
504 2338 1319
533 2454 1910
100 2348 288
3049 3367 1749
173 1040 759
2447 2293 1723
997 1602 78
759 685 553
2507 2600 490
2087 2460 1923
818 2664 1562
624 2527 1581
3340 819 1756
618 1264 689
400 3817 1077
1998 3984 1850
1734 760 381
2753 3727 886
2978 1373 426
2404 2446 692
363 1934 1159
2390 3491 317
3890 3413 219
2542 781 701
205 145 1276
3317 2145 673
2289 2768 157
2186 2730 1659
2182 1042 473
880 1801 135
1455 3514 771
3418 1654 1687
3551 292 500
421 334 113
2809 52 1372
705 3819 480
1179 816 630
3580 200 1532
2445 3298 1262
23 2939 875
2703 1831 1539
481 1252 1075
819 2320 123
3531 1258 927
347 1238 731
3251 1343 88
3363 2298 1365
474 2209 1328
634 637 1062
2651 1425 1689
1559 2805 961294773
3674 1576 980
90 3135 1383
719 234 1965
2397 628 105
864 2293 1069
2148 3896 117
3896 3031 790
3297 2215 1428
108 1359 63
852 2589 810
3576 3944 1431
1190 1180 758
37 2622 1685
2698 3515 1641
172 288 1073
1916 98 1249
821 134 941
2377 3111 1965
1375 1138 749
3192 1648 143
413 3860 205
2497 3371 1849
1173 2741 11
2097 2316 418
3290 1793 58
827 2686 1531
851 1743 27
551 3755 852
768 3744 1947
3229 2055 505
11 2989 23
552 2169 978
3212 778 907
676 3684 1571
781 3163 1508
130 1499 591
25 1683 155
3841 978 1284
1684 1905 174
3327 181 1852
2006 3905 1918
57 140 735
2257 102 544
2338 278 955
2746 1229 803
1098 3542 1648
1186 1249 521
1790 2308 1943
2587 2223 642
3865 2578 1095
3959 683 1950
1161 676 965
2307 1055 316
286 1606 965
1869 2316 730
3226 1056 1840
1664 2004 1148
1917 2311 1176
2550 3409 1080
1816 507 375
2017 1528 690
1957 2107 907
2805 2825 1022
53 1155 1608
497 1121 1652
1747 2122 909
2142 1033 612
1114 1113 254
1798 2120 564
2250 3276 416
3881 2114 336
1689 3495 1687
1366 1089 1475
1622 1340 1866
825 2712 922
3057 3562 918
1528 3331 899
2866 3140 1818
1614 648 278
1623 92 724
735 2581 642
2635 3102 1736
1910 1241 358
121 3067 1742
745 1503 1933
1012 254 1907
295 844 885
382 3556 890
1478 1010 1479
2612 661 1028
3504 632 1744
2443 747 757
2464 3673 1251
2993 123 379
546 2659 153
1870 2873 1682
578 2406 412
921 849 523
1695 2353 1966
3696 786 1149
900 3450 1065
1329 2625 24
2331 2037 952
1325 3673 985
2112 2089 853
357 3075 745
3944 3938 785
79 2266 251
710 3342 359
1906 3476 202
118 2011 1474
2216 2096 1388
1067 3925 247
1324 2600 794
1160 1148 1271
3357 1537 344
3856 3846 220
3848 1909 156
225 514 1523
2822 2400 542
1314 2598 1888
498 422 1746
2054 244 745
61 3503 1003
3463 2912 725
2973 1197 975
2193 1730 586
2368 200 218
2273 3729 1727
3366 2359 973
3562 874 890
2768 3758 1392
40 747 1839
1727 692 1710
3029 3634 386
1590 3833 76
3792 3791 341
2959 1571 1502
2570 1695 499
1831 2842 1728
1208 3667 348
711 3312 1269
1582 390 81
3500 3589 754
614 1823 1338
2695 2361 1870
241 990 155
2680 642 753
2986 3337 1798
3604 3349 115
3027 26 1625
3101 3410 659
1039 3075 1863
2361 3357 1221
2688 3751 174
1647 1161 1924
723 833 1088
560 1968 264
3876 1915 1727
3468 3748 223
1438 3875 1679
2380 2349 224
3247 1613 581
848 2176 990154341
1782 1426 980
2754 2761 1579
3866 166 18
402 370 1691
917 2967 60
191 1984 947
630 1500 1837
542 3317 1405
1001 2564 73
3171 530 1308
2129 3318 1606
2865 3847 1788
1125 3091 1576
1010 2591 95
1139 1721 1599
3618 2806 1728
1618 3093 1416
1483 1713 700
3017 1165 1730
869 658 212
3510 301 466
1642 3168 1639
2566 3859 254
1742 249 1024
1272 1969 1776
193 2643 1950
215 2355 117
1984 152 1932
764 1958 161
1468 2855 1090
407 287 910
391 1 20
368 3905 1763
3723 2808 1163
2765 358 765
1975 8 1542
2917 3181 375
3343 2063 195
3271 651 943
43 1136 111
949 100 1480
3130 3758 314
3457 2654 644
1101 3982 237
3060 3113 1067
2049 1959 831
1823 970 1772
471 37 1876
718 3306 1597
1852 2991 127
489 3355 1200
1229 1308 381
952 1395 651
1273 2327 1898
3353 1399 240
3293 1817 613
1703 2105 1692
2820 2304 469
415 785 564
1729 2065 1137
472 1744 719
1634 1774 1548
1180 3990 568
2034 3516 1841
801 1051 1487
3772 2638 1537
2618 2472 445
1894 535 1989
2891 133 1665
2246 92 1414
209 2046 554
346 1159 798
1166 1467 1283
380 1593 680
3830 2486 722
50 3945 636
3645 1821 1767
837 3217 1793
3761 1049 1261
3409 1210 1167
1527 2853 577
1746 614 1524
1488 1781 1005
2105 3286 1449
2512 3015 1175
2846 466 1528
1425 97 663
3735 898 490
971 400 763
2147 275 1064
1554 310 450
2369 658 1917
3902 2817 636
1031 201 1845
1016 279 607
1685 3110 817
142 1808 432
3455 74 1830
1241 1118 628
3676 1899 529
3047 2221 554
2436 2824 13
3322 3131 918
2116 3148 227
2373 8 1336
1902 620 28
3209 2716 1114
1259 1074 211
1245 1464 587
1120 2447 1094
3379 3232 1768
1131 2048 1316
65 2725 1202
1087 287 1123
3522 2576 431
2031 827 359
3778 2856 740
3596 670 1411
625 780 923
3281 719 35
104 964 1625
2964 871 1518
910 2201 1705
2725 612 710
1556 3790 193
1650 2336 1
31 1138 431
2867 385 1878
2337 1813 1969
1544 3764 1748
3416 1321 713
2132 425 1818
2388 1261 86
3833 2064 1570
59 3055 1230
84 3977 1685
2424 751 547
3569 425 322
2763 225 999288037
1177 380 61
448 2255 1833
1700 2183 849
3021 926 1977
567 1360 948
3613 2891 861
1856 2023 986
1931 261 113
1361 2940 789
3110 2064 167
1318 3948 581
2848 467 7
1395 3165 178
611 3663 205
189 1399 182
3930 2229 1448
1587 1308 1722
2498 3675 1448
1855 913 771
3861 2236 214
2642 2129 98
2051 3923 609
1254 1810 1032
1631 3207 77
568 3443 1716
2352 2962 1229
278 475 287
3373 1793 723
1915 1791 387
190 139 448
3477 1779 1266
897 3744 77
3920 3077 1000
3461 2580 1214
2903 2713 1437
3575 844 1550
1482 2431 1601
2371 1427 732
2396 642 1085
1035 1603 1753
3759 554 621
3358 3009 1040
2734 3166 470
1052 1857 1261
3967 2426 1665
2226 2350 595
3931 2440 1518
3266 59 1962
392 319 1722
1360 2268 298
1207 1350 983
3743 1134 513
144 3932 1067
2877 14 968
1069 459 671
469 2099 688
2790 103 1334
3599 3344 17
1243 1057 1820
1487 974 1650
2272 1566 1042
1213 127 1035
1977 2814 646
3911 3154 1605
494 3358 1750
1159 1904 575
6 2929 1806
1430 2939 1390
257 2121 1698
2658 864 1946
3799 3805 132
2406 3625 924
3763 1384 949
3840 1258 1646
3306 1227 1914
211 1238 695
3633 2251 63
2697 2934 1268
3538 3965 1837
147 732 862
3541 345 1927
35 1407 1967
2027 3247 1127
3387 734 591
287 2270 238
1813 434 1565
1924 2195 1854
2786 3561 1762
761 349 773
3364 2423 1394
1572 3585 96
620 283 601
1951 217 1288
1911 142 219
3427 2256 753
2166 3468 1546
3513 2616 994981940
85 3558 755
2945 1954 1406
18 3988 1242
555 3778 1200
2263 1893 1233
3691 2569 290
1548 1200 886
2431 722 898
1283 118 217
2340 135 866
3046 1330 228
3951 850 1987
592 2607 1011
1787 1848 1195
2927 3113 709
2127 1337 1302
3490 2452 1834
977 1193 311
2569 3157 1551
1015 1393 1002
39 2700 1017
637 3097 590
467 1636 1608
1118 1410 50
1028 1806 854
3458 783 778
3116 3536 809
68 115 301
635 3653 935
1522 2947 961
55 3312 684
1971 566 846
434 59 1462
3805 584 1752
1711 485 526
14 1506 547
2541 1732 1586
2995 3227 631
1641 1918 1674
456 3504 219
1965 431 1275
2219 3330 990
1553 3055 918
3244 1240 926
2360 2684 1377
250 1663 658
610 3876 595
3729 2928 1148
3745 3395 997
3113 1304 1593
2636 3468 1850
692 3147 1239
3466 3203 312
1123 131 458
2565 938 40
626 3058 5
2722 3219 113
3626 2026 551
709 757 158
1386 691 1972
3957 3727 1839
2731 3013 457
593 1036 1578
484 3157 1584
3407 1082 1310
2324 1893 784
405 2320 1086
974 504 200
1523 1215 1571
302 2859 1637
1209 1047 5
1158 3437 921
3328 717 1616
2572 1647 1291
1306 2417 797
2416 788 1682
178 2518 1353
1592 1764 676
2616 1705 1802
1495 2117 1763
2774 1588 633
310 375 1584
1356 2277 430
1602 1178 711
2598 1248 1314
2244 3475 1632
820 3887 1111
933 2583 1056
2271 1203 1538
3311 3160 619
1363 3742 918
2887 2591 1668
1882 3210 619
99 430 255
207 1772 1864
2573 3949 532
1277 408 1859
67 2110 37
1338 288 1863
3656 3910 1472
3476 721 1084
1723 3763 1483
1088 1754 1688
1426 3170 469
3650 2557 1100
1989 3355 1639
1033 260 1267
1518 2098 266
1639 3053 1226
477 1965 953
3332 2412 20
582 3035 1945
2302 1633 1979
619 384 1233
3886 295 1359
994 1298 1106
3800 1304 1874
539 2496 459
2971 1613 261
3475 3804 268
223 812 1997
2346 3560 17
1046 1231 1484
809 1995 1238
116 199 161
1129 1027 1220
1214 2606 1041
803 2814 1229
2455 1443 373
2607 757 1395
942 1040 1565
2053 981 954
3478 3374 957
3330 1970 125
2209 3824 94
285 1011 834
645 3582 317
1222 1632 92
1165 3488 1448
338 165 803
3870 3717 569
3044 3460 1038
3433 1400 1478
1152 767 256
1860 3621 173
313 2679 430
1668 2947 1025
1462 1243 678
990 1129 1133
1510 1094 990
3742 3051 759
3507 2722 810
861 116 1153
2131 2065 1184
2531 3032 860
394 1357 350
1552 1476 339
177 1806 1232
905 3271 178
2407 1744 489
3193 1395 150
2330 65 467
1107 587 621
3335 1585 1189
3175 3692 1626
281 244 1274
632 273 57
3521 199 980
811 2210 94
943 3501 57
2206 94 1385
2414 2471 249
2799 2396 1211
570 3904 1056
1359 1668 547
1515 3615 227
743 895 689
2258 733 1532
3003 2342 1347
2026 1799 810
518 1943 536
2717 365 1820
1132 2258 583
3440 2695 590
2284 196 970
1112 1855 31
1311 1289 1071
3495 1233 794
3823 2755 646
677 870 122
1121 2330 16
187 2918 670
3294 652 889
3349 2041 1171
375 585 1521
1939 2340 1533
1271 3500 212
1201 297 971
3172 1342 1593
835 2845 1640
2674 382 144
369 681 1474
2836 2494 1922
2702 47 896
2828 2739 301
815 1962 174
1187 3320 1358
686 1567 196
320 544 1
3291 143 103
3429 2515 1091
586 1699 1350
3243 77 1804
2288 2968 1743
2291 108 1730
3756 53 946
3536 984 617
3553 2536 1288
2582 3581 1801
2091 2649 133
3148 2807 1640
3620 202 960
2540 2489 1815
381 3601 1583
2496 1979 948
2931 339 1987
1429 1133 1450
1575 511 91
1401 2841 53
2561 1655 973
273 3237 60
3258 70 1647
1542 2749 91
9 3803 130
2041 508 918
1189 1210 1329
3757 1077 252
673 3487 9
508 2453 736
2072 1219 36
2208 1983 431
3871 2221 1490
2224 900 541
2856 3613 596
102 2458 522
2349 406 1787
2882 663 901
1415 2764 1878
219 1184 201
2446 1377 400
232 1954 646
3010 1696 1867
1291 1395 1271
749 2820 1841
3952 1279 380
3087 1484 1082
2781 3227 385
1543 3441 1464
2451 3462 794
3417 1818 1617
499 3903 1536
158 3237 624
476 971 1574
2108 238 1264
2759 878 192
166 2966 285
3095 1659 1159
1986 1353 679
3013 1364 1306
3753 842 545
299 1128 345
3238 756 1238
3309 976 1191
3279 1203 6
66 2743 1220
3221 1527 618
110 3286 286
3962 1773 1364
2523 2292 1688
2629 2316 199
3863 580 1378
3524 1213 974
1968 3252 1943
2144 1267 739
855 3446 829
349 1248 603
2919 1917 94
3436 637 33
3900 3399 1100
3472 3700 1740
1298 1589 1481
1752 1608 1478
519 2426 602
1076 3292 597
1040 2834 1586
615 2673 448
2515 1013 764
3940 2823 643
2992 1758 568
2969 3537 1315
1270 3614 1242
2240 258 480
2000 3031 773
2170 3362 771
1814 2431 1447
1341 3544 1548
2878 2979 1475
3469 3217 845
752 724 196
628 2292 237
3424 2879 1213
2276 2347 609
3107 1123 1578
393 1341 604
3252 1447 1450
694 733 1352
2827 3431 1467
2365 998 667
532 1303 1348
553 203 1210
3067 1514 1636
1745 1959 1365
1428 973 1099
3820 375 889
1991 2072 1081
44 1032 405
2890 3879 916
1267 991 781
3578 1841 2
1864 3316 740
1086 2444 1364
2362 1932 1932
312 3430 1935
3147 2928 913
2881 888 299
2803 1019 621
3125 1189 1635
1923 2421 94
2282 3482 579
3776 3484 1818
1861 3953 1112
200 3796 1949
2081 1168 940
3242 548 544
1893 2236 828
3074 1271 185
2372 3375 1555
3854 3652 1132
3884 775 1403
2718 665 1977
824 1926 301
1536 2519 1128
833 108 404
629 3587 1240
2545 1002 1070
426 3242 1187
2254 3876 998192310
576 485 300
1339 1068 1597
3961 3294 379
1571 2644 1802
1444 3382 844
1811 3149 1172
1149 3818 731
1355 3629 745
1079 1230 1312
1996 165 602
1385 3948 1883
1140 3504 474
291 2849 667
3919 2530 676
2639 2707 141
1613 2472 395
13 1650 1159
1293 17 975
1399 1042 1420
2792 1473 380
246 2529 1972
8 1460 1690
443 2331 1322
3452 1719 1839
438 548 154
3104 3407 1093
1863 778 32
1679 3058 103
255 3134 357
2394 3597 1271
1519 1780 445
3570 3641 1453
3936 1679 1684
3542 633 1431
1096 516 759
3227 2859 1937
1265 613 1186
3365 245 1427
1732 1450 646
3768 1211 745
2850 3807 338
1966 3097 1029
893 1612 385
1232 676 1087
788 2462 526
1284 1309 648
2075 2401 1522
2736 3735 1381
3080 743 1454
3663 1125 1734
2313 1294 680
2644 2035 243
2012 3943 1347
1234 3749 594
608 810 880
2976 3675 340
3001 134 915
3869 1007 927
3922 1461 496
962 3875 1543
2364 1820 214
305 3785 202
1029 1263 139
2772 299 1861
750 175 1631
1982 3698 934
915 621 1536
1372 984 1407
929 908 723
2267 6 629
2153 1473 1135
290 1528 1395
1491 2928 154
3006 512 1917
854 2055 650
1233 2874 1547
2671 970 1561
2747 2799 1662
52 3556 1393
3040 1600 1891
2884 1545 332
1905 2111 448
3822 2072 418
3731 1681 448
689 2651 1953
754 3361 72
2902 1120 1631
3689 1230 995
1636 3799 1856
1771 2948 1080
1538 1454 256
2484 2361 112
3142 2858 1221
288 1514 1504
316 3785 454
2281 2035 809
2533 1154 315
1485 529 928
2590 1848 1133
1253 1568 840
2222 2491 1265
2673 447 1782
3223 871 1887
1517 3349 1472
1588 1444 297
2608 629 702
3621 2722 1892
1658 1707 374
3739 1632 832
3152 3492 1883
2177 62 841
2630 2917 1131
3560 537 1600
3303 2438 818
1758 1042 222
1954 697 1373
2126 1377 1529
1897 1482 822
82 1972 1726
964 1035 1639
3791 3155 1368
1974 3972 42
3916 1795 308
1794 911 1309
3711 3807 1853
1442 713 1687
1047 1613 1331
284 1626 1930
2025 287 476
1948 2354 1948
1353 2700 230
2207 1358 1117
1251 697 1700
727 1359 199
1884 2479 1356
965 524 1447
3655 1712 1135
2807 3723 455
3301 2408 1349
3732 371 481
649 1097 804
2712 3538 1203
2634 659 568
3367 1051 528
1268 2431 1856
2298 261 1568
1709 862 380
1154 1712 21
1594 3055 1260
1837 291 1757
1223 2024 683
410 3712 175
1999 2825 1021
3336 1620 1468
2293 1358 1923
1091 210 9
2357 2854 1772
22 3491 99
387 274 499
3453 3522 849
1769 259 1199
3631 909 1
3324 1338 1425
3675 1494 269
362 2855 748
1714 59 1798
3086 3475 1719
2631 3597 1374
3051 835 1443
985 2944 1431
2266 1797 901
1002 3171 138
1836 251 1648
3722 2750 923
3187 2170 747
2581 2395 988
195 3438 407
2078 2294 455
756 1474 522
1315 2324 1526
757 2895 762
2334 1386 1701
2802 140 818
1116 3870 857
2235 1170 1589
3451 3249 1333
2393 1474 901
1448 930 1856
3717 1763 414
1127 1738 671
1037 3282 741
2162 2757 907
860 1776 330
906 887 1179
3544 2361 460
2886 3954 961
2560 1734 422
1593 2290 45
367 467 476
3582 2367 766
2552 2096 416
2478 2563 711
3501 3724 479
2457 1967 773
510 3443 1600
1667 2177 1808
681 1728 792
3529 249 1926
2510 1975 1158
3572 1057 460
1829 582 534
839 3425 695
3215 2617 967
3639 2615 1894
3937 2625 1560
3443 1662 1242
892 971 1333
3737 1560 1910
1479 712 549
1090 2805 1602
3423 2713 1305
217 2753 1671
506 2845 47
1367 1037 807
3914 2473 1624
1309 3700 1285
1826 3865 1724
1299 1987 870
2173 2416 1734
2508 3815 1389
3818 49 1208
1337 2831 98
275 3507 1923
2534 3631 788
436 2525 1224
3176 2532 1018
691 2835 926259371
2383 1526 1376
3915 3102 540
1955 404 371
1138 694 1772
93 1761 1001
252 2298 208
75 506 638
354 463 734
2429 2767 829
1612 3165 429
2974 2905 13
1049 2099 1463
101 972 1506
2305 1875 1239
1110 2905 817
2387 2577 832
485 2551 1857
983 3364 1394
3873 2902 1196
3352 3928 1959
3180 573 522
353 3369 1977
2691 1915 589
2929 1244 1567
3545 954 1085
3232 1434 354
220 809 807
32 3144 1134
575 2506 648
1469 3165 1182
1903 2278 768
3662 1244 1361
1217 1590 999780497
1255 2489 92
182 2493 290
3245 2965 862
364 421 1644
1673 2627 856
446 2567 1774
2743 176 1549
1649 350 1738
1307 3953 1679
2228 2668 1405
2863 1408 1272
773 3124 1865
595 3473 890
1979 841 186
2794 1571 1986
49 6 1520
330 779 885
2283 2281 1162
3012 854 411
1392 3108 495
2411 2418 850
2847 2184 112
2499 2734 1114
2083 3291 284
776 726 1785
2939 2543 1456
1768 1885 1037
2730 3972 312
2514 485 1267
430 1625 1922
3483 1950 362
2311 2050 1898
1944 199 1944
3938 3611 286
1610 2763 375
1862 1949 1897
1262 3287 95
314 1230 526
3000 3806 1520
1640 1865 1525
2439 1133 759
3526 2596 243
332 1413 866
3459 372 552
2134 953 138
1663 3450 29
3765 1164 55
1616 2878 769
3041 1211 684
1530 1425 806
2583 1597 1204
3609 3146 635
1702 2919 403
1690 2377 1359
107 186 1820
3437 2155 164
2060 3343 1439
688 824 1241
3393 50 1406
1020 666 1553
572 1341 1876
955 2097 530
1009 1955 468
3760 3155 1450
3024 2825 613
2704 1774 1053
2047 3833 904
2970 1128 1257
1681 739 1978
3173 3320 153
3534 1825 808
3439 1068 251
3062 111 1153
465 1853 1668
721 3013 678
2172 468 1359
2592 3976 1283
2762 2081 1452
1230 1002 1159
2103 3684 1154
2150 615 115
3883 1361 467
1168 568 313
687 902 1513
1843 2314 1533
3088 2021 1073
3030 659 631
2672 3372 911
2355 2562 1361
1646 3650 90
1775 1265 1092
2405 3550 1773
2279 1729 1681
2940 3463 1588
3269 1672 83
2894 756 1746
922 2155 1521
1099 965 537
954 3085 1736
3641 1158 1411
843 1287 631
2681 2537 594
989 1162 1439
1176 779 364
1660 1135 576
2553 65 58
503 1511 688
1080 3819 1912
3283 3513 1826
3630 3100 1338
3594 3484 1270
2155 3284 1949
736 3271 613
967 3373 375
661 3932 198
3168 535 1329
695 889 954
2801 630 1146
2487 3491 1717
2623 1240 1921
2614 1392 1613
739 2870 927
1730 309 826
1085 3153 253
1753 1439 654
441 3623 619
2098 1206 1265
1568 3676 511
1489 1489 1990
1737 1869 583
243 1769 1643
3002 788 637
3076 3701 749
770 620 346
2332 1509 154
3586 1606 675
2795 3137 278
1733 3968 1358
3637 1422 1970
2385 904 210
3456 2605 1107
1891 2752 852
2004 1042 1627
1767 809 1180
2904 2244 1623
3035 1871 858
3011 2271 601
3391 1843 953
2181 3529 490
766 587 404
3806 497 1
2893 3561 1682
2223 2375 893
2547 1049 1728
374 2615 1555
395 1778 1235
1796 2359 634
2709 713 1989
2024 2887 66
2456 3639 1878
726 3130 1043
1296 517 1761
2101 1115 1964
698 2602 459
656 862 160
2174 848 117
3096 2365 1307
20 3782 145
525 1076 1662
633 2796 439
975 2637 1069
1835 2705 984
309 2508 208
1411 2677 204
3764 3579 710
3644 1234 1386
516 2317 1339
2409 2031 1783
3250 1923 1048
1972 1935 802
1978 1264 1736
2595 3060 465
2314 3275 823
1789 1744 162
2825 3217 589
2086 298 1910
2758 3268 1260
1600 3515 1781
3145 3585 1289
784 112 1757
70 3915 476
2693 2286 1362
1805 647 572
2417 1452 179
2638 378 273
2128 1996 1433
2452 1534 567
1784 1035 1453
2370 3678 250
1466 3958 1979
3789 496 1975
2120 1997 719
3517 1647 1233
1502 2874 1255
3183 3900 1995
3839 3708 360
2824 1261 1695
1183 2510 134
3929 1298 1416
2366 1620 1545
2481 2724 285
228 1704 860
1424 2860 1049
2506 724 1327
3022 2746 145
2010 1470 1437
331 2901 507
600 3079 1174
2660 965 1167
2068 2443 1839
3156 1688 559
2382 582 337
3233 968 876
1886 1311 512
2277 248 1838
2625 2942 932
1340 699 1555
2513 704 647
1601 3563 1936
841 2483 998
2306 1652 789
269 181 924
1842 3364 1485
2076 1711 1456
2602 3260 136
432 2913 1802
3162 865 892
1198 1064 351
119 2565 1748
1699 2150 1363
1561 614 342
3169 2481 1657
62 324 1237
296 2743 1587
318 1486 683
1788 1038 1196
1963 1671 1044
2319 547 627
2197 3509 1122
3240 3741 656
3492 2175 1301
2961 2634 1803
1672 165 888
543 744 999462119
2008 2795 1785
823 1706 965
882 2865 1499
3460 3890 1465
3019 1995 1481
1231 3298 1773
1083 2708 299
2716 434 737
947 406 769
1473 58 1159
1423 1773 1064
356 3137 1298
1078 2481 567
397 1233 1346
3154 960 815
1412 733 1539
26 92 1111
1874 153 1925
1725 429 336
3539 2191 1463
2626 3374 1227
2821 3953 1376
931 3311 1203
1779 2368 1293
3098 2666 763
2203 3276 864
3496 1842 1372
950 499 96
2151 172 1798
732 642 216
522 3638 1526
3666 1598 178
707 1948 1448
1104 3829 897
916 1162 1066
1235 2465 1443
3410 3326 1837
3426 1284 1836
3341 758 1226
1888 1292 1421
780 3143 347
2669 3937 1927
919 3780 1528
2727 1787 1630
3220 956 919
3164 3974 1243
2723 1448 1128
1048 2278 628
365 780 836
1178 2092 1164
3503 3292 1666
2737 2122 904
3583 277 809
2518 2806 307
3241 788 802
2784 3008 1926
203 1433 1163
938 1404 1262
2322 1889 1175
778 2869 997664666
3129 1727 652
3438 2681 156
3099 1933 635
137 1732 1546
1976 1344 1003
1584 1025 1044
3638 2610 470
2043 1841 1585
3795 2185 568
303 3916 868
522 1374 979668624
748 1907 1504
1643 2014 163
1867 1520 640
1252 3166 311
3267 3828 1830
613 1818 1964
406 1341 393
1106 3919 1525
2872 3805 993
1547 3176 1780
3629 1018 730
2755 500 753
3037 2214 675
679 3624 624
706 1991 508
3181 3906 1893
1494 493 1724
1038 3898 1542
45 3741 1176
199 727 1131
2178 2695 28
3422 556 1246
3127 2045 1676
3384 3835 973
103 644 1095
877 1688 117
1063 2257 1223
2399 3668 119
1970 3020 1878
3189 2225 1744
2308 1180 1465
378 2307 1188
1003 1880 1382
2270 3158 5
3543 316 619
583 1346 466
3396 2567 1790
636 3913 1929
733 3821 1409
3891 1914 1973
2724 3759 138
786 3957 1914
359 2754 874
112 264 294
1655 1346 1304
3390 3915 1033
3838 3953 1042
1656 3741 1817
1638 2783 1192
3231 2221 498
341 2740 1027
3355 3571 1771
1484 2859 535
3923 724 1177
771 707 611
355 3593 397
2728 921 344
94 3548 461
152 978 1294
2841 1336 617
3304 3617 1123
1406 2191 1335
3326 2968 458
908 2201 371
2347 2520 291
2339 1919 521
669 3237 1193
1274 1211 488
1344 2745 320
1054 1451 865
2079 2764 149
169 3737 541
563 835 793
2975 267 571
2392 2704 1117
3648 2684 762
1605 325 861
2304 262 1352
4 2580 524
581 2174 1885
2767 168 561
3673 52 432
1396 2531 1614
3846 517 421
478 3588 1580
1539 568 1428
1675 2511 674
245 2961 799
3892 262 335
574 1083 795
3272 277 1749
1691 3984 1670
300 385 1238
1188 1042 51
3734 274 758
2780 1511 1520
479 1812 1009
1056 1533 1160
1764 981 963
3736 2201 392
2960 3916 467
3821 3915 1481
149 2285 1207
2685 2600 203
2770 1547 280
3943 83 739
1290 110 1934
2609 467 791
1680 29 1690
2742 421 1961
2536 655 63
1883 2333 1559
3405 773 1878
372 324 1858
3849 910 1330
1174 1989 1217
111 2883 521
1310 355 1154
3966 84 498
520 108 1206
3784 1420 139
1391 907 122
486 2246 923
233 3614 1060
951 587 345
334 1553 1399
664 2760 1681
3143 223 1494
2295 1731 994
617 1433 944
2859 361 1441
1632 3807 180
221 1192 511
2982 2067 793
3236 3776 1419
3091 2537 863
3564 424 1800
3481 3785 1702
3394 1220 650
3945 3036 1568
2400 105 445
548 1414 1584
1421 469 946
3858 346 1494
1351 437 672
1576 1000 60
3851 889 622
3643 2462 1494
452 1566 519
1873 2269 1611
3028 3429 1205
3234 3220 1551
3038 1417 1390
787 2826 1656
2661 2104 1634
1822 3808 1299
1380 3720 982
1348 3204 1897
2621 1804 1258
1454 285 478
678 3582 1519
1493 943 669
83 784 1747
2294 1840 1655
168 2640 1766
2084 3320 338
3025 186 118
7 138 1779
2888 1962 360
3325 243 188
2220 3612 888
2326 3911 715
3548 2612 229
1558 2617 45
3815 1311 1017
160 3500 1388
3829 1323 1863
1205 2294 100
3514 248 666
459 3053 1063
3593 2829 827
16 3359 1346
740 3783 337
437 3467 1116
3947 3331 171
890 2661 1076
924 1627 933
1300 114 182
3628 3429 404
2953 3404 1986
2161 279 545
808 56 635
3746 3316 1313
358 1201 1598
831 109 860
2312 2018 357
2109 2015 1363
2554 1605 732
3934 1225 720
714 2917 934
2858 1063 1445
1431 2826 146
2925 1644 1801
1724 2242 430
3120 3932 486
846 3351 492
19 3908 999633063
2137 2322 1019
360 148 1537
91 2423 269
3 2126 1842
342 1534 1418
2115 899 172
1607 2909 1852
2777 714 1790
419 1711 1590
3857 475 1797
3692 481 373
2423 1980 1602
3771 498 214
2485 1858 117
3698 3716 1834
2771 1246 1876
2199 3510 61
139 130 201
2505 3445 942
2418 3126 1925
3075 3051 460
700 2835 1099
412 3793 658
1500 2076 849
655 3616 1176
3774 3654 1200
1163 130 1702
3793 958 1783
2030 10 1703
418 2366 118
3505 1061 1733
650 3433 792
3610 406 1332
1242 1866 775
3528 3763 688
2981 1742 956
1885 55 1636
580 1825 1634
3677 3056 371
2678 1548 1808
1807 1103 323
1051 642 845
3955 2273 1170
2188 3756 1568
3188 826 1529
3862 2258 1323
249 368 572
2111 670 87
3308 2623 441
3354 2769 672
2538 3221 98
3533 3019 1647
2838 3319 1089
1497 1786 997
1857 2869 1589
3149 2952 237
2069 3716 1639
1760 1319 1778
2205 3037 1823
2637 3909 1988
328 3843 1803
3204 3371 1692
2215 122 1416
3513 885 1366
270 1688 1838
2751 839 804
263 843 1909
667 72 179
2036 1578 344
227 2415 322
3383 3895 1171
653 138 1919
2280 608 648
1082 2700 1951
3950 1393 1328
1196 3639 585
2701 3672 1689
2164 2588 1830
2665 3699 246
2529 418 1159
492 495 699
1531 3386 697
1722 1190 993
340 2834 809
282 2485 1702
3880 604 1619
909 1305 1513
1331 638 801
1328 750 1325
3411 3066 171
2947 1315 1570
1126 2480 472
1226 2113 1598
54 2539 214
812 1007 1579
3864 690 28
1756 872 645
272 1000 580
236 3744 1084
3574 2572 1041
2740 3148 242
1521 116 725
3917 551 1897
1275 2477 985
2183 3632 1859
3601 2205 392
3801 1703 1151
337 546 851
1754 2044 1800
3015 1887 419
2994 3153 1465
1726 1675 382
3824 1005 790
1397 3378 1665
48 3096 175
1025 2274 915
3315 3735 1815
3557 701 1439
3058 811 517
3775 1541 669
2035 2474 483
2779 1776 252
1875 2603 353
2410 3820 440
1532 1246 1312
3320 3339 979
2763 2489 637
524 3960 1612
348 3278 1001
2236 232 1667
3182 2978 847
1027 1974 356
1238 1554 1410
2679 3755 1241
849 761 1599
3016 331 1373
2615 2866 1696
3282 920 1883
3563 3696 158
777 3787 8
2442 2588 527
1549 1123 1895
3946 1853 1807
3043 873 1768
651 603 1981
2088 2378 622
598 694 756
3664 1545 1106
198 2315 1601
1503 3366 1668
2643 2766 1555
1840 1972 417
1457 3249 676
2358 2305 1921
3847 1184 1948
1785 67 1324
2576 187 214
1134 633 1546
1221 2092 1131
2428 1443 1536
1350 3428 492
1184 322 977185708
1586 2314 1058
1498 2163 190
3614 2410 1674
2690 722 1357
1653 3225 924
463 1518 1601
1806 2542 182
3197 3583 1860
1880 3266 531
1358 7 1133
1011 1619 1627
980 195 1056
3399 220 1128
2804 292 1974
724 1067 1399
335 2427 1919
1480 3565 247
2980 1637 1527
3401 1578 548
1065 3947 1629
3693 3085 398
2606 932 52
1677 3891 930
3718 2390 1089
2363 1489 1783
1 2110 814
1240 3174 71
2367 1000 860
2492 799 465
1312 1170 810
1263 2360 1811
3523 2121 528
3356 80 608
3216 1501 898
946 2764 1341
109 3942 1275
181 1168 1753
2221 248 358
844 755 361
1830 1293 111
2011 3395 222
3314 1590 1043
3048 1501 1119
2479 3984 525
2861 2295 238
2700 1504 259
3798 1147 391
3263 2023 1664
1343 1042 98
461 1647 1248
3606 1211 337
751 3495 1083
2889 3591 59
2504 2929 418
1045 2703 1314
3669 2226 1256
2274 103 996143131
2192 503 261
1750 336 765
2883 1807 1553
1728 3442 699
2171 2977 935
1471 377 1918
3585 1478 517
3337 2709 1858
2948 3990 264
1184 2586 1386
800 2486 1996
1810 1151 432
3210 1778 1696
2857 208 429
1616 614 983728102
3588 414 818
30 2648 1003
3430 1134 182
579 379 1729
682 3233 1042
826 3852 371
1529 1197 906
1669 2690 709
3825 5 987
2243 429 1134
1525 2882 1158
2849 3361 359
420 3126 873
2033 1909 1185
1342 3610 105
2521 2273 1408
2922 1085 1486
2966 1775 1617
1206 1638 1208
3965 2984 1085
3065 1386 389
3344 3633 1204
1674 1002 1686
3809 3019 318
3286 3397 1323
3403 2398 1155
3059 104 246
2752 254 691
973 1906 799
428 3584 294
146 1298 1585
1815 646 1170
2232 3415 1650
2359 139 381
239 3897 469
729 1018 1623
3728 3326 989
1707 1259 1536
2077 920 1386
2557 203 1134
1624 656 1388
1169 3001 647
1326 466 280
3567 1893 807
143 3184 132
3859 822 598
2435 1671 418
2944 2137 1444
2179 3600 1372
3525 3154 1101
690 185 912
987 3787 615
3804 2977 624
3144 2056 721
2793 2999 1426
138 1973 173
2315 2423 1183
3131 3211 175
1817 2036 1574
1122 2357 520
507 1015 1469
3566 1063 875
2165 1137 1523
3908 845 997
3661 2976 1735
2255 3193 261
1678 1413 197
1334 2290 535
122 2394 1934
1973 3416 966
327 1476 689
3625 2435 1352
2146 308 1159
2333 2775 485
251 887 1324
853 1384 35
540 2301 417
2015 3092 937
2775 1292 1447
3254 3499 1613
2316 2138 319
3577 3154 61
487 590 1303
2328 667 1540
1195 2380 1661
1244 3991 1031
1403 2419 437
725 3176 1118
1985 1585 1299
1461 3592 1370
3695 3566 1127
164 2906 364
2817 1150 415
2450 641 665
1465 3121 1776
1365 1565 746
2928 1481 107
2530 2229 1564
2924 2529 604
1599 2277 48
161 526 164
2823 2725 1914
3345 3396 1565
2624 1229 313
3259 1677 1638
2555 2530 476
2154 2241 255
2951 2727 1821
3094 1957 485
2102 3104 1974
3506 478 900
2880 1443 289
3078 1680 987
513 2726 1839
2968 766 261
3060 849 955445808
3138 1532 1073
1606 1953 1228
3299 3293 740
3100 1331 143
2432 3773 974
3827 277 1045
564 3532 1800
2921 1317 705
2032 3872 999654752
500 2684 1117
2234 20 1485
666 528 667
1676 3688 1672
1937 2589 1388
793 2639 622
612 63 1717
3762 3234 1298
2384 3852 1667
2117 2654 790
785 839 1465
1565 2674 365
253 2746 1727
377 3088 541
3958 2429 1935
1228 1802 57
2389 1274 1810
623 1813 1192
2460 2867 391
3031 2037 1964
2769 2856 1678
1952 3820 1969
3178 3124 632
2574 504 707
605 2617 122
976 2016 425
3442 443 1131
969 420 25
1210 1508 1594
3056 3585 1978
602 1089 541
3262 826 1379
1220 1227 1625
3119 359 732
1436 822 897
1853 118 893
2217 938 813
2659 372 1798
3434 2254 1624
805 2042 411
737 240 1915
2898 425 825
2167 1401 1354
2876 3002 1255
2420 219 1429
3318 3056 1218
871 3101 1527
1192 2306 21
2194 1633 1836
957 1618 1351
1135 2889 1952
2449 3990 1652
2571 559 1053
2265 965 557
2896 1989 1907
760 2224 634
940 2030 256
58 2168 783
2687 612 1137
2935 953 817
2950 161 1834
3009 45 1046
2095 3298 1829
29 1780 1587
1633 2044 1085
2386 3085 359
889 1231 1729
2303 3804 22
590 2458 1540
455 2682 154
2229 2102 1608
932 2372 743
521 2355 1318
876 1560 1402
3388 321 688
1803 3462 1768
226 2113 1872
1486 1217 963
2764 2532 1025
2474 2984 392
591 1809 244
1216 1892 1769
3406 174 1820
3493 995 840
746 2165 958
470 424 47
948 3002 602
1081 2592 605
537 3631 293
95 859 1068
5 1363 1832
153 1571 1872
1858 2175 630
1927 2439 50
3034 3667 1056
2800 557 915
3200 2362 37
2604 780 1551
3537 630 918
398 2655 1502
317 2718 1354
3636 2481 1597
3897 2848 1678
1834 3255 1184
3552 764 1861
2064 3641 908
3672 3918 34
324 117 1929
2212 1253 316
3302 2052 931
584 1710 963
3512 134 1730
2871 1724 1575
3419 2832 666
1335 401 1535
2579 1808 1931
2613 641 1617
1508 1915 1593
3288 1641 1481
480 3054 225
1197 3732 1622
1611 1308 124
322 1820 1207
2056 1152 1333
1901 454 1534
514 1248 1437
1550 342 1012
1404 2724 975248992
2245 829 1295
1697 2898 7
1748 3703 525
2336 773 1359
1376 740 525
3751 1999 1281
1574 393 920
1075 2276 683
959 1976 1836
3750 3724 473
2296 1750 159
1354 2553 280
2855 3335 662
3724 148 1737
1877 2771 975
1765 2197 185
898 1364 1168
594 514 55
1111 656 333
3420 3542 705
3832 3771 1456
1567 3513 1454
3338 3082 1801
1615 2317 880
1671 3959 1104
2412 1271 978
999 1013 1573
3083 1714 1444
2797 1732 580
1920 3757 1451
3151 766 1927
1987 3440 924
3213 3172 168
648 3214 340
1070 732 1970
1211 695 1245
201 582 1003
1278 3544 1713
2114 1044 530
1847 124 1817
2242 2480 1724
345 3409 1052
1569 3473 1212
266 2047 1384
3970 2848 1354
1716 3870 604
2756 3650 34
46 965 764
222 2580 1396
3532 3109 698
1625 1568 704
2285 1993 165
3709 3304 1257
2785 302 1338
543 3008 1880
1526 127 1002
622 1465 1157
2670 2807 1246
2469 2177 1485
453 1612 754
3296 422 1729
842 3223 1473
3199 3630 673
1969 2850 366
3810 1341 1212
1313 2888 1607
1804 1072 962
2297 3809 907
2195 2165 1927
738 155 909
1619 3500 1761
1030 1256 822
192 3545 33
3635 1246 448
3219 453 109
2471 418 300
659 3480 1228
3454 1678 318
132 1158 221
3222 3529 1604
1199 1814 789
2119 1678 370
218 3469 196
366 3149 1991
2379 3793 878
1102 3922 1554
3214 1367 1415
3715 3787 118
2998 631 230
390 2642 1219
2495 707 1380
3414 175 1442
3616 790 1279
1932 1973 1828
38 3102 843
3382 3372 1024
2020 1842 1388
1520 366 625
1014 3412 1828
3191 2618 375
3217 1134 1479
2426 1845 321
2875 487 683
2990 1993 1897
3071 1119 1257
862 3554 1503
641 3720 1491
884 775 1068
3111 196 1675
527 883 15
2169 2688 590
2918 496 1888
235 628 29
960 779 1838
3369 3344 1896
260 675 1201
2633 3369 722
2839 1954 1834
1301 1025 1176
1838 787 1125
2987 2005 1412
294 3500 1162
1172 2856 600
2141 101 140
2444 3299 424
2733 1654 916
549 3920 569
2543 1316 1221
69 157 1812
1407 2939 1909
2493 196 1616
1464 166 185
2287 3613 248
2168 3166 1987
176 3400 1488
3872 153 400
3253 511 1735
1648 1316 694
1945 3051 148
2067 2505 1985
988 2426 760
1868 2432 271
722 1243 1756
2231 2983 263
197 1729 1338
1952 1556 999974300
1008 1599 1946
3069 3242 1568
1626 1559 1288
3646 2572 1155
1866 2685 1528
458 3266 1770
1898 455 1273
1928 1707 278
230 264 1445
755 304 1988
1841 1520 837
2895 628 1991
791 2720 1921
2501 3189 1005
2210 3029 1322
1218 370 1256
762 1263 460
3487 492 1357
261 2229 505
1630 3684 343
2943 856 1224
1546 3418 310
1943 1381 1849
3516 1356 1218
3281 2450 979740348
429 1841 1441
60 2980 1471
