3848 1 4000
1 748 287898462
1 3171 189919103
1 1947 387084552
1 1363 174715833
1 1003 663176974
1 2478 787185490
1 3138 45305696
1 142 27365385
1 2304 244788155
1 701 247246135
1 1957 77305315
1 3900 692059517
1 1194 582849043
1 3036 147567095
1 738 307083645
1 830 875184065
1 2273 758715995
1 704 51158640
1 2265 305696498
1 2706 747988503
1 2025 132235008
1 3087 619831877
1 749 860478207
1 1177 210576054
1 3559 526987694
1 2790 205940587
1 695 481646174
1 2111 750580284
1 438 625441614
1 2283 556690873
1 3012 547271477
1 231 295155620
1 317 828890895
1 383 408795604
1 2233 564880311
1 1163 19462999
1 3695 135016386
1 587 248988055
1 1756 787496913
1 3845 550719035
1 2910 187371393
1 1189 175260946
1 2579 290698044
1 2227 262796139
1 1506 28055399
1 2057 551809131
1 3208 768189359
1 32 681307328
1 1440 714493180
1 2061 630058523
1 3161 208087805
1 3519 326821220
1 688 303807515
1 2674 970631497
1 3387 580168531
1 628 981388708
1 1382 30578771
1 3579 107931127
1 3889 514384817
1 1853 19437141
1 1915 244926202
1 719 982262372
1 3733 564426320
1 1106 194608767
1 1759 113488712
1 2908 380345336
1 1733 351127288
1 3308 6629318
1 1338 856187804
1 1106 663086613
1 3590 225342122
1 1561 192423693
1 614 483239939
1 2169 720034411
1 2246 250523855
1 3882 220979870
1 3061 568489951
1 1836 376344851
1 3294 610717912
1 3604 145557845
1 1302 99989126
1 3760 829745829
1 247 829801142
1 1479 270857969
1 895 352565126
1 3236 653349429
1 1142 343372639
1 3304 669656534
1 1903 866349910
1 2536 652577387
1 3338 599629850
1 1470 651987835
1 129 441984302
1 1601 897426511
1 3534 871799052
1 2142 995404774
1 1615 510255634
1 966 64076410
1 1358 713521990
1 104 271152800
1 3163 894720982
1 220 994329336
1 2185 725512320
1 3659 387793512
1 1820 881508522
1 581 792061126
1 2612 515467007
1 2259 351982117
1 523 322010746
1 3983 619296546
1 644 197841228
1 3596 669416760
1 1133 989145452
1 145 759273976
1 3975 575318898
1 1496 263939649
1 3062 319910724
1 1836 261772991
1 1015 732406489
1 514 475156731
1 1569 780550588
1 534 614044723
1 3515 15486405
1 3139 325815980
1 2646 235745000
1 3112 262597521
1 1616 440454582
1 3677 218650818
1 1780 348252004
1 3908 70166290
1 2083 166433991
1 3664 631409645
1 1967 947131021
1 2713 658186088
1 1390 651016041
1 2306 199745067
1 3045 809677921
1 3898 333951312
1 1500 474182467
1 1256 410927083
1 1740 498073178
1 1045 840106881
1 942 433866492
1 3927 818734073
1 2871 806247877
1 2427 158234471
1 3864 791629370
1 728 30335422
1 1779 248621613
1 3784 892920529
1 3463 916759207
1 3739 198715041
1 2144 78705817
1 3644 605554078
1 2361 993644267
1 1770 572606299
1 968 703872075
1 580 193914241
1 390 991499204
1 126 233821981
1 1479 304177916
1 1860 948208173
1 2893 30467408
1 710 671243981
1 1247 891669321
1 1687 954153512
1 255 889021262
1 2897 407446425
1 753 790739546
1 1572 118296393
1 2011 954029026
1 3035 873228973
1 1811 138257550
1 1565 983973954
1 2769 301599018
1 2898 251154088
1 3590 313705887
1 611 516116117
1 3806 269362342
1 3722 659039408
1 3785 330893661
1 3916 371401940
1 1200 695555770
1 2855 719003279
1 2081 155249138
1 104 603234780
1 921 805415047
1 3081 748133267
1 1273 135455334
1 643 454919420
1 3127 26469660
1 2669 921770689
1 2745 110511222
1 552 557490163
1 1272 379140247
1 3023 605380456
1 3220 393169131
1 3284 187189981
1 3360 645324135
1 378 216025150
1 1820 955700610
1 3110 753983605
1 822 401044033
1 82 477005522
1 2657 455065140
1 782 154647167
1 3263 350433297
1 1163 86798309
1 2875 167602697
1 1435 419826505
1 573 353727652
1 252 656340451
1 3494 979306560
1 1880 97309935
1 2143 373228655
1 1814 496786017
1 2037 211124424
1 3636 1193012
1 304 532883680
1 2132 317530695
1 937 983422248
1 773 751150830
1 3014 59916408
1 2125 955358206
1 1828 491755120
1 1562 939753571
1 641 923766290
1 3167 210337186
1 2895 508617755
1 2072 753082063
1 3645 56038925
1 1115 909790695
1 2993 439196736
1 76 549477040
1 482 159507255
1 2807 362095321
1 1784 71100594
1 268 798244281
1 3638 59269525
1 2768 77022112
1 1973 529053867
1 2182 72293510
1 2128 801382722
1 2794 757583147
1 3029 879241109
1 265 498427832
1 3325 624975208
1 1015 83320519
1 2274 909369941
1 981 519970146
1 3152 648447340
1 2078 20290225
1 1617 189003724
1 1248 243752167
1 207 717295065
1 3896 818224451
1 1048 604713296
1 1300 30869640
1 204 529342207
1 843 843285263
1 1811 951157574
1 1313 72980738
1 1731 785442550
1 2976 831415623
1 763 772913701
1 745 119312699
1 2033 189876291
1 3075 946955621
1 1862 417199483
1 322 235406370
1 3660 826427086
1 1654 41916839
1 2418 73303436
1 1499 737650711
1 3392 514538919
1 3429 729883691
1 2872 597741994
1 394 921380204
1 1670 162864363
1 1280 676608905
1 3899 826380036
1 2486 8289737
1 3367 985264201
1 115 594124269
1 2614 170373819
1 3629 357451929
1 1710 318992645
1 1196 218541731
1 2505 170193549
1 380 930936442
1 2014 99053717
1 3838 533006161
1 3201 229444427
1 1337 770513256
1 2742 105004504
1 1965 910292019
1 3166 901173984
1 905 946083616
1 2873 50922402
1 2640 108354127
1 212 612341821
1 1973 234215852
1 439 521245087
1 2131 677061562
1 665 744951882
1 319 634516186
1 918 168334790
1 2678 215126074
1 1104 936973437
1 2577 557280570
1 2827 685313508
1 2622 448041810
1 1491 411993806
1 588 748265301
1 3714 343799103
1 3749 543918050
1 1174 47248193
1 1859 488159403
1 2983 980216334
1 2924 67894733
1 2746 901838477
1 701 979332714
1 1269 492284939
1 1200 604298978
1 1936 486623142
1 1176 162168199
1 1219 571937841
1 172 15047962
1 3585 49143519
1 2147 811200335
1 820 116724424
1 2553 173943062
1 701 84264162
1 3378 319155980
1 2246 221023394
1 2229 103977402
1 2680 787281905
1 3846 654105053
1 1482 856618917
1 1655 548025103
1 1297 364034979
1 1125 206445645
1 3270 631012133
1 1752 465640294
1 681 553355727
1 3081 940396106
1 2586 709238501
1 2013 904022185
1 2411 991246968
1 3021 867485684
1 3343 702117980
1 608 710451085
1 2470 709885
1 3531 526564619
1 466 400170329
1 707 266890151
1 3153 257304338
1 1731 19483153
1 264 249569109
1 3025 821404388
1 3909 779359649
1 1584 132171411
1 764 457720194
1 1498 368009832
1 1041 596497840
1 3231 478761992
1 625 388607390
1 1018 944168267
1 3547 92820484
1 2930 559627393
1 1424 365180562
1 3889 272323822
1 3872 432114434
1 1480 915535712
1 3434 141277281
1 3206 241088309
1 567 7417109
1 497 859803832
1 3381 997365397
1 3747 881424205
1 50 39215043
1 2666 802574748
1 3489 43012385
1 107 128544890
1 2234 24607290
1 2515 666049649
1 3217 980891079
1 2593 141101066
1 3915 926265756
1 2954 198608680
1 136 197397827
1 841 458573958
1 3150 719429836
1 3715 535183906
1 361 959181479
1 2040 907046132
1 3042 933874924
1 1713 282458762
1 1637 690416446
1 3241 448412185
1 304 579584496
1 704 545801707
1 3546 825640477
1 2425 733888703
1 2803 448265377
1 2513 859177142
1 2366 181271043
1 3858 534942174
1 3192 236521303
1 3051 623695182
1 522 514660656
1 2999 868449550
1 91 854040442
1 1931 13408706
1 2085 494216925
1 3073 165677998
1 3542 807543030
1 3803 267978289
1 2477 578040805
1 2380 126838844
1 1316 769627699
1 66 459029680
1 3009 99210012
1 540 844994264
1 1278 107896515
1 210 531976260
1 434 235234147
1 80 586736009
1 3874 786320457
1 3296 687561715
1 3530 819530229
1 1408 738516062
1 2025 857591666
1 2149 187302425
1 1155 225890777
1 2923 136206647
1 2480 281170277
1 766 243313076
1 969 927816781
1 3844 70002252
1 3533 761300948
1 2635 974758500
1 3926 848583827
1 3169 853057290
1 2412 634173075
1 2352 481803803
1 1553 252210330
1 3859 780346273
1 3125 25377347
1 186 57603022
1 83 531202939
1 2593 726158994
1 1588 816705558
1 2498 183633305
1 3913 174986152
1 641 1171553
1 3379 931044313
1 886 539119757
1 3221 306215445
1 2516 438138019
1 207 826452125
1 601 275420150
1 2593 938963435
1 3296 367162836
1 3994 668336078
1 1258 757662987
1 1642 212884244
1 1819 116029553
1 821 368305413
1 1219 55359843
1 1606 572829793
1 2633 264948501
1 2431 268656301
1 205 563181107
1 3926 945073939
1 1535 723736627
1 1297 260500387
1 1496 425674059
1 2280 962779239
1 2208 945787322
1 580 551644934
1 3092 713262454
1 2797 212457795
1 1421 176829541
1 1522 309895104
1 3630 262973505
1 1208 231221825
1 1111 706500101
1 1974 491761486
1 3291 644193763
1 1836 598263881
1 276 906635630
1 500 27471262
1 3350 826255343
1 2542 798648183
1 2776 511621135
1 3549 794385710
1 3527 187865048
1 2729 409595429
1 1898 301014950
1 2559 39865383
1 834 845308177
1 3686 806283632
1 508 466245820
1 2084 262601332
1 2382 586352402
1 1094 532117614
1 1245 929429715
1 2765 122198105
1 2856 164099580
1 1249 204952826
1 1792 33759283
1 3616 512137738
1 764 575109661
1 2941 145972079
1 2166 783622201
1 3283 909600915
1 423 144445982
1 3452 468845651
1 1542 686261118
1 2992 655258274
1 2248 525855804
1 3649 361102157
1 1744 553891525
1 3557 514104234
1 822 871400899
1 1715 774369288
1 2206 572737561
1 1271 418905608
1 3596 380214709
1 2655 154865609
1 3082 169104218
1 3570 423141041
1 732 254708534
1 1212 323425380
1 2583 3490156
1 283 420726392
1 3001 40407462
1 392 839541078
1 1962 321849419
1 2213 84723589
1 1719 830012607
1 3445 860612972
1 41 591439271
1 3313 263463818
1 827 861148017
1 2251 655022117
1 385 595051107
1 3402 195776494
1 3214 362731140
1 2081 107684637
1 3974 991203417
1 3671 999600772
1 2378 191410706
1 2094 638369694
1 2016 474475636
1 2800 13222044
1 2462 589845589
1 1568 108892235
1 3669 29409432
1 3771 714224619
1 3028 357806577
1 3232 5976175
1 26 938485239
1 3724 202680948
1 70 98181340
1 3184 596846935
1 1307 108387005
1 3066 136611925
1 3112 860278343
1 3895 93178897
1 2847 462413134
1 1726 560125150
1 722 297609187
1 654 463706174
1 3046 459974773
1 2415 511230057
1 3241 682246255
1 3564 89080200
1 848 649101367
1 2741 746676925
1 3174 255941
1 1896 139442635
1 69 341277823
1 3039 530161023
1 521 522909741
1 1425 397831813
1 360 977032953
1 1380 847987511
1 3436 259073718
1 3517 186081880
1 3479 743075740
1 3973 410693612
1 2162 697236794
1 60 80082820
1 3822 278967664
1 547 144959677
1 2671 412607495
1 4000 794853977
1 457 896187099
1 3226 840619202
1 1112 333522729
1 3653 241875644
1 3932 515080645
1 1360 914089618
1 583 284836590
1 1473 950478976
1 591 92114851
1 1973 38828218
1 3582 129490025
1 3145 56226510
1 3894 758487703
1 102 587749944
1 2004 286751599
1 944 192129422
1 2831 989601390
1 3155 541609328
1 2162 735446582
1 966 8455737
1 20 6313160
1 527 28465169
1 1499 34789506
1 3342 233123685
1 3380 416226633
1 3773 838789276
1 3373 696998769
1 2824 708095377
1 662 489306765
1 2762 477482047
1 1320 948793478
1 974 253108370
1 3115 686222380
1 2814 738865945
1 951 174944269
1 3639 562557229
1 150 448653724
1 3748 512102818
1 3788 772203531
1 1184 609676992
1 7 460399096
1 135 528316804
1 1338 976555856
1 2137 274884185
1 2593 327534624
1 2722 397006597
1 2389 901033078
1 845 539917084
1 1066 9861892
1 2314 280252945
1 201 328018742
1 1168 848650212
1 1750 84022484
1 2570 361343988
1 2824 40385558
1 377 700639144
1 926 652019811
1 553 707437938
1 3391 274673584
1 616 657221793
1 3231 469735014
1 3107 527043593
1 2730 885906511
1 3355 463491539
1 2382 228549263
1 3845 592058891
1 2418 620740769
1 3544 776621565
1 372 622396851
1 138 84148485
1 1582 667070551
1 13 576916197
1 2988 419024282
1 2926 620747155
1 3302 682655082
1 334 146531393
1 1569 984964818
1 2155 950883187
1 3343 399851260
1 2867 970992162
1 2296 445617972
1 3090 70156442
1 3630 373531576
1 1052 401887982
1 3348 159529361
1 3351 94431356
1 1770 784456116
1 3302 416517369
1 1220 568376879
1 2002 659246465
1 150 690595060
1 493 54064254
1 2355 230704039
1 1235 279744190
1 506 5690830
1 3898 261337331
1 1706 392540891
1 3682 384248582
1 3471 378453060
1 1227 621895216
1 1718 892511862
1 578 256325377
1 1032 115611584
1 3181 22587624
1 1216 236168608
1 375 78295654
1 560 251437845
1 3223 310050132
1 3762 853905777
1 3920 210505400
1 284 117456394
1 60 299938369
1 3185 155346846
1 1750 647714321
1 1743 843839137
1 1210 713810106
1 3992 860623085
1 2769 401805471
1 3158 749494086
1 1657 666751972
1 652 170242154
1 1643 798319691
1 2561 457851686
1 2477 69600396
1 1183 284318268
1 1718 426976788
1 3 878973800
1 3671 872211699
1 703 287686688
1 3113 400715878
1 565 833585784
1 2417 943684913
1 1750 794627710
1 1630 46413885
1 3393 62775056
1 3307 966393940
1 3872 140062112
1 2555 238740628
1 439 223192209
1 3720 54719927
1 2424 949973473
1 3340 110527750
1 3230 481142435
1 646 104293829
1 2221 57512726
1 3494 65544775
1 1273 956718440
1 3688 617909448
1 2930 579243331
1 2949 954222180
1 2585 777045630
1 1054 817190745
1 2169 403574860
1 3846 439265894
1 1777 813138808
1 3968 274746573
1 2027 611974566
1 1725 786305741
1 3370 827391102
1 179 784893944
1 415 575320205
1 727 131790768
1 1182 145207147
1 899 95421421
1 3950 92915744
1 2282 234341665
1 882 749386698
1 2641 66511683
1 958 906324274
1 400 923363331
1 351 979467169
1 80 530412054
1 1544 826504558
1 3747 280373908
1 3536 867196792
1 1165 138471614
1 3069 47449596
1 3085 645076024
1 3118 842637693
1 1024 636094458
1 2466 281049967
1 2386 959626139
1 2956 622254725
1 190 81756457
1 289 169915100
1 1609 278016141
1 132 780376200
1 3429 225381573
1 1895 89399359
1 3445 305583612
1 3842 300019532
1 1344 177610197
1 3731 715985853
1 748 172459820
1 3416 526421938
1 3513 563264194
1 1646 312666822
1 2977 175515212
1 3811 844572832
1 205 72326372
1 826 87064390
1 3279 733600491
1 3613 438746389
1 1592 934979608
1 2287 309403359
1 740 218068272
1 3316 284816182
1 385 100895009
1 940 662689669
1 1232 785633241
1 1702 671574440
1 1942 477038710
1 466 121280240
1 1559 505417057
1 583 2221535
1 2813 42929811
1 1494 279058487
1 1 586948042
1 1696 584662704
1 2289 126063265
1 3402 313652968
1 3395 762444624
1 728 382146277
1 3575 374267208
1 2943 274313294
1 3632 20347125
1 3012 367569114
1 2146 580708042
1 3859 184807330
1 2736 571609083
1 2873 459298365
1 253 24539142
1 961 390423918
1 2308 622894135
1 2673 562552559
1 1256 246949096
1 314 19696675
1 2339 680568785
1 3706 53355322
1 1762 876029223
1 1143 21305689
1 1803 277917308
1 3967 704826595
1 287 735133842
1 3760 222940217
1 695 957938832
1 1314 75749522
1 3992 2298233
1 1628 66792668
1 2731 787328540
1 2648 468630671
1 3222 92687182
1 2647 98025193
1 1215 497347951
1 1556 932899315
1 2753 455529583
1 2325 484166683
1 2465 591334329
1 2964 491021540
1 3491 75925427
1 2149 67756987
1 2569 144005900
1 787 664726259
1 3663 548570671
1 3712 661202183
1 571 195959127
1 953 309995296
1 3882 14184935
1 1849 910013946
1 1876 46109081
1 2491 964242809
1 342 269024287
1 3187 867854258
1 2272 397286114
1 1519 96509141
1 3902 325204438
1 581 163908949
1 3681 487528840
1 2886 957713558
1 787 127347926
1 53 50593852
1 878 20212968
1 969 7748513
1 1952 729104866
1 1518 888841107
1 812 195933773
1 2432 731389359
1 998 73270082
1 3382 471359183
1 1762 935181345
1 18 713911534
1 2101 320718986
1 1328 38384651
1 1549 545883618
1 1099 189742048
1 3270 312643095
1 3373 473245838
1 1278 33412242
1 2650 55509874
1 2768 192786815
1 2846 76057654
1 3466 938429409
1 1110 659691450
1 1004 687099204
1 3159 417967794
1 943 861134925
1 185 8474719
1 2407 899826401
1 3647 705616397
1 2452 925153700
1 2230 650386698
1 3601 518387568
1 1169 819557420
1 1229 697055316
1 505 902754658
1 321 756133863
1 990 992154000
1 2012 507531020
1 2586 554131096
1 51 178460478
1 3166 268500601
1 357 935934829
1 2762 479755519
1 2092 999398168
1 3177 442780837
1 3825 835046724
1 3384 32192280
1 2798 151418279
1 75 550990638
1 790 200124011
1 1593 23978400
1 2521 126061908
1 3723 424767088
1 897 970296396
1 1750 41254430
1 997 344610763
1 2535 131365048
1 1313 716653182
1 3601 758860636
1 3717 265771641
1 67 11476908
1 1070 200268831
1 1397 165081620
1 2159 330429350
1 767 91745244
1 1020 862299012
1 3532 563571321
1 464 45446006
1 1564 15923175
1 1229 849687251
1 2503 52950941
1 840 290474143
1 3479 971427436
1 2823 167262163
1 508 54365475
1 1735 393299313
1 3841 622294755
1 2366 928218508
1 3114 502253388
1 131 503204462
1 3624 436696129
1 1101 1098156
1 351 884984415
1 2477 703643924
1 458 463686667
1 3172 840415660
1 1232 847047701
1 1883 332956534
1 2375 11824553
1 3261 923392477
1 1088 546490130
1 2232 272692903
1 262 390354131
1 2120 638265631
1 3918 188040666
1 2059 446058911
1 3515 846759656
1 2302 480401896
1 995 866754834
1 3987 616783015
1 111 438448485
1 596 102557944
1 3319 272632880
1 2895 21999133
1 477 623588304
1 3437 231963961
1 200 137108561
1 2472 11378976
1 2093 187192478
1 2253 627178955
1 315 225923197
1 2043 72304813
1 2922 271566587
1 3952 958566390
1 2309 990674247
1 3719 701036252
1 3179 260833858
1 409 851845293
1 2891 799014695
1 1704 351382477
1 2562 745719436
1 1657 842495301
1 381 791256546
1 176 122814674
1 1682 277288249
1 206 901725337
1 2050 423813224
1 2422 590578425
1 3534 612576580
1 1459 215864039
1 2068 114174828
1 3757 424856876
1 2951 652081472
1 2755 365127822
1 696 874325860
1 2587 742829644
1 2985 394885926
1 3066 44957786
1 2254 42138241
1 2315 114727338
1 2401 26749220
1 274 982555402
1 837 449446126
1 1192 735315589
1 3661 636672046
1 130 212224243
1 1935 843335379
1 499 556771147
1 3561 663905500
1 2288 111805897
1 3880 300314619
1 3517 894373868
1 3283 954702452
1 412 863145266
1 69 416619550
1 3254 908449339
1 3174 181608641
1 2487 344918685
1 3192 636891263
1 3680 682580094
1 273 231181322
1 603 744616656
1 3384 590114402
1 142 266893225
1 405 396858884
1 3022 962432477
1 3591 86250733
1 292 978048960
1 3879 399391230
1 2387 432286251
1 3671 3755287
1 1106 819849264
1 3405 247213612
1 3517 113950399
1 3717 347033889
1 2267 213803921
1 1132 46873914
1 1180 26422358
1 2320 812254735
1 1787 403917171
1 704 947962538
1 3254 971938654
1 2920 182682823
1 200 699528228
1 3819 267208192
1 3135 267236631
1 2651 236719770
1 776 137783595
1 2783 565947615
1 3397 383529563
1 1815 452483013
1 2492 712214303
1 3570 986342155
1 487 283930053
1 1308 533407442
1 3988 992100256
1 3565 275225120
1 1311 921059454
1 1595 39539448
1 2837 100032903
1 453 520057790
1 1953 870538142
1 1355 51240060
1 2512 416263610
1 2328 438581434
1 1962 808795717
1 603 962872155
1 1631 278346779
1 691 584226705
1 896 913398029
1 1993 792880403
1 433 579850791
1 627 51432820
1 1165 594464864
1 1173 446765994
1 1372 835698036
1 2205 413031513
1 3016 177814548
1 167 337812593
1 3472 426132380
1 2552 520217199
1 3505 227282261
1 1081 932866104
1 3681 806965728
1 2726 968144954
1 489 913565771
1 238 699461317
1 2668 552504950
1 230 702903044
1 1776 977852602
1 3510 882216884
1 1209 871635998
1 2575 406862570
1 1656 228648480
1 10 559055652
1 384 75110741
1 3209 337007113
1 2011 868926597
1 3400 624572100
1 3080 8304357
1 407 319877971
1 65 682053762
1 453 443663065
1 2434 958162347
1 3586 726657992
1 3875 2093929
1 2311 638371898
1 2276 798683100
1 2366 416032902
1 1249 550656037
1 3153 271616912
1 3050 148384456
1 2240 957219320
1 639 175528579
1 2085 199214515
1 3125 935059997
1 494 124000922
1 236 543319939
1 684 131933427
1 1651 281959960
1 117 140022723
1 3726 330654896
1 1087 753273358
1 3034 380158730
1 2114 176979219
1 1129 722291819
1 1583 863991275
1 156 706076709
1 848 526730404
1 191 291756413
1 644 119506432
1 1018 594110715
1 948 928399594
1 2681 769173568
1 2356 621948720
1 1062 446913740
1 3170 383260753
1 3904 971700771
1 1566 802158817
1 1027 843428010
1 2981 275897714
1 433 25490517
1 1160 61727602
1 574 995575650
1 3868 75603881
1 3409 404807246
1 2284 694133463
1 2766 481394887
1 2829 671561907
1 3056 368017035
1 1376 67366001
1 1321 665145969
1 1598 374801406
1 1893 652351156
1 400 994415518
1 2432 206469580
1 3751 454409525
1 2757 522114195
1 1017 831827907
1 2518 935251424
1 887 372888295
1 2508 181332406
1 3445 826167671
1 223 157653130
1 2256 5395420
1 124 529945324
1 3099 628002151
1 3379 886566643
1 2563 358974034
1 1272 215061137
1 540 155423439
1 3410 655730565
1 3747 571867992
1 3811 742770110
1 1167 629588825
1 1809 2619925
1 2868 271862435
1 618 603304821
1 3671 437521378
1 3747 218791242
1 3217 375111437
1 1311 960309369
1 1061 960867202
1 3962 380214397
1 47 588283321
1 2034 976389506
1 1285 417729278
1 1364 201118
1 2301 446110096
1 2931 153196189
1 3358 607043512
1 2630 898021922
1 2566 464181086
1 1045 37368981
1 3959 894885669
1 1468 136492756
1 908 132121083
1 305 373692395
1 712 326103435
1 1020 917768636
1 2062 305433606
1 2179 496917305
1 2681 674306863
1 3524 770587400
1 1885 619450528
1 2084 280903435
1 1628 416321964
1 3865 961548503
1 1465 803089812
1 3767 904466880
1 474 714093192
1 1026 535809926
1 309 200402523
1 1615 170120959
1 749 421659164
1 1342 520291568
1 3214 748309758
1 2267 704917951
1 2995 729581211
1 1205 133432592
1 3242 503630631
1 3032 48215287
1 2702 678409456
1 2620 128920692
1 3830 496462570
1 3883 626181635
1 2059 348239798
1 1197 260501918
1 2324 960091885
1 1431 694856686
1 1792 46149690
1 1079 409205834
1 3371 508557751
1 2738 674861418
1 3534 893328311
1 2325 370277345
1 1513 213311362
1 980 3568848
1 3692 30851776
1 1933 545711661
1 1694 35663614
1 3809 40093837
1 3927 78578354
1 2754 796133814
1 3140 22136427
1 2746 901017650
1 2024 661117841
1 1858 449467107
1 1419 872551638
1 2591 263442682
1 3014 428795242
1 2689 844937824
1 2580 316503837
1 1372 419087851
1 2030 577957956
1 1920 609835623
1 1104 782437612
1 3137 417780117
1 2818 36646208
1 87 930947459
1 1227 185366103
1 1939 840795320
1 2290 863425195
1 1478 625700229
1 1762 283361930
1 3585 169235960
1 551 570246393
1 3505 809262285
1 264 839360759
1 33 34240280
1 3739 869615053
1 1220 790730632
1 3039 262715985
1 1630 504999640
1 2538 231989257
1 1971 601777811
1 1559 786604797
1 2226 755180485
1 3568 40096101
1 830 981435043
1 977 556647571
1 3549 410051493
1 2976 534173683
1 2232 418274175
1 1050 714229910
1 3124 704077924
1 3757 637084225
1 1410 603149528
1 2653 339890658
1 663 102733454
1 3651 655708902
1 3005 310846520
1 3998 468384086
1 3725 199973323
1 1130 740063182
1 2171 491820898
1 2604 176503202
1 3124 963531794
1 392 711560660
1 1540 15917487
1 3389 595094952
1 634 849220132
1 2437 154148859
1 2051 559523800
1 3083 877948691
1 2004 930827111
1 2836 172624309
1 1977 572832856
1 788 930955448
1 426 2519339
1 2652 642140618
1 2094 669486509
1 771 461585319
1 1398 842736538
1 2567 94878904
1 821 61994089
1 2720 326833500
1 2332 984810559
1 3445 73534510
1 3916 902934022
1 3780 39650765
1 3123 627203715
1 839 150495589
1 3923 545569899
1 811 602439683
1 2898 308958016
1 3115 250921531
1 1019 489331663
1 3650 884789907
1 1365 790472240
1 1530 713776016
1 2631 356843671
1 3769 983703236
1 225 938996030
1 3115 988822443
1 2983 401065231
1 280 327244894
1 3692 704487016
1 2571 737669956
1 1919 187621622
1 2424 651672481
1 3428 683814910
1 1622 750382455
1 2126 950537144
1 2294 576662344
1 654 396068661
1 1519 648006921
1 1862 875141067
1 737 505788236
1 1960 236825361
1 727 279934219
1 1705 164562133
1 2909 772909788
1 952 132715464
1 790 136640753
1 1846 629406158
1 2003 578269938
1 3161 816313874
1 2848 582742444
1 2255 892992203
1 1608 738932872
1 734 784632195
1 2371 564391329
1 952 592923858
1 767 481477069
1 2775 148613359
1 1568 890325544
1 2162 642140290
1 3255 851787618
1 3217 262384289
1 2382 165452988
1 106 414440380
1 1010 524272623
1 41 336697195
1 359 290445492
1 1734 914637223
1 1563 570330507
1 2536 497445215
1 512 50267081
1 2748 616845773
1 2432 41040675
1 1693 394434343
1 410 28844232
1 1138 712220302
1 516 251862131
1 3664 144944749
1 3134 149919044
1 2769 662549019
1 1108 421706345
1 223 953112279
1 2982 624704033
1 115 153541318
1 3537 745488835
1 123 575316776
1 2173 281595041
1 1250 888067313
1 2381 256314583
1 2002 278883136
1 1984 134192170
1 2188 126826747
1 807 541254133
1 387 148362804
1 2567 546430485
1 2618 649481493
1 1639 11599039
1 181 914058183
1 2007 59926392
1 3073 609358905
1 2762 259007835
1 2449 106277530
1 3974 677692661
1 416 166331312
1 675 298228246
1 581 128460505
1 2632 606380858
1 1117 14521224
1 1619 415696131
1 2292 74012279
1 3561 860769146
1 423 621766804
1 1253 988226118
1 3022 369215705
1 170 564044277
1 2658 944832924
1 3600 645921607
1 2896 652383317
1 3033 128583302
1 3725 85875050
1 1658 824842907
1 3299 85103333
1 2410 535134445
1 1659 833177526
1 1831 436139681
1 295 489368739
1 179 546737498
1 237 616377696
1 3857 938122961
1 586 828407429
1 3706 796768351
1 3808 702598592
1 761 647642496
1 1651 964938379
1 542 325582699
1 3927 154617655
1 3971 135348066
1 627 570894208
1 3688 550979042
1 152 257927857
1 2272 42442270
1 1123 591863119
1 1400 137614607
1 3179 90000647
1 1720 519017289
1 2057 128495653
1 1419 11969233
1 2532 176614299
1 2154 156734107
1 3521 283882918
1 3748 725836602
1 2760 536234099
1 1678 502205998
1 762 506559849
1 1691 227518795
1 2356 757445222
1 112 266043073
1 1261 27200912
1 2360 525923345
1 3441 148515145
1 2237 24340882
1 289 558367800
1 3014 979714501
1 2698 390019878
1 3494 267171799
1 629 149166937
1 1731 61746124
1 2444 447648949
1 3581 152662917
1 2133 549534458
1 1730 219235697
1 1376 616726540
1 2201 337920929
1 119 432350563
1 903 682201263
1 3630 24577060
1 2685 432981311
1 206 827714365
1 2611 196876001
1 884 780501345
1 3558 493767104
1 3677 578489709
1 581 177539319
1 3379 106731456
1 2278 819944912
1 2631 185314188
1 911 475853663
1 3778 443456355
1 194 572039776
1 1489 275827390
1 2454 983909780
1 1462 63016003
1 995 633788568
1 2914 805186022
1 771 185739233
1 2948 508610294
1 1332 426738632
1 59 403022063
1 3538 157164832
1 3014 452185380
1 3721 337528308
1 2849 758231408
1 2249 220261236
1 1378 69593005
1 1818 228042181
1 1202 101221375
1 3755 520441167
1 2923 920319072
1 1193 97577493
1 2389 342858487
1 2534 160969822
1 2115 344599541
1 86 793840039
1 1132 910415342
1 1213 339350753
1 2061 718247330
1 527 104263232
1 3356 86295200
1 489 297450106
1 3129 531589701
1 3546 408076405
1 2707 498018050
1 351 788966812
1 2192 397960614
1 2649 473390471
1 1503 287731650
1 1123 269857327
1 140 634963978
1 13 810357199
1 1684 794790012
1 3560 10112005
1 682 469131484
1 1377 532457310
1 2033 643740235
1 2563 622707483
1 3069 522590591
1 1979 507692537
1 2887 360083252
1 2697 512434275
1 3217 881314610
1 532 751815500
1 18 619825138
1 2637 644868389
1 3533 212389761
1 1792 639112122
1 1684 862872742
1 393 283869248
1 706 966384272
1 3580 363895123
1 3767 94462333
1 405 328324068
1 865 937728129
1 2493 172099209
1 703 521712352
1 400 600450893
1 26 995946726
1 2187 53628668
1 2510 31576102
1 3109 298666148
1 1289 197180345
1 1318 642784539
1 83 291332858
1 3534 72479968
1 1104 242299576
1 10 781534085
1 3496 214069170
1 2687 340644722
1 1754 606167106
1 3342 190082403
1 1839 205370465
1 3802 953217546
1 2849 914751922
1 2852 259230741
1 1164 3779165
1 2514 968828940
1 2244 626019812
1 3245 979265890
1 508 191896495
1 1538 751714920
1 71 849500801
1 3745 861677654
1 2397 831954567
1 2833 406198873
1 2834 893173578
1 1341 572981646
1 1740 589726185
1 1157 46495496
1 2710 105831558
1 1888 677580935
1 1000 7564619
1 3157 640452821
1 462 2812836
1 2474 532557273
1 1879 147650574
1 3525 236377573
1 3095 841774216
1 1745 660947788
1 1742 366623209
1 3340 554641242
1 788 353974299
1 969 759509023
1 3016 289441442
1 2533 334854569
1 1661 638298840
1 3665 300162821
1 3758 159939595
1 1158 309167223
1 2394 967419702
1 891 459173139
1 495 13547260
1 1716 918902267
1 1051 924318392
1 3435 90399123
1 2874 992545412
1 2842 940311300
1 3753 835398316
1 1637 657159030
1 3963 630650649
1 1888 391879006
1 2865 151174169
1 2681 620095508
1 1966 65191405
1 2163 475765515
1 28 514501095
1 2234 612628078
1 114 337783357
1 2545 127699475
1 1598 787630130
1 143 765852344
1 3288 668081176
1 3449 536749144
1 452 57832821
1 1780 965399962
1 66 855130943
1 3932 828042374
1 3486 48136375
1 1733 145128680
1 45 860679434
1 3063 652569231
1 734 240423915
1 1528 66947953
1 1104 683226362
1 3040 625484893
1 1029 276111768
1 1154 143153557
1 1720 595977215
1 1661 669960524
1 3513 388109692
1 3922 984065387
1 1706 734905866
1 2574 949004034
1 99 95839874
1 2375 200006440
1 3105 574713974
1 1197 229176384
1 391 554739516
1 3547 924932540
1 2867 398905815
1 402 357643102
1 3654 210958027
1 1247 891599658
1 2624 140605792
1 2561 602932637
1 1117 56109468
1 2516 63124224
1 3250 148886937
1 3864 551225302
1 1827 55239827
1 2513 624623133
1 746 701796428
1 651 129032729
1 3701 677752013
1 576 51741347
1 925 906882962
1 3165 17927547
1 1910 715236402
1 3962 126570224
1 692 948559181
1 249 946963130
1 661 252816462
1 3607 927606191
1 1896 160010101
1 82 715672955
1 1567 325263199
1 3718 516387748
1 2272 682845489
1 1949 320460067
1 568 592459285
1 2757 204984159
1 1061 661947605
1 1800 494664060
1 1447 553751751
1 886 666521713
1 1163 161968367
1 32 71555099
1 800 74034186
1 3922 279288575
1 1143 849304339
1 2977 302173234
1 2768 579190019
1 425 718597000
1 2939 40609216
1 1384 454581410
1 998 131553664
1 2492 358414298
1 1596 151066981
1 669 670885483
1 2850 935894844
1 2529 406801850
1 2657 588111868
1 3012 180217338
1 3971 247604272
1 3030 294134495
1 2763 289039892
1 2881 602465389
1 946 945215954
1 3993 776717660
1 3018 312123517
1 2675 554024729
1 1608 737128434
1 1034 655805326
1 1993 584192806
1 3092 586214085
1 2436 167477588
1 2450 547057895
1 1229 807719508
1 1138 230994987
1 2526 525121930
1 3685 571401553
1 3215 444378956
1 3928 464922404
1 126 291510363
1 3924 109565946
1 3073 683211765
1 1019 762306470
1 2290 846064722
1 2060 241225999
1 3741 869487323
1 1466 923615253
1 571 290583448
1 1116 127303302
1 1180 398194149
1 2421 14378005
1 1561 225484157
1 2813 229602001
1 1422 745847546
1 1936 258922976
1 2532 206270805
1 1208 198033267
1 1586 466790622
1 3118 678466039
1 2540 831458321
1 529 36535266
1 3929 838660867
1 2111 222437696
1 3033 344805661
1 438 458008369
1 3912 972587295
1 1929 476712790
1 251 760215276
1 1409 913802187
1 1181 992762681
1 1706 59573664
1 1836 963621923
1 2884 572982541
1 1854 878641933
1 103 568921622
1 2248 424020482
1 659 711540178
1 1919 228243844
1 2206 212903839
1 3557 89843306
1 1329 76116992
1 3913 243179824
1 2608 94007198
1 896 771114102
1 2870 614015971
1 2639 920093222
1 420 352757345
1 3155 813097861
1 3430 412522582
1 1140 680732460
1 2447 372564555
1 3115 801038290
1 1584 18799907
1 3056 562881606
1 651 341963080
1 1901 77604245
1 595 195158524
1 1996 829945524
1 2492 946330869
1 711 401156669
1 2888 705922948
1 111 441009051
1 2792 826326989
1 3034 292741783
1 2389 496160649
1 2007 176487052
1 1984 930308244
1 3817 30802162
1 1762 522697931
1 3499 73103694
1 91 652706970
1 2839 747505864
1 408 537064480
1 875 604624528
1 3509 265190718
1 2042 671060047
1 269 749391019
1 1674 364963884
1 2067 749742310
1 17 931877012
1 354 449021913
1 2798 240549455
1 1333 482719822
1 2025 789903000
1 737 397777464
1 2567 498050231
1 1597 236156886
1 1395 521654954
1 2016 373728572
1 3106 214298833
1 2251 66195650
1 762 834997442
1 3993 399248389
1 783 25657975
1 2971 963218689
1 1614 421276416
1 3865 672430956
1 1728 692552311
1 575 806119773
1 2262 332939659
1 517 830574590
1 1297 948231241
1 3813 946856474
1 3509 86055580
1 1422 296601183
1 1486 925517659
1 2429 94633752
1 4000 528425734
1 2702 861020040
1 769 907358627
1 3176 149262734
1 1150 976964453
1 2822 213624328
1 1728 950716673
1 2406 166969242
1 666 854755694
1 1951 214442734
1 818 176262742
1 2085 663048002
1 3351 475636617
1 3627 523064009
1 3300 796369180
1 458 496150544
1 3267 129484122
1 965 591090436
1 3146 28225925
1 1038 661787692
1 2563 237234899
1 1822 29866093
1 3504 488890456
1 3090 542236818
1 1394 396261869
1 3266 462634866
1 422 266878271
1 1501 69427867
1 2645 365672511
1 1514 493948803
1 3751 778928690
1 438 436777181
1 1769 85679442
1 3316 748578033
1 880 154339143
1 3169 885461737
1 188 53725573
1 1012 930253704
1 3621 208528428
1 2288 825283081
1 2591 10460859
1 2879 992998348
1 2380 64415954
1 2626 762766095
1 2929 994176925
1 1720 30118481
1 896 304178838
1 1040 117503872
1 3173 957787953
1 3198 524588503
1 1750 90014213
1 3647 486548365
1 1975 731270974
1 1198 637091859
1 2697 47991644
1 1221 115431075
1 776 702040976
1 205 747008829
1 3592 322152062
1 3261 776596436
1 3282 472624567
1 3042 92611648
1 1811 580433012
1 2285 584793856
1 1011 500628108
1 3057 642162785
1 1233 308037769
1 2430 17622720
1 394 978270052
1 3314 259236113
1 1615 70296869
1 2248 384027292
1 1238 372610680
1 871 250403645
1 419 295848002
1 1070 303253391
1 2055 909662551
1 528 838781677
1 1451 185845474
1 2148 957688811
1 918 322542439
1 2502 943887743
1 3682 514672271
1 1345 650676999
1 2976 1760354
1 2530 116860121
1 3218 981927399
1 1224 862122013
1 3943 552096190
1 1719 558982579
1 3445 405202149
1 2685 24990608
1 1618 93431114
1 3415 687412834
1 3593 320911097
1 652 291560566
1 330 703990732
1 600 7902889
1 2295 119901776
1 1743 65975145
1 2632 947614622
1 3922 263705950
1 3455 60560799
1 931 385047493
1 2316 91201981
1 3206 924619999
1 1515 407175651
1 3235 246095936
1 3791 634991372
1 3425 430256903
1 306 519925389
1 3522 532046388
1 3420 779628458
1 3465 247742742
1 1209 393822737
1 1838 730649118
1 957 618862926
1 389 328823271
1 2092 877684678
1 290 227757862
1 906 472003922
1 82 301917372
1 1513 132121917
1 3311 285016445
1 3162 862916773
1 3293 3690984
1 1627 297518136
1 662 705332642
1 19 659968454
1 1850 76298048
1 1587 776057419
1 406 217519814
1 1199 887127922
1 2283 854170773
1 160 87542070
1 1228 187265251
1 2574 190757221
1 2977 306648746
1 278 536932215
1 2540 729233842
1 485 261172018
1 3077 253814092
1 1989 566484235
1 449 724640095
1 1609 43878256
1 178 313233276
1 1727 251361949
1 2534 992800757
1 2097 148906197
1 1411 648017465
1 3091 703057475
1 1374 532387954
1 696 504750104
1 3056 862957674
1 2354 367695276
1 304 693040201
1 906 542606479
1 357 388749363
1 3725 11445823
1 3936 27301345
1 2612 83018883
1 2215 317849267
1 1170 343759784
1 1958 685575439
1 1140 236610314
1 123 557120636
1 1722 23623418
1 3242 472843032
1 1021 722831659
1 1619 159726391
1 557 77041887
1 2789 869308819
1 933 702671376
1 2818 326257718
1 3294 675126584
1 1510 254953911
1 355 984884250
1 4 375599566
1 1346 927581528
1 1695 77737870
1 3361 507157285
1 3783 302113678
1 888 743527331
1 2396 95536542
1 2491 179793
1 2058 690216839
1 2508 267605337
1 483 680939470
1 2682 365580190
1 3878 987649838
1 1520 55723870
1 851 619799781
1 2159 37118776
1 1575 384396660
1 3722 38998969
1 1976 51476905
1 566 104703154
1 3330 346175812
1 1548 909448024
1 3225 381815261
1 3876 269761678
1 2424 50229982
1 2879 15685538
1 2529 671782633
1 172 276458711
1 3725 163092884
1 681 294787027
1 3114 732455428
1 3287 784293438
1 3027 778409790
1 3142 346904763
1 2330 904716273
1 3971 64899274
1 614 162982159
1 2063 833034787
1 3514 812158356
1 3852 538085253
1 2517 125512610
1 696 509182466
1 244 624987989
1 2178 124696884
1 1559 321949681
1 389 230546121
1 2781 540222111
1 1557 298633616
1 792 576541675
1 157 295283361
1 800 990841936
1 1161 570518273
1 1192 340088848
1 2157 422895627
1 2410 102268896
1 3071 425905046
1 2031 237146882
1 588 399433700
1 1183 140780481
1 268 275907764
1 2862 656295150
1 512 40394042
1 1986 516503765
1 2311 193943095
1 1299 535123615
1 3464 435020581
1 350 141052223
1 2592 460768713
1 3466 851585977
1 1445 962427437
1 1806 213889971
1 929 90948852
1 668 219161617
1 3184 538087374
1 3332 81556276
1 1467 677409719
1 3174 779937992
1 2434 943615337
1 77 166964515
1 1904 33730173
1 978 418721617
1 1735 828872834
1 830 920024548
1 2848 255303004
1 1286 29870345
1 3574 347925497
1 2673 204381697
1 118 779562330
1 1983 301110118
1 2815 549816091
1 2724 991287266
1 1078 156591230
1 2853 102339410
1 2822 895326234
1 1440 596690412
1 3151 132408706
1 3603 163540014
1 1890 124460068
1 162 71350633
1 1915 370604760
1 1987 916922801
1 3870 551917795
1 3229 55984739
1 407 269232971
1 2531 811616981
1 295 132570672
1 385 522801653
1 3643 312926637
1 2462 307554411
1 2628 595589414
1 802 575635191
1 1325 91493576
1 1928 461451449
1 716 239356531
1 2534 298269300
1 1669 159995686
1 2453 283161799
1 3282 761905247
1 930 317748539
1 1242 368673668
1 2942 362988339
1 3021 727937488
1 3452 328727965
1 2835 657531790
1 1285 205394368
1 1483 123677017
1 1684 308597164
1 2229 10771150
1 2154 13925151
1 1643 846688038
1 2609 577606536
1 2395 837184701
1 3794 372409569
1 551 779640309
1 2386 815354366
1 375 291603002
1 1255 58726097
1 3308 808251476
1 3540 254116859
1 3179 625824408
1 3945 580601518
1 25 855908827
1 381 995712430
1 2754 656489492
1 2267 110863807
1 2691 702009460
1 2640 51919812
1 3679 273160659
1 9 376072823
1 3478 871718494
1 162 140753215
1 1655 164530882
1 1496 863576699
1 3935 278160388
1 2991 121679399
1 99 251849017
1 2912 742530893
1 1219 657830943
1 2835 965620438
1 3059 784998147
1 1528 516356181
1 3929 742798075
1 2150 760389790
1 3765 468242430
1 1425 64260251
1 2738 90738108
1 3994 431943559
1 3803 899042530
1 260 173314872
1 205 700957279
1 3268 210264340
1 3308 300041461
1 1942 354130642
1 145 28969412
1 2957 12750549
1 269 106310903
1 2993 782756350
1 2476 71709375
1 467 971666785
1 1521 228071643
1 2252 104474092
1 1635 208754316
1 3663 443139603
1 3439 432635893
1 1511 58045632
1 3238 898544168
1 3103 560631989
1 3136 231045950
1 69 571988841
1 2915 409052618
1 3397 716948206
1 726 894647022
1 358 651929935
1 1040 295095332
1 792 9272025
1 343 365570953
1 2631 742190299
1 479 722746878
1 650 123633114
1 3031 764108318
1 324 796750783
1 815 647884315
1 1048 629779593
1 740 403628283
1 3721 459414643
1 2039 885902951
1 2529 268030710
1 473 87916733
1 3913 200409251
1 2696 133452925
1 183 521933812
1 3277 785437609
1 881 870565657
1 139 648057201
1 2242 117012554
1 355 94540864
1 2654 817876698
1 1944 803271487
1 1907 282086663
1 84 814969452
1 1002 913998882
1 496 196093135
1 1760 449525721
1 3540 389102582
1 1690 201755794
1 967 143676777
1 726 420590447
1 2552 1570526
1 1246 711830751
1 133 414988355
1 1349 193303143
1 502 292295181
1 2310 427874762
1 3164 101692201
1 560 352014373
1 3931 674208329
1 1953 859926615
1 3839 211377471
1 336 357405784
1 1395 856543934
1 397 716148053
1 3502 984803185
1 3749 383208864
1 1087 959100136
1 1599 787181332
1 2110 312056777
1 605 127570303
1 3889 760100390
1 1490 126973019
1 3787 798306871
1 1747 602470432
1 3172 396153604
1 3687 473777382
1 786 523509203
1 565 967336705
1 1104 229825808
1 2903 345423490
1 2413 484371172
1 3310 96669742
1 898 722025760
1 3502 158678666
1 394 81145778
1 1953 491140765
1 874 299832607
1 565 155100266
1 3049 896297830
1 3925 185333956
1 3238 188845168
1 3728 643006529
1 277 503181301
1 387 560241385
1 2308 801539387
1 3381 18507558
1 1893 792891384
1 2605 198325703
1 1053 46463780
1 2668 798383594
1 568 773213591
1 1000 106345720
1 3732 602568475
1 1051 416181778
1 2575 578240235
1 649 986023509
1 1865 499652539
1 885 982418139
1 1647 865662470
1 94 41931226
1 278 300700156
1 3859 682083540
1 5 80466894
1 1522 434127855
1 937 971871010
1 3916 406696886
1 109 233113505
1 2151 609541168
1 3723 570738097
1 2820 253970571
1 1739 688213590
1 3317 454598341
1 2383 399573511
1 3158 557688547
1 3124 389398063
1 1622 237445387
1 1748 121992075
1 2708 725097193
1 2006 894778587
1 2119 642012116
1 1675 833977406
1 3305 331953676
1 2730 442600247
1 2905 873465795
1 3078 508801692
1 1040 867755676
1 213 226399901
1 3107 219432310
1 2061 803724268
1 2626 281929526
1 2650 753911280
1 763 222292955
1 1696 739516105
1 831 26521245
1 2011 756565950
1 174 91004328
1 2101 682034781
1 1478 432928733
1 2409 685364920
1 2878 513228604
1 1727 8653947
1 2081 165149720
1 3014 952103989
1 1997 869150507
1 2759 787866876
1 1200 230213138
1 2541 896271453
1 3070 270869
1 3375 267786791
1 469 529278058
1 267 325702458
1 1015 966661727
1 3721 562206425
1 2402 122794112
1 2299 711456320
1 2016 99798322
1 2160 206985037
1 2430 420366416
1 3351 732345197
1 2992 896352098
1 1691 144037822
1 1578 746731871
1 2719 91183240
1 3404 476810531
1 1911 48950563
1 2378 946241494
1 592 326200847
1 1770 676660759
1 1233 934515691
1 1683 146609693
1 2326 837783201
1 2566 866861468
1 756 229344971
1 303 321439107
1 1981 348404551
1 1458 980606566
1 418 570730460
1 2633 588870764
1 177 527139226
1 2896 417937416
1 3520 265454907
1 3290 945177236
1 3477 918329982
1 394 970583658
1 2577 511988835
1 3128 828032264
1 2450 89951855
1 3825 864546732
1 980 426540998
1 1387 980431518
1 3376 409330370
1 340 285323519
1 3978 343548305
1 2050 849994770
1 3811 135510968
1 2234 777705046
1 1540 22681664
1 2545 926642497
1 3647 66264989
1 1265 276912087
1 2727 528554270
1 1273 442475904
1 1670 946342054
1 1317 922501199
1 300 232265319
1 2451 445916365
1 1413 248648534
1 3276 140295807
1 566 897527652
1 61 906418176
1 2068 166843561
1 1293 14375842
1 93 339836653
1 3096 571006511
1 1773 240666164
1 36 177647052
1 1162 686956780
1 1262 130079635
1 2846 492275756
1 3075 37471971
1 3018 135228345
1 1819 883665143
1 3407 540055204
1 3760 862013402
1 1438 858099481
1 2289 852636481
1 1697 365039161
1 1495 531577425
1 1801 190419296
1 876 235211915
1 530 832601522
1 2319 72692972
1 2727 367884087
1 845 247081825
1 40 860778336
1 2189 200988271
1 1193 253804082
1 627 898002236
1 2505 6289918
1 1571 964346682
1 2718 124361039
1 1062 782651469
1 1674 146460350
1 2815 699112198
1 2255 924291015
1 1610 326848358
1 1899 97497641
1 1597 296899172
1 3172 521789534
1 2501 673653867
1 2918 301496007
1 1845 531087758
1 2823 100849786
1 3051 705931522
1 2002 167254707
1 3146 35186009
1 1826 15958643
1 521 113542070
1 320 947660991
1 555 377328148
1 1176 5145773
1 3846 452839435
1 3115 871936847
1 2124 389352262
1 3619 757464618
1 3206 508907876
1 2155 983138849
1 1737 878396119
1 2340 909482201
1 3783 807043743
1 1649 882957071
1 3154 715040312
1 3584 87978662
1 1832 600195447
1 1749 852972229
1 1559 450623227
1 106 920966851
1 213 57143904
1 2251 291321041
1 1459 994412998
1 1231 251132086
1 1862 231015172
1 1317 83680065
1 2758 612224231
1 3376 316892976
1 3151 143011469
1 3913 428254783
1 3870 699765252
1 1929 919977301
1 3179 962180528
1 3070 786679969
1 76 964862026
1 1938 55191029
1 1798 271919627
1 1599 53650198
1 3556 65465895
1 1283 499649809
1 1232 647121660
1 3892 501358729
1 585 378209502
1 3488 305617793
1 1137 542982973
1 3856 503720365
1 978 11410161
1 49 89843590
1 3658 783273178
1 751 68673113
1 3042 66505970
1 347 966038466
1 2313 971689242
1 1468 600605719
1 1387 181007547
1 1812 106136026
1 227 533178537
1 2559 660522038
1 2799 627653183
1 1902 260282250
1 3066 589723710
1 3811 139943677
1 2348 697249654
1 933 471601478
1 2437 227434347
1 899 627477930
1 2328 729448101
1 671 90232715
1 1205 755248748
1 3031 34459943
1 2112 972316529
1 3406 24751183
1 3207 203510310
1 1528 888198818
1 864 384842492
1 760 242525618
1 2734 900488682
1 3420 219854036
1 805 919819999
1 109 406400487
1 931 847805535
1 1360 636486583
1 1343 316266393
1 2948 191145339
1 3135 276906523
1 2012 395764846
1 3827 897641118
1 2128 19489363
1 3177 260064398
1 2055 717865036
1 2486 362126104
1 3279 154081195
1 3902 447656558
1 2621 386032046
1 616 101031618
1 643 410055365
1 2514 459569956
1 2676 506599830
1 3427 449306100
1 3901 989492206
1 316 352631177
1 1024 406165883
1 3924 605294339
1 522 143347061
1 1810 716142007
1 2861 36268191
1 782 799176708
1 3192 557050252
1 1770 355757251
1 3850 630797967
1 1840 292534557
1 1228 169132514
1 160 947529441
1 1665 539685248
1 3475 783279177
1 3304 361747986
1 3282 525009097
1 716 594275453
1 3082 279133415
1 3748 190140047
1 1058 858487626
1 3826 784300555
1 2802 438079315
1 3107 592024568
1 321 891341052
1 987 999389332
1 2968 396444228
1 2876 233555098
1 1697 262493479
1 2492 106861612
1 961 260917314
1 1677 61447138
1 275 156284072
1 3353 300904892
1 1817 633745576
1 2350 692303043
1 3021 491562989
1 3859 226241671
1 1560 269071249
1 308 489204517
1 774 705134065
1 2156 394529550
1 562 365268176
1 58 892875894
1 432 887478640
1 1067 317043055
1 606 298297634
1 2371 929081409
1 1429 481053779
1 1699 496496012
1 2240 975798548
1 3433 100366882
1 1947 137215010
1 2628 972049337
1 3213 657734930
1 1753 88898890
1 3824 26675488
1 3121 39848489
1 800 202040224
1 3418 928138498
1 629 629030902
1 453 631846217
1 2364 837457184
1 3974 82146132
1 3699 265328408
1 2438 928231267
1 3956 525591962
1 3480 501927234
1 1675 130079912
1 2089 483236179
1 564 978292181
1 645 495158103
1 276 330228732
1 2425 938899804
1 201 120938884
1 1713 269383430
1 1186 766950194
1 228 350799104
1 3552 535987698
1 2625 289049182
1 1298 444373899
1 1077 264236315
1 618 863063553
1 1418 235034397
1 3345 575229909
1 2324 595476636
1 1078 135999294
1 587 509346036
1 3671 914999965
1 3001 651147428
1 960 913628827
1 3758 457428938
1 2677 251378931
1 1822 627442467
1 1577 659152201
1 583 866323450
1 1823 87212027
1 2882 433594746
1 1055 376996908
1 142 80974732
1 1129 145009075
1 3425 877054047
1 2199 818929957
1 941 559286863
1 1283 371438231
1 560 261076344
1 1487 99267278
1 767 190074761
1 963 932120286
1 1526 645226054
1 2792 273665119
1 2484 277507603
1 2954 176393504
1 1956 731269759
1 2626 283795205
1 3317 914551104
1 2158 279902509
1 370 504434043
1 910 535823634
1 2725 606949340
1 800 686347137
1 3586 458053972
1 3017 214366181
1 3157 552467803
1 733 194532682
1 3229 670769730
1 1754 585371861
1 420 812650268
1 1476 290458161
1 2112 437764482
1 2179 960068734
1 1532 455762454
1 3871 428012096
1 1545 642732000
1 478 945123396
1 362 86117065
1 3123 409012004
1 2686 916368166
1 2189 344445602
1 1504 704313097
1 885 177745472
1 1725 299739797
1 903 294359566
1 1015 49189705
1 206 664640361
1 1868 397617968
1 2110 640237791
1 1700 53881290
1 3703 29341139
1 2817 719866631
1 3876 516889846
1 3219 506426457
1 205 999727617
1 1312 920075162
1 3666 785942140
1 1757 548799737
1 1566 883054398
1 2377 451614014
1 846 208233292
1 2972 948500162
1 3630 70297380
1 2265 445383325
1 1482 980180257
1 2494 260501557
1 1801 682658827
1 176 211579749
1 2691 197982298
1 1589 530862863
1 1819 782298991
1 2954 804098722
1 2761 498002971
1 3825 153879299
1 3578 205892754
1 3131 125953201
1 1960 291493004
1 2113 61596388
1 3390 264105615
1 1270 590313039
1 3595 696304567
1 1898 975837165
1 2988 407435907
1 1786 778789773
1 1123 47720657
1 2892 333786595
1 430 31070022
1 3243 443974576
1 2993 96493686
1 2740 355785718
1 2852 862048052
1 3361 570724728
1 1844 381401470
1 614 114877823
1 1155 266979823
1 2477 508287015
1 3470 33344156
1 1100 873271119
1 3045 199598569
1 2838 226995371
1 2546 500898877
1 2350 771844035
1 1986 573237959
1 2251 92847407
1 969 239705158
1 3274 695518359
1 2301 521804345
1 2198 948975890
1 1003 840691201
1 2938 801297653
1 3574 564508197
1 2702 636192090
1 667 842333094
1 2909 36787741
1 859 616720015
1 1473 516393305
1 2230 444646005
1 1565 652844743
1 2683 285568055
1 2552 103216554
1 630 836168440
1 3896 746545623
1 2910 318992982
1 2464 336389074
1 183 565001891
1 3336 127851506
1 964 139790199
1 1843 235385591
1 2297 860699103
1 1194 991803671
1 3257 32497042
1 2790 42757719
1 199 34165421
1 3991 306093241
1 3104 861480600
1 3560 316345506
1 3193 316716552
1 1603 44919363
1 1543 936929434
1 2806 715654799
1 2396 703846295
1 2254 988291235
1 664 168967280
1 3561 539413995
1 2345 151581769
1 3173 888690200
1 1353 799779878
1 2291 545983663
1 901 705476049
1 396 883035140
1 2766 557506682
1 2866 893605790
1 2371 152660889
1 3570 185279471
1 836 292203562
1 119 610400651
1 2685 509628771
1 580 897544202
1 3439 526448845
1 712 125010739
1 3620 313706309
1 1197 436892394
1 2059 534656440
1 3429 634347031
1 3281 190906504
1 943 294861364
1 3253 50389974
1 2719 774243741
1 1067 785967960
1 1650 542122442
1 351 68445810
1 3778 635037783
1 2077 632210398
1 3811 326651078
1 2025 253670389
1 1476 66857408
1 3042 253295810
1 1880 289965289
1 2950 225900348
1 1268 9125851
1 3731 826658238
1 1527 190825192
1 1627 968011875
1 3830 514489667
1 176 811087189
1 2568 775874056
1 3896 864815577
1 887 100036759
1 3978 952401978
1 133 741880105
1 2336 345162839
1 877 509649366
1 3273 501706783
1 607 941690639
1 2532 251270739
1 1691 838462372
1 87 165464887
1 1793 365413944
1 1344 242148332
1 731 768391764
1 3100 546242903
1 2259 121995475
1 3256 616532621
1 2061 869477107
1 3647 54007357
1 1933 962896741
1 3911 970982893
1 1035 875589246
1 3055 430447416
1 3542 574061848
1 740 75543786
1 179 20618162
1 1861 225307688
1 1051 782997601
1 2024 353469277
1 2091 752614135
1 965 671465436
1 1082 180616828
1 3670 995987811
1 3787 83592473
1 1213 198303980
1 1438 814958098
1 2988 444244281
1 3981 685284511
1 1528 926433873
1 1796 789143075
1 2407 757851484
1 3502 369272091
1 2792 473334224
1 3154 288238720
1 2870 615659151
1 871 394780889
1 736 188561509
1 992 683823096
1 2367 431203156
1 1107 567249674
1 1560 744393548
1 3958 315525814
1 3432 826244691
1 1984 370724621
1 3082 87226445
1 1456 47840057
1 302 193011011
1 3139 914041789
1 2464 245431129
1 3472 662394952
1 963 237848910
1 3028 109788794
1 2528 332309709
1 293 945366110
1 709 735868373
1 877 499929615
1 2220 600664128
1 3160 136890360
1 3340 703672781
1 902 117139903
1 2322 22886397
1 3094 1512041
1 1486 821831299
1 2264 643768584
1 2223 711226486
1 1252 700871422
1 2578 309727447
1 1887 253958614
1 3803 984007211
1 1999 841562758
1 3987 668729130
1 1362 602098759
1 3689 696580285
1 1429 14798991
1 3510 645969623
1 3938 222736036
1 1886 664574139
1 2584 850576921
1 43 144111938
1 3590 807455145
1 1767 386151519
1 3708 809242423
1 1058 177749712
1 2811 871096333
1 1545 61714770
1 3252 64367191
1 2194 928715960
1 1660 691576326
1 2019 178066034
1 730 677960516
1 1303 258185794
1 1134 284316405
1 55 291369866
1 2986 863247854
1 2249 81048310
1 819 211175243
1 1622 674779047
1 3341 167320676
1 3093 724718783
1 2916 626545159
1 461 404714922
1 2255 925680757
1 3809 627066495
1 3629 303125627
1 3990 359329989
1 722 495915113
1 2562 507218474
1 2215 435099427
1 3643 761174849
1 3462 943736495
1 3710 756527806
1 2123 499788629
1 2748 257217742
1 924 427181305
1 1867 953894026
1 1838 323469790
1 1368 517984752
1 3714 284484701
1 2571 57406960
1 1187 335087798
1 705 616872591
1 2965 657666489
1 1783 295400426
1 2876 230837110
1 3317 479748215
1 726 168865276
1 3089 372985894
1 2269 102808755
1 2273 90776844
1 1619 590799512
1 911 206240881
1 162 422974632
1 3114 653307859
1 998 524924716
1 343 166666948
1 2628 503366995
1 1448 844171663
1 1904 825598945
1 1830 137841950
1 1235 857478072
1 1495 966250729
1 562 629877152
1 1724 306112707
1 3787 208207725
1 244 776472373
1 2053 790883757
1 1724 550864750
1 309 395950319
1 1057 3465866
1 3737 662154652
1 3978 185347253
1 2873 289928836
1 901 881348715
1 626 764402539
1 1226 69345945
1 2243 518513560
1 3752 416549013
1 2604 793314835
1 976 757625079
1 3119 356890475
1 2388 950655222
1 328 983376120
1 2094 576162860
1 1516 685696282
1 3412 535741936
1 2008 942427125
1 2668 992517124
1 2427 151516217
1 3379 63727294
1 1222 574281074
1 466 351451937
1 2468 509753471
1 924 362061038
1 2202 295252210
1 2213 911762555
1 724 543058723
1 3144 435420802
1 3573 977111519
1 3054 666918327
1 947 212835474
1 3070 335381852
1 801 703924220
1 271 390706029
1 3447 945140039
1 3069 928586962
1 731 291701967
1 1155 366134127
1 3113 458447131
1 50 301285467
1 856 342728698
1 2207 668737005
1 815 233577582
1 2962 726572417
1 3241 165808095
1 2341 36797317
1 2859 487616890
1 1740 301099127
1 261 217668219
1 1388 360938489
1 3005 558448523
1 737 815415262
1 2631 500061437
1 233 954393965
1 1748 906310933
1 3008 765697377
1 2063 139107080
1 3894 485896441
1 2194 825054003
1 1075 500184502
1 727 571525005
1 3235 504473360
1 1784 953841482
1 2557 801257597
1 1377 498785767
1 2619 338182003
1 2695 65652098
1 2661 980968251
1 3017 824363610
1 1607 726123992
1 553 185084695
1 2416 12482186
1 3096 290585636
1 995 890417781
1 3986 51902103
1 445 445876786
1 102 937995398
1 1978 753287015
1 2500 137698984
1 3503 819290462
1 2532 950754765
1 959 549536499
1 712 717764601
1 2115 845777968
1 98 898856817
1 1568 656887370
1 745 911290359
1 291 579051015
1 2922 230018672
1 2433 33635997
1 3922 768126994
1 2079 649959637
1 632 665523421
1 1640 107796912
1 3223 411222371
1 1117 48338887
1 2932 25703549
1 1163 899909152
1 3701 697655453
1 2268 493219739
1 3052 776088030
1 3416 776055958
1 3357 32525300
1 236 654543435
1 1049 19251455
1 1086 238923900
1 1941 939220037
1 2373 299884243
1 1429 195371703
1 3695 889334442
1 3270 250550639
1 484 355971824
1 2343 847063076
1 1719 58849688
1 1160 937135509
1 834 795011978
1 2687 98394400
1 652 234511241
1 833 914596412
1 825 965105222
1 901 351798943
1 2115 277014062
1 3100 74700436
1 2239 459273379
1 3280 315194157
1 3706 452321701
1 3197 696985639
1 1705 52127642
1 2477 87387303
1 1884 251453700
1 1246 259157631
1 1057 184573892
1 3416 672673473
1 3204 269198565
1 3114 420805150
1 2002 71620651
1 1449 539142516
1 3607 151178689
1 1390 985872711
1 2920 249316503
1 2661 789883158
1 1976 217547646
1 1950 860968521
1 3900 414318882
1 3077 620543006
1 1210 183879330
1 286 990560133
1 3043 447590907
1 269 607215821
1 486 116488795
1 827 6693701
1 2858 897062696
1 1845 75695597
1 2753 303436704
1 725 316092728
1 2684 16106223
1 474 256331419
1 228 357409100
1 741 44254488
1 3760 905103135
1 237 118259254
1 3190 961872845
1 3167 654072001
1 2968 980412963
1 2354 547455429
1 1220 685369947
1 396 143395444
1 3279 869761367
1 1613 854866667
1 1150 588477307
1 3603 813084303
1 3475 517174442
1 3081 82237900
1 21 396694412
1 2656 233143351
1 3768 79383188
1 661 656249692
1 1107 479652746
1 964 759571414
1 3454 584503939
1 2361 61997307
1 2988 989136165
1 1226 82958945
1 3145 213824174
1 378 18101609
1 1798 76429233
1 1206 233124024
1 1506 238341578
1 604 143799186
1 2860 14280470
1 1391 385110457
1 1450 844902171
1 2707 747977793
1 1943 108618909
1 1175 996393061
1 1679 762557161
1 215 533716453
1 2816 664279621
1 3839 143760260
1 2250 629102862
1 1592 550087270
1 989 993758718
1 18 470822211
1 940 630406824
1 3557 58728619
1 2232 56942387
1 2915 318643318
1 3564 816430175
1 2557 198056169
1 1614 683231900
1 889 718237630
1 695 508068670
1 3931 145754558
1 2454 597297001
1 2478 178608831
1 2341 425760383
1 3523 681792492
1 3680 499995209
1 2092 939899139
1 2493 962028917
1 566 214532465
1 63 790264218
1 1797 718757678
1 2135 180954422
1 1679 475910905
1 1733 104170902
1 2596 86832557
1 690 207306367
1 3206 164877829
1 3736 796611772
1 1358 285873149
1 2905 131430719
1 2180 432728956
1 1335 33368851
1 646 379018772
1 938 277956950
1 1157 344926062
1 3292 951700574
1 1350 926156599
1 1415 118692873
1 1846 112174450
1 2380 523712925
1 3490 767855131
1 1510 571967886
1 315 991204508
1 2940 393236692
1 2740 844671786
1 3068 481604772
1 3429 205642530
1 2752 856623448
1 850 464236874
1 2034 808743158
1 1088 336824253
1 471 571739909
1 952 599881172
1 2701 917520271
1 2249 710244881
1 2859 201918922
1 124 322780924
1 1450 839267080
1 1539 464708719
1 998 984537523
1 2457 448127252
1 1423 452851087
1 1193 924696906
1 3276 593779579
1 2235 16281031
1 3996 874623021
1 680 284197097
1 3034 363180106
1 3841 426819211
1 3584 544466798
1 2080 101781213
1 160 685983813
1 2461 798445767
1 1658 557277227
1 1937 550568923
1 1109 882184648
1 2667 330573000
1 2902 778699532
1 203 130380441
1 1813 470268280
1 3265 597180691
1 274 649771531
1 967 577553630
1 1205 214314096
1 3085 547346883
1 1785 739978034
1 3716 663801289
1 3757 567851328
1 3814 953881906
1 1616 912862023
1 2074 709268208
1 2364 378708670
1 1915 22907749
1 1917 511392977
1 1730 28248617
1 3917 750970410
1 2633 762882062
1 2124 585076738
1 1387 771797079
1 1354 772741640
1 3932 464131810
1 860 829627862
1 3534 760028171
1 1705 558588086
1 3373 533794566
1 1431 437877462
1 3139 359527618
1 441 389404503
1 3523 498235698
1 571 750536306
1 2754 997947065
1 1809 952450087
1 2215 105701277
1 665 318514272
1 2974 971022187
1 3620 500459723
1 3993 703937623
1 2030 881882805
1 1322 530299704
1 910 811949865
1 3582 592016114
1 3692 578301630
1 1934 862799705
1 3322 838968076
1 3059 532431125
1 2980 343141748
1 2914 210368285
1 3640 605306368
1 3562 426244617
1 1954 786810842
1 1948 353278523
1 887 89700564
1 2968 840041785
1 1954 412710208
1 985 255254463
1 3700 275012856
1 1057 380752738
1 437 769084042
1 1281 122106241
1 3517 59621065
1 997 59609999
1 1006 560014479
1 2999 341371965
1 1031 943943453
1 699 508528661
1 537 738027745
1 3230 990076265
1 3563 817149697
1 318 833980182
1 1713 349414424
1 2554 855949996
1 3144 475273588
1 3913 950369870
1 3280 633134486
1 930 700444619
1 1053 15250625
1 954 474903496
1 689 998554168
1 984 523692165
1 3650 432927810
1 3781 358430888
1 972 535454861
1 1024 869931766
1 655 520161697
1 3448 464465284
1 42 589137698
1 2583 271944480
1 598 994752482
1 3080 572437850
1 1796 730110667
1 2433 729910673
1 526 153738862
1 872 628538961
1 570 426025472
1 3600 75151553
1 3444 122645495
1 1513 158197440
1 2319 879789331
1 1799 781058218
1 1700 303513762
1 3204 491614310
1 3774 296133342
1 818 414079933
1 2772 62720957
1 2230 129886887
1 2712 344375847
1 877 437482232
1 2158 550935583
1 3988 843056339
1 2068 397238574
1 76 754730279
1 2949 947827746
1 2221 228057424
1 2025 468617286
1 3246 219625475
1 2165 579561962
1 357 12705192
1 1961 849103326
1 2677 306816456
1 210 870520562
1 3925 500736375
1 478 391754085
1 830 707718600
1 2833 30645758
1 3165 253729894
1 2450 64206642
1 2030 246322388
1 3537 109199217
1 64 805893982
1 3938 454556232
1 2665 904761833
1 1503 20642520
1 3344 90673648
1 2449 450403618
1 2372 773796182
1 439 984517410
1 382 593272576
1 2393 237174509
1 3240 930852022
1 917 5233992
1 2228 297968710
1 3819 66386030
1 3487 354838289
1 2881 27816436
1 854 738413855
1 1044 944202289
1 1215 944530694
1 2269 226701091
1 3244 543638758
1 772 441501531
1 576 48314144
1 2562 805207904
1 3206 303720073
1 3897 802751224
1 778 615909093
1 785 709416390
1 2383 874839344
1 3506 258872076
1 2633 924942858
1 629 879196344
1 544 744694241
1 109 885330168
1 2084 233585644
1 524 465901224
1 3416 603047432
1 3747 849562766
1 301 607875836
1 3292 124559654
1 2144 108255293
1 950 577324392
1 1565 11508277
1 1917 161204833
1 3419 586774897
1 3564 66761845
1 604 601854025
1 690 944092116
1 3985 279119222
1 1419 967623376
1 705 184073883
1 1489 255990502
1 3747 476859226
1 3901 579349403
1 37 544614623
1 2675 41122273
1 2492 103293005
1 2972 393638359
1 3500 136333029
1 1389 638196545
1 1208 576772475
1 1542 419364965
1 1254 461235149
1 1865 496074395
1 1964 66948391
1 3575 982081935
1 1967 90421656
1 1371 704658252
1 1721 280313970
1 8 37985695
1 1991 361648183
1 343 535557133
1 1308 84329500
1 3581 5009292
1 1210 312026852
1 2368 847574931
1 1244 749834618
1 605 115041789
1 3814 392390759
1 2624 875124550
1 3301 14818772
1 2097 694405376
1 2269 474295199
1 2818 597920984
1 2316 644562759
1 682 954109776
1 1041 387302243
1 3430 771105668
1 2092 34689320
1 3211 172408570
1 1061 660400232
1 3546 888806219
1 2915 950334568
1 2642 182515360
1 2218 441955470
1 1869 327749838
1 699 767307467
1 2906 719823714
1 3667 868029155
1 1321 480023625
1 3888 885523239
1 641 90409569
1 2784 583105413
1 2290 595850611
1 489 54851256
1 1043 913175488
1 2724 717973593
1 2716 225466475
1 1976 22347825
1 2500 972079632
1 1118 140184032
1 3676 592065144
1 1429 347752113
1 3547 84824881
1 3089 585826097
1 2319 263634856
1 351 273660126
1 3769 461199407
1 1779 924688055
1 3147 425351511
1 3675 930730215
1 3067 46166200
1 3937 88480013
1 1978 128625395
1 1457 376643710
1 1574 531168143
1 1073 777923854
1 1021 117664222
1 2188 536070786
1 3294 456862204
1 3371 657074332
1 1919 828213880
1 3473 412907718
1 421 925764154
1 3888 37777289
1 3796 602732144
1 2651 138242701
1 2944 90239960
1 3186 826441628
1 2582 881389281
1 2031 666126779
1 877 275531578
1 3452 757880025
1 3604 213950525
1 2065 653407985
1 2158 982174457
1 3485 216416589
1 1647 738848122
1 2626 985901772
1 3419 181531476
1 1873 789782007
1 2282 55233730
1 903 900562713
1 2714 860527876
1 2850 716507774
1 1912 102255259
1 928 607173021
1 647 12744416
1 957 664861525
1 194 942337652
1 1829 93423870
1 698 157091335
1 2257 809160716
1 2849 986787466
1 1963 656998614
1 2957 608386605
1 2572 576576964
1 1588 872682136
1 3149 104462726
1 2821 159639552
1 1322 216781790
1 584 255108831
1 2063 33095608
1 2815 558451071
1 1507 648899398
1 3999 932517106
1 3393 513441699
1 1514 260336783
1 2499 560589951
1 1145 211153095
1 553 765590213
1 180 910727933
1 1631 112275988
1 3586 248750346
1 839 869736721
1 2310 773018126
1 27 96518329
1 333 100677493
1 1346 39386925
1 689 776944149
1 2124 30070099
1 1996 779833302
1 3970 172290976
1 3229 161296297
1 1984 949078216
1 3370 17379673
1 3794 285908169
1 3620 258122712
1 2459 540517487
1 1737 638929057
1 2210 997373024
1 656 542931199
1 3380 824008508
1 3688 96650920
1 2110 595623291
1 1001 14662670
1 244 15544096
1 1207 188036791
1 568 301395364
1 1410 733912007
1 2217 913231675
1 1919 43588405
1 1953 907890065
1 2191 189439597
1 3981 946819160
1 3787 169529362
1 226 645864237
1 919 962291865
1 1911 809688497
1 2927 596164076
1 2773 26546392
1 1978 199736083
1 1699 54469821
1 3982 130512068
1 3598 269762158
1 2996 539074732
1 521 370087534
1 706 169455144
1 3860 204152673
1 60 743495754
1 3174 270201979
1 2447 903177101
1 144 142173635
1 3809 86388888
1 291 83521635
1 2555 389291786
1 335 44840654
1 232 796928820
1 2087 397004720
1 3512 853370271
1 2314 700007367
1 430 934367538
1 2949 953853280
1 3756 138592563
1 2976 183668243
1 936 968789539
1 695 957442349
1 1740 160712465
1 968 966655120
1 2573 893337629
1 1284 60946507
1 3487 672774535
1 45 411526619
1 2904 10429127
1 1657 772593067
1 1610 540005862
1 795 504662079
1 1830 522528431
1 2621 918030697
1 2849 194155625
1 2642 557018592
1 603 211294832
1 2956 22555440
1 665 696360670
1 998 620550289
1 2949 849040784
1 1757 389798997
1 2299 600861468
1 3859 649729549
1 198 584711354
1 2514 53735859
1 2011 305638126
1 840 242101355
1 2838 143594079
1 184 195354392
1 1725 737214380
1 2566 854944650
1 1417 964223344
1 2528 730220710
1 638 382149396
1 823 793009144
1 932 425114691
1 2140 841944721
1 2871 45031549
1 914 543618376
1 3292 438231770
1 920 293001893
1 1232 644490656
1 2347 20433924
1 987 629937398
1 3878 318727367
1 316 812499830
1 3079 497110421
1 3954 702809596
1 126 149001411
1 820 577812845
1 426 265085835
1 2575 767081793
1 1657 470467426
1 2062 159818466
1 1565 453079253
1 3696 915991991
1 1352 457689313
1 1856 387125891
1 1673 117542363
1 833 419835728
1 3914 834271310
1 57 246462743
1 2324 345328627
1 3948 553291656
1 660 558520048
1 3132 902679790
1 1105 475071197
1 1502 20942503
1 1974 100096518
1 2327 730305566
1 1965 471324835
1 1293 148350506
1 3791 502016696
1 177 218172486
1 873 792324852
1 1188 221914571
1 2417 91301818
1 1070 841999507
1 2607 5215474
1 235 723225569
1 3508 13573160
1 2127 638191505
1 2301 510027852
1 1585 268715084
1 2833 288274154
1 3494 389921854
1 2492 367811428
1 2687 788382442
1 1576 214585522
1 935 52374981
1 2873 360171916
1 654 931595671
1 2589 79561447
1 2182 650720903
1 293 830186591
1 2888 187457580
1 1187 584901507
1 770 538449738
1 2599 95639691
1 560 125871763
1 1006 737490051
1 267 860337901
1 3936 534374195
1 1251 642911054
1 680 50688627
1 2383 545886257
1 1204 222423238
1 1813 49382963
1 464 568995589
1 3718 821733679
1 365 36615268
1 1479 303475585
1 2626 397670162
1 898 175073727
1 3222 916409724
1 2737 197043904
1 1828 882739948
1 2742 235412123
1 677 943870542
1 1463 761239488
1 1370 909310143
1 3253 884142898
1 782 4226966
1 1755 813791643
1 3467 35541250
1 3310 536452190
1 1756 467115996
1 312 936421436
1 2630 23894576
1 2688 569352785
1 3576 30754713
1 1261 477200110
1 2080 407124099
1 2741 991734128
1 3494 30777091
1 1431 565570219
1 1651 624220013
1 2000 107620622
1 3209 792889826
1 1113 451309010
1 2620 703382366
1 276 274127380
1 1186 734225068
1 299 61106505
1 2204 347948574
1 2474 113187944
1 2336 413011232
1 66 392690483
1 1712 985787759
1 47 267739838
1 2725 18870768
1 3413 137327123
1 1046 895114912
1 3267 308116291
1 1086 601685911
1 3879 137500122
1 3528 204448349
1 2700 117334246
1 2997 483084355
1 669 914542725
1 735 535932319
1 3189 499773080
