3774 400 4000
30 1764 488372709
19 673 121710925
316 3656 366124634
11 2080 963053547
241 1250 222462953
392 3588 275625307
125 3378 628788035
342 1712 462707297
311 3094 443190098
313 3003 965107288
163 765 447073416
335 2391 785656331
376 2299 471437251
287 1003 621798600
275 2434 615156868
293 2157 856176349
10 1866 188030140
182 512 842238415
54 444 402440250
1 3370 441327707
80 2638 76540140
122 1318 651435322
107 182 184557314
87 3045 217874775
91 2447 364118379
41 2874 182669730
95 1063 757866004
243 3374 371006207
316 2621 454665840
167 2253 21274697
315 1026 325141710
115 2300 944315017
259 2085 443682667
306 2815 380189085
198 2135 772588945
242 1070 562730244
255 82 12217996
70 1378 84455886
282 261 553718270
228 1648 928193961
180 451 285483526
46 1209 672970719
302 2718 194387501
230 2428 668804240
9 183 227223689
190 3000 387004792
306 1096 225007768
369 1345 291746722
367 1349 658405148
65 2728 88216463
77 1653 758539296
47 3611 291213055
275 136 410616408
40 3606 252052849
139 2034 254075992
156 1908 212245090
274 2900 354257669
22 700 113727960
68 2216 683706772
350 2654 450829911
189 112 948669108
123 1273 908972861
29 1258 621125323
338 2843 320696774
114 3534 605574407
354 687 242507543
255 88 475022993
43 3848 987425022
352 2244 531730515
346 1228 352013147
168 2705 757460596
225 2610 925169160
59 411 536285672
69 3816 48042169
376 3802 429963566
38 3466 113708247
355 1825 301922994
66 1549 539903012
367 1507 790046267
41 2952 124229274
267 1749 278508355
119 913 365312352
309 854 906829730
55 2564 403345906
375 822 286425563
257 1135 273196677
51 3962 622187024
129 3268 95858355
10 3279 793930151
222 1988 253053358
87 3074 724329909
125 2679 457815308
328 3980 139987163
99 1363 309683691
106 3568 96428153
78 2863 895766782
152 3464 260746365
160 304 939548573
345 2953 165715613
56 717 485440673
346 49 997146498
143 631 302234383
256 2612 706862015
214 3254 480349043
156 613 689724522
263 1051 602431380
366 3591 299668792
52 2207 978729939
6 1693 565702707
177 2913 683957014
21 747 840446133
162 2516 673477995
269 3139 472752272
28 2413 90011178
306 3527 508691564
177 769 446113751
136 533 302762834
291 340 559567043
221 3818 902065975
375 112 16226318
317 1255 439527107
172 2314 15244349
62 2538 697490325
56 3538 587833691
63 1569 220404098
363 810 14602908
151 2426 497367451
155 295 45144177
216 1000 102684980
76 1865 594897050
40 636 14287154
59 2326 429158
281 1717 442409924
214 3466 833852006
365 2197 137439011
31 136 630783206
240 1902 282315961
225 3427 67511434
261 386 869617641
113 2443 845093844
380 3537 790090639
397 3410 48747815
327 851 872057962
259 2146 83029658
325 493 456467957
105 1191 445792936
302 218 293896969
68 3395 399112539
207 2936 460400645
109 3871 735540763
274 1173 890040121
90 1505 201799411
4 1346 920322180
315 962 703364751
133 917 133865189
143 275 715174086
206 1645 150730155
36 342 69379600
127 1108 214524848
113 644 372440228
257 3959 829268751
248 1115 883160035
5 1726 492011339
258 3440 662980969
199 1053 1406806
125 1640 751453703
37 3065 8655247
93 1721 247263922
200 2138 19015978
119 3338 685433499
379 2137 670514247
397 2242 581473070
315 3798 122652720
112 344 567575404
345 3875 702543551
285 3073 697767960
299 2278 825280283
199 1238 844165578
121 2192 32836202
340 2042 11976379
4 2612 246812455
171 1574 196464977
323 139 69131352
348 579 406350461
371 1605 93051646
37 339 190469090
70 2295 290666599
93 1582 25508597
243 3903 699118507
185 1116 879010375
124 1949 146780070
152 2780 458407605
136 2664 368199329
328 3692 8984882
284 1871 485994994
362 3852 143016586
25 2987 278593380
308 2102 141401618
171 3346 96204548
261 2118 516512705
181 910 660030680
222 1074 956478328
66 1817 155490587
241 1102 578136890
292 855 647237103
189 3351 371060644
292 3427 938656335
315 343 622059326
196 2469 326724700
70 2613 842301989
193 2725 927315059
358 2418 89071395
298 483 628509495
220 922 552838482
193 2782 646592222
88 212 455236894
142 2191 411428619
291 736 854718441
11 1840 536751071
352 2311 283055482
395 328 501304873
387 2626 534380937
311 3431 159541786
380 3254 696416547
257 1082 964493557
171 4 683718050
145 717 303082137
321 399 41596141
210 49 581074586
100 275 303380895
30 2293 159303157
300 815 799159495
58 475 475744254
346 1296 475036625
46 518 945187368
364 3439 963623011
25 1438 823858904
355 971 476245618
375 3063 434638157
36 1403 165626416
32 3253 795782941
233 1665 177292076
188 2199 10257294
53 2554 529397344
227 128 428587569
304 2269 734702322
313 777 858365838
128 511 785977585
314 1520 467592008
341 3885 121634997
209 3936 371382366
184 1111 637639688
364 1413 310639047
161 326 109266436
293 3705 12033123
85 2918 272245838
324 145 162501163
258 1470 731057065
112 3255 413225954
378 3298 553283261
308 1022 204449121
243 3600 171031968
204 3214 281767279
197 55 189684833
121 1825 793157237
373 1003 904064312
212 198 136204730
195 2904 336954530
332 2636 556443783
117 3449 843069960
342 1485 86700604
310 497 778089672
346 3874 236815525
30 2063 944988767
226 590 852241916
157 150 764594883
135 3267 956859064
56 3445 728270760
307 90 147850261
200 974 44238829
74 3847 442783768
380 3083 703003377
389 728 292053997
88 1457 195223932
276 3685 441540597
304 1376 974759320
54 2388 528425594
6 1743 578196340
324 346 827629797
287 2948 246240426
323 2724 779555547
296 2426 895760628
324 1648 649257635
155 3856 80623446
1 3935 27218994
371 3912 145209964
105 1358 644781278
70 1769 477187683
286 2987 526335092
241 2190 766496195
236 3220 344731520
383 817 117422935
226 2402 124753347
248 2401 901362723
342 3586 924944047
147 687 979161237
217 3732 476436752
306 3008 975278283
192 1257 250844705
353 485 99594077
161 2973 919620418
10 3435 74398548
183 2302 14871101
61 354 211471378
284 2612 546472125
11 3274 792616635
337 2664 645488005
273 3335 585835696
22 2007 894515904
211 1548 249300801
134 2835 193602879
347 1833 695416477
262 456 667279482
25 1298 129397011
118 1890 875702803
24 501 818389294
262 3028 448166999
145 127 72915189
169 1083 601193850
365 3717 512922542
325 3497 667176156
249 2078 210093452
393 2048 628853455
135 1670 129301373
275 256 202427336
357 3236 252268860
132 718 746393866
112 499 264671865
115 1809 927525244
293 389 121707754
37 2906 352107774
345 2315 329380468
243 3809 233933234
230 855 243224008
258 2567 282962308
284 2429 66215030
260 3739 753887203
308 3756 840394166
310 1637 282166661
314 1411 512054031
167 230 589185399
215 3172 223620227
280 178 646508029
41 1706 201620730
290 3177 646690974
238 3611 502942186
236 603 660847044
339 216 644394466
88 2170 36591041
199 2359 131691990
397 80 381696223
395 2788 676945359
184 410 738670534
367 3057 590854140
42 3825 76339905
270 1993 607167007
124 475 471816285
247 2539 309672927
308 2712 112304942
241 1085 281086753
324 858 460378974
355 964 326685817
91 1379 338844704
295 2350 909644631
104 1810 623164142
168 2034 183833834
145 3000 305552342
342 168 289456809
177 2547 122547659
226 2329 123816100
22 2887 308363513
284 2112 935424721
49 2859 452228864
81 1481 104686695
180 2394 835674344
313 2321 534475342
241 3097 3550461
229 984 828345329
395 1930 150200987
393 751 275322118
321 3653 10200106
99 899 70733830
244 2889 155011354
203 3374 158552840
326 1270 828815069
252 3714 81438272
253 1649 321070337
237 3966 580122300
400 2109 635637101
288 3162 88535293
291 1931 415996815
263 2505 114430621
209 3013 32893467
127 2738 426088779
62 3602 652781159
323 1460 470566546
359 622 230318853
353 1318 414836039
30 2042 609380070
239 1843 678245926
56 1321 728326379
370 3166 741290324
6 621 191851703
48 1470 64710091
175 2827 670041716
69 2849 123359831
388 3034 160791510
334 2645 642185187
25 1393 620047974
241 1203 205103990
58 161 708920625
273 3849 517329949
180 631 853569410
197 3405 912521912
235 2057 586684608
359 810 513336017
61 279 663357834
385 3816 3240550
164 3984 523367513
304 3131 186557367
324 825 788051231
247 1839 39861110
305 2861 416354380
223 998 628865086
381 1314 821391289
285 2809 390074365
140 2566 897173525
65 3948 43214272
187 1022 8688453
253 1770 100557987
302 3431 871899551
342 1631 534595023
382 729 988295729
241 1690 735597398
133 889 80524446
99 2671 298768540
9 1216 767533742
331 2829 474930752
296 3193 265289681
369 3586 255209351
298 2229 730602449
289 2303 562965148
316 927 66687795
176 3465 940434719
119 2659 60981673
200 3113 16249776
374 3092 386590241
334 3475 561841531
320 911 244881472
53 1245 275256445
283 567 22605967
161 2343 21006727
338 3819 69083332
85 1746 887614977
353 835 144973986
23 1375 535177884
320 1993 948415519
337 568 165704890
38 67 794050472
146 3337 604099445
395 2393 985031486
231 1774 283750403
268 2071 175383510
143 3630 803153807
286 2412 814158194
399 3856 165293350
261 3886 36035460
315 1229 422788995
342 2873 584330167
41 685 729809431
217 2221 12915586
244 2324 832936691
171 3251 352764582
344 98 178480515
379 2140 131617258
342 1252 108545303
235 3203 115355194
260 3310 349455255
286 3660 80242244
344 3351 219110253
241 596 261497095
297 2016 287011126
127 2035 129400811
45 1772 15733451
217 3108 433091094
20 3550 136991684
266 3640 805355135
15 3382 850053184
132 464 144242704
214 1322 956579366
246 1777 883614073
27 3704 541241858
14 3585 956742664
222 3481 847459265
216 1860 209759421
217 3759 502485845
251 1938 672960745
57 1641 245457344
170 3232 648962817
324 1686 863368959
65 1525 344535494
149 2272 400418885
163 1599 710314012
75 1938 472264747
129 732 86719731
179 1338 550222824
140 388 477072062
378 3885 897932888
214 2750 115951652
397 3750 937864094
151 921 750850884
40 221 867654584
93 1864 763020910
97 317 468911128
374 570 570070595
138 1879 975081851
174 3734 520474962
33 698 204828790
306 1176 434786461
293 2138 532121325
25 649 860755410
282 3923 719714672
244 2155 579689051
22 1800 789795873
247 2264 679073531
347 1069 836303623
103 1791 702703072
99 700 260087018
147 2017 151179799
48 3251 885614127
395 398 878692841
392 2069 554384254
349 2451 463588483
201 1972 116348831
76 2446 645029567
11 2802 408038018
316 1171 732691221
139 374 318434995
22 9 11483027
69 2808 84681944
184 1604 924635985
210 2349 119191611
245 2516 223873624
340 1413 508934400
74 1493 986712481
376 3515 413697079
144 3089 59683938
250 2905 118383155
22 3577 423960746
260 747 712257334
68 1410 589587697
375 3802 982412186
261 70 220792974
338 3677 512200036
128 2899 348168107
264 3157 311645041
241 1752 227464047
90 3212 994421435
356 3970 461648666
168 3067 323633610
134 2347 960524346
399 1656 82568582
55 2213 554326913
37 2332 115489506
215 920 662725173
182 2380 559811661
293 974 150587337
255 3728 976724136
387 752 350055374
339 3593 197215950
386 2941 545530598
331 2285 376439930
61 3886 385757358
82 1423 256748962
296 2510 336279647
266 2328 448989535
329 1851 903142450
319 803 245845859
190 1990 38563390
105 2211 892453049
174 1333 444709147
269 3302 352376305
96 966 516027252
166 2590 569317052
124 1433 386503281
246 2804 872690116
17 999 117316048
348 3948 411638227
77 2069 706761385
399 2031 320332652
375 3619 283926922
38 78 342927081
388 2519 671415299
5 3051 864240063
178 2698 591195004
369 3382 146573997
354 1652 83116200
259 2202 781703733
282 2991 21131175
10 2070 482685711
333 1985 258305918
139 3595 659520083
382 8 282243170
86 686 684625494
115 1376 364147318
222 1784 158390106
124 2161 983645003
94 1644 302127187
65 111 97719838
96 263 840633738
370 2142 67500796
110 1005 754599432
276 2529 194842961
233 3220 188112006
173 2266 917303387
177 16 284902098
276 3927 220579050
128 2123 101547592
32 3521 41184356
216 1260 762775514
317 2187 123580178
181 904 989620278
370 2815 695482758
207 3005 347487566
216 2564 71359509
267 1585 842476736
16 1771 778977331
261 2235 586577309
307 3580 548346627
250 3567 334937059
382 2034 61936217
314 2064 24515111
252 3827 579170460
243 287 600864985
134 1729 991106454
398 542 5169792
338 1713 778852917
113 10 206997767
206 1463 650986666
87 3988 523017037
179 1415 419651800
150 2028 880188064
146 3490 24296796
337 2189 205070942
388 3478 933352918
34 2494 127381280
285 149 550245486
372 1595 236470737
113 26 676276010
69 3750 878437855
103 1128 842529583
233 1508 376348932
332 744 5683658
358 3921 215319368
254 101 493204627
369 18 992575752
47 2149 322567725
314 3807 65047888
392 1971 937340653
139 2766 480136692
104 1635 982082066
387 3201 137686225
302 1799 885257354
88 3458 231626873
67 179 392299461
152 2427 708938393
97 3124 390373243
58 3410 729538682
272 3224 492902376
52 2272 718025005
20 2672 630466347
202 2080 815558828
53 3364 555066830
249 2033 922063478
255 60 734578472
374 2212 436885188
98 875 103418137
217 3798 573164578
311 1314 941540295
154 1315 749281334
338 3961 45110548
2 1472 63343999
327 1476 826765550
126 1310 999668210
117 1870 714657793
379 2654 72116482
277 1793 430761750
71 1280 687500742
66 3945 459958207
191 3231 606613922
170 3261 297275240
161 2148 993888900
311 3289 986788815
282 1354 75445899
275 200 390090857
232 1702 933708679
321 2183 309950595
373 2280 926057729
387 3052 448330519
353 3577 389482322
190 439 880016646
180 2993 452486659
177 1116 141147900
30 2232 848793417
193 3313 2537698
373 3091 749591024
34 553 641380283
398 369 487733172
31 589 299365470
295 291 470599483
202 3245 959464474
368 3920 554949353
77 2764 751292883
398 1824 294893017
201 3081 272518016
54 570 286584796
106 2144 358541965
187 327 582721114
199 1113 365927734
322 3497 959835801
103 2138 800643703
354 757 74618621
358 3886 588701244
189 1999 951899070
311 3437 327864811
377 767 773118456
311 2014 759150937
354 2332 42522016
186 2826 759982551
206 3027 52828816
73 3324 948791161
228 1599 213560676
165 2937 412480841
82 3878 826909945
197 3286 969591064
397 3434 250983112
360 2984 433296119
143 13 761202403
374 992 240579656
7 2331 122197607
174 25 427610705
255 3757 964460926
39 2596 999275567
271 2123 126053508
35 2865 80985970
334 3630 559147928
292 786 254268650
218 1918 846236187
282 947 140385656
125 2239 756230428
267 583 88618541
102 1515 955660990
176 3026 810025132
378 280 925934327
351 693 101397184
377 2201 360854095
364 481 592643661
159 3451 234885917
322 2465 172315743
169 3825 645598426
368 2494 518249303
272 1171 325728385
135 1174 53602770
216 3097 516478845
138 90 310190408
347 1105 265907253
326 510 688708593
212 3916 657675534
255 3706 961939258
144 978 714895104
197 99 328255551
56 919 157394695
388 1037 23942268
192 1102 174317891
250 3283 85133012
289 1582 243998152
14 518 860102233
215 469 972505193
78 1206 89726767
284 3122 637474907
231 4 838469794
216 3538 664565937
229 3601 863150257
1 2514 855255318
358 3146 43380978
140 1327 187165874
311 2915 393042470
168 1139 359142566
152 2266 638244058
216 3900 235994320
68 2304 59738186
280 1131 746673428
246 2432 786595639
23 1781 84533997
81 1283 427036346
17 3600 330347582
3 1143 669466174
18 1224 517941042
329 301 635909722
231 2398 151275649
180 3602 782966083
395 2731 502360097
337 2050 213095053
64 1991 162858132
140 1456 424870424
181 2464 937422064
158 3010 103749663
222 278 884119019
142 366 205705052
359 1899 755667661
249 3676 802145169
361 612 759260456
30 2545 699706659
294 2191 615545163
131 2754 379109664
114 2912 17110825
313 2168 429176067
191 620 761060680
223 200 47193271
324 940 257078423
74 209 89120305
71 233 960930731
339 2440 290148488
252 1701 436973221
307 3215 709474211
57 236 569408193
155 3620 131797913
34 2112 844939356
23 3776 49885516
259 642 338758478
103 3257 838202944
384 1779 279205209
240 910 22648856
42 3741 339467694
378 3208 327861450
339 2736 5607479
288 32 209993455
125 1861 719688461
261 138 481169227
292 1403 458053882
118 2264 677947162
161 1220 424789896
13 3823 246865106
17 3734 142730681
108 2236 407448082
303 60 993613027
92 906 14377396
24 1613 506710480
2 2775 290008504
346 481 682058075
232 3815 935707819
89 921 948666001
330 162 238468404
266 1534 80364968
74 3275 971125664
94 1368 749739803
174 1942 321600893
330 1411 585243341
24 706 203546340
265 3317 313456663
25 156 82254709
98 1178 575758521
300 3114 52033485
232 265 667979323
378 1959 198200354
95 324 153028847
289 136 126521523
147 702 283320753
388 600 639698332
20 1590 958973507
343 1014 886764519
196 993 37743806
47 3586 555018957
18 3191 731011970
157 3103 58253688
234 1210 395236187
174 3877 106623743
101 654 404801181
142 1924 29715390
194 587 286711476
94 3698 111445277
91 3300 459792178
366 2843 939075196
338 3528 984685831
276 2002 259885534
76 792 915056861
347 764 105375010
333 2169 598045902
234 1984 923269466
270 1318 391708883
375 3060 174650542
154 259 204844152
331 1380 445254680
153 3459 970133725
263 1290 587422605
110 508 320446263
166 2624 436313786
242 2390 409441158
237 1721 154229211
200 2660 817583138
326 215 474927861
389 1669 240369906
78 1863 609010563
178 888 363862795
341 1339 291120830
83 1150 976587069
132 899 873032679
178 2122 924409859
398 2951 716454961
11 1040 391760454
290 3698 906760495
129 3078 12969617
44 2286 761030546
350 10 948803976
339 3470 879511928
127 2763 986405644
233 995 806798684
126 2412 190128692
115 2975 184485670
382 3778 104865970
155 1321 886442580
200 2754 459287364
271 3094 500203686
2 1012 526397881
179 2148 606524388
347 21 122317417
103 239 192996141
354 240 174700731
187 3590 165216307
2 2545 702660634
167 806 38879636
133 80 186370745
273 79 45727716
70 1304 268258115
156 1988 920063254
163 724 659709875
124 743 523899369
298 165 171509013
108 1721 131509387
394 3736 697755278
354 539 353667057
386 2654 768081607
40 3085 196707146
197 2952 656508493
359 2816 230251612
27 17 592372500
63 3973 315461453
352 2745 135842358
137 3524 721665602
389 3315 999124602
326 393 393119807
45 2511 431766876
226 1780 588832165
178 1097 671207552
122 3265 196511147
230 649 399016770
248 3514 897612052
399 2378 304225940
6 3697 357399343
40 2151 88486250
4 1453 114813304
298 3244 70807912
35 2446 3938890
309 3949 980263270
359 3588 60610977
94 1913 152678968
357 16 102393511
231 950 710472113
37 2755 990041098
217 464 902605585
202 1117 340051141
321 2798 130796473
166 3906 652411994
333 3142 145539867
48 2464 910215717
145 1654 134230584
359 1517 132984282
171 2234 271409470
287 944 27698647
376 3654 448232696
35 1078 63836165
211 3969 81551351
264 6 812434001
133 2176 449077560
124 2462 167126550
343 2115 135605649
148 1254 395275815
13 2628 851795962
125 2696 696962105
213 3081 74662754
274 467 306200046
182 3672 687314355
247 3499 467198599
331 1206 419306851
29 3413 161010340
119 1366 498980206
354 199 516154827
398 3760 628070650
277 2579 764954845
281 3497 62216608
164 2460 647825977
206 1206 761211139
159 1764 858051820
161 69 117235342
238 2001 383589143
244 2330 900017780
116 3622 496437309
38 2617 40068344
342 1115 817280496
263 1321 265484098
115 1512 243986492
169 3600 900524541
84 2202 529313792
236 1233 558790047
377 3566 843069590
150 825 14435236
10 1317 627602453
107 3724 833742327
335 977 546921370
28 613 143186741
87 3226 273806321
299 2173 289346223
281 1354 215239870
345 677 235008474
9 1752 736909739
387 1209 961277219
148 1091 424213956
11 1128 657813115
338 679 153571055
147 3775 429195945
25 2891 113829843
399 2909 40553417
377 3245 81556863
153 3294 286084120
189 797 566662162
59 639 793665481
148 219 616131092
103 437 741098855
39 2999 138010731
350 3330 607471608
148 1724 825880757
111 502 745585392
300 642 732460216
190 3039 328235545
197 3330 23118830
360 2810 460627700
119 1256 714556178
55 2851 25514948
188 1834 895917774
388 1219 683933387
85 1720 530723085
299 3993 587319835
85 3402 303011819
140 671 940107831
89 969 874142946
116 3386 544591930
92 3275 839263216
307 2807 640747
306 2322 83528162
54 150 66479532
349 1558 749412004
338 35 459513423
150 3868 570121298
11 687 760258273
166 45 692150108
298 3187 5420805
260 1998 695175929
38 1424 771631429
120 416 392359563
54 961 806359038
168 1054 261931232
79 2353 120553545
14 2703 526567119
9 1198 203563738
296 2619 177399120
153 3361 424315831
199 1298 147607908
18 2859 764101527
276 1043 57911603
33 2389 242325241
182 1817 477799292
29 3072 405075186
21 3004 718008943
335 1406 735069167
238 3625 861197829
35 3936 673479487
96 88 311458714
227 732 123972963
81 3390 35003243
191 2243 103854599
124 803 688353575
315 3986 677509614
24 1257 925020491
80 1632 518790668
359 1139 176838853
190 1890 281129248
3 3580 638236553
237 1362 79111862
256 2950 226070769
129 2880 414422843
74 91 590548842
17 714 540946677
80 3028 862992438
273 1122 763109551
290 3553 774446659
353 3595 487828022
255 2122 466387351
77 1430 362213342
185 2467 718819629
306 2291 3598849
192 1111 780400112
73 1782 390956892
290 3512 502416475
374 746 322926534
79 1301 309268580
274 828 124882752
172 1640 953321135
283 2910 376391185
182 217 466321847
201 2402 807799221
23 541 106864089
65 1300 80087763
160 1370 105797525
75 3287 690164337
1 1635 445119030
194 3446 932839888
327 2131 518090842
46 2062 501852377
374 3884 613190856
291 3160 888470698
256 1177 22431129
327 1825 53493432
84 1385 280225652
283 3864 270923788
386 2039 988276972
27 3034 681951832
225 1440 2160352
82 1034 162112404
289 2979 745101826
306 1102 678319978
128 3508 225128337
112 3244 141775599
348 1464 116224718
49 2531 351364929
312 1061 368273797
103 905 429293610
332 293 801899089
381 1896 544408540
304 1980 971076606
219 597 380324344
186 1376 711373007
376 238 774120059
18 663 801926001
396 3286 256894594
332 725 405893690
307 1721 57335744
126 1181 865712659
358 2849 258938414
70 3673 873380721
255 2129 796253945
88 2606 992903665
340 2611 510704033
184 2779 629159053
325 1191 522943526
125 1108 815537002
333 275 910404582
146 3644 213143784
202 2130 523279313
231 2747 45865955
323 143 224432626
27 2299 778425267
308 3981 195575237
258 629 416068794
392 3117 983399205
146 3341 776037739
61 2056 118062180
375 1920 30345907
51 189 397253747
126 2155 586235901
86 3771 382627297
317 1104 243742927
36 3865 911436475
101 1482 749692683
220 589 855103294
241 2956 948946789
254 986 234216139
41 1997 301559980
40 2063 767739885
254 3808 131350369
83 2670 603397916
84 1314 455574274
306 2475 579609750
335 1564 118058107
95 89 197588412
181 1693 62078351
322 2213 478415794
165 617 816323433
126 3305 957238028
53 1144 423647537
293 872 60198660
128 1970 888162655
319 1100 56940522
190 2922 621898947
289 3623 465685649
45 2905 388755876
175 3984 530470029
328 1486 96708905
185 844 210144145
35 3914 992769858
166 318 258122394
37 3047 242230763
348 3790 120309575
22 704 645700844
123 3981 108427920
46 544 738729503
248 913 779040764
345 3379 533772895
173 1231 912400508
362 959 53261632
218 3889 292811668
399 2270 160093410
397 2288 381925059
210 586 104819540
285 3505 106542490
237 686 610972008
236 144 149246302
366 3946 883544182
283 486 916067717
146 1019 392585971
133 807 53139305
231 76 980687276
96 3110 283967967
267 2108 716871555
51 529 915102789
40 3552 379904440
136 1853 73028306
230 1688 499102753
69 3396 916605108
158 2250 369149879
12 985 9874390
276 393 845990066
79 1596 479436663
290 145 568837233
161 1520 881442735
187 2155 243322228
212 598 103927376
245 3502 750012216
128 3355 311960437
108 1038 652723617
16 3265 178954315
153 1105 1960359
239 3713 443330175
320 2717 436672114
265 1061 468094371
359 3742 262941873
15 1428 611341003
35 1862 929480073
388 2485 447897608
23 622 969159876
363 1020 771304545
142 149 370476634
137 2689 713555413
63 2982 256634460
232 641 259457021
42 2152 911563772
313 576 293751641
350 3129 540961666
368 219 209278867
53 671 625487950
379 325 155982067
357 2024 962658163
81 3026 63906827
201 2061 183900473
200 1682 323195493
133 1059 874898727
231 943 802804073
377 357 113053171
201 2519 604602880
389 914 154431832
290 3439 830048661
170 1748 864076199
323 1108 813706761
170 1211 977217755
72 2423 207998742
167 2137 869109257
122 1109 765963032
207 2002 356666421
245 1860 35839315
364 750 19968838
178 3281 500533220
91 336 619411859
233 3597 479327290
400 1448 186978334
311 1872 167699300
358 116 969030601
328 1011 238466956
159 3769 514162555
345 2493 898353046
210 3178 705140251
110 1726 281502875
126 2320 840019984
25 3907 99661774
174 1797 259179334
60 991 949891935
217 1123 767261904
20 3817 164713654
197 2236 760655889
221 660 796254694
169 1434 931082665
238 1476 762832617
193 3172 575934887
112 3550 822101172
389 572 138747677
293 1064 81449065
228 2570 167477843
291 3882 260325165
333 3696 948130440
333 3981 766470302
237 2935 907370024
93 3480 427609280
195 361 685669696
158 1654 370496423
270 655 389850508
347 1263 938067368
251 2283 724592558
109 805 399211253
328 2927 128316594
221 3598 245869738
391 4 482936497
111 2376 216056385
391 2439 758595104
300 809 67592664
81 553 65424011
222 1662 623100166
52 139 678910999
184 3517 257114705
145 418 939250535
288 439 298560944
38 2913 972362388
58 598 594577693
311 2998 705592918
193 2700 778801715
174 414 53500016
105 1085 856249673
126 2000 596047279
385 1295 235123927
18 2104 453662048
8 987 688980765
7 1283 586962436
116 702 672035818
10 3557 105317572
125 1818 672793580
254 903 651285046
351 2750 139048940
76 3590 744835509
318 769 221063408
309 1550 209982733
211 1861 234584934
398 886 395423824
240 2773 84393568
192 1571 917375882
65 3907 826392478
287 1583 324548275
334 2394 85719109
163 3755 866418832
274 2532 710862749
74 1954 696525525
8 2758 799359183
271 3799 990828337
298 1449 433286026
72 1253 197095969
365 1506 292923271
262 974 282528132
80 1605 853617851
146 423 209046959
218 1029 821390916
134 2802 445414617
182 568 418725214
47 196 539410443
68 3426 852896181
319 1779 498484953
246 1003 321651325
261 2022 279431158
165 2342 965397418
339 3888 349071331
229 3325 666344898
76 3850 72974817
190 3281 183895400
372 3864 80604911
371 2969 515897772
276 3713 734979294
291 1473 880566069
40 661 477280457
241 2927 571718590
104 2714 423100703
78 1980 946669081
336 3507 66086705
73 2444 873042744
189 677 644959542
136 97 431716932
48 847 210462795
282 449 744816470
278 2946 80593510
205 331 169692006
269 2139 997810433
149 1230 868717654
51 969 963794657
342 3160 69915873
161 904 389832137
285 1983 196464254
385 3162 5419731
315 1781 737619780
324 1219 185077248
140 3999 654815304
176 1045 497843200
235 2893 699755623
215 2987 797035910
322 830 629901115
60 1769 247526542
363 1846 124836333
180 2387 931966465
229 3696 157273535
315 2086 2903186
187 3547 77142964
57 2985 663112650
295 3639 278358454
380 3801 93613434
265 69 169146714
358 6 56860208
21 2700 284560990
300 3645 66717125
94 3742 260794772
305 3002 801663319
183 907 673952657
162 2746 509557481
400 406 489064031
140 3648 963211373
134 2948 593122585
367 2449 799252919
27 871 842155033
290 3064 130715613
158 28 62843675
336 3128 940440438
322 3393 531775352
259 2982 961861975
142 2557 551382273
239 420 574570921
35 3476 313701667
223 2520 915696586
175 1506 165460160
241 2423 713611929
252 2029 315191819
40 2908 444766640
353 925 376096458
97 2249 68878319
256 441 582547025
311 3925 197892099
221 2367 366428843
329 3108 662854237
391 3990 90426609
140 3068 603283747
373 2410 519180871
305 1614 400923185
338 2720 863170115
176 3670 183936646
366 3691 826201822
376 849 460907744
13 2818 830745876
347 899 35984935
289 868 479172947
372 406 106041175
12 2271 39026152
394 2365 272467182
347 2525 133436610
172 1637 925527679
163 366 651673307
48 2938 268079177
83 2573 223379415
333 1912 309227610
177 3753 365301459
359 314 829832844
3 288 540196955
265 2661 719387357
359 1974 397035805
275 84 110889192
70 2186 905428157
134 3039 423577147
138 727 316697791
75 3010 118268700
59 3530 813885477
315 1230 160139146
185 3938 713027391
325 3159 958189550
68 208 47878544
59 1633 636223867
325 186 770772715
360 1426 392539757
169 884 420993987
277 1064 47198409
337 3672 129505826
341 1263 178115469
336 3318 326112170
390 3054 339894262
155 1867 208082799
382 2587 818071695
380 1294 399166358
180 663 341614241
142 3358 406671387
182 3667 115968860
285 1678 746972278
167 2144 448289926
374 1115 754267527
293 2394 687645124
176 841 582582974
36 3597 3281966
258 1072 780259873
75 3741 666201851
110 1202 841562209
366 3845 833181136
55 3605 724132783
77 333 654488048
106 1555 105262942
358 2963 832304609
2 2450 942861234
96 533 556990180
323 3905 534187666
273 1893 56202974
197 1499 196964858
390 3010 413907680
49 1348 396508828
239 2239 41928595
130 462 504521829
180 429 226010045
103 1171 578259175
260 2811 821496539
267 3446 903362754
178 2555 627259470
63 191 353999548
84 189 531524311
391 2031 482170570
303 3868 403943955
394 3075 25042060
120 1200 668669300
318 1981 242571778
259 3278 953644533
226 503 906768679
141 2119 514663519
283 3167 113397451
385 3234 191610232
352 2569 154650694
258 1588 292872516
167 1584 908091706
126 2888 50283392
271 3817 268043053
225 2679 76235067
294 1966 564559895
53 3050 239268789
178 1854 322907021
174 3155 806963459
318 2421 427042648
192 3255 414352474
5 1 305032461
86 2958 896266520
98 241 470577977
26 1719 980720941
236 49 421666232
78 3537 753299930
365 2388 583932205
313 3107 618764603
132 366 15064780
99 310 388296128
219 3535 896513726
28 3692 594066505
10 140 475798353
384 1451 123977434
277 3668 574880769
77 2686 453889230
323 433 247518302
306 1760 118747207
102 833 356343643
121 2214 896584665
17 2158 214824604
190 323 301674686
296 311 860897396
165 980 548555700
100 1332 903515193
84 2211 957766613
277 683 831303861
299 3738 229685524
324 620 4728406
237 3720 81043386
201 1576 347085263
1 264 105613087
227 3002 529103179
387 932 536923621
178 737 115339458
285 815 946107490
369 2540 386708221
74 2166 582972010
177 3612 27165615
89 3573 77176857
158 487 970917474
259 3454 90898891
133 3882 522040543
369 2746 348651858
261 2559 168928557
129 1315 690089488
334 1752 999345579
260 12 581675337
51 2282 431943703
22 2028 733817896
8 2986 819578391
114 3512 978877241
210 1618 330409394
300 358 353389683
362 1502 298800561
341 2098 502857115
81 1162 861647319
158 1226 324215665
122 2015 344252938
277 1592 949019277
248 1115 977647693
179 1141 81023863
211 2853 953919565
210 3065 63262534
163 2089 5820247
177 2786 577562729
189 1291 985401837
387 1745 861385749
295 96 113534031
53 3564 262361859
334 1291 184858644
315 1423 954337855
357 2169 872117602
119 2877 724117400
79 495 862899406
370 2989 132816486
162 1729 44222960
246 3342 744409565
170 1138 582435453
171 909 938120158
295 1422 447391186
259 2173 720785829
167 1756 258747777
19 3816 915121448
345 1214 710710366
292 778 247017465
199 3803 796835053
327 424 295643573
197 1920 381548925
116 3941 643552155
248 3972 574113861
261 3067 939885142
225 3108 318164788
135 995 408090958
399 2944 742545550
267 1845 875556064
153 3937 149120095
387 325 468722601
26 187 880179496
182 2578 807731021
257 3152 114679595
151 3022 308239661
133 587 606415332
25 1320 45645178
148 3156 621569673
269 21 325149464
139 1135 727953166
396 3742 637309188
265 1776 434310229
89 2748 348882774
190 3630 839839897
345 1923 63200777
60 3378 471878839
203 1699 97051564
32 1923 838029942
224 1893 101596001
241 1637 793109317
24 3718 20608892
122 3556 37111604
186 765 294602250
15 269 141029215
38 40 987557439
303 1429 118083019
102 878 868473527
176 1866 292462824
193 1444 448293579
318 524 795760231
285 2106 904693342
273 270 48104581
395 3671 506121759
1 2990 482589012
179 2228 867049068
255 3807 694715329
384 2456 141224566
314 2106 132835823
69 176 958947486
373 2822 373487124
160 440 926416424
49 3663 135832141
227 280 677986856
123 3235 236820006
243 1781 714158567
333 2242 373927785
375 2658 181650111
172 3176 736460054
142 2897 625415678
90 1243 466988988
219 1744 827380753
361 3708 864409721
229 1525 717776810
251 725 339578599
147 2402 402027564
355 3440 173187216
83 584 302182137
172 2570 381401791
317 1160 270352344
180 73 994601329
95 2567 695751189
189 470 26916791
87 1256 567813985
267 1026 172983976
46 2438 799253432
146 2171 917298318
130 3287 273757751
9 302 832294044
16 327 219414940
145 3938 741516465
90 1210 49337671
275 969 853999355
29 1152 913962389
233 1692 251955788
187 2633 637210334
155 2313 998456396
29 2615 250206424
380 2065 312871328
187 2291 870591198
93 3775 161878776
390 2648 545985455
178 3031 947319084
74 2880 245331327
214 2611 685274087
160 1663 311085456
140 2419 3461481
336 255 151407192
387 3785 729244834
342 1716 708763914
39 1785 102817839
119 540 964617794
192 1625 600603009
44 2810 771685004
181 2024 980606201
184 807 146967505
318 1536 177840721
63 3566 736965523
224 808 944283720
231 492 22053783
91 3605 997318948
62 3930 30616301
304 3484 85909763
49 2862 85059722
336 749 307795649
123 2032 992953914
111 3957 911702418
120 7 530982968
108 458 890049712
216 3457 312728072
138 1856 399800530
305 1895 638166198
259 3206 905803504
322 337 383720899
272 680 819393822
92 288 787448832
120 1354 345177128
392 1986 373082290
92 2610 271197933
38 3988 34661749
176 2161 644752949
374 557 767213826
345 1421 85780791
22 1128 318693159
175 2068 276287031
110 3029 188472337
322 2069 732999089
196 1985 300779807
101 1481 404270149
343 3158 944531012
320 1207 459791239
304 2329 739799802
308 616 625842191
386 2940 193041422
216 2508 947711562
6 3630 184565796
219 1048 9386574
97 2113 995969683
33 3500 138273900
78 1843 552327092
169 421 51124010
227 342 53512058
169 3851 755783777
317 3899 220713863
369 3356 811702968
226 1509 129418572
136 504 651123994
66 1394 168092414
293 1422 418490220
50 3635 774077299
123 3917 515299555
236 3769 737547301
83 3967 998320804
28 2404 213894610
315 607 244235061
325 2780 180025950
58 216 37545994
239 136 845452304
329 35 437687323
318 2336 133756646
169 2315 653284895
184 1531 508687070
78 828 268781441
236 1096 268218315
57 3327 955894118
384 3450 293428507
287 499 36962340
66 1023 63615617
69 2299 201283277
174 3668 854506681
216 3054 640922496
135 841 659118068
170 3171 759651618
262 1814 106046210
342 1970 362193828
60 1800 376534445
318 1443 757604739
252 3127 420128421
260 3867 922756166
233 1531 855265754
243 2666 548606271
43 3158 231000307
121 2089 532584670
78 2207 102255418
277 1627 729589366
186 347 688185261
167 2371 210921132
77 1162 974146895
271 3508 177882553
81 3013 292128378
392 3708 253681909
338 3752 850934192
71 2291 633822104
202 1201 356744849
386 3349 338263128
148 3947 123998922
363 962 734260427
124 1272 980902669
316 1672 255983605
142 3813 452502087
390 2928 195220152
67 3929 540851682
54 3710 226689571
350 1748 126539914
238 1366 135884495
65 1042 523523821
357 2789 248704988
19 1959 22993247
340 877 814208916
230 2676 288148443
119 3101 290922995
63 678 770392799
207 3631 146734999
113 826 305548875
246 1979 983005886
290 1108 363725296
15 3618 322070890
159 2485 63644759
171 1033 523754747
387 1072 731827763
41 794 531591687
4 3565 277954146
263 3272 277781311
196 3939 473506753
46 1966 975423373
216 3253 883438472
78 1989 758168399
10 3942 633093433
345 3295 360730086
304 2912 299957105
71 2872 574827329
208 2823 241446681
48 1086 359558902
195 2260 701998219
368 115 457699672
343 3118 173742869
90 385 41162598
219 1490 779233424
331 1454 129014513
349 705 16950839
27 2079 71701238
230 1625 152157694
396 1426 568918821
278 3602 127779132
146 2964 951951406
310 1984 78232695
98 1710 153321437
21 2249 252575212
224 468 432618381
364 266 677151778
194 469 473266228
161 2738 345059974
84 3411 280671799
56 897 566833289
342 1530 815997465
4 2394 2352276
203 2285 474737419
328 3249 970050157
308 3276 269213762
337 2771 403344835
60 2472 431523604
381 2810 227341980
388 870 665055525
384 3655 777056076
322 1428 4980385
16 309 494598388
252 3283 14531933
78 2644 797019191
130 1678 522577254
247 3158 396374560
93 1379 386058184
253 3772 7265712
334 1949 713865828
293 2542 209215424
40 3433 108007906
181 3691 164298323
332 1722 573618816
30 341 657134687
347 611 833054648
258 2351 382350533
225 3386 635438835
162 1169 779955384
184 3822 360379708
237 1692 348460638
190 704 992048514
345 2019 377416317
314 3190 265957797
323 2739 4193559
135 3842 614115421
295 2975 870815620
206 3717 175402989
111 426 708778780
319 2828 392288732
175 1850 303357573
320 1307 35387522
160 1629 474697288
367 2199 959383039
359 430 121049997
70 3503 190950532
329 3650 589459581
4 3195 645415561
21 3837 647153361
252 2391 2482473
271 1928 711106770
221 3324 468438967
390 3479 767020581
236 3479 1209168
183 1809 134480560
296 2442 47989377
88 2194 61639560
101 3310 509685703
152 1665 793277397
280 2827 395864327
182 1993 801523624
76 1220 164706429
47 2176 274924022
400 3021 727897584
124 114 77163919
330 588 167494377
266 3042 673563424
106 1660 767916728
15 3062 746313036
203 1 28790283
210 3838 701111971
22 899 184707095
27 1293 855404218
18 2559 217216769
55 3780 631212892
280 2018 997628528
74 3814 621281886
94 630 547480854
246 3156 576368891
181 2797 791458907
128 1071 309835532
83 3347 453350203
61 3864 150243976
137 1790 451452586
384 2999 936342222
240 1408 37511248
274 3751 409610047
390 1774 386469858
208 3208 446350620
35 2213 514781228
399 3711 287036872
157 3820 806250141
144 388 997844771
381 681 272644695
144 1374 511824813
127 10 43086180
345 2876 195586772
317 1248 785084931
138 4 199769594
266 3758 117319929
184 1992 314700628
215 847 178501300
66 2764 299444658
103 101 77716230
189 3205 557786896
378 3102 813186861
141 3557 225390209
111 2391 866955270
328 2178 829118491
208 533 483475706
76 546 733669689
222 2224 39849614
13 1590 107658765
243 1603 293846787
107 1648 551766604
322 1451 956407017
174 97 540807382
13 1778 848158439
66 2730 863766656
59 395 352544733
164 1499 837381662
359 1214 105467969
41 1102 893875063
248 1624 143818978
1 214 639395844
256 3813 443725111
21 992 699580803
250 692 719343157
138 3571 22393844
317 3478 651891201
102 329 254986615
29 3250 672480192
197 2707 418264342
44 2982 945219212
125 1962 28058923
378 22 310486224
393 698 637683226
203 1129 10368134
321 530 830478521
41 472 66155590
162 3800 243966349
203 2753 32571915
366 1278 104846834
351 3529 360818688
4 1536 425490121
345 1884 783224338
22 234 857994524
200 1785 55545878
262 3381 963963423
345 1379 675519697
10 67 570979999
207 138 968869520
275 2700 666778177
17 605 849558123
89 2181 322881511
37 1325 487020400
187 1974 299725234
245 2100 761730804
185 1241 655256466
125 1322 184001551
178 2024 517627228
249 2784 518986090
177 2343 965424592
372 2264 108784394
395 1766 456969214
364 3813 150490577
296 402 553226055
123 1646 204254785
327 856 166529000
333 1636 513042407
359 3028 191423089
295 68 524113590
44 465 227246976
342 452 930309331
65 3310 838032339
180 3613 23309999
316 3867 1262917
296 1575 307823232
284 3956 329111765
380 3334 263626369
254 3873 573946666
219 2244 405670424
113 340 537357538
333 1451 758974226
325 3638 487991802
226 1274 476888330
130 1964 720477577
371 470 935850823
109 1768 758470105
285 927 346093150
169 3280 453339731
102 2072 991195006
271 73 422239073
324 3914 365781052
131 2904 987663709
113 818 721746236
10 1693 134339975
399 3411 214143190
45 2649 335602676
243 3731 9211960
166 1869 837898273
34 775 397120523
204 2295 285069655
362 2811 809619851
378 984 997599254
202 547 286136937
97 2876 994521112
335 2242 868208217
11 2083 627338413
335 1843 837095530
100 3406 390369889
69 464 874784583
209 2369 676628232
314 190 573214633
186 1548 294127403
222 1636 933059958
106 2647 395090177
356 2992 803332988
84 2134 700602348
231 1993 46149811
22 1018 420715785
23 2547 822554742
334 959 171901749
345 2645 831869538
295 2944 599999696
73 1748 347755032
175 2989 763469168
48 1022 873380884
233 64 731505410
241 436 430765594
294 1012 768286736
37 3205 212716253
361 2314 719514775
342 117 19221138
200 2444 32796234
378 898 463938869
241 1548 32300908
92 509 859762432
267 3656 459934276
100 2082 556361142
239 3451 181500744
339 747 708594496
380 3976 50625788
356 3650 496049997
203 99 306953636
268 3796 20095909
316 2476 967884235
108 421 166501312
389 2963 169186802
234 1610 907466471
25 1012 254428292
93 1701 596730709
136 1396 633880558
377 1120 740356619
288 3911 145413479
348 1311 430678143
63 3452 821402308
13 3457 431403242
33 1015 507720834
340 3987 703166992
104 1348 827602154
329 666 885633321
390 405 5462804
335 202 249854118
146 1674 769583394
236 3788 568680954
165 2881 941550612
40 3444 158534323
274 3739 175608298
64 3157 999658235
394 1379 491427462
250 1575 886171259
218 2721 419159306
257 2637 803956422
206 3986 205576508
216 2389 128640972
208 160 472721723
244 3210 586504801
271 2543 305561391
40 854 765886449
121 3678 7039512
377 2791 810722174
302 2258 574100546
37 3527 651575487
103 1392 577208799
221 2936 566346477
243 3742 331189684
85 3795 33736038
364 403 998625448
75 2766 279355698
110 3698 849748202
225 1448 97300137
196 3105 59454647
44 35 302305397
302 1343 791446582
185 3042 199153630
368 1359 309355555
242 1514 357229102
99 1747 633120560
319 2993 743523944
127 3268 230604497
120 518 550604949
188 223 229221442
27 1141 841038309
292 3587 388608981
286 3212 136397235
6 1517 541210249
202 3513 566847386
66 3739 802105841
78 3538 534000443
82 2981 338279938
127 1948 207454349
121 3542 142403572
379 144 154719346
323 2935 682929596
381 3872 284104286
85 2942 950097176
379 3842 768371044
340 3939 294356244
124 2619 549913799
249 3836 525328870
55 461 866601251
29 1365 441741705
61 1914 897602931
339 2121 673542546
398 2509 64011228
216 3825 882849706
125 1118 90673976
276 2063 277234444
142 3833 792744042
345 2649 177040446
382 2197 612408645
215 1566 952539084
371 755 469768531
351 1575 122257289
232 3036 701369565
175 2594 989051522
12 193 673732025
85 2136 626598514
9 1575 177619323
363 1925 494251905
3 830 178315427
2 3739 212604022
192 1416 660488084
389 299 847035896
1 1160 900405238
309 197 301316906
35 320 440366300
387 1235 111853074
15 1433 171162527
19 3779 747863663
75 3267 92329782
81 3884 727125407
116 1142 422773736
213 1555 340801154
224 3804 599086618
316 176 512417376
377 2534 841906670
198 2491 825368129
79 1415 979520718
65 2300 989294069
42 1893 264213318
351 2404 241452311
178 3619 844612860
351 2486 912340974
296 3650 131362279
174 1295 712863311
379 429 929392885
10 3484 866060368
57 941 877810194
381 1838 735499650
329 2552 942361756
243 3064 658751581
281 1365 104427293
224 3710 662087404
194 2814 618646112
370 3980 68666861
254 1565 175000840
142 1419 82248863
255 162 855406434
226 309 535426437
193 626 390356819
259 3390 485960120
212 2784 500470895
154 1717 82694922
388 599 429252500
294 2261 167991577
162 2097 83845927
345 485 676905135
187 235 22603233
93 3961 298153925
112 1654 784111525
361 3704 29811611
210 1296 778832390
375 3404 443058611
143 483 862753683
109 1471 581248114
195 3345 125295251
116 1874 304312441
59 1287 302280795
85 1929 548132070
74 3088 61878240
294 3091 683215822
15 3340 764273171
130 2334 790345382
393 3874 276274976
3 3656 668897849
367 1578 561577605
166 2419 440722244
233 1690 89819498
154 2708 272197546
74 2562 811529315
272 3333 219187462
146 3113 223482526
379 1593 413606258
322 3675 2226591
20 1927 237118010
379 830 883698068
117 209 819659893
196 715 461316684
29 1835 903480211
156 3840 973561475
235 375 257619101
241 1643 466551747
95 3699 582561121
295 3231 605287075
99 1467 398457122
342 3456 736163170
1 757 238026080
223 2577 931496416
382 2611 557232444
377 2214 492265635
168 287 830046942
156 1197 89000339
350 408 42396485
365 2008 731497228
32 864 789930109
361 1237 107954311
95 2340 273724581
218 2205 867856453
126 433 469914068
305 2259 17486770
327 3590 783594161
316 3081 525267542
261 3564 320272244
221 2550 162458139
341 3105 582878649
40 2509 387044063
137 2845 723079528
19 119 814624676
188 3468 648438207
344 2123 342491318
165 1766 275899376
99 1424 973979447
199 867 577428754
7 491 35279556
49 1866 974406887
353 1155 501398522
314 1906 477129739
21 3088 714337635
201 3377 643138344
210 687 556766473
372 2483 639621978
162 1867 744273578
192 2857 139252694
218 3774 957834018
240 2649 845833821
342 766 343843877
369 1696 278434480
286 1405 421742528
181 1271 272340336
198 93 210436940
36 2090 594797569
165 1746 877970838
5 1627 448267595
340 3770 210874400
321 410 856540887
5 804 517079758
348 2832 891565227
326 807 718684321
294 77 951018955
119 1100 545063965
28 1335 132145494
213 279 68730617
2 577 545310471
226 1484 2404710
315 2498 807074491
269 2720 15318058
7 3174 746544053
124 1719 132349037
81 2634 258802848
384 1065 723798221
21 2923 77952289
104 2966 4282433
48 1189 231227242
86 951 39969840
338 2593 571650644
339 3828 131457205
197 3035 904756203
171 1784 121779598
376 1561 148898323
46 979 239524520
238 1331 377329545
238 2791 804614444
298 3494 947569584
382 74 315760964
298 283 256223573
282 2370 443786955
397 2602 714266648
195 842 461234784
152 1313 120592641
254 462 53263003
96 583 929850417
340 3775 471925781
145 2250 894760098
213 3809 922078999
45 3693 644944682
259 3756 147177203
177 1585 493990740
26 301 802237011
137 3192 541441422
102 872 202536635
73 619 343741593
110 914 412234538
12 1000 331947903
198 2184 394565724
192 344 58358261
80 228 834754134
49 1071 449135907
105 3847 558566624
246 342 260145360
213 2413 597019655
80 1082 71732121
302 2031 18997515
101 1478 279783885
85 2354 156080237
86 3511 913622392
229 1213 488431336
96 3071 331297466
312 3818 633265633
191 3621 316152609
49 3867 571908464
211 1075 493381081
59 1581 512270589
91 684 58289854
265 828 294514138
137 1592 220712065
35 3277 131074419
13 382 551329835
64 2007 362605418
255 1444 186470519
107 3502 436922676
344 1188 340678002
151 3523 859498409
174 825 382670306
60 729 826329328
212 2309 338283389
12 915 569398854
293 1896 557010825
308 2314 419095344
386 3921 476206125
159 2257 895799491
45 2499 115470680
212 2796 255082910
338 1568 781340895
304 1031 850337673
41 1797 109368774
136 1821 381593200
212 550 360036744
79 2895 184244119
52 3846 602908669
302 2793 884559047
177 2236 560394479
326 2120 266418368
105 1447 245367082
16 2483 759392455
265 3325 380024528
253 174 134266007
264 1019 237853356
391 1522 711559445
176 2154 512146045
45 1781 688884795
233 2105 318745861
210 1060 325554244
242 2662 30448654
318 3347 311797317
315 2031 825747979
233 3430 142553668
82 3421 51067196
353 3782 246537091
200 3479 67271036
157 3160 711689283
57 1610 533299782
145 1636 278422110
53 825 84309373
295 1996 894514713
71 3610 985752730
395 420 718936664
335 1326 561945572
292 2356 256867823
324 153 989652569
178 2298 372748428
342 2274 568534793
78 857 720141435
264 2765 515974848
115 3641 274385451
26 1674 363715093
209 3868 991086283
83 44 526777307
190 2461 628289017
300 3348 332853934
396 153 244937410
48 3875 167479647
378 3062 825732815
237 3965 824507803
94 3793 847073552
80 1843 304432400
2 1285 609437634
130 3801 21536838
399 3944 467513056
5 2199 493346879
318 1393 973509820
156 2204 109617975
363 2278 400979232
54 589 99801774
64 3100 49760593
36 2299 584751381
244 2255 569194579
46 460 649208185
4 1890 878164894
82 310 755730822
194 3068 261054316
100 3015 400719883
211 220 956014756
347 658 171491463
235 3460 271003421
67 106 586158433
187 1967 684223975
283 1224 92347135
86 2101 257732421
116 3501 124191434
184 3087 361968211
197 3477 171270544
379 1231 650119182
369 3100 87752869
189 3867 374594476
299 462 254136832
41 3218 267576080
221 812 135709032
321 641 644760891
314 556 806115014
347 3723 172053305
59 1124 500446391
213 1796 503374973
14 1720 76482578
203 728 59587598
117 404 83155055
323 1812 456386542
397 3001 811531424
357 1094 908538742
27 3679 102417081
110 3508 293659467
379 2981 245260039
327 3590 571114528
366 2458 257067164
43 3940 543038619
167 2690 462114209
103 1411 934702708
278 2033 409265949
121 3187 821084493
95 2432 228978679
282 2941 421797880
287 778 481127996
190 3487 886155472
93 2536 910821420
128 1322 263800073
64 3799 192814101
354 2268 335385255
256 1796 701903952
167 1281 662469031
297 287 106917886
98 1341 452337154
151 2832 975254552
80 237 490758314
114 1670 633009385
218 3581 496556655
48 3187 425640511
150 351 445996145
286 2402 61272566
29 2037 73055241
68 2599 588812491
71 975 790308367
34 8 957755795
209 842 315628599
88 81 882658505
341 278 313051789
200 3650 454283968
17 2817 35104857
187 3444 821838318
72 581 26028993
293 1424 893154479
21 2046 308221408
207 2888 371710802
255 3761 296215022
188 2405 999730590
34 391 745749968
29 3100 789610013
176 2672 758642447
322 414 868436084
249 3281 870573593
295 675 505930221
98 1626 223195172
86 2718 91086647
224 3534 260503656
391 1432 213662427
279 648 210870386
6 2694 14176863
207 256 582496035
147 3641 543384746
151 2282 481706503
365 2697 302914197
23 3868 967372600
214 3472 943674998
3 1807 760207745
349 204 417572123
36 1737 414119471
75 864 291043415
118 1001 41393861
280 1263 2834881
120 1892 159030712
65 2231 579719556
3 619 633484078
301 3788 585235949
24 2957 77510820
95 3198 907862081
27 3823 919126206
148 2493 509983289
263 1552 539448872
362 978 151039629
268 1245 747383635
379 693 127164023
86 710 89367013
14 3177 207218889
222 3391 802152893
38 3659 86948303
175 2723 272979645
257 1010 480538651
72 109 2876610
180 2723 253406987
210 739 528631834
222 1778 619520170
383 2858 76115954
32 3879 373834054
47 922 324479483
65 1391 833924699
179 1893 307504298
202 2485 74127276
276 2116 59465803
66 2406 591584186
298 3915 310994838
163 2309 69829726
329 3926 588396203
132 638 157047136
166 828 269124041
23 3340 37216777
120 1243 464803456
31 3534 8348378
186 1288 153684156
151 3392 963574858
70 469 56993930
11 1976 301768560
396 2942 868967160
248 3688 25746431
388 924 772879095
209 523 772884241
113 1776 40287676
342 813 279117081
91 2468 902514098
298 1809 200532046
389 2589 21588556
237 1342 930251019
82 2801 428581406
297 1247 902582919
92 1494 182950663
263 3883 702602860
290 1999 898162784
178 3210 916594106
65 63 312938591
228 478 555049475
278 2277 537624758
278 2293 514212542
230 351 143626083
115 1902 94865746
208 2230 789259136
341 57 672645679
147 960 77051675
277 100 6764624
55 2854 402107359
120 1409 944147104
239 2289 378511919
340 684 989108842
55 2335 88593798
84 2140 834731806
222 873 566755728
206 2406 863691447
235 419 145882349
169 186 294136719
214 2264 179339991
126 305 689316246
158 3775 286104803
48 1968 953171286
283 78 284687232
19 2937 152344153
135 2453 522283793
68 3288 219812542
239 493 474136365
385 23 140521808
36 764 815581068
207 1092 627853762
268 462 803338313
194 2765 174625063
266 1080 34109141
369 2244 58736891
233 213 267903367
71 1556 371765478
1 3085 360867565
324 1114 465938339
357 101 73596956
208 3908 229701064
295 472 546594957
274 3840 285899185
320 2342 713641055
307 162 293986711
387 347 775571009
290 2694 917526696
168 1550 642274882
83 2003 165899778
118 3436 990515355
229 2922 230958942
4 2417 245713269
206 2102 125532465
73 566 465192383
265 3530 561545057
274 2793 863424589
194 3094 280894522
174 1052 989744087
278 555 999200409
256 358 797960252
216 1004 487472154
222 3885 197204668
119 1238 537103685
37 290 944370835
335 3281 162588698
169 2759 676878434
306 1603 156495349
265 3855 404038313
132 367 699082453
61 174 808493689
295 2004 522704732
350 3967 988993291
331 395 429862982
265 1616 912469337
256 1459 961680636
302 304 150683660
60 1631 567295835
262 3738 764261770
29 2378 666961093
166 2114 87639509
239 3663 48083323
72 3655 618303218
380 744 169789693
212 3988 681115459
344 3084 405664602
288 3310 140328168
372 1084 98194894
60 3898 603687508
32 3090 318736323
250 816 6954902
134 439 922769438
245 606 9846592
194 3038 125470931
293 657 630696321
266 1450 112725008
209 1519 605456722
1 2125 586589250
127 215 129570999
250 1875 278617548
143 204 325197482
281 500 16397077
188 3695 917308418
151 3947 587652416
52 767 282227132
263 434 214541907
198 1280 696391085
299 609 606747538
9 797 291133166
136 1599 139715770
308 2722 819819380
172 571 600682093
85 1460 619245564
71 426 704258188
349 234 277874824
244 2245 966101812
398 131 102817037
229 2434 218565028
79 1920 270024185
39 1479 256397427
204 3821 55570088
173 1366 701849515
137 3621 711458835
109 2316 129606904
345 3229 37006014
132 2018 607920553
192 1779 976142361
341 3691 751245899
332 433 751527699
342 2646 259267331
77 2726 903886351
15 2862 105364720
136 2297 913849605
78 636 75032074
108 1768 852403614
240 304 929647683
81 3858 410673084
134 3548 96673682
320 1833 126221059
125 1051 259326422
179 53 404168083
60 2649 243602168
191 455 372705916
276 2687 319007091
168 2613 288786706
285 2153 678299861
389 509 8502564
206 74 888595617
62 2782 292922713
46 2063 77574752
105 2782 5093485
264 1980 570293762
277 1575 683294085
10 2688 749563310
219 28 237433425
232 1792 447527196
302 1180 124782394
395 1211 176575813
355 3017 557071595
325 1749 480155317
119 1193 996780850
120 1095 147742461
351 1731 941772071
22 1507 340532985
69 1961 978330320
33 428 745809074
230 1628 569693501
30 1571 431498632
205 1097 362302267
199 946 433057654
325 2086 16589927
47 3401 667549986
239 2117 684898265
29 3853 942266673
375 704 429992498
237 293 702931478
256 698 972643011
13 284 811429422
210 1098 71573187
281 594 570231371
352 3126 903539420
137 3954 436385246
22 47 391550638
24 1426 410130185
22 991 977961053
63 1736 961964615
319 3495 494909590
159 2318 115582167
379 1058 313441244
179 2501 424940861
223 1933 4423365
303 1195 956134268
328 2207 156634523
21 3469 928988918
364 2329 435836820
203 1320 448777638
316 2840 242944757
211 3797 116931922
176 3260 761468712
71 2926 138955099
116 3420 920090680
49 3675 466290742
60 2175 219359778
94 2092 39504066
187 420 555062662
5 551 110745923
376 1187 777653690
338 2884 483507915
59 2114 941055495
84 1768 438450389
317 1212 774416196
195 3422 141578347
221 2065 707230217
275 2879 215406334
282 618 922854055
335 3403 900075566
225 2123 143333168
293 471 628631863
399 344 17383666
99 819 187140194
45 3597 366998102
142 3974 235687434
243 3211 904982862
61 1465 203737062
141 2968 783712434
309 1433 469501712
1 364 685879920
188 1820 463739772
148 1175 762074380
317 297 272167376
66 161 464589811
101 182 371655338
249 2532 835080603
347 2786 405515483
250 2811 195194775
163 613 761737351
296 1972 481850551
224 698 412670646
257 339 196750758
9 2580 493150969
346 590 709062020
115 902 732443799
294 3300 7902807
90 1992 289167366
6 511 94306563
143 1257 332406562
243 2726 783695296
301 3247 10306164
321 4000 377168600
90 1102 158313127
159 1019 767368527
178 1316 117740555
355 3246 842531277
276 583 880664766
329 2999 112151755
222 413 73266640
199 623 594000406
366 1524 380624050
323 753 149702271
199 2330 234200720
132 2179 309727563
140 3853 239179106
319 2303 463985893
32 1699 173851543
271 2440 1183989
169 3684 552036173
279 1663 223963879
49 1786 439982563
15 928 615124361
41 2612 542595836
348 2609 951949672
33 1030 528428318
338 1381 535631527
305 3083 303229747
347 3293 753535958
151 3591 183290003
312 3825 888500241
258 76 111790743
262 3530 750279438
17 848 493293227
230 3974 812914646
309 3067 640246607
34 1151 264648607
347 583 873239530
189 2695 395194338
187 281 4969879
129 1333 212394347
5 3369 136097654
91 3611 758095265
333 2942 865168159
398 1895 34467866
299 43 68587741
168 2760 63912404
372 3103 210551801
71 2661 383794612
142 154 834285070
127 2065 539523979
8 1395 703131104
36 463 769631125
283 1827 249404602
125 721 484323622
350 1365 906909229
337 471 42947478
283 2571 80592215
160 352 557368055
222 1381 339457463
351 263 719240574
102 3280 271805496
110 3292 426635461
172 1743 480932020
379 200 161068492
160 3944 533100000
271 1556 772711080
322 1546 11287771
325 792 420585277
134 1859 994427524
9 2457 591174110
197 1160 390054297
384 1640 820697864
40 3777 704153434
38 763 778404262
296 81 597077572
151 957 532007791
66 3287 693089667
264 2636 348605418
254 452 736783264
19 3580 244623481
331 2837 368564299
330 3230 665004942
175 760 93757098
211 1492 258509674
301 2848 486256257
332 2015 529588084
155 573 447601109
175 1065 593627826
233 116 987920746
390 1862 197038041
397 2745 58240475
266 2889 224105776
86 316 221229092
334 3016 817842912
391 2617 593571273
157 3085 578220974
208 581 341396762
400 788 220032873
29 298 388562875
340 2252 649868139
309 1708 756026152
331 1308 653703046
19 643 707554075
253 206 286915723
398 1912 530695696
250 1852 219474115
270 1732 218006169
271 2252 122426951
41 504 763856924
292 3439 24827650
338 2201 455092437
325 1297 283886647
111 2920 715280395
215 2031 939730142
83 6 857776510
233 1611 819750927
213 3387 103539020
44 979 170597409
80 1070 962499654
292 1870 745859054
88 3433 467923826
222 3423 60511824
343 994 168780198
109 1424 497605013
48 1604 98537963
104 2049 989042680
225 666 470973799
309 151 916600780
150 2283 505979837
344 955 285404576
13 2308 508891209
14 1220 208621040
79 1101 990073031
219 1545 999233888
115 3619 119847011
107 685 149354781
80 3104 28552890
356 586 207602574
135 1873 593558414
7 2974 66312054
5 2633 528218811
48 1282 227762933
96 1703 267763039
63 1835 188713928
85 294 339230053
216 1358 876328521
89 718 288966554
379 406 690400820
316 2439 834465015
38 424 676269584
156 636 388867204
150 2878 608203838
184 1862 386801726
79 3930 250798180
61 923 591733471
244 703 346170223
232 1731 367053985
198 3665 651543563
218 2167 261131374
368 3225 591404506
203 3961 317368851
181 2997 559926136
307 511 148008706
219 2377 939347747
389 3899 675096538
45 3110 945434592
305 2811 496407719
105 220 231877848
29 3291 311548415
342 123 550158588
101 1629 5838870
91 2986 703484400
277 3438 551555907
343 572 269583582
326 319 938065042
206 3592 269527219
138 2065 326867537
248 1502 426820194
229 1407 355489948
62 625 71833349
90 881 260070510
249 3849 82802827
10 142 189646253
379 3189 241709033
139 3335 776212788
135 2002 909124105
141 2043 711643853
203 2168 867880740
3 2511 454426240
159 3141 730043512
291 760 933964604
159 3070 94126981
348 503 812574527
16 2317 966023835
229 540 581969176
393 3863 112688908
348 3676 729633
352 520 103646784
302 1803 707074844
210 1381 622936356
332 3588 66848940
282 3996 598680736
192 2373 793758903
67 1997 693316846
72 875 773011998
268 187 505388118
284 1651 319490998
400 3410 740072434
141 2773 977161818
114 3699 489997094
61 2364 628629201
355 353 456863195
179 595 975792966
141 3498 559252445
219 1164 95110243
216 2856 65578765
242 104 934374136
324 3058 859381009
47 81 25604642
115 1407 409914161
199 987 745608491
8 387 6806745
338 3278 370870535
153 1052 672165266
133 2489 355460132
346 834 863284262
310 728 660278776
72 3251 886137594
297 1868 272275706
48 1806 391160516
237 3409 314264481
41 3343 460556241
216 3706 743153253
330 48 328105807
329 2885 927483446
32 3123 157153084
340 3991 39296475
241 289 108218875
302 294 332377218
131 3708 248736792
305 3429 455898729
280 1651 339646983
154 2972 776721612
208 3291 315271826
45 1611 996944023
187 2598 265476335
77 2497 958307213
338 1697 935856476
206 1474 539468326
335 2930 758629038
241 2689 70384696
325 1076 299288655
99 406 115150795
111 2998 217151009
125 3857 104251830
231 3887 310168055
63 2152 175396052
128 3444 235386850
218 206 547066658
273 2262 849964086
297 955 69504637
329 2373 462100108
65 800 785182455
354 1939 89049157
184 2669 303813420
154 3843 311525356
316 546 807176707
309 594 80501724
306 883 335387644
243 2316 264985394
107 1231 628896787
211 2358 83840528
31 438 761824277
114 1722 795899711
301 2639 193827006
382 2815 746350851
210 1179 275686403
330 1347 348768446
114 1829 254055566
397 3407 796958848
163 36 656085003
132 3452 907315086
350 959 43565886
10 3220 720542335
227 3960 548936770
186 1295 366968259
50 767 242141608
91 1201 143935351
235 161 521906483
108 863 950577707
78 2065 448818682
230 3051 840750613
212 3937 209000337
181 3841 553051804
257 2642 677794719
262 86 814912945
310 2932 280697515
6 2155 673767421
193 94 10366576
157 2965 74488726
51 968 622791086
171 1702 285277983
105 709 533448733
39 2752 876585912
164 1810 827229067
250 545 920280077
347 2883 765027408
101 3378 161543939
325 474 64494005
268 261 170587117
73 3670 289577265
214 1039 599400909
39 2148 757406391
179 2251 730377977
59 519 866743080
330 3505 372298216
398 727 446670997
318 717 656969070
306 3956 689806790
225 3271 326559259
301 352 943160227
324 2507 601779881
168 2642 558470905
320 121 152092793
379 3348 299991219
339 695 1825412
262 1090 437460350
347 45 774726485
202 3233 541264070
54 397 811210863
132 3127 880008237
276 49 344874005
222 2169 227765096
241 2741 632164037
193 232 120950715
199 2108 52553149
358 506 242679152
47 1091 166228129
117 2637 392825711
86 421 497777447
336 2005 482855881
394 2351 911390331
13 3425 555600656
160 3630 968553150
218 1492 305675056
151 423 922635033
39 1462 394217574
285 1073 469306724
303 2203 280441559
267 1683 528807479
177 1012 155739953
196 3593 942280427
67 1679 501305391
182 104 219191613
140 2595 446396177
200 1644 757010890
160 1830 641698472
49 2180 860114027
365 528 886676791
371 3592 890075896
75 2062 65722217
177 3255 849359894
395 3286 187169807
81 3904 272553341
233 3510 44060987
263 1783 288118674
384 215 358848708
248 2193 671899617
89 1570 809414963
183 1824 893592028
132 2663 289389476
264 3490 289487566
123 3215 213502336
58 272 208371590
11 2599 343150965
85 2996 9176690
10 2983 665020526
19 694 373939705
226 3555 674771283
380 2754 159024123
309 894 115019523
122 657 918058958
307 2571 484372299
381 2632 288558305
108 3886 949404713
367 78 84267287
397 330 232932191
93 3799 123325563
140 3408 306488162
324 2170 559431968
70 57 396712672
19 2834 593448324
295 3428 892779248
378 2953 380392233
28 1455 759415097
194 2633 866599240
262 2369 528010695
228 2211 801755760
99 3851 590715516
62 2679 900116789
251 1090 616386487
273 1466 355943864
210 1744 727545334
136 2395 682306594
383 3697 69465818
281 2906 317656255
302 3052 33896304
110 458 951722853
246 105 734235332
214 2854 919179803
299 3078 768873751
344 3190 992656245
313 1547 940517645
291 3137 603253826
22 2637 944991565
101 846 738793573
289 3891 3405406
202 1161 518115588
93 3141 130172651
59 2084 309120505
126 3147 354513918
24 2637 279287208
98 542 401877836
382 3889 828681343
91 2948 754630303
364 469 949119486
302 2607 918211052
178 3309 100680815
289 143 435544184
236 2420 177834124
47 2878 554471290
119 224 314122493
211 1219 830116494
60 2942 977216923
346 602 608040669
169 1028 851918147
89 1288 863927666
103 2446 653447883
317 2792 673083194
106 3437 430181525
397 1096 20059323
393 3620 636655216
162 1097 536218529
182 1917 128694497
383 1016 268078648
276 2992 855237908
142 2259 908329182
139 1912 659464663
57 1540 968293840
205 1320 476252631
197 2912 822307337
318 1351 265594224
254 2681 219255010
216 3963 395525247
67 1970 641677284
291 917 807883369
275 2079 148988400
31 410 799229544
370 3868 548053947
326 3830 805589982
194 875 412914026
13 1341 923490447
76 2984 153313698
306 2476 674561942
114 3137 307785207
41 2672 232763812
20 319 941232641
133 2156 226827093
335 3938 685870373
285 674 120788941
247 1022 423872583
8 287 797788505
384 1341 452794784
188 1687 224527276
130 3319 23702348
224 3440 81260820
246 3040 340750234
31 1274 797778116
68 2496 383468128
139 3030 11539071
395 2448 556004235
307 1963 57753692
177 3167 32550238
316 528 311055645
292 2012 283338576
41 2851 232470519
234 1349 336211214
109 2625 935484951
79 3542 268693
333 3067 935190397
349 177 138809481
104 2226 917986869
185 722 663407378
196 3315 781102354
310 1898 325113797
313 2537 190486447
163 3214 440352812
149 3161 715535055
186 2957 21915008
252 318 671928377
186 1881 159638949
25 269 325759984
393 1844 109866117
131 68 722198623
72 252 38550295
231 14 148175137
139 2319 555270934
83 2768 251755993
135 993 634823850
177 3869 142522353
291 3562 514694539
197 37 229710052
49 1058 219840728
83 2631 19339915
70 452 88334480
12 3243 485197759
400 1219 151694693
287 1526 289228092
18 1166 847779558
139 858 141750828
64 2889 165627943
352 1766 975284148
137 1301 775316393
301 1198 313382306
22 1196 495798289
285 3389 187967633
140 1558 141738436
332 468 942417554
207 2455 335830574
207 1539 785622329
175 3909 436943123
306 2072 511324884
357 3022 395609220
344 3579 980144229
50 962 840072232
91 2562 379514664
163 2752 837400391
232 3826 671941711
151 338 870275911
201 112 757333789
89 830 418310895
368 1795 155029836
271 2798 334314130
53 1877 675865103
97 2676 603384472
321 2297 845154145
20 273 100454823
387 570 859804561
219 2638 163938817
95 659 617669748
210 3991 687200701
356 3766 895088602
310 3225 82707592
271 2700 181390889
171 3006 826256564
388 491 746629467
376 3374 39234316
127 2193 171847197
197 1066 131134142
149 2834 728646291
265 1853 118589348
314 1940 630036491
312 2919 979361015
388 965 658922216
290 115 929878710
156 3026 331998677
384 2503 777338951
147 3304 962525917
197 370 985396804
140 1879 878034274
395 2591 82224204
62 3992 790610075
354 2513 355208276
207 80 850601746
84 1570 325906259
267 960 247314039
370 2347 507786275
83 3901 207911626
131 3561 600552908
42 2816 153082620
77 1807 816148824
59 3049 309625676
144 1230 749632688
319 3744 13789613
277 1306 173320879
7 1698 437600095
118 2833 262906993
383 2394 208822677
305 576 50735993
196 1178 27385956
212 2173 482474750
208 3689 750789242
188 908 609840100
47 2860 441486555
280 1488 761012026
86 13 106235842
123 3764 95680426
100 2474 686101218
356 3507 619413619
331 803 195789973
265 775 282461892
297 2534 679455168
335 1155 822954235
209 2352 607281443
100 1617 620629176
239 3109 951880821
114 309 379362016
124 203 295084599
242 2160 185018699
127 253 917638443
352 1181 515832402
367 340 257340318
81 953 578604340
231 2350 73314000
1 211 122821605
236 1449 48834986
315 91 32480871
75 2087 777957353
19 3476 687040851
207 2069 20162622
40 3123 507427787
155 3738 215726934
19 2579 454550282
94 2077 375865566
108 2619 753948128
310 556 179904655
246 1060 905219542
104 1413 321504504
333 1320 984944172
47 328 367342729
182 3929 258663815
309 1282 810578831
49 2870 65649936
377 381 199853721
242 2222 279266067
90 3757 346226894
374 144 709088766
320 3787 766815365
28 560 851804733
44 66 862647496
25 840 487252417
199 2446 530886198
169 2651 581525315
239 944 429803556
51 3070 539672388
166 157 466271896
247 23 818662427
34 2879 561888066
121 3684 735964212
311 2117 903002879
127 2217 387068429
249 2255 936711687
87 835 9294972
317 3389 812532245
118 3774 202927632
179 2904 136873536
297 3680 397783099
178 2088 601625003
191 2858 605517022
105 1027 842498811
116 3370 748111339
217 1653 140579464
370 3554 558574007
39 3880 355065583
174 2102 818790758
137 2082 177435099
389 437 645290995
176 2279 942211113
191 2196 480078758
28 3267 812100927
287 3487 867487660
386 3700 712572223
7 1479 483640190
195 940 709247025
143 3809 855068362
132 1895 964532339
223 1929 114234154
122 1274 513104535
139 3795 582233004
267 1994 858427907
397 2682 563523355
225 2531 943707989
295 3993 298071123
384 1223 971950446
144 2086 586803750
237 3514 212606099
15 511 203882932
279 2997 229015623
262 234 38412774
202 1212 393762888
269 1405 63681838
153 1939 912481857
96 2213 375383602
383 1153 737564939
106 94 129755224
306 1176 129597328
373 3760 320936524
44 1061 920874104
114 1206 289574533
166 629 395124050
274 1428 524099053
355 307 85756184
270 460 95102218
236 500 247995587
360 954 126273321
196 825 243623275
39 111 921479253
76 2171 226371766
311 722 634885697
177 1158 92701756
248 2700 186125214
345 3849 886444635
384 2282 631312820
321 2171 548065374
129 2038 617951796
31 3033 91277392
28 543 420655334
346 1156 472341310
345 1547 762512466
209 1333 899098230
238 1169 770893495
110 3516 794755793
155 2537 37873717
68 853 61284092
274 2630 449797794
12 1150 533958334
209 3314 734601855
314 2532 134494304
234 2700 544178049
149 117 675395119
258 1466 362200813
210 1366 364729502
112 1509 365295507
354 923 397550815
122 2440 839745028
110 2455 463535077
259 388 407816444
254 365 212552707
129 1994 445678684
238 1286 176938693
139 3848 193934279
303 2040 93568388
296 2886 544915153
67 2799 426633006
377 934 716731732
189 1323 659919769
351 362 389685067
333 2526 645257871
359 481 235760878
160 226 733594500
63 3223 743676722
191 815 840037750
378 2484 882557656
191 802 934639749
73 3340 79778282
74 2077 821922327
153 2058 717421561
344 1633 143005562
31 3760 575099557
356 2399 800534704
100 328 754257347
107 1405 172992841
284 1573 756606874
343 2881 485998405
64 2022 185035991
114 3764 821188613
58 3004 630005334
29 2220 529854858
236 3778 144290752
97 407 382383970
180 3615 336375689
124 2498 489457000
51 334 787657153
101 1106 49858756
137 1663 170572005
354 1933 243455806
312 2712 114298121
143 50 741532435
255 2958 679979200
184 2903 737598389
214 459 358906505
15 435 157778375
238 2373 291250400
168 2848 196180810
57 3750 200798317
116 1105 209536205
108 270 344191575
157 3094 376989559
386 467 358627415
155 1681 121833807
174 2945 804495407
234 2315 773101427
129 3740 356638661
140 684 41165237
230 3843 656579736
33 3733 798608924
25 2726 370020069
89 3299 50240811
192 2626 388133889
340 1046 528984503
70 3627 983531708
173 3452 829610859
274 97 519328452
285 3020 565325364
233 852 111410227
386 3126 110864709
264 1410 756551550
377 3582 459994853
184 3980 56510303
207 126 786751445
61 3358 594512986
378 2960 950292206
291 272 139173159
108 2599 629411027
373 3103 725606103
389 2791 160852916
319 2983 322496378
400 3562 824956595
283 2258 492634041
352 3943 636717100
