4000 2 3995
1 979 592867853
1 216 613645707
1 42 977030204
2 2002 832921210
2 3246 865348970
1 2030 63570696
2 3130 319255296
1 3132 189300278
1 2722 198182030
2 1804 570739549
1 252 949724573
2 295 154391400
2 299 271745606
1 3123 194905085
1 828 603988348
1 538 863942242
2 1591 974518831
2 3900 767668941
1 2058 363901855
2 3280 864349119
2 2704 430811559
2 830 696974225
2 1825 121699874
1 2679 151675721
1 1002 772115935
2 2530 383035853
1 3902 125884383
1 944 251804129
2 2098 890591203
2 3930 207307473
2 1 220167738
1 88 911233498
1 2735 732091553
1 37 21572773
2 3699 353736887
1 1109 143339346
1 3517 930153598
2 3904 302395152
1 1314 706137777
1 1650 888763937
2 3397 500145377
2 351 63836317
2 671 91605749
1 3167 474466625
2 3809 935716435
2 2127 356627377
1 801 192251639
2 462 82359362
2 2223 464800018
1 1277 619604759
1 1831 318676231
2 2347 879227230
1 1730 290468202
2 3062 887376221
2 3988 157706514
1 1882 571441136
2 3077 213997268
1 453 580916308
2 211 849242505
1 3858 218089036
2 2666 158743290
2 513 140877579
2 1611 888798786
1 1271 231338676
2 1971 739408629
1 795 472784173
1 3462 235916072
2 506 35834490
2 2014 856084698
1 1240 169773218
2 187 481716768
1 951 329798319
1 1013 589375414
2 1604 275758452
1 97 926579485
2 504 978653997
2 135 763406086
1 3009 465025182
1 247 26429722
2 3791 143678494
1 492 464378321
2 3414 528071637
1 2161 845270247
2 1036 418382039
1 3839 73139942
2 1755 114804881
1 866 236894288
2 642 298818923
1 952 768238786
1 3062 660789626
2 129 238606911
2 3168 613260611
2 1692 346870724
2 1143 53696238
2 1332 614093682
1 567 729043260
1 3817 115957096
1 3909 443586617
1 362 184506081
1 3276 959589752
2 2228 567332599
1 366 520284558
2 3721 505629149
2 1141 258839133
2 1655 927038483
1 1301 714336920
2 103 857050686
2 2494 448017348
1 2233 227457210
2 1904 364526244
1 2388 409904636
1 1452 624764654
2 1995 954479436
1 3007 525258267
1 284 552615019
2 2885 16951715
1 3511 39332152
2 2171 253203966
1 421 907212707
2 1359 493239544
2 251 885711929
2 1539 224367769
1 2998 110576421
2 597 240998637
1 448 275947125
2 2308 520741879
2 81 411160688
2 3832 264555180
2 2165 164759725
2 1792 547335308
2 450 626304610
2 1853 682187055
1 3354 843856607
1 3875 898505773
2 3801 40668983
1 1091 539645865
1 2951 171606603
2 3482 974901256
1 2952 74902344
2 2512 97215125
1 1781 934056007
2 1786 654334813
2 2811 729557816
1 2754 212398258
2 2782 576338025
1 1884 189871666
1 1564 660960993
1 1040 591443691
2 2128 489750377
1 3487 310815289
2 696 362758446
1 47 222480338
2 911 8266367
2 2710 482933714
2 2057 620991234
2 3707 859706893
1 461 916883194
1 3268 876632482
2 533 402146509
2 2033 712280574
2 35 433595630
1 1486 646868968
1 1098 812013596
2 362 402544117
1 346 185949788
1 35 629478464
2 1557 917411121
1 1035 744842291
2 1756 429384954
1 1841 722491978
1 2818 325218331
2 3422 110668789
2 917 554946643
1 894 458398942
1 3126 2045873
2 3992 230401108
2 3361 990795540
1 2404 28516983
1 1846 518740441
2 837 409953245
1 1785 227649659
2 860 512919485
1 3884 885158479
1 1883 9500336
1 1129 97314090
1 1139 834018973
1 2648 33993399
2 2677 448648141
2 2218 397415111
2 1367 975245215
2 1225 947290114
2 1051 429192873
2 2016 758764383
1 255 732085595
2 884 788381754
1 344 591317621
1 1542 422510524
1 2401 367911458
2 1208 376757403
1 3146 164224892
2 2542 537689513
1 40 537306674
2 3111 899764024
1 2484 66463947
2 1727 91612049
1 1395 895135349
2 2321 152510487
1 3408 745977775
1 2410 438434267
1 706 250883668
1 483 585365956
2 343 226211614
2 3492 913667711
1 1704 787132686
1 1839 818587160
1 2813 359846335
1 2615 414349765
2 1256 77692295
2 1274 754190928
2 1607 954672731
2 1463 474323390
1 821 286710228
1 497 648448191
2 319 489448599
1 1828 985724426
1 1233 78693689
1 3959 126697212
1 486 427990204
1 2196 425828232
2 3674 58265280
1 627 413856073
1 3076 504417326
1 3500 939065614
2 3286 851530477
2 2239 757971278
2 2759 205848141
2 3766 471580431
2 2975 780400177
2 268 605537007
1 3346 661566367
1 3857 596572624
1 1009 915577480
2 1523 627186738
2 1000 515092314
2 3211 769077562
1 1847 895401595
2 1255 361630589
1 2997 768668873
1 1931 707219467
1 1782 542545977
1 119 835300273
2 628 542455769
2 3733 356478074
1 3711 716106787
2 480 273126246
1 718 279543432
1 2843 604887695
2 503 989253560
1 2111 462507249
2 171 89041977
1 2668 275833366
1 1102 465893829
2 1276 772778700
1 2795 579252812
1 2779 50873626
1 3728 643463425
2 2069 82228453
2 859 125815728
2 2145 179076707
2 1428 463096542
2 3481 359460123
1 3123 66181233
2 3189 469946886
2 525 585842351
1 2458 485600944
2 2503 62714142
1 644 942702499
1 1614 180570573
1 2548 383500060
1 1117 755255161
2 2328 261057388
2 2176 781163869
1 1175 165711980
2 2995 547645688
1 1372 664250179
1 2371 570456362
1 573 539476772
2 2320 601831212
2 1529 926608916
2 1811 378259314
2 3872 48370672
1 1468 189337506
2 1770 787917198
2 3584 858644423
2 2881 743021564
1 3065 46478511
2 3307 911561361
2 848 445596129
2 2689 950768368
1 260 27820068
1 2584 822354503
1 2969 47214711
2 17 107093246
1 3273 132939183
1 3838 222017839
2 964 844830824
1 1865 498592284
1 2333 89960729
1 2427 589146686
1 3773 602198088
2 3475 415361122
1 1277 700159678
1 3458 866298969
2 1559 660328240
2 3688 216202965
1 2284 124219880
1 3289 214903212
1 11 286147918
1 3139 490818617
2 2550 578981365
1 3787 101758175
2 3619 96397792
1 3041 759331058
1 158 54232462
2 1614 494011257
1 2486 863045606
1 3527 42171837
1 1446 533216522
1 441 483539604
1 2769 989149335
1 3741 648323627
1 3873 874941102
2 329 975536599
1 2742 378944619
2 3838 952098508
1 50 401811740
2 3303 699024510
1 1203 991630341
1 3602 969977912
1 530 209145117
1 2715 590735671
2 2267 712896798
2 981 479738979
1 1030 13978379
2 781 536262481
2 2712 463986903
2 2780 767376321
1 1647 695791860
1 3901 430370707
1 1121 538760897
1 657 286592473
1 349 86696222
1 1936 61041046
2 3874 263663986
2 3390 126870930
1 616 175562829
1 3003 575021438
1 3719 593548712
2 3980 438978886
1 1836 747290464
1 3356 41570353
1 3230 407658238
1 2812 821615354
2 2840 554021625
1 159 405831539
1 1788 286523234
1 3242 535537575
2 1508 759555916
2 3895 146628280
1 924 66545950
2 1574 836989352
1 2151 748764121
1 1601 221261083
1 3127 211443500
2 1718 641138480
1 2684 167450546
1 1648 251135925
1 3418 944540626
2 2502 784463961
2 94 573771837
1 2071 252912747
1 3485 761213511
1 719 390194192
1 3380 331578022
1 1502 273250495
2 2160 654883202
1 627 804728879
2 1703 625907560
1 3411 654371711
1 897 195801783
2 2029 99310029
1 1866 371578247
2 1978 704899773
1 790 332375100
2 3161 896904803
1 2224 8395802
2 307 29795766
2 1865 795831333
1 2377 631552945
1 16 164999374
1 2831 294971345
2 3217 403690344
2 3756 837361556
1 2840 692121145
2 558 667489869
2 2357 855898159
2 1337 9108108
1 258 816982337
1 3513 504446969
1 3531 413479556
2 3666 720094208
1 661 560963625
1 2147 49912245
1 163 511632411
1 3334 855640291
2 2928 919995173
1 84 528816344
2 3774 798142123
2 3518 601535723
1 2160 571067004
2 2251 200939139
2 69 229267593
1 1917 965654435
1 2649 105884545
1 3146 282913607
2 628 18518430
2 1040 976429128
1 3744 294075173
2 3697 411384020
1 2803 170477386
1 799 622621116
2 2006 769143861
1 795 862089697
2 428 357497906
2 1770 261466591
2 2435 539639308
2 1157 323590387
2 2525 228967131
1 3681 72750917
1 3257 960249672
2 3708 915423765
2 2462 560490741
2 369 426628050
2 3952 598442506
1 1702 884400434
2 2520 478378445
2 317 738107848
2 3073 588555068
1 1804 153660464
1 2639 715015019
1 1994 436049352
1 2944 541640029
2 3811 82347529
1 2886 829433732
2 2533 945452749
2 2640 414043027
2 2812 74581205
1 654 436874447
1 1344 664667864
1 2828 461395868
2 346 361405108
1 1342 217802607
1 935 418019606
2 3025 74525726
1 1838 270854445
2 2961 590506395
2 288 421064383
1 2962 163494258
2 2296 228232499
1 942 990778133
1 2598 162739324
2 2306 627212386
1 3533 370428775
1 2831 14255794
2 3122 497752705
1 3704 549684793
2 2529 82759806
1 2426 890301668
1 682 860229826
1 3818 42147855
2 2605 191801732
1 26 88338816
1 1085 421492475
2 3825 476760888
2 1842 923903461
2 1600 485943169
1 2768 472441018
2 3538 273254905
2 3291 889426409
1 2898 278162075
1 20 406239278
2 1013 220045603
1 1831 662480698
1 3815 958509917
1 2763 612856023
2 553 660308498
1 3799 713555745
2 1821 300383453
1 2300 864663029
1 2266 375675402
1 1542 718687592
2 2335 417410753
1 2288 552111929
1 3142 83103403
2 1006 956744954
2 2025 703597268
1 2156 884445491
1 590 565466647
2 3209 536078780
1 594 211949259
2 2854 569579609
2 3370 873917649
1 2371 322645996
1 1613 667847716
1 545 73554906
2 3623 722081251
1 2526 908335716
2 2214 456079740
2 712 186180622
1 3718 307059002
2 3456 546684252
2 3361 389421944
1 342 18106886
2 1700 34933410
1 3347 49147247
2 1381 260709818
1 609 943413097
1 66 16753148
1 1247 986583188
2 2626 562813588
1 3956 783478762
1 2151 209433102
2 1548 163323361
2 2459 576847509
1 1832 757135507
1 3854 213459718
1 3119 233437839
2 1091 591562834
2 3799 485028374
2 346 500416772
2 3084 440125505
2 3496 175132938
1 2843 367286050
2 1726 774919390
1 2031 967285567
1 244 542455990
2 3948 602787434
2 2841 155407564
2 3682 833513535
1 3046 448156219
1 3757 290432360
2 1044 218264672
2 252 156305871
1 2812 695071860
2 1304 988176581
1 2365 906097870
2 2424 693077928
1 615 294181478
2 1850 164872667
2 312 94247459
1 316 1897814
2 989 207077061
2 2041 884022222
1 3509 441621647
1 3014 405488144
2 2014 174462906
1 1652 415777516
1 2589 595065215
2 1622 285992606
1 3964 317748351
2 2438 618880462
2 2747 456502583
1 3928 764148815
1 3207 906152644
1 1484 296283732
1 614 842945501
1 2098 81416196
2 984 16615312
1 2945 168646052
2 118 840039869
2 436 114851784
2 3752 438046370
2 3955 685110152
1 353 7634098
2 155 232102397
2 2465 892135225
1 2085 176729078
1 2455 870702362
2 2073 114450165
2 547 698945717
1 3382 680471022
2 3803 793197072
1 3684 43718306
1 2216 825844112
2 1343 358050051
1 597 256199022
1 2420 253722574
1 3229 931784025
2 728 290726462
1 620 270317677
2 3834 479954558
2 872 969824942
2 1854 301826993
1 1788 216698347
2 1999 369157385
1 1441 150580876
2 397 599965303
2 3165 788022943
2 3137 533844494
1 2181 122075091
2 480 670610006
2 246 568778517
2 3440 804041209
2 105 819491165
2 3652 148377722
2 2565 448450342
1 422 204200590
1 1603 904942351
1 337 676648932
2 2316 919144504
2 1574 292870292
2 1903 610237748
2 1229 675714828
1 2643 731561207
2 1293 516067354
2 497 884221681
1 1769 399857836
2 532 100723383
1 2203 283020082
2 1664 72512631
1 1046 476565898
2 2718 616904155
1 3983 967078237
1 119 739259663
1 1533 303402162
2 2964 453073182
1 2383 796607902
1 3285 32525251
1 779 262805241
2 3376 122246916
1 3093 446499856
2 2924 179971319
2 2680 273812019
1 3677 402678847
2 473 291150024
1 1613 706887250
2 2916 873754371
2 3829 771897553
1 2812 341829848
1 579 599490016
1 3852 396124229
2 2692 308785881
2 46 2186558
2 585 227733742
2 2121 23913846
2 2828 518888589
1 292 656704705
1 3395 314952091
2 2261 130749650
1 3058 39268208
2 230 558342406
2 2142 111438418
2 3072 611818979
1 8 909473748
2 2773 10695813
2 3533 875557665
2 3221 585480256
2 3798 907914495
2 3045 872328287
2 697 988163113
2 2322 823795951
2 1037 132784262
1 1718 30819287
1 1636 65945684
1 63 742850137
1 1461 862879750
1 1889 213339568
2 2460 191930430
1 130 841676704
1 1047 191419145
1 3440 762026863
2 3098 200090669
2 2019 741231739
1 286 456521445
2 1892 487866759
1 2173 851774260
1 441 301238181
1 3008 441650574
2 1070 302249931
1 627 139213179
1 2437 176097047
1 674 474814259
1 556 345692932
1 39 13280907
2 1120 577490059
1 1541 559494065
2 997 300305363
2 2817 517439365
2 1269 17365356
1 3941 738027452
2 125 333170966
1 717 324988646
2 1216 93487516
2 2757 242132179
2 2479 929230199
2 740 623229282
1 1768 928587718
1 202 814274475
2 83 901806680
2 2492 278559252
2 149 697434602
1 2659 379289925
1 95 898460296
2 1462 152532017
1 1433 450035246
2 642 40408684
2 3501 342030872
2 1858 377700850
2 69 700444149
2 1508 63798795
1 3857 521419872
1 31 733864779
1 2772 278814794
1 534 268642007
2 3402 592435031
1 3080 125475992
2 3928 867984264
2 2833 429291039
2 3089 859042590
1 2622 388187602
1 642 11596927
2 1557 721104180
2 966 688151362
2 2157 167143935
1 1499 18901823
2 2728 746458598
1 3484 734366806
1 2335 658402755
1 189 635107675
2 2618 446228191
2 10 378433708
2 1679 203622941
2 1283 195384719
2 3968 279818110
2 3503 975707149
1 187 811100186
1 2721 145656307
2 197 655263486
2 1342 141970164
1 3214 887936540
1 1175 217612653
2 661 332013124
2 1238 312097576
1 1755 893304017
2 1609 870903341
1 475 418556883
1 3018 972958577
2 408 772715365
1 1072 825391211
2 3290 178800687
1 3938 972730854
1 2089 453807239
1 3105 537633295
1 3180 986308587
1 2654 746741322
1 2993 159173681
2 3879 575114071
1 2684 561044672
1 2340 240211362
1 3015 809050420
2 2078 385792455
2 2647 198579789
1 1638 309612318
1 1380 633893149
2 2114 491063179
1 957 839990484
1 189 179783107
1 3284 354275571
2 1330 553563920
2 1359 385996088
1 1918 444045022
2 3402 829909817
2 12 350024674
1 191 309520433
2 1050 766146101
2 3956 11163682
1 2649 962340107
2 3089 756346154
2 3649 305944386
2 1671 752274686
2 354 536236045
1 3974 19193543
2 3137 747464662
2 876 563179744
2 2524 730419948
2 1743 361924170
2 3585 63685156
2 3577 21173160
2 1873 97893637
2 3850 912207566
2 295 339000166
1 363 362219724
1 1903 172293598
1 2583 398194596
1 3781 406203381
2 2266 292169176
1 1291 640194039
1 3174 547256469
1 977 86109859
2 418 458621078
2 598 100557322
1 2677 87742977
2 1745 688595007
1 3161 618046083
2 2223 757642140
2 169 645693643
1 541 712949672
1 1383 133757292
1 911 380494044
1 249 113596731
1 322 245387824
1 3910 28887825
1 3219 666065233
2 884 476196017
2 3330 123128844
2 1343 443719751
1 2706 269148903
2 2598 431805231
1 164 995179867
1 3675 128459246
1 3776 243134832
1 1809 665809999
1 2212 883150165
2 1176 206012889
2 2763 150937382
2 3303 184729436
1 3532 751931366
2 711 70610488
2 1883 622464582
1 2015 385396601
1 2796 558235161
1 2506 389583329
1 626 58598963
2 2871 177281179
1 1017 418865724
1 1914 351063987
1 1161 14890061
1 1953 878206223
2 1540 226937496
2 886 965947548
2 2026 291389223
2 3681 392927763
2 2076 825463554
2 518 577307331
2 3417 707793882
2 3837 642311439
1 3471 124467335
2 2447 158094258
1 2061 940148010
2 272 847425032
2 965 996880407
1 303 909532412
1 1366 33470171
1 1730 227882444
2 2361 930360356
2 1801 109435839
2 1960 185650288
2 3982 308686320
1 3161 82263279
1 3615 729679936
2 3173 983149343
1 2117 449632466
2 531 419327403
1 2646 121686805
2 581 553008213
2 1058 974372432
1 1025 506646443
1 262 373845186
2 1733 964309089
1 854 252024440
1 611 178094318
1 2153 973222102
2 1916 148432905
2 2826 3540712
1 2470 257567642
2 2379 293105917
2 1680 181017679
2 1228 999270076
2 2728 876703460
2 2320 183533651
1 3812 125456310
2 3937 290479997
1 1861 122084304
2 3574 78492256
2 3530 564282111
1 3370 270081305
1 3606 231325986
2 2979 374736458
1 719 251173464
1 2545 959549550
2 3461 452019991
2 165 9993807
1 308 134611318
2 355 596050281
1 2273 856829271
2 1368 498071802
1 282 698455122
2 735 507555162
2 2101 680444007
2 1110 208272884
1 1278 391868792
2 3036 826320895
1 1915 296168486
1 1564 63454235
2 3081 161181895
2 1412 568445511
1 753 717660795
1 814 871495178
1 698 38471377
2 2180 767458739
1 2687 463176797
2 2101 116926915
2 2025 276960566
2 3307 524181658
1 3201 466220556
1 1672 225750721
2 3075 889856738
2 3347 111288632
1 1978 338130706
1 3503 702622551
2 528 189626738
1 3658 657789358
1 3415 823487769
1 2894 635750122
2 3867 54069831
2 1765 927260700
2 2065 369803990
1 3014 376576931
1 2567 16343016
1 3956 558218283
2 2621 464186578
1 2562 725906911
2 1153 19825213
2 3287 160220638
1 464 47444874
1 1569 608264480
1 744 314132577
2 3443 678519684
1 2382 722271404
2 2987 655596447
2 2415 661245390
1 1977 266234502
2 280 209869577
2 1262 966781287
2 3782 16473673
1 498 33447638
1 113 572203361
1 3975 50210042
1 3489 190973475
1 2958 830399771
1 3400 144788803
1 3722 899865548
1 1565 647840934
2 2586 350752893
1 3195 386413854
1 2527 321373021
2 3969 290807039
1 2070 291246093
1 864 273193795
1 2561 45783763
2 2603 931809544
1 91 241461804
1 3378 362587350
2 325 309225680
1 1795 499117807
1 1771 889380903
1 2771 3952745
2 3340 801845447
2 2383 527801316
1 3103 246049719
1 162 735827430
1 1313 311414233
1 871 96808797
2 958 131742051
1 979 227999726
1 827 19944060
1 178 754580362
2 3013 485040197
2 2412 649139443
1 3043 429680691
2 353 494614999
2 106 100848260
2 2561 366465537
1 1516 700054286
1 2805 17464131
1 2889 843845993
2 3396 63512
2 1155 811985434
2 2001 396216057
1 3224 317646171
1 2240 386464683
2 268 62516909
2 1735 616760763
1 1483 730693566
1 2485 916831538
2 2398 612025511
2 1436 344647293
2 2168 898590848
2 3696 536610833
2 576 569453040
2 2531 865598194
1 2353 143690639
2 1194 580533444
2 2058 386584298
1 483 54512289
1 331 819506034
1 1129 227464207
2 1662 48409772
2 2259 966753515
1 3469 869499926
1 47 661351923
2 1589 908112856
2 1234 406597005
2 1495 546962768
2 952 779605926
1 1488 426568226
2 2514 867743817
1 682 351444081
2 354 700223178
1 1387 429820274
2 3679 326930945
2 2824 100347629
2 2636 673476502
2 2807 458309596
1 418 55179734
1 829 883111703
1 1383 652462655
2 1907 934496263
2 2595 761386980
2 2969 924476162
2 2031 717834542
2 329 561171202
2 475 921833127
2 1306 583886114
1 3692 707172544
2 1439 374190448
2 581 623939675
2 3197 294405538
1 1405 258227762
1 1667 381474660
1 2910 841082933
1 1830 990085655
2 1466 534034452
1 3749 268617684
2 1105 190279685
1 2478 218296624
2 1184 225512721
1 951 944092607
1 1275 814553879
2 3894 471887954
1 2541 41448911
1 3395 954866544
1 1360 210081049
1 2385 222654757
1 2573 492004565
1 86 144745523
2 1457 367671866
1 1817 270127387
2 369 659038153
1 1697 607015941
2 2623 115630385
2 1679 387728504
2 3621 257680009
2 2120 958610622
1 3647 130976375
2 1275 804329386
2 2670 473772920
2 366 576363889
2 3732 414680755
1 882 338846436
1 2079 262948701
1 143 172674117
2 382 522746410
2 1608 132719385
2 3801 95818551
1 1719 259511018
1 235 604651720
1 1818 742841050
1 1326 789135693
1 221 540824876
2 1086 39741791
2 1161 104251890
2 698 652976732
2 3622 20092827
1 3807 405733712
2 157 185883666
1 3330 935171953
1 2799 525309584
1 802 574596816
2 3580 807765588
1 33 369602317
1 3936 183103998
1 1613 843422090
2 3072 162293969
2 1942 984589886
1 2867 278136048
1 3408 321304538
1 2681 682927206
2 201 434552937
2 3979 67280134
1 1947 637823299
2 3476 227651516
2 560 591445570
2 3254 228159935
2 628 829070546
1 1581 403541434
2 3646 155954670
2 393 882766887
1 863 895606987
1 193 306538215
1 3860 281536777
2 48 791441698
2 542 562768951
2 469 381794937
1 2850 113938306
2 204 279730768
1 3023 447940084
2 578 133582489
2 51 334675354
1 2045 931789289
2 506 737785432
2 1356 267125974
1 1031 370619320
1 2284 475006671
2 1568 699150437
1 77 900067262
2 644 457359910
2 2598 792987111
1 3735 232375182
2 3280 388572248
1 3676 329059907
1 3764 179290548
2 391 61085886
1 1287 94224576
2 1361 752878855
2 3855 171932003
2 2660 172265504
1 669 620984062
1 475 318794544
2 2169 212373558
2 639 223400300
1 3171 589462437
2 3592 262386475
1 690 383512963
1 417 833024507
1 1850 651005657
1 272 279659021
2 2344 54268749
2 1594 592283689
2 1672 645337699
1 477 747555727
2 3154 647139353
2 360 995162879
1 1409 56717630
1 3414 932667756
1 1402 970633028
2 430 422972267
2 1500 256083289
2 3387 695510509
2 1353 466933652
1 2348 954372418
1 2903 736951784
1 3721 296545526
2 791 655729269
1 2293 903778104
2 32 104629328
2 1421 381957056
1 1648 768220259
2 203 61239152
1 1322 735112828
2 665 452779280
1 3902 394105065
1 716 147081262
1 3488 630452169
1 2456 783404409
1 250 786526366
2 2294 428637460
2 1946 459944713
1 1094 696087750
2 1824 993977687
1 881 761048933
2 831 150303164
1 1680 57968392
1 1490 556001694
2 3923 208638694
2 2078 928898598
2 1846 483550792
2 1601 456249506
1 2878 221366698
2 3217 805456940
1 720 30934401
2 1611 64789443
1 1247 958362780
2 3618 886507535
2 1018 908841050
1 2173 511925172
2 1185 146795057
2 2926 832615214
2 3129 281378803
2 1473 805614026
1 478 263485728
1 703 81342108
1 3215 481298572
2 1280 534896628
1 103 68093877
2 368 98238488
2 2551 679772842
1 1654 204176505
1 2062 9710587
1 520 797015772
2 3025 117789724
1 375 846419139
1 1479 914978000
1 1426 174089432
1 803 644899576
2 3457 109673717
2 1647 511563164
1 561 754147280
2 473 297089755
1 600 457006136
1 1028 399557298
1 1252 304679175
1 2409 910525090
1 695 667852356
1 2689 201015497
1 1248 888060295
1 3449 402486855
2 1565 18007040
2 1479 588924124
1 788 342779467
1 2276 409460174
2 1237 314523889
2 3929 409826156
2 2527 340675291
2 258 179291359
2 3910 802540013
2 3461 136245106
1 1358 256275934
2 2691 939950924
2 3126 396214342
1 1881 597393596
1 2854 303589712
1 3075 200942035
1 2538 690698219
2 3940 89014395
1 3622 518444531
2 462 155039350
2 3238 203558798
2 1075 766575652
1 1637 14583901
1 3632 128953591
2 1037 265168653
2 2112 435878316
1 23 876463296
1 2322 450982301
1 3657 473515631
2 1116 828490184
2 3584 166657840
1 1029 717324050
2 1147 552302708
1 2406 299189748
1 795 962747974
2 387 676065884
1 1927 868403850
2 2715 649568371
2 3710 28920789
1 3632 504737989
1 1540 558147063
2 506 685365526
2 462 496068847
1 947 442405421
2 678 23794740
1 187 964236730
2 1993 588474270
1 2295 298411836
2 919 319087017
2 2414 369882094
2 1578 964059158
2 1209 413687304
1 3539 988582633
2 3318 781584183
2 2271 495861473
1 551 439672257
1 2960 71067863
2 2082 933303525
2 1998 407741617
2 644 975660091
2 2153 832358974
1 176 286203757
2 2817 278932615
2 38 738988959
1 1649 599797790
2 3836 14635322
2 3441 442399678
2 3777 845504524
2 3459 620168544
2 672 722291370
1 3795 32312797
1 3326 761157408
2 3243 74698354
1 3010 746301626
2 2633 161079035
1 3783 835929218
2 2544 206089076
2 2420 762455257
2 3168 384858772
2 375 735468093
2 131 69948114
2 3965 181890274
1 3185 67635663
2 3970 306785405
2 1210 944722772
2 3523 391109623
1 2040 989228300
2 81 603279898
1 1087 608241136
2 1250 61005583
1 3681 343848671
2 3159 119666931
2 2430 12924167
2 1160 954189701
2 2250 292960593
2 2679 198937012
2 2880 600376708
1 1857 915471999
1 2314 643690915
1 1098 369238950
2 3704 36167348
2 2180 488701721
2 1228 462175013
1 335 737725860
2 3222 283926689
2 1188 926063493
2 1172 238413348
1 1242 114881428
1 92 539121453
2 2925 212221835
1 2092 160341242
2 1467 247754950
1 2088 843123440
2 827 846639521
1 466 978627531
2 3302 337679497
2 1422 864088892
1 1325 655262875
1 2003 816700665
1 920 423651738
2 1798 663299875
1 1887 240874625
1 2797 386231970
1 3776 587168240
1 573 182056675
1 2829 260163031
1 568 977178230
1 3543 271301575
2 954 112279993
1 1822 545937317
1 173 720741987
2 2532 906484959
2 2859 366378750
2 1023 749603866
1 2473 493989374
2 2850 310920300
2 1263 95678793
1 2294 636203277
1 691 131292220
2 592 141214055
2 1821 69376080
2 2258 241888020
1 663 64456015
1 2133 431560495
1 3826 239762745
2 1358 22555783
2 996 577368171
1 2523 270708518
1 2524 520958887
1 552 280442604
1 126 812841943
1 800 490792203
1 1100 351392132
2 3253 841249446
2 1705 114234457
2 3088 279301724
2 3844 920712653
1 1055 797197514
2 2120 318937534
2 3270 662984640
2 2523 883414163
2 2520 374015326
1 3639 47684526
2 3706 615859653
1 335 923791606
2 881 410322377
1 334 279550396
1 1288 322648926
2 1227 417455934
1 2133 341357541
2 392 57270330
1 886 285690067
2 524 603466041
2 1638 588869867
1 705 641348063
1 2055 541781360
1 661 898686246
2 2737 547232089
1 989 840308056
1 1283 67267941
1 2519 754664466
2 3006 146540081
1 3467 627777498
2 198 337094287
1 1312 213311649
2 2803 501054521
1 606 546075681
1 755 60958399
2 3150 568056064
1 3369 635424285
2 3913 677284030
2 1138 923794729
1 1912 673564366
1 167 568904144
1 446 949510092
2 1710 3604901
1 52 130273208
1 1021 824233853
2 1342 56264844
2 986 675930476
2 1554 981772856
2 2385 51424804
2 1170 71811968
1 1822 303907556
1 1901 204563856
1 1424 59587725
1 3937 305590432
2 1228 140342887
1 65 185393652
2 2130 921057398
2 103 171027921
2 2207 857394767
1 2032 310489920
1 207 489004071
1 242 171586883
2 1763 61785881
1 363 848991949
1 1519 917115272
2 2172 984018401
1 1571 509121754
2 2737 946274494
1 3458 59241493
2 2109 768815479
1 2457 180298545
1 2946 794055815
2 2330 654789221
1 683 281810086
1 1805 112933446
2 1026 747304156
1 2109 115566526
2 199 625989365
1 540 161643602
2 286 289337912
1 2461 192679107
1 43 53484132
2 3449 168360766
2 3086 58468222
1 3817 417219489
1 3504 292803940
1 382 944205631
1 3103 112431744
1 54 66290192
2 493 279218085
1 1281 988157033
2 2698 537993506
1 187 680674383
2 737 962535845
1 2871 158740545
2 706 142965246
2 216 116878675
1 3728 271952619
1 3621 437527414
1 3786 202559165
2 3815 377174635
1 1652 908150364
1 3101 346595627
2 1947 55876059
2 3418 480261404
1 904 844653698
1 3093 904064949
2 3025 996870131
2 3493 140080113
2 2766 370858740
1 242 569757783
2 1195 521147541
2 1400 794227854
1 1187 34650484
2 3505 7043140
1 3785 287952464
1 3507 774979235
2 1980 200848413
1 117 932212769
1 365 482738282
2 2943 522711077
1 2569 481884604
2 2151 43351487
2 1224 498385675
1 315 755194671
1 417 605903522
1 634 588530758
1 3344 100423528
2 1930 910476665
2 3639 516611516
2 3815 696354144
1 195 770366221
2 34 150645980
1 1081 737107466
2 2153 136448561
1 1434 254851528
1 788 399316757
2 2837 941945763
1 3182 882367552
1 651 737452565
2 3800 483577602
2 867 991269053
1 2438 203231286
1 2510 254875436
1 3272 497330369
2 741 32971903
1 2647 764476391
2 1224 149292204
1 1452 570525459
1 381 140357349
2 1372 804133059
2 1317 733406452
2 3177 921626185
2 1861 83440811
1 1411 253090474
1 1689 841766477
1 184 936190165
1 2117 39096450
2 2759 66250360
2 2506 182515683
2 1214 349893044
1 3568 390612283
2 3989 386368064
1 95 432267940
1 2106 134087398
1 239 228617281
1 3584 836004937
2 2366 748256582
2 1819 197580053
2 351 527298409
1 1024 465713050
1 3590 223742803
1 2898 272984152
1 3607 455391419
1 1447 371741266
2 3524 960466242
2 3672 332316159
2 2528 297222133
2 810 568271813
2 406 728474536
2 3336 569887585
1 3478 462212504
1 1812 768027186
1 3566 574951244
1 1882 34185198
1 2312 886318578
1 596 448814790
1 2537 172096065
2 3152 464010459
1 846 28724267
1 3264 309020025
2 777 958268522
2 985 358758281
2 1009 998239379
1 1419 602303455
2 87 658203259
1 3260 924011499
1 1960 182592200
1 1932 196772487
1 19 83030270
2 46 368425457
1 912 754275884
2 3219 529131264
1 1704 716888051
2 133 874830144
1 508 924431948
1 2789 49172830
2 867 370513383
2 227 477466889
1 153 250179359
1 3686 159811638
1 1181 294027058
2 3592 570578032
1 3252 550209070
2 1419 518852055
2 2036 633928542
1 1422 349587198
1 130 753320611
2 1954 607409569
2 394 812309004
1 3341 760341582
1 859 335543204
2 3973 731162450
1 669 818962312
2 2483 258755623
2 2887 52554183
2 1231 725212297
2 632 835817220
2 3842 258590722
2 1 249650234
2 983 485647085
2 1684 823289696
1 288 925712162
2 2818 227017439
2 2699 227454328
1 3245 512421408
1 2959 986908466
2 1249 930964560
1 1265 29017485
1 3443 29102539
1 2379 198448730
1 2696 151832282
1 2641 185842017
1 3071 510103877
1 378 702101017
1 3720 895003345
1 1527 460408646
2 1769 345313478
2 667 597474605
2 395 116492006
1 619 380934457
2 3182 584704657
1 2122 581637716
2 371 873236488
1 1204 478288747
2 1963 634093000
2 587 99156048
1 2840 171973867
1 1432 136602074
2 1802 727229224
1 1690 88463457
2 3431 99299367
1 2394 50580320
2 1864 259691371
1 652 631136280
2 3476 540398696
1 1756 556530188
2 3988 179384619
2 3443 358867180
1 2690 274094964
2 2263 823640299
2 3890 318282020
1 1249 605340044
2 2715 500055125
1 2176 129278627
1 1842 695792339
1 2045 367046504
1 2629 550777660
2 1512 649655238
2 1411 256516740
2 2490 670071578
2 1588 189267897
2 3005 792982683
2 79 758431936
1 1117 584776577
2 503 571084952
2 1934 440748116
2 1131 131317472
1 693 26175266
1 3229 967078184
2 468 40994988
1 3700 538832098
1 3272 148090294
2 108 444691901
2 1862 507484116
2 3765 322278430
2 3967 846315055
1 371 176244066
1 3362 942206610
1 1019 855948550
2 1409 234909643
2 3628 232733042
2 500 205974085
2 585 521661429
1 919 276657915
2 3790 528720859
2 2749 797960292
1 2617 662883253
1 1571 966410673
2 3227 319276380
1 1753 259663501
1 908 824179794
2 645 567189027
1 866 864351619
1 1242 957470277
1 970 929363140
2 2159 154271616
2 3167 309705527
1 2864 236536624
1 1099 913519471
1 1123 443134945
2 1009 210331707
2 2087 429495564
1 3115 698292263
2 477 8701042
2 696 978224770
1 3850 567991246
1 2260 217341282
2 3712 515958393
1 1467 634258192
2 1719 359464235
2 2343 906611321
1 586 888724596
2 1853 365369186
1 2839 507552256
1 3030 88577935
2 2910 8963289
1 2396 68171777
2 1951 37806296
1 1294 653407024
1 1421 412419566
1 808 988345890
2 3684 163373517
2 1216 228783921
1 189 268572691
1 1621 735350346
2 3379 869609542
1 1044 203298835
1 1078 69656452
1 2389 172835951
1 1960 903200314
2 3875 56923463
2 2724 420625082
1 2745 181910610
1 2154 719384056
1 3128 257422159
2 1924 212608446
1 2907 768772789
1 3566 189475903
2 9 609442137
1 162 3050931
2 772 838680766
2 2522 59269584
1 1714 251067050
1 3483 73970993
1 2463 633549666
2 1401 268371802
1 3717 134201700
2 2268 745794267
1 818 52309398
2 3649 108274599
2 3250 63494784
2 3485 504992568
1 307 253349451
1 2674 792481641
2 368 99590942
1 1102 710153615
1 454 697709563
2 2434 248451922
1 1813 656402343
1 736 911632245
1 825 425640801
1 1366 289793248
2 3165 684820735
2 359 593850638
1 1480 157037776
1 2546 650877490
2 1650 20327401
1 2068 897643688
1 1269 506753299
1 1929 435688003
1 1168 35493442
2 932 122152838
1 1612 763122332
2 2567 86853847
2 2604 805692479
1 3541 494212197
1 2165 735255652
2 2918 610643467
1 3019 382250094
2 1671 812661993
1 761 858603936
1 1401 519287592
1 2882 462456737
2 2549 155537655
1 411 390656498
1 2331 801261700
1 1896 134522139
1 2149 403948439
2 2782 753566588
1 2942 242813419
1 3714 239113058
1 984 613471892
2 3805 932674584
1 3129 716169187
2 802 216113264
2 1272 143596884
1 1773 117326822
1 2681 704036422
2 3030 189045779
1 2196 640738171
2 973 308757028
2 2245 834473501
1 1805 144467095
2 1621 155697191
1 1036 804326484
2 1531 897286409
1 1659 611674546
1 1647 792658681
2 154 883325880
1 2288 468722931
2 3591 951838558
2 3447 395337887
1 2193 132296088
1 1556 291087971
1 2635 253001346
2 3044 668777240
1 592 910132071
2 2907 367587571
1 2697 342735312
2 1219 25008061
2 3678 691059174
1 3544 387321675
2 1381 421493773
2 1103 966485387
2 34 656774596
2 2918 700342585
2 1828 578304267
2 232 736583919
2 2163 893824771
2 2557 584305494
2 1071 873827698
1 2371 421393300
1 646 712616858
1 130 232227837
2 2276 644686190
1 90 32503314
1 583 296876563
2 1029 49022472
1 2139 312271811
1 3355 311672983
1 3424 365319328
1 2067 291853760
1 487 369818277
1 3049 950455482
1 1112 393572409
1 1346 144859013
2 1054 38295233
1 3444 447944395
1 946 874743321
2 3025 61633378
2 1207 923206777
2 3888 268171372
2 275 572620333
2 2455 704805836
1 3456 187933615
1 2633 422173441
1 1232 332020432
2 2869 571129692
2 3106 517589069
2 2108 781272408
2 1193 107702464
1 3363 708259093
2 2388 100060614
1 2514 597919322
1 369 458661354
2 31 236285521
1 849 791136924
1 2592 878972826
2 2636 901552645
1 3227 811299692
1 1410 21377561
1 111 55448104
2 253 385365739
2 1933 355318303
1 668 167684129
2 908 319587158
2 984 320860418
2 3666 374941961
2 2577 472178635
1 3141 416741575
1 2870 145962880
1 2144 672163239
1 2355 272923458
2 3854 210156362
1 3583 582221366
2 1746 267414523
1 3320 668948480
2 1361 831978059
2 2449 149673973
2 89 854733645
1 3949 682481597
2 221 889371606
1 865 893219293
1 1352 596635265
2 2961 437361310
1 2245 652945367
2 3679 118508072
1 2369 112727133
2 3955 598112572
2 934 776305028
1 3587 938910308
2 2465 860906551
2 1 134633145
2 1309 866013941
2 1659 769591391
2 3175 343965895
2 999 628185886
1 3723 358800256
1 3377 435085400
2 1181 164088910
1 3543 714425886
2 822 886745943
2 19 507542137
2 1530 880833019
1 1955 513184808
2 3604 381080445
2 1797 664625007
2 800 107750076
2 2948 142089662
1 1741 122784131
2 1619 224222196
2 874 95077898
1 1398 935876600
1 3092 784546930
2 76 819973744
2 2861 970593459
1 2331 14241515
2 2206 857663538
1 931 693077432
1 2753 607067962
1 1478 276885358
2 3984 914937791
2 2052 781656070
1 3467 539578693
2 2783 687757877
2 222 690094343
1 3564 391468828
2 1097 838538798
1 3791 742457248
2 3199 449850683
1 133 400836124
2 646 671862785
1 2645 566197930
2 3568 347611041
1 2228 180690458
1 1820 888428063
2 2617 463213634
2 1503 356616324
2 2361 234480570
1 174 220635547
2 209 44350429
1 620 78004902
1 3112 267910672
2 245 492360555
2 3377 562942811
1 3626 758823185
2 2402 696738702
1 2404 632658732
1 875 980162161
1 3326 766779306
2 1496 109529073
2 2157 988731912
2 3915 699156863
1 2151 535257856
1 3307 960229517
2 2219 829963657
1 2966 971650195
2 271 495327198
2 2663 492376794
1 1030 633756510
1 2183 711839076
1 1145 23620745
2 2380 350192258
1 463 609601028
2 2921 710592462
2 3917 633543174
1 669 841837111
1 3540 215718299
1 5 746346719
2 3725 312976685
1 3233 471624063
2 2062 10234503
1 963 390556709
1 3656 555809401
1 1653 382393676
1 3786 215037934
1 1894 52574911
2 1142 398811139
2 3146 330629072
1 2730 23959108
1 1548 952888308
1 26 823282261
1 3592 920672769
1 1733 619698962
2 2681 687789857
1 1501 358820139
1 2594 969801691
1 1415 787209229
1 128 688727293
2 1228 447926859
1 312 803551233
2 1222 415350975
1 241 118044706
1 3450 605694254
1 825 129477025
1 2879 206470469
1 2722 328748750
1 121 511861034
1 2949 85904349
1 818 335356484
2 3674 828279777
1 3023 538033320
2 3531 619592187
1 3484 197862098
1 1560 186104639
1 1484 183492965
2 1044 274003409
2 642 207726835
1 3813 157746524
2 2435 554918054
2 3274 624553312
1 1893 167908601
1 2762 45975478
2 2846 206659293
1 1720 182215395
2 2066 808654940
2 844 349049534
2 852 883454153
1 2441 820054889
2 503 250582915
1 3262 78594732
2 187 595740069
1 816 415770654
2 2400 798966273
2 1117 984532714
1 1284 70880461
1 422 566944888
1 2112 545213050
1 208 231526280
2 1524 440111503
1 3358 371274826
1 2642 240938733
1 2781 558808848
1 3699 805541226
1 2310 792339042
2 382 109943119
1 3540 631884408
2 2868 583355889
1 3420 558353395
1 1716 580156368
2 1038 14374515
1 1773 566331452
2 377 956614742
1 2412 592963866
1 1195 933051823
2 436 273417965
1 2355 573134123
1 3206 723886008
2 772 189449386
1 3524 212144537
2 1200 719819999
2 3539 639174558
2 2809 646480511
1 2926 92746993
2 62 476004850
2 1816 427482483
2 718 290559595
1 1650 378833252
2 451 269890553
2 2223 513183719
1 1819 484036519
2 79 862314134
2 2477 893704747
2 3719 21483098
1 2049 392949746
2 610 317149200
1 282 430172819
1 149 266052966
2 2548 214941539
1 1005 243327923
2 137 514971169
1 3672 153950837
2 2793 158885304
2 1265 672656475
2 3919 913382398
1 2807 465859028
2 2205 769504964
2 2964 585048380
2 1454 622925095
1 528 48436867
1 3201 232174031
2 636 770033370
1 1110 593345982
2 771 203176379
2 2227 997446365
1 3693 986682712
1 1973 580334982
1 200 70600598
2 3433 503195137
2 159 240630139
2 1792 278823111
2 3770 514864773
2 1538 223181962
1 794 504467171
1 1080 393893617
2 484 280247231
1 633 162466030
2 1845 108570019
2 3237 22704953
2 1398 689241287
2 1873 752156747
2 1484 418958347
1 571 478757193
1 243 320128488
1 3020 449797033
1 3226 875737048
2 2500 114408062
1 671 945531713
2 2841 294585194
1 2633 173178349
2 2217 944594743
1 1242 482235752
2 2174 42294994
1 3764 645418246
2 3593 44316787
2 3874 393321504
1 3577 64098341
1 3608 366087231
2 3856 650606593
2 2266 795161160
2 1192 955735816
2 3181 84700981
2 3918 138986766
2 1718 42631774
2 3602 331961188
1 3189 219056566
2 2882 229745987
2 3496 415452846
2 1762 954402049
1 2890 476872567
2 3078 889972729
2 2390 131102241
1 1679 150626318
2 1001 279857152
1 3903 477484890
2 1906 604400725
1 2185 651769883
2 3432 533870083
1 1159 848699768
1 2935 759383771
1 1565 139855395
1 2461 731067474
2 285 935830925
2 544 250765585
2 3941 472177794
1 2877 549133242
2 3548 570605066
2 3867 69928813
1 992 609396042
1 62 546318152
2 3375 674577341
1 1940 539600565
1 2965 118116303
2 3804 814025455
1 3351 399135460
2 3733 277134863
1 167 760424991
2 3471 208034660
1 2018 604788612
1 3343 584620821
2 2997 630931692
2 367 291593046
1 1583 269861210
2 1133 196978460
2 2453 320762767
1 1026 11667567
1 2734 811460430
1 697 753905197
1 1550 512751980
1 570 745615969
2 639 219897664
2 1420 327342771
2 1503 208770014
2 754 150285770
2 2387 495330686
2 1821 704786386
2 1764 856880662
1 2742 464883071
1 1519 954471010
2 800 875346584
2 1472 345876089
1 2367 209938709
2 863 245397397
2 2355 112527903
2 1702 68173176
2 2528 471007365
1 2556 909208898
1 2029 187586772
2 2768 372161626
1 2469 829445038
1 2166 623842356
1 3097 478982789
1 3280 647846712
2 1248 730682098
2 832 818081104
2 1246 158952787
1 2229 833476627
2 3840 76463523
2 1659 863410930
2 3664 343888064
2 1738 43123745
2 1398 418606101
1 86 199513982
2 3269 187911999
1 1543 116070893
1 124 868804371
2 260 18582256
2 2688 412652410
1 3841 961884815
1 1069 796348811
2 3786 974608053
2 720 51001550
1 1856 744240836
1 1787 155603633
2 1949 171996419
1 3632 277626806
2 2216 683929968
1 381 124012209
1 3988 179610633
1 1449 72198463
1 1306 143170592
2 2864 310429902
2 3283 105648321
2 6 153840078
2 1225 888717881
2 3721 414446289
1 1638 389735247
1 3319 572931207
1 2341 648035119
1 622 481579016
2 1703 89819222
1 3354 506348352
1 2844 962791976
1 248 815936833
1 3017 742367341
1 1783 250122713
1 2176 133906871
1 662 892795303
2 2094 527519434
1 1573 73859415
1 123 688182226
2 196 484034697
1 245 348923933
2 2272 722205420
2 2125 110750554
2 3223 170780119
1 643 549479306
1 1124 454324714
2 3472 196580161
2 3212 878948790
2 2703 291743699
2 1676 212432610
1 623 720149709
1 3067 789549870
2 1059 247419844
1 1681 273183431
1 1426 421103494
2 531 681840730
1 2513 907658392
1 2532 32950538
2 165 521304586
1 1397 207963898
2 3635 208313647
1 1337 460944175
2 3124 794669570
1 3758 47908932
1 467 362327803
1 2295 701069531
2 1481 231058868
1 2812 502178684
2 3587 848953283
1 820 501688304
1 1876 127162037
1 2937 883013377
1 1227 611728998
1 1093 119119017
1 3849 49020666
1 2041 609351357
1 777 102973099
2 3308 41675810
2 1417 347452734
1 3120 454400323
2 1504 495575716
1 1351 726178723
1 52 347169111
2 2830 479901488
1 3616 906064005
2 1240 837963093
2 327 185663041
2 2559 182586291
1 190 324911872
1 2932 819832806
2 2056 829678707
2 3776 411934332
1 1725 216480668
1 827 677648105
1 1255 702794575
1 1681 896024800
2 3558 913323507
1 988 29877774
2 3525 263574976
1 1597 140571817
1 3373 193826592
1 3235 101120536
1 1866 896058462
2 3283 503734611
2 1778 30191937
1 1701 968149809
2 3135 238073068
2 1064 422306058
1 2346 457554458
1 1186 56562064
2 3565 603900633
2 2411 25317180
1 924 410636562
1 1027 414145449
1 2257 826293906
2 650 419991125
1 1840 697710933
2 154 203601936
2 2727 2542768
2 288 940736861
2 3432 535987595
2 1596 216236432
1 2497 65537087
1 936 928859322
1 898 277354928
2 2995 708823327
2 1399 4922260
2 2958 713839008
1 1384 790165874
1 3088 601348835
2 2414 904918466
2 2698 388449393
1 2002 822480493
2 308 91650094
1 1426 290683096
2 1137 570623767
1 3725 908761215
1 1616 639488053
1 1998 121578931
2 1345 763974413
2 1095 915954193
1 435 895849185
2 3346 286662259
1 1147 505622178
2 651 785884838
1 130 48034122
2 2278 814827510
1 2653 300149998
1 3075 654445581
1 322 778298835
2 3388 331419912
2 1764 155577409
1 360 889347585
2 1284 973232023
1 3059 529009581
1 3295 502313314
2 19 721127927
1 2809 365927570
1 1544 260732416
1 1421 897148711
2 2952 168338952
2 2090 313156469
2 489 451123448
2 1668 120660145
2 617 383949777
1 3810 501522846
2 3362 491370590
2 3981 156525646
1 1243 562732790
2 452 409468918
1 790 547361113
2 2514 939618404
2 2565 275442054
2 2867 760245497
1 493 474396428
1 2320 123022347
1 1887 350866745
1 2314 244841583
2 3809 890073845
2 1784 782673224
1 1378 640700187
2 3320 912832580
2 3526 321259282
1 3447 527604638
1 3439 782814348
1 1966 897348779
2 2945 65403042
1 582 907576043
2 2322 562316551
2 1141 615849055
1 241 888610374
2 3215 528438443
2 2666 667650960
2 828 353575585
1 1043 741712506
1 3912 969075024
1 1768 334849407
2 2095 136729049
2 1505 151851540
2 3634 273851693
1 245 59575364
2 2639 463221761
1 2111 460544479
2 3046 257358023
1 3682 153216072
2 2953 963228107
2 3490 824844122
1 641 566149188
2 3639 588374939
1 1333 837727112
2 1556 892722636
1 132 989271324
2 3949 328592062
1 417 631310976
2 3312 508796931
1 73 896532711
1 1477 221830687
1 192 687087899
2 2271 972348906
2 1821 929998884
1 652 251904491
1 2757 618262095
2 2117 728097710
1 2945 60048326
2 950 950026061
1 3656 97403340
1 3719 231727431
2 1832 65976543
2 1087 108085782
1 3337 979496936
2 1368 463676820
1 628 185822204
1 1951 188474877
2 3301 18821216
2 2977 256359447
1 3961 942953906
2 262 32375635
2 3961 413287589
1 581 16069919
2 2498 620163940
2 2111 59323739
2 922 731113726
1 348 77832859
1 644 781924120
1 3322 343467771
1 2651 666842655
1 1354 670781227
1 3370 561016236
2 626 949590152
2 133 986819358
1 1938 792454298
2 688 267797633
2 3172 8322189
1 3337 182141834
1 691 636852371
2 3840 68507532
2 2484 142324571
2 458 10436348
2 3019 119215822
2 549 94213290
1 3342 274643216
2 2453 191755639
1 3401 212210268
1 799 492173756
2 3251 183931751
2 3104 639123619
2 3580 255857553
1 3319 270001583
1 2583 323142303
2 2418 599171503
1 3358 888380665
2 2028 908987465
2 2860 962266860
2 2152 642256855
1 1500 298817085
1 2818 215770648
1 200 558559377
2 739 527941603
2 3564 685172072
2 482 548084753
1 139 126284880
1 184 838561196
2 958 832505487
2 3126 23475628
1 2543 345368794
1 3050 331847246
2 3486 319907564
2 2121 227139053
2 408 53512927
1 1803 102587966
1 1025 376106358
1 859 532867946
1 916 287702237
2 3552 11349611
1 2580 18987475
2 2345 85918412
2 3857 631980477
2 2855 596447760
1 2118 423200455
1 1394 499163992
2 3887 55686387
2 3312 301647014
1 1405 108169117
2 3753 647091155
1 3655 237122574
2 3792 789892736
2 3736 80283759
1 40 23964920
1 2193 486829902
1 1446 983897973
2 3055 470045337
2 1696 54059940
1 2879 935569990
1 3625 573832611
2 3410 341080560
2 1208 477715317
1 208 159541292
1 3672 219669467
1 30 685330551
1 529 125169895
2 3732 471223779
1 537 278790413
2 708 503779448
2 624 277557030
2 1224 443929991
1 220 264250967
2 1428 896994505
2 3267 137448038
1 525 62054140
1 1086 975488599
1 800 166865651
2 834 317469321
2 512 354670880
1 1124 659536162
1 2060 232727466
1 3051 30254831
2 2046 997534468
2 3020 802495626
2 2764 89077032
2 538 543668343
2 2936 747797349
1 1120 105928954
1 3135 272467667
2 569 615112479
2 2732 753369438
2 502 675725700
2 709 700925566
1 1943 243789961
1 2584 222328084
2 3533 706517354
2 1261 859996113
2 2345 649401485
1 2725 45248866
1 785 207822049
2 2353 827743993
1 610 95863809
2 1415 139186672
1 3384 135529242
1 219 813778552
1 1554 347383923
1 964 674083539
2 3771 138452200
1 3095 334736209
2 177 716160940
2 2319 137133297
2 1488 326538836
2 2393 830692210
2 1434 65859710
2 511 22199366
2 1051 553768585
2 400 901437834
1 2170 678448855
1 422 324282609
2 1268 3053691
1 106 140688075
1 938 682378063
2 2847 111340561
1 665 461826624
1 2337 671552994
2 1118 371142742
1 2009 214142601
1 570 242519283
1 632 783496716
2 689 382787095
2 1482 604884815
2 1855 318296271
1 398 185163952
2 3621 847039238
1 65 136937274
2 1354 667970311
2 1087 26076879
1 738 832844605
1 1065 637453319
1 2115 778713265
2 1335 523568319
1 2384 471548679
1 287 353511047
1 1811 764837816
1 2524 222740657
1 810 35453998
1 127 418082131
1 615 132865323
1 2561 399374165
1 1324 685327664
1 2058 479659059
2 1694 269497708
2 1423 39253381
2 596 878298023
1 3744 697375336
1 2106 238112243
1 811 850890653
2 809 263238928
2 1688 393784912
2 734 218040300
1 2707 977594341
2 2290 106442673
2 2166 127996258
2 2159 197211166
2 1195 829617216
1 1989 93053700
1 1755 819548954
2 1320 45021864
2 1422 863184381
2 250 797340309
2 3212 497825126
1 999 415874925
1 1945 87484751
1 238 624983775
2 491 771601669
2 1172 318827140
2 3853 992398958
1 3704 581980173
1 300 823112611
1 907 228314420
1 2604 900214804
2 3525 620798517
1 2869 242424353
1 1577 679155170
1 336 292595389
2 881 900232033
1 1134 982948598
2 3607 214746941
1 546 463451932
1 2556 14098589
2 3508 504574901
1 135 867579217
2 2072 147498049
1 3610 440177688
1 655 425888169
2 3080 238868730
2 3956 47091278
1 1751 113579578
1 2753 454651247
1 3258 781563618
1 1723 79622241
1 1460 559406407
1 2410 209214699
1 2986 543910916
2 622 850804105
2 3370 455859701
1 418 532124980
1 2068 212011636
2 2784 643758529
1 3878 754182419
2 271 722753959
1 646 411849941
1 1644 694337225
1 3341 220441217
2 1280 241637825
1 1675 127271704
1 1970 253064504
1 2501 204700451
1 1357 506681067
2 781 806698143
2 3697 850705332
1 3870 635388070
2 2559 640761574
1 2777 284321232
1 2826 950484259
2 795 407081973
1 2981 893717819
2 1701 787005305
2 2342 850762892
2 3481 811774122
1 163 666752348
2 3121 288065360
1 567 162978165
1 2606 186184894
2 197 733645389
2 2650 488404475
2 1828 152916939
2 3667 648693960
2 3888 828155341
1 2531 904965560
1 1855 119570054
1 2707 98313108
2 431 168084601
1 1537 147375925
2 286 112646571
1 401 290260228
1 885 186874601
2 3848 385363854
1 3489 120588213
1 1916 439608110
1 113 777521484
2 3846 705510337
2 1161 915209490
2 1008 822491404
1 887 725134247
1 2250 301372480
1 2338 479153680
2 2560 131396898
1 877 369292762
1 755 437552364
1 3287 191707493
1 3205 877541664
2 2929 822728177
2 753 458257338
2 1521 452524990
1 3467 262219358
1 2212 752564482
1 3419 94316753
1 819 922740161
2 1476 923179328
1 2482 17316546
2 2750 783162709
1 768 673790360
2 1841 487995905
2 1720 617054588
1 2031 855734862
2 2041 106044838
2 1571 858095990
2 293 409876871
2 3946 568369475
1 764 750005641
1 27 291855301
2 941 748592261
2 202 606359352
2 1376 546625253
1 3609 175045925
1 2977 308991749
1 2616 98264920
1 3870 505532986
2 2676 553177076
2 3078 999767485
2 2020 711744114
1 2887 498308427
1 981 498209648
1 1307 170075532
2 2902 276241954
2 3654 116765165
1 503 54857859
1 336 266093035
2 1687 269229053
2 3119 324641498
1 1216 693298772
1 3653 554562591
2 2050 364331092
2 558 749822204
2 3197 153405780
1 385 116178585
2 3917 553489329
1 2206 48133026
1 908 70544575
1 1391 870587755
2 3893 734578055
1 304 367376760
2 3878 279584860
1 401 397697966
2 3906 951159820
2 2123 470081340
2 3564 997214736
2 2408 203526124
2 3772 29463893
1 1116 687672933
1 3149 34022396
1 3217 27036550
1 978 245119469
2 860 253137744
1 2604 569920855
1 1168 489699188
1 2635 396758863
1 1180 851878856
1 2374 389237717
2 1450 484637136
2 656 902465225
1 1837 881834409
2 2336 976338159
1 351 82964157
2 851 973893031
2 1588 585011411
2 3561 449158564
2 2700 507414115
1 3681 84665982
1 2016 565795221
2 3425 108613478
2 3598 817932434
1 3685 812833880
1 2446 146999126
2 3697 840659176
2 1460 891385253
2 763 47800175
2 549 490922919
1 3338 563536290
1 2622 995137067
1 2410 953869789
1 2295 464930137
1 2075 447317126
1 3778 197801077
1 511 119218777
1 3346 39511962
2 2705 506992558
2 3100 795035136
1 613 54547229
2 1133 683858115
1 3692 508314347
2 2889 65054979
1 3146 481565965
2 160 532336326
2 1546 202764693
2 1424 570820512
1 1533 598283613
2 2019 769864944
1 2966 297201156
2 534 240217159
2 2277 362274992
2 98 274431562
1 2513 919453553
2 272 57458565
2 464 862315749
1 1783 709883904
2 1428 372464221
1 3396 456267694
1 2960 233036488
1 3429 834936661
1 943 435663898
1 1927 895090797
1 1076 716600161
2 3443 386881038
1 2689 611773950
2 792 48338916
1 40 671390958
2 2088 435380366
1 938 119141827
2 3632 6169519
1 125 282651854
2 379 38531580
1 3765 790056210
1 2395 492507978
1 2517 539364369
1 3008 853690554
2 1329 955490063
1 2729 810090290
1 3846 485880858
1 1732 805437233
1 2322 918949498
2 628 473408684
1 1712 626969089
2 1700 849918139
2 784 290001656
1 2051 558524091
1 3525 681263037
1 1854 359450507
1 1438 692094453
2 3853 762786883
2 3032 545335825
2 539 137940146
2 3065 928049363
2 1294 817986760
2 1110 774594546
1 1782 570210375
1 355 681980
1 2315 863109432
2 3038 578039011
1 1273 849202918
2 2580 536887491
2 3020 214633707
1 1740 10364586
1 1873 958487281
2 81 228805701
2 3022 290606904
1 2928 88234061
2 1623 697022810
1 599 457358209
1 2544 492711075
1 869 181253468
1 1577 143700178
1 2333 875230023
2 2181 761138649
2 1477 747979720
1 618 917806643
2 2027 404622745
2 1889 761712449
2 2188 282204343
1 1638 404743602
2 1389 807525620
2 3453 566797640
2 2489 920757578
2 1563 742652757
2 140 948844729
1 2575 465435379
2 3616 43658668
2 2487 884297669
1 2018 826761649
1 2979 892665141
1 3424 253405098
1 2631 399631149
1 2835 260349859
1 2676 260264541
1 1728 604180231
2 2020 303083142
1 1965 625238023
1 3713 767785282
1 3040 650671066
1 1758 108390774
1 3349 853615387
2 3158 736718003
1 1890 131566702
2 2950 249644092
1 1399 843138205
1 990 290725623
2 2871 27384710
2 1029 758286397
1 812 833930267
1 3659 109437781
2 1806 438705672
2 1181 762297954
2 1182 301025653
2 1758 430220439
1 3851 859555436
2 1944 623392075
1 2913 317779321
2 2986 598403895
2 446 20208975
2 2830 426236849
1 2469 710712568
1 1241 813135324
1 2762 446147544
1 1304 455639372
2 1540 696012683
1 2430 383233086
2 2241 661217356
1 2040 186328274
1 3089 495639130
1 375 423288156
1 2812 166619533
2 3763 831671089
2 3066 2806113
2 1511 383120187
2 1941 832124222
2 1798 524329748
1 30 884741687
2 3949 853505133
1 708 138428098
2 3384 875305669
1 735 919761605
2 2152 664771039
2 1497 91868748
2 2723 535590732
2 3135 981687943
1 312 220184626
2 3306 191514298
2 1555 959400259
2 808 785565610
1 1530 768350133
2 835 70047756
2 981 235718702
2 2402 118052417
2 2099 188277162
2 3678 586328466
1 1156 378676188
2 3811 676041973
1 796 727579321
1 2762 340015598
1 2008 762090869
1 2210 742789872
2 3066 26485091
1 3863 775066643
1 1625 747383330
1 3909 938905270
1 2693 394700804
2 3262 23829018
2 3722 704483345
1 2673 247776614
1 3291 495340668
2 1476 984565503
2 580 941803726
2 2414 503407939
1 1143 932470579
1 70 951713618
1 3666 226081343
1 264 36851298
2 2829 762837369
2 3634 373815211
1 1285 482131093
1 3263 747241070
1 1136 272363004
2 2106 333198549
1 3745 70283126
1 3768 400041677
1 2166 268777014
2 682 177515301
1 3807 528467825
2 3541 153296192
2 185 435715189
2 1664 900531031
2 1021 622083543
2 2688 343737781
1 2340 345706416
1 1070 469183218
2 155 471140446
2 1739 801009781
1 529 936446694
2 3217 986033831
2 3605 897445263
2 2354 125357207
2 785 196154095
2 2278 200636196
2 2575 55943565
1 3055 762497485
2 1491 143658390
2 1619 867242415
1 233 218319878
1 413 757468469
2 753 580673350
1 1684 508843624
2 1996 211980048
1 222 389636099
2 6 365177820
1 3580 705506557
2 441 720517228
1 2864 58600240
2 3593 867240987
1 651 684947255
2 3623 679555188
1 194 546835026
1 55 84249755
2 3250 647952435
1 1700 937644896
1 3577 215741494
2 1982 698990332
1 2896 904941533
1 3379 533156988
2 2222 821837297
2 1574 481336649
2 526 28515094
1 699 194451654
2 2233 626630638
2 2716 550571665
2 1514 410959068
2 3266 7849122
2 2060 169770911
1 1434 174487538
1 821 420104385
2 3750 602531237
2 3223 534069815
1 1818 755802751
2 3912 703858559
2 2588 761295091
1 2391 703187373
2 2218 95572235
1 259 912179846
1 65 264185310
1 2527 603292692
1 3567 742450254
1 3874 274829793
1 2167 907034319
2 1147 93873391
2 1345 912940753
1 3989 34105435
2 3780 153896014
2 400 117392408
1 2156 196963413
1 574 761517413
1 1488 363803765
1 3041 187690090
2 1843 922068456
1 484 887575230
1 1989 462291954
1 3223 811409303
2 2651 923034980
2 1960 532565667
1 2738 292920678
2 3630 474088622
2 3592 233555246
1 3929 833336159
1 3655 33069453
2 1980 813918311
2 3937 584828918
2 1577 446334952
1 839 15319634
2 1894 994340187
1 3788 143622712
2 1702 338596323
1 1511 640024239
2 1891 87735405
1 2780 124869325
2 1358 594725767
2 1773 757274446
2 201 756780155
1 3017 110954670
1 3271 622668383
2 3722 728275046
2 3123 550898595
2 1521 257399159
1 2658 842726972
2 1695 833793861
2 3365 852754521
1 70 17159532
2 1173 156295113
1 1294 298517696
1 386 573772760
1 2478 171771787
2 3523 434470768
2 2580 65737641
1 3499 255371075
1 406 797979297
2 1072 742264898
1 3559 668335942
1 959 430371106
1 1236 678188543
2 684 754135117
2 3077 382174903
1 1316 266773287
2 2778 561359625
2 2977 482139086
1 785 975427861
1 2147 859161663
2 758 739836116
1 2527 674157951
1 1164 372904593
1 2234 943546870
1 1978 89214273
1 2987 233703154
2 3125 352865523
1 3893 265296996
2 1687 601042725
2 2107 283933052
2 3589 786418256
2 675 670065267
1 260 629381814
2 176 228643259
2 641 376358190
2 3640 219521038
2 2214 796956289
2 3286 706320603
2 549 853911649
2 3898 768223922
1 3680 190506599
2 1436 272401059
1 1041 386879963
2 1410 916941018
2 3434 290803148
1 2089 310163071
1 2939 219799093
2 528 270333697
2 506 597987841
2 3890 234839300
2 606 580099168
1 490 138547243
1 1524 233356950
1 519 685803740
1 3508 238630264
2 3979 24883075
1 1610 329253345
2 2083 496402632
2 680 115296571
1 599 650745539
2 1101 153491824
1 1084 166401829
2 1781 498114617
2 1070 125205502
1 3208 401688418
1 3854 287760480
1 3730 60940620
1 3329 849370338
1 1768 845096053
2 3284 621670225
2 1627 529394449
2 3378 243410582
2 1715 911430820
2 385 191975117
2 2335 143025952
1 1109 6815596
1 3777 496058925
2 3583 327968608
1 1127 783274898
2 1393 987728470
1 1384 709200789
1 1010 746377161
2 1295 739834907
2 1919 361386708
1 2522 721533036
1 2439 224633379
2 903 546645534
2 916 390958078
1 2000 697576551
2 2417 500544746
1 3854 36563559
2 1969 704387679
2 1528 180674796
2 1102 75416603
2 2583 934357570
2 876 870482888
2 1425 803116695
2 3964 568694918
1 2929 506716243
2 2045 506276647
2 879 552063480
1 3720 488263658
1 2249 154858397
1 1455 261841972
1 3009 751915056
1 3009 214291960
2 2078 875460589
2 86 780570947
2 3688 569232046
2 593 711308830
2 177 9583324
2 2104 636735001
2 1926 915153320
2 3441 328476616
1 2906 483887145
2 1657 85135679
2 2905 405544907
1 3884 239102481
1 821 255267841
2 1573 335815577
1 3625 867587939
2 1059 350603617
1 2861 768725123
1 123 431003556
1 1829 545380285
1 1714 617366942
1 482 985592687
2 3433 155898225
1 3435 584246229
1 3783 377515713
2 3734 764049262
2 2681 31128381
1 3261 951673035
2 3899 640182772
1 3848 648066917
1 846 859776730
2 873 460762130
2 1732 708826268
2 775 222818255
2 1440 430527258
1 236 40027683
1 3895 21826358
2 103 286447316
1 1779 575887314
1 998 935145273
2 607 629920139
2 908 265706717
1 3463 250365430
2 3492 276471817
1 2150 60453819
1 2320 338590879
2 1874 928240236
2 1128 658006521
2 3681 274897967
2 1668 447228505
2 1512 275054336
2 672 604996099
1 3505 238889854
2 3969 462173003
2 557 466885128
1 3272 932422795
2 3931 162130500
2 3418 342585052
1 2220 972610957
1 1243 583056561
2 2769 377610739
1 1351 827740255
1 2744 227489137
1 561 331805501
1 2877 674872528
2 1827 343405019
2 3021 951023500
2 3263 51301378
1 506 967390806
1 1721 164603763
2 1481 509711178
1 2733 181831046
2 2173 558454704
1 1073 66439742
2 3809 360904133
2 286 949039289
2 2734 917667541
2 1420 844007617
2 2534 748817651
2 2967 684912064
2 58 837084579
1 419 260815432
2 1498 878286692
2 735 849617103
2 94 66034545
1 729 117962971
1 1239 330279836
1 856 188433939
1 758 357528521
1 1478 74038899
2 3123 226986281
1 2707 58716523
1 2301 137969791
2 1867 271391477
2 3124 979255584
2 1353 111997409
1 507 319316934
2 11 541178051
2 1218 243344069
1 189 12800498
2 2067 351794687
1 1127 405371714
2 3572 231429880
1 3555 414282072
1 3896 87655294
2 100 958060404
1 2513 204800767
1 64 520368920
2 3730 878518896
1 2448 555835335
1 2521 574899548
1 123 883488818
2 2880 428895426
1 1401 51116733
2 1739 446356141
2 443 947317950
1 106 436259852
1 742 607885010
2 3057 366603158
2 3771 71996960
1 3166 156958732
1 3820 440587650
2 1973 783994534
1 2450 312782803
1 2476 195443689
2 2133 687663798
2 1187 208392587
1 2651 609990834
2 2497 575993739
2 3189 629036953
1 1498 894844415
1 2539 601477035
2 1476 546616511
1 2416 627494953
1 2352 22933708
1 384 553221986
2 1431 71107968
2 1590 627805241
2 3419 813336479
2 3416 535959031
1 1071 113640864
2 3379 614806734
2 1648 888442156
1 3468 814664550
2 3723 922668263
2 1866 146973377
1 1298 28742446
2 2434 840423582
2 3257 954532224
1 2786 876864470
1 47 790923062
2 805 136581842
2 1020 171637878
2 2286 882168858
2 347 115055501
1 1462 289032313
2 3158 48032198
2 649 145317503
2 3505 269936254
1 1063 654818499
1 54 542874557
1 1684 429985916
2 3934 965058940
2 799 411132242
1 1885 415499999
1 3906 232643305
1 1823 590085736
1 396 243534297
1 3957 598121235
2 788 804978313
1 366 777808197
1 3438 861249954
1 2675 40290841
1 1927 667080973
1 3473 378943302
1 132 107515742
2 1382 984652144
1 2619 82642778
1 2629 604727772
2 1542 18280571
2 1880 608532338
1 1897 603525226
1 1200 209284469
2 1145 637196693
2 1510 846261459
1 1745 212555569
1 2071 216607136
1 1379 204524002
2 11 97192663
2 181 209135057
2 2611 462173529
1 3684 520811538
2 3783 256011651
1 742 62852071
1 2923 862005171
1 57 458535796
1 1058 157197224
1 3006 272218598
1 3392 432673152
2 1928 407774984
1 1724 757302423
2 902 886364839
1 3595 722702858
2 403 51593894
1 1417 118490613
2 3074 277306616
1 170 208803268
1 152 950533047
1 791 693571503
2 3417 315179558
2 1927 191587207
1 2692 582631469
1 2762 984086911
2 871 323994564
1 2904 875216983
1 3273 702251019
1 3868 442553240
2 2002 459180860
2 125 302793142
1 851 484146218
1 1286 544389697
1 1487 773807046
2 3924 551972275
2 425 81903621
2 1313 368152829
1 1968 347590598
1 876 54246939
2 796 620666322
2 3438 160099029
1 1654 573329289
2 336 158227835
1 88 121367595
1 515 468067271
2 3336 812371186
2 2540 487118473
2 2370 259667091
2 3964 95422343
2 1931 568105530
1 3751 121684413
1 1670 72437652
2 517 960527193
2 3968 439100390
1 2712 54924963
2 479 674870553
2 269 684629052
1 3440 583736373
2 3051 942679413
2 1243 635169169
1 567 525048083
1 665 405102484
2 116 611024330
2 1125 462980566
2 1065 861692696
2 2578 552915669
1 2783 221086239
2 2862 131926469
2 2615 240168597
1 886 138009352
2 158 773425754
2 32 845407407
2 463 61486693
1 2387 813336859
1 1105 101550639
2 2326 460836684
2 2813 13563883
1 1440 992604144
1 675 659806113
2 1360 684356846
1 2026 250713571
1 32 149180960
2 1810 707553132
1 1518 411646884
2 2865 312426262
1 867 131786399
1 1868 648741091
2 2615 393922996
2 2776 84102721
2 1649 16926189
2 1912 589561825
2 732 78074672
2 160 491661536
2 3799 940560288
1 326 2580877
1 3186 666160301
2 2800 788970442
1 1461 937743384
1 1089 239213913
1 1366 961867917
1 1538 926368561
1 893 779597191
1 1548 561329233
1 3252 975672351
2 3603 765858292
1 1592 417632724
1 991 332482029
2 2482 280117279
2 3067 785636677
1 539 146419482
2 2000 911454776
1 593 10792255
2 3746 107623544
2 2616 147618729
1 2430 648123321
1 1777 253961984
2 1165 278512105
1 1749 461182843
2 2074 846056827
1 1049 530337549
1 1785 826374420
2 2821 115100959
1 2547 835489055
1 2542 286908416
2 179 835835309
1 211 913488664
1 622 127625733
2 3963 256555859
1 1354 58133615
1 1763 325626717
1 1648 52823784
1 506 75033160
2 3838 777571913
2 2005 936118616
2 126 502803386
2 1931 757299814
2 1997 135152208
2 3657 526542396
2 2654 296504790
2 2459 477026682
2 3221 73420523
1 906 538272691
2 2687 849733209
2 2407 41004808
1 3378 48806724
1 253 700660132
1 1802 213672793
2 1830 390512616
1 1085 370849090
2 1274 21089731
2 2025 684246837
1 3735 20578319
1 1335 431295003
2 466 33710203
2 2799 261885199
1 3558 722697470
2 3415 390440427
2 3878 24208064
2 3023 987974469
1 3773 436141431
1 2080 508697755
1 412 37360592
2 2873 99324789
2 2734 524994919
1 856 804319002
1 2548 611651969
2 3555 631453291
2 1308 65940335
1 2914 282914785
2 3555 927373480
1 1610 830627109
1 1709 616346116
2 3719 576920408
1 2263 655348339
2 2801 656926126
2 575 607228529
2 3420 921519395
2 2895 189247155
2 1639 141916110
2 2364 313046600
1 2639 987363088
2 2774 81033761
2 2837 767314429
2 637 781275015
1 2748 688121670
2 3477 333514434
2 769 152307005
2 3228 423518467
2 2260 667436812
1 3940 663800936
1 1505 586995689
1 997 703692098
1 1656 74012871
1 3456 695834172
1 1980 84369675
1 1554 276509448
2 1531 867162347
2 239 176384431
2 3853 404825846
1 1257 569970007
1 2367 766514224
2 1426 925194979
1 1708 276056603
1 1132 476237855
1 786 553711921
2 2186 548507179
1 2527 922277967
2 2655 759036544
1 3759 792351252
2 2086 153888558
1 2611 54576753
1 802 164378123
2 2217 584213641
2 1946 880160537
1 1480 292099899
2 1451 184178081
1 536 496922065
2 1506 571279390
2 3776 181429608
2 2508 736194892
2 1891 20405449
2 2784 103851578
1 1198 425504436
2 2112 720426120
2 2734 820745154
2 2649 917885396
2 3606 163122070
1 2096 289526730
1 3101 969689612
2 551 463634940
1 2016 82058051
2 2036 642538838
1 1457 4839014
2 2336 162371882
1 2501 366486618
2 1327 201965885
1 1255 560667562
2 40 983897749
2 586 166880153
1 3620 415076053
1 3147 35693892
2 868 897701488
1 1201 162202348
2 3112 30960853
1 1428 707242447
1 2485 923214679
1 216 340117907
2 409 595954288
1 1199 867212560
2 2872 842929672
2 1708 603340566
2 2799 901788063
2 2174 695694804
2 408 704502312
1 508 537598402
2 1799 984461588
2 3055 789203876
1 2368 527599035
2 2515 538491917
1 1700 907020977
2 369 297311101
1 2745 760927510
1 3913 568657130
1 1341 871909435
1 2934 818215427
1 2247 481692260
2 2922 82665796
2 74 929390498
2 1723 402889164
1 3257 539385816
1 3606 725424172
1 1424 370040741
2 127 372240110
1 742 488834293
1 3893 436135501
2 2546 575428548
1 3852 464263797
2 1438 217481628
1 891 225067181
1 304 716846532
1 2916 494152772
2 2798 236397950
1 1741 567886258
2 3995 772133313
2 2866 647329940
2 3304 114063817
2 743 512997577
1 3926 460586347
2 3884 274747032
2 3249 395401879
1 1008 915093683
1 2714 94342755
1 3089 698154945
2 1163 138287492
1 459 748689731
1 845 111765558
2 3146 441217893
1 169 55509872
2 1046 389257780
1 1714 762693123
2 183 117465938
1 1069 768907232
1 769 291685242
2 2935 156938663
2 1358 423659413
1 1705 626204220
2 1163 118035486
1 444 146203328
1 3122 809281680
2 3461 653157801
2 558 360799644
1 306 152122159
1 3922 780288846
1 3713 834711823
2 3903 94459563
2 2754 614802808
1 2039 110993922
1 1077 537501629
2 1372 560402567
1 1241 410397455
1 2991 330761412
2 3155 265611363
1 2696 269929363
2 243 894206817
1 1773 402565192
2 3289 150476959
1 1702 192529006
1 2798 294019526
2 3738 596138345
2 481 73755135
1 3875 41171629
2 37 191189130
2 509 208298093
1 2812 56837013
1 966 890482657
1 2986 168316829
2 712 556449498
1 2177 618388726
2 2685 693947052
2 312 324194240
1 1072 682345696
2 238 925824700
2 272 659262027
1 2979 396755509
2 3970 480367361
1 2947 41314519
1 3387 820045071
1 3769 190176104
1 1978 888307711
1 851 778579169
1 3642 451630391
2 1154 119667108
2 2050 490516725
2 1679 729820878
2 1781 470202737
2 1018 174472270
1 840 516931396
1 2415 13423519
2 3955 602495302
2 2461 266055438
1 553 29249421
2 2735 371432440
1 3725 68178247
1 1090 860896488
1 2096 831132651
2 3210 862565850
1 3624 857087444
1 865 692407935
2 1722 636572614
1 224 67983841
2 1300 106187552
1 930 207816082
2 2909 885611635
2 2679 214586822
1 2654 778089047
1 721 911695119
1 1700 979170574
2 3233 419569013
2 1758 623046096
2 2582 769419766
2 3526 39733198
2 677 232801403
1 3315 224780610
2 3705 7376473
2 2080 77999109
1 1846 996198175
1 2842 210648947
2 1469 144623867
2 1642 327958131
2 1037 228814566
2 3626 710766099
1 120 739259523
1 861 680487560
1 3712 239158916
2 3534 992514382
2 3801 853473312
1 344 978927214
2 1781 889303640
1 2141 277680127
2 2136 964698100
1 1555 614209784
2 3627 835159123
1 1279 272542033
2 566 121831693
2 3450 4797181
1 3360 762274681
1 294 88949204
1 1754 876556117
2 3006 564353298
1 1884 894551588
2 2444 718767391
1 388 517493681
1 3495 107516308
1 1188 131005836
1 592 73567647
1 1555 144468452
2 2324 187958159
2 3732 548733582
2 3826 745857242
1 1957 703744930
2 2209 493238870
1 1452 367517503
2 3652 412404313
1 2020 842739391
1 1720 158075939
1 1828 347825918
2 1744 909910459
1 2984 107307351
1 1973 340692888
1 2459 434099905
1 1558 185813201
2 3863 341258799
2 3680 453535633
2 1011 206132163
2 2624 74249665
2 3158 252022137
1 561 850448247
1 3374 673992733
1 539 275063350
1 1498 10182500
2 846 407675470
1 2264 264158196
2 1191 44752211
2 1986 697727743
1 2342 720369565
2 2264 654719825
1 2781 432175408
1 2859 796535300
1 2364 764485065
2 3678 646601199
1 1539 131614573
2 737 792029054
1 1046 274889789
1 529 637538205
1 135 850481358
2 1952 844476230
1 1856 427924506
2 741 706051776
2 1630 931091072
2 1000 335976541
1 487 343691535
1 865 730934515
1 80 73605909
2 1269 185453073
1 2162 790281932
2 480 191571404
1 3903 294829478
1 3743 783674681
1 957 816532067
1 3513 958712628
2 2120 558687256
2 2659 911964430
1 3253 203388041
1 1313 545213596
2 2062 726236514
2 2715 98548453
2 3679 718834094
1 549 944284927
2 2885 280536586
1 3578 387166458
1 2654 768562031
2 3336 561909559
2 818 820564514
1 3408 269739824
2 782 303293295
1 1487 103150623
1 181 428531144
1 1144 346365223
2 452 999691065
1 3657 67278657
2 2128 205974612
1 2632 792387878
2 3022 191438461
1 547 911487517
1 768 540782413
2 267 854369596
1 1500 468568921
2 1868 334675304
1 3315 283041196
2 197 351885293
1 3358 846669701
1 3729 21892088
1 2917 542756231
1 915 147467354
2 2155 579736318
1 1875 861117132
1 1993 198135093
2 1044 246689362
2 2068 681290182
2 738 636424974
2 2845 352384060
1 2201 367327360
2 2097 482147482
1 2208 687764815
1 3778 244259532
2 1853 99708289
1 1174 338977304
2 325 503515462
1 3649 542277935
1 2201 702649371
2 2736 764978897
2 2119 236129541
1 2309 165426252
2 482 556889839
1 3643 219887892
1 322 469145249
1 3773 47853202
2 2330 603264216
2 1325 185876795
2 639 911229112
2 186 380477417
2 2995 799267909
2 1770 994712996
2 2239 731819873
1 333 480853892
1 2735 723906038
2 2688 484548338
2 426 484908068
1 846 238957653
1 2381 737834243
1 642 66433451
2 3560 506176
1 3159 508801889
2 600 424566821
1 1863 304376090
2 548 149480744
1 1820 354969211
2 1325 829956686
1 3106 975241926
2 1041 99876199
2 3272 216205429
1 2774 339040113
1 511 777293626
1 383 37714315
1 2960 129545334
1 2178 324379685
1 85 671181743
2 3737 139787628
1 1122 920137696
1 224 294215873
2 1334 12559026
2 1648 772833946
1 3761 415236147
2 2938 557149253
1 446 884795852
2 2018 340101583
1 494 851695642
1 2883 682402007
2 574 575738075
2 1924 90999121
1 3512 272890215
2 1805 75463491
1 1860 388652782
2 2375 909819252
2 2461 508840806
1 3662 345958074
