4000 4000 4000
3545 2926 981473609
2588 3318 961163619
3318 2652 788820909
2215 720 919953026
2405 1198 307228526
3447 2431 550586055
2068 2090 659972750
3777 566 516387188
1405 3157 314592310
3062 3485 428243780
849 3243 151764915
3248 560 764948282
3576 3702 255168452
2858 1748 225414758
1273 1618 865628541
3952 859 897430731
3338 2606 56608560
1598 3940 856135357
3582 3964 463452497
2218 2345 936825311
2968 2712 431262965
1149 3685 526289969
2955 2395 980757960
2001 2307 89827170
1846 3498 822749851
2421 2662 99529262
3668 2432 930249215
1645 3631 527525569
3565 3585 645377836
917 406 296865498
3995 973 287275298
3012 580 374646887
1500 582 896532749
3410 2165 870745574
1386 573 796608147
2148 2296 119850416
1933 2217 516781097
2616 536 359881016
1972 123 240026956
1126 3588 436897742
573 742 49608684
540 1872 540188473
1289 353 549251980
341 2715 892173470
555 1501 53877319
2127 47 402630954
3832 920 660855144
1517 3318 189487771
2288 1146 462748245
3976 833 410214208
1454 1172 192747154
3833 3887 322879873
987 2700 63475679
2591 1401 318010223
2410 1459 924752116
3970 1531 100296863
3870 924 222982564
3879 1634 178733097
1985 1746 217722041
2536 668 396116068
2385 1614 296310073
2806 518 240558024
2547 1901 826889115
175 176 864168001
612 642 827906192
734 2980 998872047
2173 3636 245548423
1730 3788 827055602
1440 3670 409212273
551 3905 173567420
3163 2344 320151198
1260 3165 307516891
2267 1725 13406430
2462 2270 213087910
3546 3144 564464285
1293 2527 748898081
3299 624 491112022
2995 3223 612728711
3776 2372 611963520
2327 3916 437537390
947 2514 299214760
345 3923 885819065
2243 755 451035703
759 1321 137584590
1122 427 72218974
781 3633 451477938
2668 939 227317079
1371 3751 15972519
702 83 605751780
350 62 834899863
2166 1680 144220423
1967 3953 337010009
1639 2221 166715069
3806 3364 837450607
694 3420 830923847
1097 1575 503663597
776 3039 835022256
764 2896 132097794
3115 1547 749216793
81 140 227118457
1586 2342 527025802
2415 1997 478594528
1978 1172 360149101
3320 283 640990466
3960 782 666962208
229 2562 660913352
400 2078 193044442
2725 3754 140522134
928 1358 935883664
548 3923 275521026
3622 2048 177267742
1851 1603 226827070
2453 2806 29644416
1477 2812 375946920
2837 1489 51465824
2282 56 416960224
3271 1564 626545737
623 1507 203450102
3485 27 99609059
3335 1579 300523724
384 1601 855340725
465 3850 129275514
3599 3209 970923369
3306 270 163564252
130 1891 899646243
3505 2656 678327541
2844 1761 81098387
3587 2328 183298793
123 3957 740757887
2855 119 187560463
2617 3593 671519341
3 3917 356666357
2885 2851 973200972
1435 3333 847116641
2441 606 741130545
1763 905 207285727
1214 2116 72734751
2914 1777 642687514
3132 889 964372272
3167 1424 337877091
780 567 869225772
199 1914 623725670
961 3750 158717976
337 1769 101200303
1428 2016 523951129
3072 2464 481822572
1623 1514 842637053
3730 2326 144786518
3126 778 231600374
2825 1785 973407454
2381 2140 722978670
2212 2557 648708887
3468 972 451985917
395 916 715114377
2429 3575 157244658
3864 1779 181405681
1310 1364 67144136
3172 2647 912455357
3772 1156 80047653
3525 2585 129947300
1129 2949 248637197
493 1743 770215002
820 1206 262023389
1959 2712 830042346
897 2909 622649551
1243 2105 422830445
2581 4000 23464910
419 3277 649163877
2360 3149 812324356
1152 2578 477338624
1078 2350 489412930
3432 1893 456002738
3379 1458 945032149
844 3355 620131727
3661 1106 967441300
2336 2682 81792686
1100 306 437863094
3310 73 485013703
1747 53 541083829
2409 2435 934956253
2868 2790 463272482
3924 3711 896477585
3286 2266 966535046
2123 3016 397490555
638 1586 759351478
1721 804 363240932
1046 739 851051758
1696 74 662670277
418 2592 11881491
40 2383 940206134
1481 1765 17136520
1111 129 169178993
2395 3935 159158031
2802 3344 699920671
1673 1143 408655811
1632 3459 207151528
2747 1739 28086895
1863 110 10509515
1521 2972 71623315
2152 440 187540366
3949 1569 197494379
904 6 119749167
3219 1784 753221998
3344 3116 649946753
2000 3133 852640303
2550 242 161402678
3082 899 858664212
1239 1190 927116714
709 3445 716039042
775 537 244888308
1422 3546 886166890
1136 1796 57472543
2357 2986 411922540
98 2732 248518400
3790 2937 191555053
2772 2667 805784769
1525 287 26298701
3943 1546 725485573
119 1209 409440379
1740 3139 844282877
1013 2326 300832923
1872 160 431867934
102 2270 242687535
2299 3379 956190073
3074 41 329605840
252 1081 56816359
1341 1190 268297825
1169 1604 662207357
187 3176 64497291
2781 2369 111320458
80 1266 642673521
2911 1802 852876394
3208 1828 529315321
340 2895 326001230
258 3422 199755034
216 1352 702466425
2965 375 455444986
3166 1897 988002282
352 1605 558465175
3079 3555 479285963
3097 717 794687741
398 2420 103578500
3824 311 275494684
2805 628 850997767
3840 2853 471918663
2650 2471 254100860
875 526 517045160
1235 469 474480638
1369 3243 200485379
3375 334 48075586
1597 2574 566391639
1893 2490 16107917
1121 3687 72195734
356 1599 165978616
2008 2367 635189994
1257 2845 788873923
3815 3093 380850598
3361 1097 34754617
306 3072 459189189
135 1404 303834789
736 592 466913171
1266 3328 964768456
1253 2087 145934992
2040 363 616019235
2944 3381 690788928
1880 2939 646983009
3538 2744 136139928
549 3749 944487146
3568 2272 952646031
1571 1945 290916238
1962 443 639774877
2177 2590 685822445
2569 237 888220598
3629 1771 986349385
2200 44 380644897
998 2831 585253383
1508 1410 398505627
2537 369 503097797
1679 783 638678319
3493 3513 570157428
926 3499 521711284
2339 313 52486254
3566 2737 426116143
2804 1942 773998525
3177 1984 784360556
1549 801 550033196
455 366 302054137
2481 2094 282463039
2095 3677 280667745
382 485 385559675
430 2298 3983600
3670 3235 818822607
1970 1411 753772857
1593 2313 53480406
1952 1890 75192252
1896 1961 164912266
3470 207 90208145
763 2522 249529161
1875 2369 828904427
466 3368 756361868
1374 2113 223076602
60 2900 178889056
2904 1753 238190413
2142 2146 218586055
1643 2532 244574965
2643 3648 177361874
1095 981 949799806
387 1928 670358817
2898 2951 286194927
3530 907 219014271
1812 310 55049500
1216 400 804432399
1528 434 724625040
2074 3808 990747484
2508 2934 168086307
1756 1067 89498393
2422 2886 705535382
2110 3331 119018842
847 1147 76697368
3287 3972 46875549
3104 903 523559696
3110 3993 93170642
3605 1443 156427629
2663 3261 404791357
3251 1704 595908808
806 1174 898474137
3734 3535 787388376
2388 3855 556461566
1366 857 941222472
3910 1166 586044801
805 1586 698314757
1297 907 190611684
1713 687 701879311
626 2835 706228838
945 2790 174662887
160 1664 422175032
2083 2440 101485760
2034 1417 511922513
2774 750 168649943
3405 2554 571771822
3813 2355 89332175
3933 2468 813199033
3209 3187 241264773
1966 607 767559535
1113 200 535277391
2645 1098 212486738
786 3158 516790974
3760 653 876880936
87 732 193248071
2921 3730 217499889
3486 1613 638390261
1105 3504 358017808
2801 642 644779500
652 2931 51537342
2531 2718 99391866
592 3079 905991952
2172 3117 501344668
483 586 127101085
1210 2663 93036242
2829 1084 306914768
311 3876 806002396
1710 1886 938410561
1898 1145 360151753
3868 2651 321908748
2879 1634 819884095
1403 592 990402744
2869 77 324930671
3636 2257 92666806
596 3150 288527069
3288 3742 213384879
1544 178 203789451
369 1427 514133226
3308 3096 969047382
3516 1739 324992509
782 2030 726846081
1656 212 388574171
1160 3537 276509328
634 2600 48239539
2902 2080 786229201
2780 3417 331790494
2111 2025 906976101
1945 2036 585675580
402 1298 542141658
2366 1436 121599492
3684 3062 540486242
2091 1401 156527659
2544 3220 870444020
3506 759 23340295
3524 1935 12217862
2527 3938 542214739
2432 2383 868937683
1459 2424 62894354
2775 2819 76761101
260 3123 289807192
301 3815 236094100
1930 2947 737838966
463 1424 872375049
3626 1064 743837655
78 3662 4867293
2658 3551 172894321
2687 1736 336531841
72 2383 435158941
2593 194 350014953
713 1778 739370686
1247 3676 893350714
1613 158 534513472
1860 159 142261243
329 473 918247163
283 1700 964125672
848 2553 929802343
1361 2402 683932111
3464 1117 725620858
2872 2403 238255655
801 237 960948821
3473 847 703292581
1785 3435 180361863
1675 999 557878483
2505 1388 105399290
3630 6 815155391
3571 3573 78709437
991 2700 973720149
1924 15 386577208
3998 1292 360067557
1591 3861 927144266
1455 3100 352992849
2209 3581 4780307
3609 3964 340279654
674 342 262739277
3480 2560 19762908
2516 1171 135642512
3628 3905 295097221
1878 2531 167679764
2809 1668 483072293
3764 1250 984516561
2567 1407 800704118
975 3183 212316852
401 80 525794414
3945 1181 162323949
680 3197 395713933
1808 3464 399869644
1638 364 734658395
1687 587 337047277
1529 1593 209941918
1305 1679 645342412
3779 1932 964567003
1800 2841 298908070
1018 195 524644840
1250 1621 679527822
952 3693 94530789
2137 850 201856128
2890 1403 420040955
297 1336 783304032
519 3802 347659948
3025 3108 704549287
618 3275 29875967
1883 1512 451914838
693 2500 646348275
208 1973 284002990
1824 1886 882613739
1996 2291 671170315
892 1725 252830595
3580 619 353801127
2777 372 861316177
2767 456 155249226
784 1727 126889656
3695 1883 117512532
2854 1783 18304248
2198 1488 497451867
2128 2815 162009174
3406 2471 140607999
3765 3043 200029678
3835 3389 599553815
1089 732 730041229
2322 1550 531122380
3891 1058 751614635
426 198 638512168
3290 806 195167506
807 1522 960999491
2653 3157 342192794
1181 2444 689677871
2089 1969 273885424
2105 18 134365024
1203 1281 605201941
3391 2256 921493842
3044 2713 206265925
3887 2259 127860671
967 2747 207003325
261 1298 836003961
220 2984 602146958
3798 2366 888974071
2810 3155 162230727
2874 2437 249416393
3821 3333 55418129
2246 3372 775072749
722 994 366000556
3492 57 633162438
2051 2014 719367785
2542 750 19345499
2719 1024 988108917
1857 3248 897198408
3573 1255 132018814
2880 2997 89553502
3786 1686 592794228
1267 66 743250114
469 1092 255525445
3874 3287 309753783
827 765 860761057
1690 1051 154034117
2998 1537 378846617
3562 2248 194651842
2859 2303 469981277
1262 1473 404878846
3176 395 243277455
2303 3014 643805548
697 3847 409986825
3758 261 580518302
2170 465 246263761
1742 758 635883204
2188 2181 844068619
1977 126 553926454
1460 2046 206660061
2962 1222 362720459
3198 1713 213202621
779 1391 715769405
75 2972 585234694
2525 276 28113002
3034 1976 940303389
3246 2854 834647731
1199 449 974558487
3550 71 632961832
1599 482 28179649
3602 3657 507507653
3895 359 508177657
1769 1637 545343680
1052 3090 151317867
3981 2603 213953384
2229 877 827301706
666 103 329190228
1039 2280 80352579
3861 325 301869782
1365 607 742525199
454 1038 60808805
1844 2672 514474949
855 2699 219083215
2312 1579 286017538
1066 915 183255240
965 707 111288158
3403 2812 751594964
3289 3604 638488821
1002 1652 257165169
2255 995 105463388
1948 2865 29253765
1674 771 161339273
3651 3726 912153104
2745 3284 172582249
2800 1656 478789255
1134 996 275399440
1587 2686 526613441
253 922 785783614
204 2572 345426574
3962 1979 445197285
170 2779 453855001
993 3434 230421231
1291 3515 315420497
385 1721 15269463
3321 1913 230768771
785 3541 503365535
1794 1933 861388663
2249 1811 668267845
230 2543 326599064
595 2571 71244610
1205 1673 284607870
1426 2924 907533539
3963 1868 665728026
2574 600 310719163
770 3335 74399608
1697 846 803384124
1615 12 45416509
613 2161 795133552
1778 3511 278726176
1766 3544 81684268
1201 590 804013630
3342 929 182271228
1037 2919 249601612
2867 648 286187592
1487 2868 652683826
3500 2299 692805935
3409 2515 98133031
355 2388 368900483
36 2323 185417515
1389 2756 275422669
3687 941 575824334
743 1496 227568561
597 537 80800768
835 3836 353275681
2443 2620 8008362
1285 370 165443713
3026 1616 830780583
704 3479 516085747
2654 1347 94761759
1327 1456 637645083
2480 2543 233171908
364 3637 965330278
1720 1119 55054143
1965 3082 175017844
3328 1139 951037838
3570 1196 198554102
3201 256 491502774
2463 883 531472205
924 2290 577848072
919 2362 464872858
499 1843 728987158
2354 282 602388738
3182 3500 341473710
2688 812 738418524
886 1914 413154789
1114 1877 636940842
1294 1323 292594333
3666 2352 359054814
122 1952 683104365
3517 3291 64722056
2579 3783 281981673
3654 282 25766856
2686 3993 499357589
3591 862 541380738
3049 2995 318224077
1270 3311 646853569
1724 3526 94379784
3650 1796 306722991
2961 2438 551302475
3616 1464 281513083
955 2851 344155805
931 3786 123364139
45 2481 489912215
233 2329 203277502
2389 141 279205501
1196 123 20468177
298 1644 341288534
2021 782 674163823
3515 1628 963794571
3677 2562 954336681
627 2733 991196168
3466 589 515015758
1275 1725 656790345
3560 3970 856178676
3725 3355 170742268
348 1126 671924401
3841 1561 376359453
1178 361 36854614
1086 2253 153827174
3724 1157 924171454
3722 3145 50951536
3089 3059 626851218
1230 1163 487097297
625 3298 744817454
1504 1188 157587390
3197 1443 268270054
1489 1252 744948897
3105 42 9516358
2277 2655 199145027
511 992 376873195
2370 2371 384076562
2250 3320 16064488
1733 1947 568180302
579 742 705283386
2464 2075 180130770
2659 1017 888123328
3877 66 823563554
1542 837 830230132
1397 357 618716829
151 517 256882410
2849 271 576438543
3283 953 968265833
2838 3303 250988575
2447 1869 990731595
707 686 575955507
3215 1350 383862302
659 58 570252890
2798 41 564523815
2948 2273 823371478
2600 669 690238355
793 289 894137462
1601 612 159407154
1956 1853 62564065
3054 2423 711330031
92 823 949269339
3780 26 71341237
1388 411 271650979
2498 3817 556833847
1729 1870 166966024
1783 2869 207878347
3315 2326 595176306
2238 844 140586543
1420 971 710712475
3305 1190 862973922
2204 2385 284615703
1407 1083 604017859
2176 482 185045336
3262 2070 75637349
3951 2505 689288427
1339 1940 782591792
3380 155 302718957
3029 1111 38368908
371 2904 467829111
577 227 392750208
444 2970 274701420
2994 1598 50300511
2848 1249 895292788
1225 645 749644986
73 2749 15585740
1094 810 278721870
578 2022 179041957
2622 2037 616167188
553 1771 803811848
3585 319 193602489
3133 1858 879643108
3442 2902 603025670
3265 3179 144082892
268 46 592004617
2168 2261 622460471
66 3359 127080210
2298 795 730919275
492 3353 807322190
3768 2881 340571322
1062 45 816558826
960 1035 943444505
2465 3824 585356289
467 1946 233944084
1067 3784 874647631
291 1091 621767677
2015 2042 477749687
64 842 315034903
501 3066 287096449
1096 3856 693932690
2526 2253 284653730
3834 784 244085376
845 650 764764025
3336 1646 116349341
863 592 681022360
255 1014 848615451
1731 546 479101142
2275 2316 907781240
1434 2971 487444958
3735 1010 943283666
648 3751 231431407
1855 174 991584732
1963 253 757097389
412 2410 138946730
1519 2980 325122552
1221 3703 987883219
1927 3681 677766820
1171 1718 293232179
3800 526 118748382
3612 556 799778802
1146 1078 497927419
559 3642 751532293
193 1639 776739487
3648 88 519453386
2590 531 228138518
1258 2385 278391433
1681 669 4225189
2419 1066 471048998
39 3891 91387415
2285 2609 622921690
2459 5 812305010
2308 3538 36215402
2702 1322 455411664
2433 3929 30616465
1911 3567 370836321
2377 1594 107419856
3199 2936 349258233
13 668 175000583
1496 1027 549262677
1194 3593 573049334
2572 3374 591667919
2964 275 298720779
3809 1633 553903751
1286 3896 735803771
936 2977 90115420
1499 66 288612556
429 3360 544654290
2714 90 702884591
1151 3039 897351649
839 2383 975588945
3862 2822 25957444
2446 451 913133527
3154 2206 752749832
2384 1091 326845364
278 2480 918753707
3539 9 158517231
1333 3450 68189955
1751 3396 70559685
3954 441 843151067
2373 2296 443191374
3646 2385 856318823
3941 2711 904979721
1309 512 719039218
884 617 646060931
1424 2488 19453743
2776 1072 404388153
2749 3510 374776164
1494 2739 687586551
2187 2483 926253359
3043 2927 255187589
322 2710 909782265
2975 3781 931923727
1081 2454 422597750
2765 2488 192209493
3450 2181 128911282
2570 3633 983886922
2369 2969 774378086
1621 3372 715850202
172 3421 743179747
3021 3717 628703155
415 2144 872330024
2325 806 449298836
2983 3944 264860840
162 749 964482004
639 322 921166360
1364 3908 774578455
3982 3651 740146301
1890 3231 213169217
462 2256 19280657
2671 3370 249246466
2822 432 858050697
3944 3569 954992181
3077 3671 608646282
198 2807 278950802
232 2089 980980825
3422 2467 337094116
1280 1578 591921376
2234 1632 812931459
1789 3718 9631765
2821 3489 730213292
3909 3181 128818624
2935 3645 66464577
2949 3959 77114676
603 1781 736475786
3123 1395 445727827
923 935 787809
1219 569 333927204
1938 546 971114519
2315 2625 831062405
3377 2261 897972549
3518 1007 565046399
3052 1496 36783780
1668 2546 881341773
2560 1114 323356190
3449 3484 92848710
2823 3283 419359625
1732 3160 53005190
2392 45 4988364
1479 2164 252676621
1050 3314 221111680
2150 166 171626684
1015 26 403125205
3129 367 300923051
958 1402 372088502
2184 106 892409675
941 1975 121755018
1533 1589 997845082
3185 2590 392510048
3274 297 909715107
3737 1590 604999214
538 1134 113846807
3967 1778 274592562
2985 1179 245174877
660 695 936347340
1071 456 647785722
58 2504 98724418
3131 443 558065144
3001 1721 451187229
1480 3490 157218156
3047 2026 37447999
2793 935 700837368
3854 1409 696748628
3349 2215 727251030
1418 3143 719360837
2236 350 174916504
1942 956 272726301
3708 2326 693723330
1180 3485 798630354
265 1566 61567805
3388 1426 124342549
295 1722 67715757
819 326 679408145
1781 3688 787181515
2064 1716 181324082
569 3823 141378804
1551 1173 915623984
2755 1786 890087055
2900 2507 333103202
1265 735 934198858
1303 2878 314511992
1582 922 586965875
3458 1610 691184950
2019 421 717407647
615 3371 53103103
2041 3831 105231347
1922 774 137582526
2268 1348 936097371
1472 2047 590052864
3453 302 365090053
362 1517 940318130
2866 1308 128913251
3454 3684 975492386
1465 3806 819238946
1651 3992 823155874
3819 1098 256850708
3883 793 185758525
954 538 287310505
2026 1520 829092733
1792 2817 35200839
766 2346 256915736
2121 2470 873864225
2501 1320 107613081
3007 2694 662550495
354 754 86558437
1784 529 479322124
2155 2560 903204046
1153 3686 406633775
476 2861 707442880
3363 1495 167641190
3610 1573 379593705
2183 785 417620385
2222 412 369815553
3366 906 226596233
140 2383 231637999
2576 2526 565522348
2190 333 768713056
586 2797 42492485
2221 404 443979146
293 3880 116155182
2856 1979 24105933
3040 3951 314862899
572 904 275235671
3165 1222 565493361
2201 2559 457692930
3351 737 87034907
773 113 272136005
1891 68 13429755
2368 3099 644338079
120 2331 910626948
2139 2163 612648561
1055 3645 492074866
2711 1664 940364737
902 1202 989984619
2504 772 504594580
1087 3151 737489414
799 433 269714789
1461 2220 278105142
77 2227 34058375
761 3844 849123257
1432 446 632663657
1032 3153 532285173
201 3041 821185317
3604 650 63621454
3005 2064 903845599
3004 3317 136005908
3261 3493 65217941
599 1675 442686303
1312 45 50465165
1107 2322 717670025
3584 1227 909303868
1931 3369 487911566
178 482 870667965
762 1343 955901010
1436 3034 455275850
3698 410 481626977
1680 2182 205315808
372 3366 534551825
3751 1430 405445670
948 452 979246098
2814 1347 372961508
115 2431 627447603
2344 874 722548458
3913 525 134962125
913 3283 3273286
3642 3192 659550677
3411 3630 252306892
1276 2106 90723317
3259 1507 162387634
825 2973 61198080
3331 287 42495461
2235 192 170397544
2860 1829 972506147
2529 1502 34319268
1354 508 947094156
1512 1164 551768756
1083 3765 223757477
883 2800 470889081
304 1696 854082015
203 2741 879587835
1363 604 167389294
370 3895 339331179
3398 1286 169692873
1842 3881 785532960
1279 1429 117245270
3017 918 227242954
2341 2538 152609471
2352 1586 278261811
1700 1069 653299066
3370 1525 451854009
3130 1005 701717363
3529 2400 188656132
2691 363 287536806
890 3814 907219587
1224 311 329875844
2908 928 93400876
1030 1775 212999711
2990 563 356356929
520 1866 985353882
3401 1150 239038634
536 727 282586033
2160 2611 357688225
3121 1099 235305113
1179 1230 170608024
3076 3298 144183593
2338 1591 117287822
706 2238 997760261
3733 959 838014315
688 3423 847504687
1158 3688 191998582
3325 2547 676063911
2841 2992 173238644
1633 319 187744767
3644 3410 301272132
2604 457 872208232
2444 550 57169934
3419 3998 174883940
3955 1793 575414841
3830 3845 183404482
2698 2581 180483945
1299 2784 506912182
1130 1484 148702724
1040 79 433128999
3113 1861 544715040
2439 1040 255410655
671 2859 781432645
3364 3161 953064723
394 3091 980230160
1277 1484 509333102
1777 1862 691981688
1909 2308 138486795
245 2819 98535615
1535 3296 47390999
1005 2369 322855972
3444 3318 347563120
3847 705 99615297
3893 2131 869520841
65 971 517218760
2605 1872 679990159
753 167 235175961
279 2103 512098010
1554 3080 180645524
1463 1443 602628988
57 251 95769830
2394 1740 843477734
357 2554 204780152
2070 1960 458803247
3136 183 366430199
3035 2273 849560401
1377 1543 350730084
2770 424 125259066
450 3692 540424104
2323 3947 189342032
3140 2469 537258540
2193 1422 376390972
1596 635 622725210
1971 2741 649045382
552 3237 129460026
2493 2521 447350026
3071 1263 641856938
361 3863 394432481
2827 2963 708593187
1404 2226 762906087
2519 2300 222548157
3119 366 780601429
1359 1798 414453914
2210 2049 714680232
2521 3751 583878701
851 730 414479560
3984 2871 348155213
34 2603 193214857
3503 3987 790266596
3880 2390 224765844
3397 1433 23850352
390 491 944347942
2403 1171 607829897
934 648 12346655
2102 2120 907071553
2431 1574 704798432
3477 1509 316490930
2010 1812 799937449
2738 1275 91431265
2007 3374 962292666
1311 3416 502414735
244 3120 38096983
771 2138 65036766
3340 2686 623637728
451 1681 756642438
2031 553 973322398
124 2424 436043044
1079 3823 280024490
1024 1104 159778987
733 808 358565218
3461 2001 859440094
1684 3070 295003897
2454 3710 670397057
470 3431 839780801
3415 3712 383185178
1173 999 938725753
1997 351 967965947
2592 34 745032302
1644 3822 927301842
508 3212 445854705
2154 2846 304806513
250 3104 250715493
696 2605 575479593
3437 2534 374185641
1248 2574 561827603
2098 1428 188537350
989 1168 898334033
1719 1288 448427880
3216 818 861332
3314 3161 25278210
2141 672 550578503
404 2206 696051227
524 1094 967860163
545 688 993958777
1408 1114 729002292
2999 1321 942576772
1574 192 566596395
3226 82 275173229
1340 414 67238652
3203 2733 33974257
1798 1793 664264853
62 2146 947036378
523 329 101516444
816 2324 575886144
2440 2266 667199473
1102 1274 806754030
121 38 327515368
3230 638 801893951
2734 3096 621085429
2492 664 192417281
137 2681 48763600
542 1315 702044099
1839 3805 570321482
3681 2811 913738298
2601 1972 808353961
1828 1904 529072060
3564 2887 345874204
142 2706 599835686
1351 966 70399406
1492 2666 779619439
692 1691 740431376
1734 3868 597568274
2597 1428 900060454
3718 3554 260136760
2073 2065 31223611
3496 751 894274775
3641 2199 417086136
727 3155 441445845
448 1247 906646173
1429 1271 505997915
1193 3488 762059135
3634 1655 847201107
1132 2174 749457684
3535 991 754992847
1048 1675 772891991
3010 61 499145423
3189 1222 633260226
2053 563 30693139
3607 3592 6754852
2864 447 233251314
3567 568 38860679
622 1862 66245404
1001 592 971985024
3430 860 852141034
3667 218 968613053
1979 3403 944083958
3125 3316 791674458
1188 681 419008927
3977 3619 258183896
1072 296 356750802
1187 1541 272318338
1059 218 939434994
3195 3464 573348157
3032 2957 673705092
2097 3719 306585610
3400 3850 31685081
2716 3132 155732804
546 201 98495183
2119 3232 180433461
681 2018 354672996
2712 1879 57155511
891 3729 339360151
3452 1496 837985650
3101 3780 283779276
3987 2577 603080228
939 3130 329361702
3769 1856 700262400
3164 3408 126683085
222 3094 894506659
8 79 790026296
2247 708 810971338
598 2144 192624765
3178 933 382565787
1228 2132 369951003
701 1637 784231515
791 3193 573669460
3700 1457 304947815
788 572 506960328
379 2273 825279165
1027 3295 438809195
2495 2962 275997118
3170 618 465345841
299 536 101520514
3957 1370 102310208
797 422 761793560
3225 1011 753921350
2343 3850 517495167
2724 1268 578676919
3160 719 538572348
2932 546 42093215
1834 2797 493834947
320 3692 848340282
2989 240 161417772
285 644 707476237
798 1152 246551211
1162 3408 21427098
2941 2745 625439630
2367 909 427497964
1314 730 167192195
3665 481 894108539
516 2768 60440809
1990 1479 931475670
2211 2269 407268557
111 3680 31330290
3474 846 399097149
2850 966 555282243
653 905 417921008
2661 99 128180310
2469 2744 210521892
854 1287 234474131
2741 3115 661958847
1120 888 472012120
2926 2049 870955105
974 3796 676362600
837 2768 380243518
2379 759 731842101
1607 1076 179199135
3739 1434 935964027
242 1120 124491698
1836 3219 287224156
138 1219 118004132
2757 234 947571568
2163 2333 765790806
2059 1638 239434463
259 3248 539743898
195 2713 894679932
1495 2797 629891679
1076 2606 83451195
1975 1595 493268647
1739 2012 799373124
3816 3490 193720932
2895 2012 318429225
867 3558 341122625
443 3371 263508730
445 997 507220303
157 239 457291846
558 2818 995224279
2660 3186 735315948
1155 1695 539438873
3253 3073 432346251
1176 3115 653904507
1786 2793 186887175
3822 3004 281757433
1143 289 50511043
1564 3511 67092702
1773 3876 4739492
1877 1921 63109622
2530 3798 982836138
619 645 340096125
2863 2250 610928245
2274 2035 247098039
1642 205 361585265
3254 3639 148893116
2548 2247 875741423
3922 3352 902688183
2358 231 10296
1401 476 809403034
3907 2276 38185008
61 2311 5878706
308 3496 87398461
2556 1030 468876668
1728 3115 661620972
2136 542 648774368
2276 830 154911661
870 1543 299569025
3058 2701 566797130
629 2788 412567591
1357 287 947818695
2511 612 436402887
1953 3686 195251022
3801 2212 265924126
333 3304 482871750
2843 2327 301530021
3188 989 923111247
3655 1401 101720337
3799 334 877084660
2648 3710 53068053
3559 3788 274119454
594 2361 71333327
2371 1369 90766926
2758 3938 235482132
1043 2721 461314346
2931 1344 195849047
1068 3193 158115463
2969 3378 416310893
437 3338 512087756
1918 1059 352708123
3487 2701 434667676
1813 1591 566085141
3421 3106 175624779
3579 1905 542342729
2937 203 211635537
2919 678 360823665
2910 2128 531694974
3588 2632 511829780
589 2640 871686909
1053 867 710791468
1565 3182 268214010
880 1629 739050287
3671 2164 44134130
2662 2235 869847313
1570 235 980851152
3063 1341 985111127
826 2294 18986233
933 3545 788746408
1541 2769 10811836
1387 3274 313506513
3740 1576 103654357
2489 2019 342316905
3892 1346 865962419
3652 3701 473441710
918 2800 668524086
2017 3540 974577465
177 369 76646591
1530 3751 309435215
3793 3163 252107128
1524 1913 899555195
1140 1945 109227808
2562 2037 564179036
31 2665 472440619
3020 1410 518211836
1283 3888 163699702
2899 2292 235949998
2744 542 56028443
2237 122 738878111
1939 59 210051583
3527 3455 794416578
907 215 856474997
2913 1610 741680748
3714 1390 479559082
1782 3094 95935872
156 3784 413357378
2185 1872 183792933
1446 2162 67024555
125 2772 895213981
3761 2850 54813528
71 707 417947615
651 3813 549232459
2960 2193 747823059
1986 1022 167221404
3850 1077 97455231
2199 1646 804159527
675 3696 18853056
3598 3850 101202669
373 1911 272108262
2018 2644 483111355
1167 3708 323312609
963 515 941474892
236 1945 928188137
324 1388 626358813
136 177 115307899
1041 3506 116272443
811 2589 922053986
3102 180 55468781
3958 3646 169431777
822 3443 264731207
3536 2058 398628268
2005 3222 838670534
2510 524 174415762
1170 3817 321267135
3863 1469 860144426
227 752 194898911
2541 2827 563928971
1347 3232 523079897
2092 3474 495495441
3333 511 364266998
3066 2004 135839682
716 1028 221717060
202 827 170750070
1164 3599 610591576
2807 2188 28691034
3729 1921 981158700
2746 626 304450551
1458 117 935232908
2400 228 78629932
1903 3867 996012244
3736 2793 503592272
417 2225 360905401
3235 485 410132208
1414 3116 766693288
2214 2140 773762125
1313 3968 2156458
1093 1149 680614989
2813 363 786065998
1245 3041 312063064
35 2957 183551613
1957 1504 589112974
1590 1125 202071315
2599 190 285126089
2456 1378 504979946
3260 3635 582023227
95 2273 356742052
2334 3668 769265331
2332 1509 577041589
2116 2054 78372055
154 921 828469096
3613 1497 843629017
1256 2334 991085660
449 900 168929063
2972 1012 956413603
669 3203 156915872
3828 3980 184203717
986 3991 19710164
2117 1187 146433043
3581 985 634755555
3236 2741 967310327
857 2646 964086774
1174 1035 289715251
2326 1793 352074374
11 2074 119794403
840 3434 621589682
1156 2473 566405420
1652 1547 687066763
1284 2569 67434163
3808 3017 971321037
535 1651 618138211
748 1258 320727096
2828 2279 315646633
3817 3736 528669995
1098 3553 953945924
1443 2420 95464461
3451 737 985622888
392 1553 324442765
1814 2913 173097331
3715 666 734713481
2679 1054 574721240
2515 2375 941972183
2278 2288 227158991
3334 1296 114909697
1321 1687 292579012
2715 468 113176719
2759 3029 210141265
133 2572 102968654
539 3217 27537546
3381 233 950164153
661 1370 232227695
1085 3598 838885798
3501 7 643956907
673 144 896484781
649 2916 766298515
2884 1558 747302330
3906 1079 96869296
1242 542 908229573
2081 2215 497270150
2506 3536 3875643
3014 3151 514378922
703 3863 950197872
3118 1417 825048995
2764 771 151446454
3782 99 32043989
676 3398 572335559
42 2080 435243912
2924 2219 317167686
686 2217 140311319
2355 2397 251871245
3900 18 943064994
3169 3611 765625075
3374 118 200861810
2006 577 69789605
1682 2858 718952440
1493 3507 943776818
898 420 635481481
3959 3843 598504965
196 2643 927900097
2634 398 209186621
2158 1308 224978007
2406 2063 593874159
1618 3462 125802306
580 1987 301052113
1553 1927 245757262
1195 3429 945107501
474 1035 935101325
1619 473 284255758
2356 2785 643757430
2420 1509 604787030
796 2316 940159345
885 3528 638907213
383 3140 192164800
2811 3395 673569797
2451 3649 172571638
3024 96 122997135
1406 2294 793010586
2646 2212 330066104
2596 1052 363724143
802 2026 654769077
2058 109 432904609
3514 1331 29444124
2192 443 433676545
3975 2243 642401742
3836 1864 61737005
691 3460 3373632
3267 2937 566517725
1889 1194 162095929
1537 432 489462524
358 1636 876254012
833 2406 812669422
2700 1817 902914537
100 347 363041031
2063 133 946055047
2905 1013 862293057
288 1570 909518914
3802 151 588414487
1770 2122 217118470
146 1524 913491007
1670 1803 335024831
3213 15 281101556
3078 1587 497098438
3186 1999 16841023
962 1676 901487416
1629 2031 729269316
414 63 31177087
347 3145 560913009
3221 2014 559557279
248 397 803358386
3894 1053 846146242
3488 2049 720148284
2945 1452 161910095
3171 1222 679807212
557 1974 236801618
2330 434 524508699
3577 2801 931835076
3704 1869 217428074
1142 2349 353383411
2124 3110 542459189
1840 818 514068315
3247 85 66969057
2683 2216 320400137
2080 2847 763746391
858 3473 965566592
2485 2578 318971953
1820 1572 714314471
2925 1885 814760960
1548 2218 390425239
294 1513 774977675
1661 376 973678374
2301 2973 47981216
1750 3418 896295986
647 3205 815444195
280 636 746622751
3162 2672 755226309
3311 95 949446339
1438 2327 144767975
860 2986 591261024
2486 1761 643117643
112 3413 918426074
1021 2529 162067315
2030 2997 787288027
1935 1535 520006630
3627 199 620935469
3285 2649 643983273
2104 1415 212217321
3533 1185 101105886
317 212 713114207
2729 1805 39634842
3731 3191 776414509
2953 2203 120470937
53 1145 4441482
985 2622 800425173
336 3903 913965214
2066 247 818102410
3103 3499 100921967
2171 2495 484508809
1702 1440 482095465
3389 29 820634241
1271 321 946443849
3200 1003 63601076
432 588 465326297
1298 3719 981265811
3184 404 355871556
3556 383 115574013
1847 2287 284355980
2708 1301 932302650
475 346 93660013
1385 3418 472248856
1600 1026 822151749
1338 2421 453215841
3146 2378 407938974
698 2199 119765929
2391 273 593255876
267 1452 115350330
3743 919 542421356
2307 2908 602506020
2882 2050 354810622
687 2835 301936035
3360 2805 867911008
434 1317 716463947
1833 1171 551938653
1202 3444 713609679
3298 993 812141645
1358 3276 857996720
873 3596 574598910
1543 3226 680314671
3548 1945 46714149
1166 3589 138557107
1148 3107 22881754
1869 3934 978839956
3635 3022 128638710
3532 3911 864606869
2587 1355 198483121
3678 2070 109629792
3372 649 122022953
150 3280 67136162
1042 2840 455728460
2543 3253 667941313
879 2237 51933775
464 3011 512690817
1004 3609 495204968
2279 3538 832146640
3919 2470 360479567
2690 3530 601114110
2613 1902 138844994
2108 1933 228256988
2790 1238 661503544
3783 2477 983216330
2452 1949 700729641
2479 2095 443803773
1793 931 113386235
2996 3741 616426564
2273 219 247354520
1335 1477 965523548
2138 1 107599670
3829 3635 232546392
3218 1783 578858628
2046 2380 627134507
1803 3093 762162642
2149 888 459696481
2120 3794 260517520
3923 2289 776180300
1320 1673 722801364
3353 1513 257169831
63 2095 163733237
3889 2133 792037917
1088 1326 634606562
54 1406 650450706
2020 1094 259918362
515 3438 135985453
1748 3856 90956718
181 3740 384539154
1474 2049 794890884
343 217 478830535
2036 20 871679044
1795 3132 793573082
981 2731 394981695
1819 524 546377698
3056 2765 160420601
421 2682 164144281
3685 3172 424604609
2159 3262 160731522
2893 1283 892295978
2514 3904 545342240
2248 3356 79390671
2258 2783 230602832
473 3743 870891439
562 1739 275799752
1476 3965 28538623
2146 213 791810506
405 106 327511095
1620 3798 457355417
171 3681 403827613
737 3671 9661701
1 12 357291694
1227 3115 533240178
1348 3041 244818010
3856 402 473167930
2611 167 194303880
321 55 193225143
1727 1777 676518995
2039 3608 223521590
3528 153 255709926
218 3432 106480421
1589 1983 600099300
1511 120 107948734
3649 1951 259646209
2830 3961 148343226
1254 543 522645440
1077 3986 256755400
2939 2652 250934921
2980 1153 107906245
2727 2615 160060980
132 3373 313208839
949 699 849226195
2644 3137 974006552
3142 195 274019612
3741 3556 592211047
1532 3479 552129997
3465 295 202721405
2239 3201 95621519
2803 1128 790325333
3060 648 744028732
908 3876 80631187
3483 3653 473799755
3100 3800 918287921
903 3501 913403421
3278 266 401423508
1998 2742 206487645
1154 1310 203225050
2477 3474 146828555
3436 2546 721611643
2161 1696 759854786
3300 433 533497098
1563 3802 651237485
3694 330 152183555
3703 1910 381885326
1540 2158 714160517
391 2675 387219272
3281 1921 417419862
3754 2014 143040175
1736 2319 388181718
980 3233 236005233
184 1276 793715161
777 3340 117108912
272 2833 488180897
635 3071 620688443
1112 312 683635799
1047 3845 24067457
1482 3642 947479934
2973 3238 6925274
3141 202 837955932
2554 2419 828948900
1947 3050 692824898
2062 3834 117989373
1211 1273 993667585
1625 3088 633851751
29 2468 114928301
3042 2964 230749101
134 338 533712376
2056 1565 556033315
3423 1850 125185857
3689 2144 341096095
1035 3806 573619557
2448 999 869639829
815 350 458392348
1969 2294 398051102
2364 2048 724926810
1626 633 162523081
877 2477 59836193
3099 3895 416723778
1518 3022 472828104
1362 2871 113336195
52 2271 241992773
2461 3022 759361067
2583 111 661875224
207 3751 731592150
3925 2173 906417036
3150 1447 354600528
2174 2871 843651691
3759 2211 95509610
51 181 575284317
3789 565 226962706
3732 3527 586630544
1372 3725 448127114
3929 654 93445517
3386 775 548798102
1471 1731 748699888
2608 2367 618907417
544 1654 336891352
2796 822 671681029
1161 1844 89898082
1163 1306 931574830
721 2257 48929390
1866 1637 15930075
2290 1127 142759823
2907 500 703963112
574 2380 474130419
495 1020 138896126
760 2923 837747224
2993 1854 616355358
874 2712 639413035
183 1354 131942607
1837 1634 445309619
1523 1997 547236636
1433 1884 515394348
1686 1808 74415439
3469 3882 545210397
2520 2217 249096946
772 2249 771506752
3472 2149 940248479
59 2651 815355774
1950 571 44284066
2743 2924 781533481
48 2191 955492243
3931 2642 358333894
1412 3361 798122339
3745 1862 108473586
3947 3463 694282341
654 825 359923194
888 2465 12392391
2713 3230 538203581
1084 3006 91994714
1099 2154 933911121
486 3375 516550745
2568 3917 188991108
1881 469 963286200
2978 3245 806996494
3510 3653 814431788
1346 875 801575207
3426 3980 884797656
3330 99 108559504
1581 2223 978979808
3647 468 552377282
2472 2227 523224378
2619 909 487380591
810 3274 347894794
1192 3124 209257838
1223 1351 181066121
3175 2674 231762637
728 3917 867632385
3112 3747 765618114
533 445 967131264
1830 2848 79247258
1867 2762 837795894
1527 3624 436209699
3522 986 232486599
1049 612 182418699
330 3683 510954998
1336 2177 257860016
690 3014 684002876
1647 1348 218880952
2438 1935 833487066
1064 3063 25385972
662 2627 690791864
1631 3728 819626830
1921 2236 260517115
1853 1400 713654435
3572 1667 660496937
107 75 650926964
2396 2358 945067234
3384 1420 33122078
1594 2612 847200455
416 609 658411211
2685 2036 17760468
2942 1194 250724165
2794 42 459416449
683 203 806910761
1595 904 339343239
1445 190 229608541
563 1488 309769824
3814 199 684162400
2857 2319 783151130
896 3820 408228254
126 1871 693835862
1016 2582 39158167
480 2509 102785957
3006 1275 664036055
1427 1092 613467686
2594 3249 71270448
1961 1034 248804448
105 1792 511860773
528 1314 995754856
3309 356 221168670
2076 3081 86144607
2280 3946 582251845
1759 1908 688239876
3561 3217 356338089
2779 3660 215840853
3217 269 634731483
2718 279 807116051
2228 603 237442793
2264 1455 187779366
1186 2616 374965097
3135 3617 152450651
2390 3308 259304669
1491 2994 362633409
3805 2503 103444563
1666 3528 900148163
114 3234 840097885
3075 2054 165783298
3467 2786 978140820
1906 3305 924396550
3064 751 703537575
1475 304 326634900
1302 3810 740798282
1634 2 88133172
1884 1445 294356804
1507 180 323245841
754 3073 407511187
2487 1027 119658332
3223 1402 312563241
1531 2348 271753137
1080 109 184806139
1451 3194 900642
2087 3534 983560985
27 2033 700458609
1958 2718 245311775
1353 1274 789988732
2731 2894 616440222
714 817 152535558
2474 209 899677113
1937 2898 93735475
3359 698 954438487
1648 1949 189081686
2808 3748 542677430
1757 317 357732580
1330 2501 487069751
3812 736 183989839
787 1808 551998444
794 1635 371931752
1133 2369 609742300
2382 1310 879444632
795 3248 673115883
226 924 88417992
2768 1659 278980454
3575 2701 110319434
509 2672 821078783
3092 1346 727173787
2329 3809 113618294
1023 3722 240773225
510 2465 497833795
3693 3526 616487308
420 1881 588337325
1410 1125 960445147
97 309 939472029
3914 214 344252775
900 682 5330214
3087 2875 473775788
2997 1414 695082252
3803 3538 766153755
869 3450 623034821
3770 2706 27636044
243 2393 362014128
1817 3140 136496293
614 1020 367588063
1718 73 873583855
3818 3596 665328193
1337 2556 973201482
591 508 143139814
804 498 946793236
1409 488 863569500
3974 2709 558260752
1038 527 942245972
3675 1331 625522518
2839 3143 309595858
1694 1574 359990018
1106 195 152546464
1555 1294 720087254
3438 553 723450749
152 3451 193832736
2293 420 80215204
2272 3986 242669303
3080 3314 465402276
2372 2950 512527631
2991 1655 167657307
3041 2281 76436181
491 3853 200405642
2845 2734 246278478
2016 3408 588931225
219 3625 901660984
1287 3136 361780401
878 2665 177429270
3065 1408 598415274
3243 3103 756672717
2195 3855 397281679
3820 2248 156500767
1233 3435 611335422
541 808 566084622
3414 288 733216410
1395 2807 89742614
3738 330 392328400
3623 291 116022531
1075 2520 226253951
2331 2410 870505166
1323 1429 201994558
1876 1573 88347927
3373 412 449014443
3713 118 363314546
3595 506 784099029
755 3748 330722139
1849 2474 66195501
1390 636 439679947
1034 2470 892298729
3443 3451 537085490
70 3723 228296256
269 1364 259849589
585 2634 706976204
2609 3364 323022322
1137 1279 159517736
3457 3813 391315899
88 2973 237193985
2240 3375 989259032
1887 2369 6520724
3983 487 925768551
1988 305 747452008
197 1130 42749857
2346 1660 737560758
3994 2051 724840101
3978 835 179989847
1805 3301 430110902
1416 3095 968108902
1845 3774 563443298
2175 3246 328607639
360 1444 70456835
3742 1072 660673239
749 2043 294727145
2476 2437 319464634
2799 1495 28317577
3269 1073 671987830
3961 1247 856035624
413 20 834498694
644 2021 255722945
1029 216 841934380
521 2723 682848186
2496 58 838218760
1569 2626 203750170
641 2456 891873381
2621 1679 390256629
2528 1369 373309238
2981 3210 386286974
1603 3 601203512
937 2350 957019568
778 1076 88228309
131 3001 972046649
485 2190 366395956
3227 3202 701871671
2402 594 693296612
3156 1155 472588919
2302 3630 681102320
2125 3354 900497469
3412 1028 269135399
231 588 103816593
3728 2099 346367942
942 2223 813860346
2763 1119 845411476
726 3652 488983828
2186 2191 430481950
1022 2553 479659433
3608 3637 171412360
2245 1028 722095272
1036 3496 965834266
529 3043 277477787
3520 3561 34083425
1774 2062 973095582
3673 1458 514258798
2982 2677 421255229
478 2048 887294553
3322 1166 96960297
488 1719 919286160
174 3267 715036088
1708 2097 632977298
658 1756 303730883
1033 3665 916100281
3640 3647 287708895
2295 3608 806754461
1249 2486 11408882
318 2344 578871443
2169 1233 294613043
2699 2606 67531682
813 2560 856981667
1394 1779 226425245
2721 3078 12984826
3763 371 968056051
636 1246 980689672
1928 3365 294935915
3475 666 557986471
2578 329 943980041
2795 2670 912751255
2181 2147 576521883
1677 267 198739545
2362 657 198116925
3946 932 687600283
1526 2953 141567506
312 3012 44160090
2140 3082 644480692
2435 674 157245888
41 2746 339437566
1051 3882 400761684
2620 2639 59233747
1955 2037 564716316
442 2628 374299557
1954 1170 185451075
2833 2228 306097265
86 2016 268117487
2025 1858 643631864
214 332 12057483
1328 2102 456893279
1801 2673 62979004
1914 1660 199448393
3774 631 5558709
1895 1647 700463663
583 2298 601644353
3902 2787 784159615
1568 1765 294078871
2740 269 642097869
3417 2922 331045717
3679 3343 379751371
2296 2642 917548656
3915 3615 558222522
1501 2098 886214959
164 2593 709945077
3446 3627 684616830
1240 3575 577507108
3324 3906 357281244
2348 1874 707789462
3985 1965 885920553
3053 905 954817568
940 3767 603813191
406 1844 126428620
2954 2466 17803092
3848 956 671840836
1635 3675 752315800
2695 3972 477471044
431 521 150976302
871 535 248428206
3855 3112 438722790
316 1437 503162703
2436 3390 123298740
3294 494 709146299
1157 103 919154312
2674 213 2403062
3228 184 423540262
2349 3669 392980579
2677 3527 700313255
1123 1478 306554960
3767 3122 36643753
1640 2445 710245469
3404 1930 784927803
2061 684 418403749
1490 310 724454242
2345 927 398649588
3000 2437 257258348
3067 2410 383291433
1767 201 766672262
191 1559 894301372
1657 2862 178402151
2353 1885 728313795
3554 697 911687044
3997 3218 686740824
331 2178 545298957
3046 756 114614649
3886 1589 989224078
568 372 9010204
2488 1593 770863177
1818 898 507258292
2851 1532 4325246
2107 2857 884002809
973 2092 890863407
3256 2115 707487248
1104 1781 63964164
818 1877 560336186
441 1689 170839795
403 808 844367225
2109 1502 878147044
7 1976 765277007
3280 2484 478184092
3920 591 996355813
1234 3417 727659225
758 2210 627610756
67 3699 830926047
3392 2111 213945723
1709 1076 215091257
3876 825 709803252
2261 2105 370360929
1873 3215 380868947
2966 2580 525759322
2434 545 860363951
2732 1288 841774364
1714 3067 215165189
3143 2138 38665173
3139 2568 704415487
2328 2450 936190360
911 2109 659282642
1246 3542 482206704
3382 3190 900104231
2114 1082 133651095
1743 1476 909047376
2048 3076 186434191
3263 3478 442299751
1583 14 278637539
2865 143 76951022
3787 2054 682526104
374 2141 115057160
1994 1337 676414510
3688 826 278428878
3212 2295 953218612
3279 77 762199724
2678 344 803897851
1437 542 331251761
1665 1409 223510710
2778 3575 657724600
1976 3706 80407594
436 299 295878032
1821 3189 475663216
1610 335 862709038
3838 113 835083409
3869 995 979103420
3682 637 127027555
2291 1978 963233970
3543 2438 343832025
1744 318 739764346
1809 1309 42022746
3155 1687 416849498
3937 3137 758469900
1810 688 581109637
2162 1394 688150414
234 2733 49703688
1703 141 320953706
2842 74 712152786
2670 1716 876395475
2633 748 294654285
2057 3751 176816270
2378 1435 892761678
1452 3449 290974310
620 2663 176270526
1011 251 382242888
1987 1557 114662148
1575 2834 256199892
1538 1646 168156950
2347 488 309506464
3045 1035 784112908
2666 2507 405401356
838 3261 974206458
1604 1086 346304248
624 2551 973388084
3239 1169 88738820
1208 2000 437254001
3990 1555 525900433
1010 2430 566701429
3523 104 728973010
1888 3429 349111385
983 2530 398591549
2733 38 641323154
127 2701 268996142
3692 193 293297212
643 2343 538390975
2197 1880 435814985
2449 1729 255897395
20 682 51325270
2337 3540 465642901
2497 3991 961527009
1331 620 422953273
1650 1847 467204388
953 2809 405470644
3313 1902 432125581
814 2628 683915585
1268 1184 590821463
2259 2681 577365946
3482 3308 370041640
1473 3219 454979160
3255 1236 212054013
182 1746 989434293
3116 2382 659462837
543 3697 521836239
159 3760 149024958
2230 1332 780743537
3257 3101 414137456
3991 3800 386745910
2917 2574 738084043
3509 3510 8667765
3992 729 334198018
3435 1117 80973453
2523 3918 633652761
1332 492 472683235
2602 1361 551302494
305 363 627823183
1870 2571 862026788
2071 219 463320061
1396 1231 14460368
3711 3039 497493589
1017 2972 721829326
2894 2911 369465515
2920 2878 132238039
2561 1976 478181960
271 603 149030353
192 2788 582859722
3429 186 804834780
1850 307 266865642
2709 2452 47826958
18 1686 592563245
2269 3016 279319415
2607 778 630453798
2414 1200 684619388
1251 2388 842981384
2271 3593 696079746
290 3446 129414449
2642 187 200639367
655 3308 403680372
956 1587 672384226
3094 3590 551270962
3362 3155 470305436
1761 2327 193065990
744 3384 320848635
893 3453 670396584
2936 5 75286558
3849 1838 886850319
262 2475 370957864
3117 3398 256451655
832 2298 861952799
1263 2568 976856346
2 2101 602447117
670 2818 693994888
861 1513 854818679
1191 3608 380106651
1391 2538 744437603
526 2359 587805266
2082 2051 148990906
3498 2919 450184862
2723 2007 815090677
94 746 185684350
1829 3633 401203721
117 1197 601638229
1322 3458 65452282
3061 2260 233988858
1349 2510 13378449
3905 3164 9582073
3979 2132 733127164
3973 3911 445596903
3942 2903 88699115
3766 3580 264186614
3106 3278 877718399
3747 515 232064621
3073 2242 632085010
1641 2601 577265619
1457 1205 354729168
3471 3441 129847228
1135 760 336252751
2735 2900 275709525
1980 3362 878190284
2224 836 299671187
3601 3400 161099429
3826 2809 126510576
1288 506 210319020
575 3111 128039387
496 2405 796310283
565 3568 400914111
1168 1488 710409413
3462 3000 71033158
2538 3010 388497438
2418 1003 55187040
447 2728 97169867
168 2237 897938052
1014 826 675911353
2050 1891 349866296
2011 3397 819753085
1910 2269 836039899
2244 3785 296753691
2423 2155 87655256
3284 2657 300081585
3593 429 701322286
325 2868 483007106
1546 2099 894263708
2816 2400 570356313
502 1138 85755736
1562 2692 968878076
1505 3655 649538262
2253 969 276140546
3804 3612 944919931
2251 3360 41969623
166 2845 917149154
481 2258 257908506
3727 386 256021426
2820 3776 253980064
424 1744 244434698
3015 3107 134472238
296 3712 647944191
1058 710 340375723
108 1994 230956462
1044 3694 129173522
2950 61 746179276
824 1031 512595099
1368 1104 703056339
729 1362 547208826
1688 2770 644761755
149 3421 811452465
388 3662 717050644
2313 695 660402412
1448 317 588909539
1411 781 344752836
2951 1490 476471398
731 460 153058430
601 2332 205986698
3093 3611 244736547
3376 2554 61952773
353 148 963338380
684 695 355492289
972 720 965506838
3174 2503 1354572
1370 1999 653733566
2318 2924 369406231
2012 1952 680108928
889 1592 825354623
1735 1937 970610436
3497 8 860763728
677 3379 531666418
1923 3924 397406734
3138 3908 820694254
3621 3183 722154982
3865 3614 420458595
990 3786 364515322
2490 3319 729682832
3272 2322 639252078
3387 3101 136172232
984 638 167899862
104 2424 327392109
1000 2564 185119301
3459 77 318213068
2915 1383 432990370
1654 2697 901098374
2220 1883 613974418
3526 2012 78734592
1516 167 260307533
2692 1838 218361354
1300 3580 211455502
1464 1565 925383690
239 3560 235062236
862 3865 289883712
3240 677 2856331
2697 3499 250838840
2013 184 617520046
3137 2057 914272864
3578 3095 819411576
742 272 700906107
685 2587 289002950
3347 2138 659949708
765 1517 930015718
3590 3087 190691544
2664 2614 343085976
2203 3160 979219759
2992 413 945160524
1752 2735 275845113
732 750 817614702
1807 278 806039458
3293 270 916357962
3825 1390 643686971
2471 2460 683109048
997 2341 341061443
2943 2857 83999519
2133 1508 996560880
1307 3724 783576896
1578 580 529364482
3563 172 231465004
4000 2550 893333842
740 1761 732093638
2933 1360 106576561
1165 2978 738045151
3181 1920 389751712
1995 2662 577868628
617 323 196396516
2566 784 386018143
1467 616 694874546
1116 1160 453185818
2043 2888 802437386
2873 1817 327945954
3837 724 860981195
1671 1719 535603064
3030 2378 922412834
3746 3964 592842987
315 2346 380308499
1488 1953 749983964
747 1833 740534904
2386 2068 393378908
3481 2487 862723314
3296 3938 163377527
712 3998 147883519
2286 3183 293178136
2320 1127 543876791
503 1825 754009330
287 1847 247840749
1695 1818 624361562
910 1496 558386145
2375 453 515799856
768 3601 733247603
1662 3749 270106525
3316 1190 317235338
2887 3097 198753682
3710 3719 607492481
2428 1103 231082887
944 657 467114565
3233 1214 371118902
3312 2851 408803024
1886 1002 478743670
2518 2994 435556844
1823 2215 494330321
90 512 195664243
756 2985 113169855
85 813 971773270
458 867 321563741
1602 1205 695580027
2317 3165 5533663
1421 1615 812790204
2100 3918 462938080
3723 506 863049824
1342 2837 520652748
3033 2315 443719073
3606 3345 227970329
2003 3173 576696863
1559 3037 99627526
1498 1723 388239604
1711 1817 302008058
1715 2100 338458444
3416 3929 794691804
359 128 274896384
2304 1427 859165505
9 1556 153249973
3712 342 448266891
1384 3660 641455186
951 3851 542933873
1693 2790 367039787
1826 3558 499368821
38 3364 18459410
14 1888 161371672
2484 2892 773305652
3898 688 127232721
3749 2847 2730892
1326 784 410894182
1678 567 837366305
2470 2091 984737131
319 442 627495893
3383 1284 182936258
2977 2815 800026022
281 458 838649242
3843 1396 938803769
2762 1297 335319380
2265 2628 823745917
3592 2400 313242183
1838 922 432346778
3778 2395 141361943
3157 2175 90404885
2054 3590 248294195
1749 2760 906385230
256 595 143248375
2628 2651 250962871
3904 1546 986897502
3027 1890 385713484
841 96 965245529
2165 1972 904620815
1217 3951 237413595
43 1896 202453824
1913 1246 283715692
1552 838 564148722
525 3831 86251191
505 3630 137668264
946 736 343182053
582 2542 777166453
1128 1343 616552427
3210 3262 275008238
2397 3106 564666880
3427 3264 170949044
1019 885 318323783
3016 558 85928250
1816 3313 939799793
2242 1487 334878403
2167 1104 185684043
2194 284 266402916
3478 814 249281576
995 999 114864663
668 2646 184064130
607 1722 383549070
1213 1568 430100921
865 2516 834023043
2656 3113 835829604
3574 454 262553990
2072 1687 930641830
411 2911 552440461
2761 2291 282380729
2555 1524 991342116
2365 3848 185598690
3147 3017 226221459
3276 1010 829036154
176 3888 362378302
2655 808 604928187
3844 3989 913492004
1118 2229 385001821
1902 3437 30783400
1797 1411 266230622
3521 3063 441276237
399 1759 890738204
581 1912 927660890
377 3159 967848290
1606 2260 823810551
1934 2006 291452974
2361 3485 731468105
1698 3331 423441914
2564 3188 260044291
1141 3693 795197580
3690 1722 192660313
2517 1226 117250770
334 2762 245748685
2090 681 746807039
3823 909 494966396
1611 108 621687537
3127 121 414933266
1664 2983 759556940
484 1915 877441366
2871 3316 672238672
1585 2464 23987229
1984 1336 329094983
665 3664 239110742
460 2547 348463242
500 3375 816210065
3918 489 784169119
3930 946 878264371
3229 1500 286024771
3019 1272 42084145
2603 2440 520344486
1020 2151 265469829
3107 3472 185380049
2450 3558 493216178
1380 279 962980158
2047 3527 985998223
1360 3105 355087580
909 715 389904460
1699 2240 402764514
2094 1222 621348854
745 1208 157630386
925 1136 472002542
3358 2430 496801435
106 3859 645741907
2085 3026 672009226
3057 441 386403948
3557 1947 172941265
2817 3702 390479166
1316 3961 206655682
30 177 5066529
249 3600 646857760
1915 3027 533503251
3268 2841 641127071
513 1647 530981360
145 3244 157634911
186 1975 115927179
89 2390 897911507
3839 1959 61071509
1835 787 661458702
927 2017 598300721
3413 1353 402751795
2455 2763 639085542
15 3849 87232236
2305 2442 286900291
1560 1658 504676585
366 3663 884931910
1456 2549 255871893
3431 3586 262395030
1864 594 274220256
2883 2592 324294578
1325 2067 197323172
3433 1052 380893274
2769 1311 539996496
2706 1226 811743989
1588 2569 143494679
284 3072 715597250
2178 2355 195176572
1862 1843 316194482
2752 1744 409569358
915 3343 977545713
3307 3354 755483414
2540 2865 97357180
3144 3260 576470285
2038 1043 689862354
2979 275 329910212
1658 2265 408757449
155 3381 8528572
211 3787 639982687
1576 554 455353412
1685 2453 694313108
1063 3598 21064382
609 2579 126981729
3921 635 255873255
1746 1970 780503826
2967 2428 780741626
1127 3814 373012652
2824 3522 911314303
2612 2427 497288605
3726 283 105453466
1566 478 11715701
2912 2011 705000886
2342 553 71749180
3643 1993 298166294
2460 1069 591208286
789 3596 487979501
3993 3030 581365536
932 547 470337195
3785 2991 922238331
3617 2374 216660004
3534 3619 932732741
2728 1694 817581805
2191 3441 163151142
3083 2860 724383532
1028 2841 372780780
2988 2625 715118029
16 1470 88131432
3934 2740 575667795
2956 1162 785821718
2701 3687 463001676
976 583 963063033
757 1506 871498468
602 3183 245065092
3755 3763 95004858
2585 3921 698925368
2002 958 223678608
3537 1195 933211137
1045 2056 968023536
173 1829 505903084
3378 3836 769646544
1430 2050 192982078
2984 306 22487701
1854 3535 178550066
561 1748 90706093
650 2422 77109179
593 2382 356551162
3659 410 235145459
2532 3349 372810618
1439 407 593489148
3369 516 554291981
452 3652 485992047
3282 2554 243178555
895 195 696947979
2324 3736 845394164
739 2011 270829863
2014 3251 918271745
446 2470 84569845
715 2437 436123834
303 1568 394552272
1627 2937 413381649
2208 2703 443190111
1609 3936 965228245
3637 448 892990541
1092 1144 390695244
1269 1070 218612991
2852 3204 821680295
2478 1908 391480631
3329 1291 477390986
1296 238 882423972
2134 3755 958403019
410 3944 237523251
2971 1094 307887202
1556 2348 930138592
2539 3674 856737231
3791 900 469360704
645 2100 353407868
3502 1373 403321645
1637 3235 274294777
1393 3184 520495969
1723 3281 618528047
2118 86 687396909
1900 1534 499281427
2473 2127 746272530
3683 354 296723078
247 1929 857273395
2407 1138 816178646
3541 140 557440985
769 737 571028995
2832 3141 90253335
2974 479 762601998
3901 214 801718037
1255 3388 412667185
213 881 912431383
185 3213 141204633
74 188 522019646
1663 2489 601828801
1660 2927 946171161
710 2648 926276125
332 2986 674057303
3491 3174 841374237
616 2204 989011642
1318 3348 701184186
275 2525 380381835
28 995 608814097
2673 434 83441004
1373 860 732534908
200 3706 685730196
26 3381 900622233
3953 1398 693877252
3744 300 76118676
1413 3016 427010243
3367 2449 396906967
3600 302 292324733
342 1498 789891427
246 3750 663377129
101 3025 808652642
1324 2773 883042606
3091 721 932048471
532 3249 286143394
992 67 285763574
3302 3608 367022139
3425 1260 348817664
2614 826 135094325
2624 157 768835437
2084 261 234025562
1103 1872 456104520
2314 2390 906212624
2466 660 84114912
1209 1647 660851761
3794 1896 285872003
1315 159 91842857
1672 1391 940376871
872 3691 144973937
1616 782 338862727
2783 1668 742576976
1929 3255 905862723
996 2161 872277605
1669 1825 160989194
10 803 166749483
1832 1819 472295818
1441 32 264474714
3108 2198 280772393
1241 2750 113493156
2870 1773 846656028
440 622 398124584
792 1965 765137386
2918 1778 860150201
2024 3887 574568423
667 2552 3122567
2022 3589 305640094
800 1569 515444271
1567 481 589043740
1932 2630 248519406
2929 575 234019207
3319 1722 583760705
165 2971 307720936
3899 239 673349920
3158 357 748881371
1290 3627 401420538
3070 1661 32953288
2281 1603 319782352
846 524 2800839
2946 1590 10296621
1189 3211 933772916
3179 2114 848866041
3420 1796 400960704
3489 3434 904744623
2233 3502 139316293
2103 936 684827834
1780 1569 947180338
1768 2921 581096215
2629 638 71032532
3202 1341 21087670
2079 1913 18230477
2096 1691 455599223
3495 1891 846950802
750 397 82621693
708 2624 123892769
2027 760 263506403
1968 310 546930282
209 814 398674445
2499 2231 766746877
3676 1979 480499169
2639 1037 790303416
3866 2569 771254222
266 2248 67795639
3086 1033 325476396
2196 1240 827679715
738 1358 479286942
2049 3946 100946779
254 1663 672196051
3795 1595 606077363
3301 1252 380449481
2571 3319 246626668
2512 2247 251722317
1848 972 649789107
1841 2647 798594382
547 701 238949396
2052 1407 852746854
3775 3374 416975390
3323 2548 561793677
554 1803 386266957
3234 635 182795689
3128 3884 718955088
1871 3114 711841800
2784 1337 30511222
3095 1182 854744397
3851 1629 754939823
1082 190 633653561
3586 160 458363622
3519 1497 590253774
286 91 380091515
1949 1567 178107040
1218 2577 819417340
1917 3765 807773386
979 3902 489468335
633 2563 916215199
84 3942 161547875
2551 2158 479394055
3205 2211 371731924
3756 2904 50993941
1981 1873 658752576
3124 2033 208911696
3792 3354 638638565
1334 1876 630665359
3479 2542 259836508
2037 848 682379004
2533 1805 277989290
1484 579 502686848
2722 521 451733975
3551 3007 432154324
1858 3377 445361100
3224 2306 502791832
3068 1242 53385785
344 3973 89131678
2875 2990 112857580
3206 1876 670086136
3191 3032 995382051
1704 2539 95401123
514 1138 179713692
3297 3453 442331188
240 1 397579334
1329 3718 437148542
3231 1242 594111324
1200 1584 794994192
2383 1011 855200162
1402 3770 366459045
2223 1978 669623327
346 3276 801077810
2115 1614 952543510
1790 461 953841109
1653 1652 82332434
988 45 289746318
3611 211 792132105
3615 3805 735981478
237 3473 982796236
2773 469 932994675
3207 1625 958532515
2494 3816 314855835
376 3663 150308001
1343 2214 658543684
1259 539 719193975
2819 3898 338878072
375 2635 474041767
3343 2844 354680588
3326 242 241628402
3831 2276 727608834
1765 1633 596016086
3250 3347 513707234
3988 2429 48176413
1003 3234 542349702
1352 3282 199597193
158 2043 732779187
3183 3068 870180717
2785 3627 904092650
1771 3006 834644754
1701 3271 45788028
1558 2708 891426887
1355 459 845300752
1206 1549 549482092
3463 2944 690252938
852 1576 588170276
506 3845 32426116
1281 1668 994684250
2927 3024 941548808
2442 3319 788221289
2853 892 713408163
699 3191 807197515
2316 952 190666647
1450 2526 333127901
2153 3282 19261011
3927 1856 190740236
584 103 227898477
2631 3525 657068064
497 3915 925627304
397 1526 958954065
2458 3796 247180818
2306 1646 691959430
1469 2527 402829535
1716 1538 988500919
472 2675 783542374
970 3954 53186982
2682 3573 768927853
2445 3530 527461578
2876 2980 676672837
3245 2008 594228300
25 102 836288375
428 2898 335010942
2626 3771 288837469
3193 3851 269390879
2726 2433 475583630
1415 2338 408246559
2412 2367 739988488
2889 3192 185447499
3719 1482 417620476
1215 1410 323229189
3653 2544 905457649
326 2402 732324195
2411 1282 271467823
116 920 24087500
3504 1804 180268762
1117 3831 834677771
1383 3943 32034137
3081 3412 190995966
3013 1262 224446871
3499 3151 614493761
2840 3869 225101290
339 397 921534554
282 114 676078810
2226 2268 57746570
2321 3718 650788533
1344 1770 470998370
881 1552 795611486
2112 877 687170203
3555 2826 984320419
2916 1616 660066952
2075 3251 288835608
113 3381 114646763
2363 2695 788839312
1510 1393 343310667
2297 3622 337000528
3407 1607 39350840
2408 2264 132436629
1470 1512 929650412
2179 2748 266612648
3542 900 290261873
3638 3990 774746220
1536 3136 851085031
109 3166 30353426
2680 3588 727875180
3827 543 253136309
3031 1802 397308036
2424 2721 35114045
2627 3754 616868946
2468 2103 995941826
1185 800 365099059
3111 3577 92944617
2657 1175 95885721
2707 3798 965093182
1655 3176 347735623
530 76 327438374
1220 3736 287843214
1400 1885 21322200
2032 1488 644479847
642 1223 20571563
922 516 110449980
1983 87 199417310
3232 3224 108456440
2359 3075 900721476
3059 2875 650516324
307 2442 500852817
735 3983 784518145
1894 3008 305422594
2861 791 558016433
2522 3112 994244308
2292 3267 697102153
3011 1094 542771180
2575 2699 650634896
1964 2984 707133512
2099 3701 631500270
1392 3340 876848941
1497 1609 638299534
1557 1283 757562818
2207 2620 504319489
2826 3250 969397658
3948 975 387759276
2641 2564 740371936
3549 3559 420661366
2044 1780 132572250
2413 3778 707144759
1025 780 829814517
2667 316 362609534
2815 1603 665203373
1755 838 706014852
3686 1088 22068723
1006 1349 38581345
3448 2207 691118699
1252 68 958640336
2266 638 214227570
705 2094 327019441
1788 1164 87966383
2558 2618 717330378
37 3281 4888969
2546 3242 670125458
1236 2703 871804194
276 1647 818172752
610 1701 857384966
1074 2629 755100252
2122 666 488556619
2156 992 749411941
3986 2224 866469301
1892 136 37466570
912 3682 109361544
3709 422 867946145
2649 2930 869889724
3547 1388 993897115
3252 622 736099750
46 3965 658805516
2606 2009 848336538
381 1261 231009209
2135 1682 149517969
1207 1754 610948645
3270 2044 986859674
803 1924 918914345
1725 2456 492780214
2067 262 451010631
12 2177 670293469
3476 2716 609125301
1317 3702 257770187
1091 2534 910885379
1115 977 381567669
3624 2778 267212806
389 1586 293356678
167 3927 944732561
3161 1747 577321051
3292 782 564521233
964 2975 246012935
1417 2061 305413169
2374 119 333396867
1573 3755 818674422
3439 3375 57481531
3707 3353 675293638
3972 3789 181512040
1375 244 355310603
1183 2666 173583628
3192 2826 272153317
935 940 322054921
224 55 245399776
828 181 422000568
407 508 490932719
752 1830 5788533
531 635 910608797
1367 3159 27257487
3706 3948 574070749
1212 2901 241247837
456 2650 218521500
3890 1435 201599606
2335 63 75384646
1692 262 971490746
3928 3477 446701701
664 3259 126266856
656 908 247521260
720 3854 315463324
2232 3933 905874505
49 1548 567538263
2023 2685 639487316
3428 2578 385257923
1026 1902 762553028
3531 3245 804302553
1973 282 200063125
2694 871 404580928
1579 2480 924544271
1649 2206 907575378
3408 2995 793909591
1295 316 951737572
22 1011 838998651
3332 242 569730261
2675 1571 650649
3009 3066 99882640
2903 3896 727101457
2189 2428 611561724
3317 1548 201080625
314 953 857551996
2287 3442 851257325
1350 3319 725155116
180 75 865487614
2416 3482 510193311
3721 2037 407476762
2737 3429 214550899
534 3906 102065496
2703 3638 968620573
876 474 134904876
2877 2392 280430235
251 954 238796846
1319 613 22903084
2672 2786 770787750
2625 2829 523957770
1502 3039 914456328
600 2983 539601120
310 3537 282617763
1920 558 508798696
1758 1722 189626983
210 1783 559128187
1468 720 707486610
2283 726 79175120
1060 365 945251555
2928 3230 727444760
1007 3395 207919083
2164 2173 603721838
3888 301 291074454
368 1513 299646128
2491 347 720177613
2909 3515 721162211
1301 1783 733085523
3881 3568 283284905
3244 3646 525761457
1282 3139 630019729
2069 2355 206801880
1717 8 56721223
212 1976 746106565
657 2059 928050359
2888 3825 728432170
3264 3276 186584181
2213 3735 422884413
1197 2526 522758539
2350 2780 722726380
2618 1981 986029723
1466 2754 644162556
834 3491 849677382
1150 3193 981316166
1226 1471 61195800
3911 1596 275563481
1069 1856 967158414
3917 53 775675532
3490 24 860172820
1442 1500 977456259
3327 3778 479897366
1741 581 34313626
1940 229 455907503
2545 85 289732704
512 3368 103676665
3418 2414 474016133
3852 169 169427266
427 2942 247049562
2565 2473 116212200
2206 4000 229971807
3394 550 729127908
3484 743 295424374
3594 847 170810625
2847 3025 407569183
47 3858 225217202
1943 516 263723491
1865 2994 223171089
831 2521 378981437
605 1101 981010392
32 2315 970097054
3583 1743 792719453
1425 3929 752914847
3512 931 50303240
1705 3555 834962436
522 1783 29225331
2077 821 776733006
3018 3298 236860876
3445 2733 351041114
2216 3083 863496953
1908 3033 998640216
1503 3738 102415307
2753 2783 185862175
718 2142 71082032
3773 2671 307124077
1753 3615 526801911
2963 1746 767368057
836 3985 66421056
2906 569 81729917
864 459 247094353
1899 16 761991141
1882 2335 814954499
147 384 766149400
2055 3765 463577114
774 1991 352907247
3788 1132 862958408
2632 3871 949590912
632 3375 173749795
3757 2427 216694318
3395 2770 218159460
494 3717 866460414
2610 3834 792955415
2584 3222 84881056
1791 1147 766694580
971 618 355264729
3691 2942 18971720
1381 1576 56352674
3084 2600 420275779
1306 1695 199862888
604 2921 445574020
1539 1107 366421814
2310 155 859905760
2129 2056 808873317
1145 3643 490431591
205 1457 91078414
2952 2452 403194618
1561 2518 854501025
96 1243 591419044
817 3479 274302725
1147 2127 736551514
2637 3595 551295249
189 462 729783390
2552 2075 530589382
2836 3671 939794699
2399 2354 675406526
3860 314 864912689
153 901 35856596
3109 2704 930204776
1608 156 208691844
587 2993 79163067
2959 1854 130994459
1622 1757 731105148
3455 2334 896382591
1229 1871 105307187
3940 1742 142112697
966 938 928711965
3258 1441 855040373
3705 1547 290704509
1131 2195 373744086
56 1192 737951837
1198 1531 469699419
2782 2764 702273134
408 3825 837562652
2693 1968 709768800
1689 1702 644586004
590 1327 955138519
2638 2516 166722209
978 2180 76841269
3810 3684 249800249
3569 3593 814287214
2425 3909 900804174
2559 2376 193186718
2254 453 637917741
143 1619 797042994
3807 2818 191939078
2262 913 600207040
277 2536 887281215
938 3453 644721358
2881 2817 378724900
2126 2223 815242141
188 316 810926523
2252 1862 860734042
33 3375 808249150
2309 2675 938922127
2788 3942 255691546
1449 1968 840578643
1061 2180 124514170
1399 191 675165811
3932 607 200318842
3357 3458 473740488
487 3505 5411681
1345 1613 643708017
2797 2551 424756676
1861 3784 871879611
3936 2066 894966491
235 2174 943154040
3051 2380 403999211
3658 1517 433230970
2231 1194 945702282
2101 106 397797711
2787 3330 630940612
2831 3301 465557413
663 1806 845489755
717 440 579360398
1628 294 596079302
2437 316 673558948
1378 1896 452560295
2217 2544 182322239
274 1965 486268468
3134 1230 740131146
3494 1612 512243160
1630 240 817325788
3699 3947 75997206
853 3145 730698790
719 2817 661678088
2417 3582 740031139
1453 774 883790654
1577 3017 50151917
3275 1666 101751336
273 735 666740134
2182 3986 132477793
1182 363 107207365
2589 1108 786045486
3153 369 85265970
3304 594 342347997
3558 1926 135815860
3748 3431 603351692
2901 2227 99342582
1572 2514 227759508
1545 3147 466919822
2681 3766 577874451
1204 2299 583377142
439 973 961608915
3696 353 873131668
3303 2179 88748615
3241 2481 854098148
3875 340 495498794
386 561 111810378
3120 3361 669936688
887 3203 312071201
3385 1313 392436639
1999 2516 758397331
328 498 688577591
1912 61 104267391
809 3243 135497175
560 1577 337850076
1617 740 65813993
899 347 25962170
161 1772 301298138
3122 3761 529090091
3950 3465 854244926
3674 1671 243725526
3999 1551 817515664
3348 1940 929071227
3589 3516 797366206
1993 2634 726606029
3365 2927 721915924
1119 3204 801670919
2754 3303 155288975
3660 872 597620897
1646 647 120691156
957 2252 673868397
2897 2371 59964770
1787 3486 133379217
79 131 22451530
3222 3149 503174360
3180 3228 242326972
1065 1138 480951276
1423 2180 422600894
50 2215 335850806
3938 483 441659827
2502 3928 676536755
611 2977 492393768
1772 1109 503013458
1764 1284 520584583
2534 3029 908046469
351 2809 999275641
2791 2727 84923243
3669 413 179595743
751 3701 831741431
3273 1321 233885539
1901 3074 900386139
2987 2618 776043206
725 621 737859748
1073 3711 691948371
3796 263 399560961
1447 2823 95993901
3935 697 43594155
3266 3935 459951763
1031 3745 780338486
2093 2374 932544784
3145 1469 103608579
1379 2966 12325305
1822 3443 102054065
2088 894 383893761
2300 557 458344649
3989 3968 467797435
1108 1767 310420856
999 3944 4298356
4 3363 841289579
2739 1107 201998578
2846 3058 802806974
3513 925 173793814
2457 2694 618302413
3002 503 497588605
453 3216 590406419
3857 3968 14164853
24 2049 788139453
1691 1191 714760964
144 3978 750255123
1478 503 140773757
1636 3371 634988483
2294 332 658489681
1139 1776 862682660
746 3063 164169582
2113 3048 604536784
1159 3516 36438566
2225 1508 390998067
1856 2618 613753307
808 2159 699586982
711 1044 888165251
2652 2151 466978229
482 1484 62018279
1534 3485 208224252
365 3663 149670002
1462 3536 266895758
1398 1325 262279954
3701 3801 967193975
1550 2855 124827910
349 2521 482590146
537 2172 835796492
396 1074 70682647
241 2357 634265093
901 2741 733405742
1799 3200 147312378
1831 2247 623318890
313 189 71079794
3242 2141 900952756
264 1844 937220064
2404 1756 476317807
950 2447 702810689
2557 2199 622476908
566 1738 343410142
640 1350 139958225
44 2301 482564848
527 1947 418421836
2665 2674 262705368
3196 3104 570755219
422 3849 299327294
621 1995 123670811
2131 1586 947520696
1382 652 243362720
3441 2354 227062775
3717 2193 216995347
2957 3942 333548245
3460 2466 204318647
905 1254 52860903
1237 772 512568221
2376 2826 841569461
3939 2015 830387184
1509 411 347490639
2033 3471 397643037
179 2993 607210612
3656 2176 552938418
2289 2977 393203679
1264 2051 317248134
3339 426 202281739
2748 3323 619405041
1762 2861 907367730
1760 3150 89306009
1916 3036 840928725
1726 3217 540836958
1238 2202 906548400
3037 1294 269828056
3507 3746 763461602
2580 1875 806613449
1057 2603 916245352
3508 568 800101890
363 1546 743925468
2143 3587 504700816
3716 2706 123949548
2922 3006 248420315
678 3365 691549137
1852 1568 60851441
2689 2183 274945754
1515 2983 843575739
1547 106 825354780
630 2311 505557751
2696 2535 245048049
3022 2304 932410683
672 863 838729841
3038 3363 606091723
1745 529 410849605
83 3868 314013622
3965 494 348005237
588 2229 982610711
490 2259 958349119
2771 1275 867078554
2598 2690 948039035
3966 3916 782183520
921 332 445753504
1946 2220 583844540
225 3096 149423724
1775 3895 861334060
3114 3071 997744146
215 988 660607357
393 390 832871779
2004 3328 97866591
3355 127 325272564
1376 1899 862757776
3341 662 367637674
223 3291 8072858
556 1702 624881189
3220 1500 194604171
2586 1737 433054681
3098 3395 358696031
2535 3695 913624080
1070 1918 285339988
3858 2154 197986027
2398 3845 432117244
3878 1310 83718883
3619 1712 644569601
338 265 73346332
1008 69 419742748
3720 2639 260387446
3211 3904 943326753
1683 1426 314167286
1989 2188 710564157
2635 3146 298216651
3884 3877 387721594
724 2168 902323024
914 767 785257700
969 195 586265599
3897 2469 133510618
409 2256 288387294
1009 3682 828359262
1779 1968 850334160
2766 3967 548186875
1261 1540 769193204
2704 26 376320354
3614 1220 160277060
228 3857 910740341
2976 1375 765991108
1304 1235 112589011
1806 3191 625854686
1444 1743 665023889
564 417 891099852
1278 1796 367496563
3797 1643 401495346
1991 288 10251709
459 1616 430449806
3148 1083 280748495
93 1240 718624573
679 264 501817091
2426 2843 121254035
335 219 406361566
2930 93 36257301
129 413 639162688
2144 1204 747022028
2147 3236 789664413
110 484 567617755
3620 3084 100553828
2640 3462 438712306
882 2069 447841091
1222 2318 205504880
55 2480 572913684
3956 1865 194046823
3393 2814 776082914
2563 2405 83034831
323 864 883060841
2595 2442 771375254
2736 575 600294524
498 39 272862354
169 27 899649477
1110 2583 52604216
3396 3585 499357792
2311 3237 949941721
3680 3839 13184574
730 2749 384484928
3151 1814 499800641
2892 1797 263883884
139 835 202767753
3194 71 108638225
3968 29 600645513
843 3396 274550924
3597 3985 264673467
571 687 382439679
3882 2823 58758811
2582 3384 118781129
2151 1614 568674401
723 3827 625202672
3039 1596 662474591
2676 1015 752788746
1090 1872 825768525
3088 3172 800209195
3702 2896 955511951
3885 272 467378262
3996 2973 141416559
1605 1988 570944841
631 2233 613070431
3964 2052 419960285
2947 193 999190396
3867 3932 440428778
1802 3575 50017962
2705 915 260951905
3356 2297 659210253
3085 2824 564951603
2284 1170 273177272
3008 55 593495933
1177 2436 232837121
1356 407 705323804
2009 185 371309938
2257 588 537700613
1827 3726 696326198
327 858 980227129
238 3824 671980794
3345 153 913346837
1868 450 58107070
3872 2770 961433837
2145 536 326375685
606 3144 957643590
1992 2279 87247607
3871 2032 224898925
2219 2983 218520890
2750 3769 119822024
2669 195 760763625
1109 1380 289460596
3596 2620 456696906
1514 2561 338481951
2475 90 598427084
1190 755 77933125
2509 2673 356316787
2630 3205 899667342
163 1123 313814113
1811 3875 124466069
6 2344 907123443
859 1048 119728069
1919 3864 91579183
2812 3670 974182755
1897 478 541544261
3618 495 804046714
425 1426 439689842
504 2155 899664114
943 1835 92593383
767 1236 257181298
1054 3496 809382447
3752 524 92990970
894 3841 620492666
433 1395 941105278
1707 363 144488832
1974 2383 908741976
1936 1274 710771903
128 2921 671148003
19 2182 530018771
2891 1584 697842291
1175 2714 252144480
1231 1332 623646964
2789 363 562611037
3424 3195 67442792
2270 2905 533024243
920 110 408855301
3069 1268 669635495
906 752 144939722
700 3211 233948630
2834 3198 854429348
929 1232 835299576
3903 1796 436758644
1982 2763 645895471
489 2684 423321026
3853 235 919779642
1624 3069 421917106
3697 1495 95560210
3354 2042 420714867
378 3622 889130837
790 2035 925514206
1520 2038 688516797
3187 1344 492436631
2934 2720 738426852
1907 1554 880865904
3540 3540 110151027
3159 3651 886460525
1804 3844 211928551
1951 349 197846200
3662 104 961384
1483 3376 882160203
3390 2341 166696623
3003 1800 46495670
1885 877 794562225
3544 870 411223054
2862 3970 875043807
2636 949 669053127
423 198 556787448
2792 3296 84405147
1144 174 699367455
2078 187 923124808
3811 55 824860598
477 1303 357582261
1926 1762 791405806
959 1464 427531400
2513 3111 717000445
3352 2384 441411055
2130 3474 878381005
1513 954 431167866
103 171 575157438
1431 780 78290084
2651 111 411960457
3152 651 547358373
3055 3369 247439429
968 1916 841649749
3249 317 702000558
3625 1251 537793251
2503 2588 219734329
2720 1636 590503521
3846 1255 745935973
3173 1176 432740724
1659 2207 496262983
695 1767 16233753
507 1266 158815436
2835 3073 752539007
689 508 128388645
2042 3551 268118925
3214 2714 416581595
3908 2506 851772802
2886 3096 490956100
3440 24 919555841
457 398 939398713
1101 1053 49305671
300 2731 467543789
2430 247 163620717
270 2420 6568776
682 3936 201289185
2106 1497 73350274
1614 2011 66288147
2028 1609 848464858
289 1077 586575303
570 132 259315396
2132 143 114310969
217 2029 795351785
1486 2110 247548537
3204 1437 12195726
829 2603 736668859
2730 2021 580506114
2751 1054 449606638
608 1686 814690992
2351 2069 415433689
3402 1616 780689296
1592 2124 217733673
1522 727 545193986
2549 206 64844800
1485 3476 245449435
2380 3374 609657290
1232 3171 46431592
567 264 792921776
916 3871 816461880
3552 1054 54426061
517 3887 250358397
23 2924 327775559
1274 1579 651304362
2760 1876 930043299
3190 3182 786858228
3511 602 873891704
2742 3705 105931126
1722 1763 534253142
2227 2639 228775413
842 2639 109984136
3368 3721 125757832
2958 833 741566490
1712 1590 928681441
2241 2599 929430502
5 2941 407533468
3399 1014 863288215
3028 3271 843170634
309 43 677606764
3912 1350 762877219
2263 2401 595440609
3916 928 142032542
2060 25 987007544
576 1789 329285682
3633 501 649746820
302 3861 696522908
1244 2201 832026179
3753 2731 519952501
783 1365 919522412
3277 1784 975021959
21 2616 797619507
3631 2967 627725627
1776 467 310363158
479 3461 782902782
3090 2794 113923133
1292 1830 398810141
1138 3853 860527806
194 1103 684417056
468 1897 980717503
2029 249 86154082
461 119 972266142
3750 3294 575902676
2896 2787 194463463
2065 2153 107940797
2393 2106 175658801
3346 526 707411388
3237 1031 191435803
637 2709 951586415
2333 141 524491473
68 2274 11317675
1874 574 434168268
3350 1849 62334980
3434 2061 194215565
3645 1770 276955176
1612 1234 419615564
2878 1549 874629264
1506 2547 269162417
2387 1074 489349897
646 3093 817948975
1124 1208 850382165
438 174 853182934
3926 2394 375313254
3023 3837 945802279
2319 1135 439401258
3036 3683 798775366
3291 9 293965962
3456 3930 214090640
2180 3556 87728709
2710 1959 733821519
2623 1883 50816976
2524 687 420041764
3664 2232 600017056
628 320 258895515
1419 3388 396501626
994 1566 942773210
17 1003 227211606
2786 3179 565345533
930 3836 732101928
1584 3410 943194090
2045 373 370731513
3149 3831 195371450
3371 3243 536497521
2507 520 934522547
471 2599 152284428
1859 2388 247585384
2205 208 91204584
118 1000 949352686
292 645 178627468
2577 1365 471806790
3168 1058 670440239
1843 1053 588357866
1754 1076 77002474
1941 2523 14947994
2427 719 201757566
1796 1392 819189264
2986 1080 259473963
1960 2927 759103319
1904 3121 533805376
3784 1204 99916350
3657 3302 925089186
190 3522 783042215
1056 1499 469689479
2035 561 865712670
2923 1617 66681022
3672 2084 550105677
3048 2642 439944323
2500 3408 207522762
435 1180 55883545
1925 1973 610268197
2483 651 355125323
977 1446 260840497
2260 3872 643533589
866 2279 367205663
1184 3763 250152823
1905 767 79766523
1879 1936 888142212
2573 2057 892746344
2086 3354 472370661
76 3767 739068823
821 2328 958650956
2940 3703 777179414
741 1603 455232176
141 2106 983334905
69 565 223346160
3553 3985 820124708
3842 430 797573555
148 490 736357935
257 1209 3227015
2256 2494 330085354
2684 300 126488612
812 1072 23238301
3859 3504 594384135
1012 850 979034483
3762 380 978718751
2202 733 72923356
3896 769 838894962
2401 3660 376650344
2970 1157 587512245
2340 673 476438908
3969 457 284920960
856 656 552797587
3980 2580 49766334
830 452 270591765
550 1126 342021550
1308 2535 193745976
1737 2684 947414757
3781 2825 405680779
3337 2647 392187469
3639 369 980798339
3663 679 272669232
2467 1699 181727133
3295 434 115563301
3238 1996 853717152
850 1568 981820740
1580 2520 95696211
1944 3117 947104946
2717 480 252497243
263 673 346406032
3096 3377 117320519
367 803 750327337
2938 447 530932825
518 322 511340973
1706 3609 975088577
380 1125 809391873
2482 912 513877095
1676 280 54169731
1815 2218 454459117
82 606 399225099
3845 2837 454260795
2157 340 591600753
91 1175 341069205
868 1907 135779679
2615 1781 73815497
3771 1660 806492477
823 2177 734019541
3873 2286 200401869
1825 969 187090753
221 390 696817590
982 1208 781218060
3603 3817 430631848
3050 1287 276968137
1172 3473 371039573
99 2846 179335594
1272 797 361559938
1125 3240 605292654
2756 1420 572485482
3971 3155 523666313
1738 3986 709803519
1667 3531 460129448
2647 3497 349976586
2818 1810 734705839
206 3725 910334256
3632 973 128274961
2553 753 304380163
