4000 3970 4000
227 3965 134
450 2892 99
3480 2238 199
471 1125 283
2216 930 50
2970 2292 241
3659 1251 175
1480 1718 104
1187 1107 253
3416 20 169
2558 1121 106
3653 3115 129
2399 3806 226
3798 3157 156
2560 3544 24
2480 2070 282
46 3653 278
3029 2826 221
3964 3290 68
1784 898 185
3164 825 273
2370 2508 9
2490 1359 237
2243 3312 64
2244 2352 166
61 34 999570494
1132 25 29
1101 3232 144
1447 790 68
1120 1514 999624512
1775 3660 296
3058 793 11
1170 178 215
324 726 296
1639 3161 282
2316 1012 135
652 3628 238
1913 1436 163
41 2055 129
987 2964 173
106 3379 296
2810 1227 11
1958 1359 141
13 3639 3
755 2650 15
1433 2494 84
125 3121 262
2737 975 193
531 3058 59
3070 1858 157
3767 742 293
1530 1265 99
3418 3940 134
1333 2760 36
2181 1858 128
1160 266 155
1139 483 116
1288 2254 76
600 1020 210
3004 3522 15
736 1215 19
2838 988 21
3154 2178 117
2685 1902 230
1138 479 34
2474 2316 36
178 2275 84
1044 3846 272
3347 2462 4
3079 3847 272
1292 518 85
3744 1118 180
1642 589 7
2143 1070 51
416 1788 64
584 3975 257
2169 3653 83
2118 1377 158
3382 740 68
2664 2957 118
3251 2360 179
3025 252 139
2591 350 216
241 2204 97
621 2507 154
2145 581 262
3891 455 141
1842 3659 300
923 1799 247
3686 2713 289
514 266 242
3550 3704 34
688 5 132
2166 2144 125
2485 2845 18
1794 312 65
1683 2359 107
1094 3603 150
3220 3930 153
1862 2928 217
1761 1797 8
1316 440 73
2276 2588 226
793 201 123
3951 3496 166
3500 1558 239
936 2428 73
2372 1977 8
3387 3562 222
3413 3795 37
2022 1138 285
787 3576 84
443 8 284
339 3290 9
3278 2787 137
3063 2881 142
803 1721 272
3084 1549 130
3302 685 286
2661 1640 30
3285 727 65
1364 3653 232
3266 3956 54
1771 216 165
666 3272 108
1796 32 112
760 952 181
1600 3416 171
2325 1800 195
1323 684 21
273 2922 201
1971 3668 212
583 659 271
1547 2543 299
2579 602 73
2202 225 284
700 942 274
3096 3893 150
39 3805 265
3052 3374 270
1031 2294 98
2205 660 173
1239 3695 179
3106 2313 106
55 530 158
369 1958 154
3557 3659 217
935 2036 221
3195 1742 261
343 2424 189
3934 2223 188
1834 2941 98
1587 1474 213
1380 2438 244
3559 1374 111
3914 3692 105
3136 3161 61
3202 2095 75
142 2400 225
959 246 253
542 3699 262
831 1081 35
2735 2890 101
2975 1856 129
1398 3225 129
197 970 132
2445 3246 279
3120 364 210
3789 2513 41
3274 493 61
2601 2873 253
727 2097 144
2799 439 68
3121 3990 36
2669 2758 142
1156 2088 192
1795 1548 263
3575 1841 25
1707 802 183
1314 537 219
788 1313 107
1025 2749 131
262 135 298
1200 3611 222
593 481 84
3372 2683 27
2389 1624 68
3912 111 297
1507 333 90
2857 670 206
3907 1379 207
3778 788 247
1061 2453 291
1173 2727 38
2777 2514 200
1733 699 95
1096 2964 179
1396 2649 225
181 2446 186
306 2707 51
3940 745 76
2010 3245 201
2598 552 223
1159 1016 210
2273 3202 113
2464 1023 34
460 3334 232
3151 3990 49
3968 2974 15
3317 2314 144
2747 3857 27
221 1 264
1721 1750 169
3187 1968 270
469 1574 279
2621 699 145
2760 469 42
577 3708 257
3375 1760 124
3109 1613 227
3130 220 71
1131 2485 248
2565 224 215
2101 3526 167
2324 1705 130
1525 1984 187
2462 1794 86
3331 15 238
3044 529 110
994 3435 197
2226 2257 16
3319 2284 41
2532 2556 254
2897 2117 19
3547 2906 277
2739 129 98
2025 3010 61
2619 266 80
2400 2285 8
3879 606 213
1706 1769 143
1252 867 140
3667 2219 107
1348 2165 189
3796 840 247
1496 505 242
1468 1000 25
1428 1452 188
201 3520 46
1998 1467 36
599 1867 251
985 2431 24
1858 1924 293
2415 1741 99
2549 2082 238
3141 3315 26
3730 1575 215
861 295 79
1229 2474 224
3452 1540 95
1209 3166 217
3408 2978 136
1897 2027 157
160 1392 83
1881 195 101
2547 3642 128
3279 3006 253
3608 3234 170
1661 1679 49
1926 2136 2
882 876 52
115 3350 162
3186 2854 58
151 3150 255
3541 3773 98
990 1592 272
1234 1927 108
19 1280 62
2886 556 245
710 958 47
2240 1082 92
2208 117 54
1577 1265 292
2051 395 63
1864 870 4
719 802 21
390 1231 189
461 1732 204
3458 2144 245
1104 3491 9
2129 127 115
2896 2925 292
3956 1280 160
1325 3930 86
3958 1700 39
2582 3180 103
1889 1597 110
715 60 278
3305 3903 206
3666 3166 242
714 25 21
2228 800 56
1492 1369 82
173 3837 112
1018 1595 102
3818 2039 280
1815 1034 79
825 2386 152
1650 1345 3
640 813 129
379 799 219
1164 3926 34
69 516 31
1903 2629 165
2964 896 120
2401 3409 21
3395 213 97
72 2471 17
940 1992 222
3728 1267 227
1450 945 226
2195 3891 139
415 475 246
2053 169 106
3901 3971 289
3781 1644 63
1611 896 91
3683 1911 199
90 2885 189
2313 1852 14
282 1852 116
2283 3358 240
3214 362 159
2408 3443 266
1508 268 213
677 2830 85
3361 1000 229
1560 336 211
1959 3747 195
2103 356 246
1860 36 187
3453 2235 238
489 2371 30
3117 3597 274
2936 3168 287
721 2033 239
1922 3671 203
1603 3236 179
2980 922 196
807 3481 245
2807 1023 297
2845 1125 139
80 3408 198
244 2609 248
1651 1685 8
2876 3815 5
631 2172 18
665 357 20
3522 3233 60
925 350 265
3554 1412 187
3850 3736 111
3606 877 128
524 2363 224
1556 2112 208
3208 2120 29
579 799 66
2692 2616 161
1654 135 160
1041 3991 298
1206 3164 191
926 2014 148
3834 3774 229
368 271 241
249 3148 187
2039 3943 124
1490 547 279
1809 3382 287
3316 686 266
154 178 56
208 2016 114
290 2860 18
3941 3928 995293792
1169 628 237
632 3231 197
1873 1924 66
2849 2911 100
3741 1413 263
2088 1367 214
658 3823 276
2004 1820 31
2254 3687 10
2962 189 243
1768 3497 147
2243 3669 998443840
1188 695 11
2634 3399 190
1691 3209 13
474 3941 118
1389 2235 247
2743 1924 236
2637 2736 293
1399 261 12
3773 373 249
435 3398 46
2656 3931 35
2447 2532 126
3173 1271 299
1298 2653 23
382 2459 237
2061 2947 193
1924 246 93
3310 901 78
674 929 115
3597 427 290
3390 1920 235
2709 1347 88
3807 3883 155
2723 3839 184
1221 1815 44
1483 2000 293
1844 104 153
2031 2077 236
3077 2487 39
2280 785 277
3923 3161 285
1059 417 23
1835 894 275
2677 2127 130
1663 3721 270
3444 691 88
1124 1864 41
2606 947 27
1589 2701 135
2834 2765 156
1676 1326 145
672 3043 50
2106 1466 214
3777 1652 157
821 3828 44
402 1642 98
272 1115 244
3089 3469 39
1631 2876 11
2173 1040 75
338 3517 283
3213 3129 12
1955 2808 175
42 1254 293
359 773 166
3734 1809 170
2639 747 278
3950 3736 42
3644 781 265
477 1451 102
2044 2165 16
2126 1056 95
1561 810 125
3152 1014 241
3817 1385 207
3682 2085 270
438 3686 191
2713 3710 260
1264 615 283
1280 639 291
1741 904 199
2242 1233 289
1265 3616 243
1017 1714 47
534 1741 29
1099 3782 23
3360 1478 195
3841 380 265
3445 841 299
3304 1500 270
1633 3653 180
2638 2372 121
704 3295 194
71 2137 235
3861 532 157
346 3605 123
1002 2604 44
2341 3688 61
1291 984 60
248 3666 200
1412 1905 151
436 3617 972394533
439 1784 179
123 2473 207
1448 1585 284
3926 295 197
3193 982 201
2515 1988 45
1130 1553 2
588 1905 71
3652 1231 145
2133 3271 228
684 2433 266
834 807 249
1619 3726 110
2170 1549 173
969 1699 16
2629 3439 127
3854 1262 238
1695 3294 116
3011 1268 143
948 1921 25
629 1108 174
628 3192 175
1774 1689 182
2230 1321 78
761 2017 281
3849 1153 101
3463 724 143
682 2560 34
246 3360 193
722 3604 269
2268 3598 159
1704 420 230
625 3430 42
463 1638 78
3563 2868 126
2431 89 218
857 1840 112
547 2818 230
2503 8 106
40 823 107
783 3548 50
3455 1821 87
3229 3270 20
1043 419 94
1960 1539 97
623 1556 209
3368 495 288
97 3212 117
1012 274 290
487 352 155
429 1479 80
3322 1762 128
3579 2067 187
2812 3727 241
1806 3279 187
334 195 132
1309 2167 174
824 783 231
3911 3934 20
2105 1807 80
2645 746 27
1217 3467 285
2425 1858 292
357 1174 91
3473 1196 34
971 3787 215
2946 2337 163
2987 11 209
20 3366 276
3508 582 216
2513 2677 31
3707 944 151
2237 48 115
3400 3084 263
3377 32 998878486
3180 2500 999853706
2432 1462 236
109 915 140
1664 1950 86
2151 3020 224
794 478 249
2564 1974 3
1906 116 157
196 696 262
663 2381 241
2371 3630 32
2625 82 228
3105 3128 34
1089 3127 160
3510 944 246
2330 3427 5
1773 364 140
330 3622 232
100 160 223
409 3723 299
406 2749 83
1583 3380 5
3021 3497 270
528 3208 152
3478 2127 195
2960 1850 9
3752 2470 266
2718 363 8
3016 1960 49
2224 3848 111
2526 1323 108
906 3785 168
3601 22 258
3528 1870 266
1692 3198 224
1037 1895 123
3534 2223 179
423 2984 226
1172 1991 21
35 1994 155
2969 3161 75
1952 2619 174
3340 3501 203
3239 3940 65
560 1564 144
613 3787 237
1115 1609 203
3477 315 226
1015 3163 117
806 152 204
374 3531 280
3005 2480 232
462 2591 262
1746 3480 281
1073 2748 153
3385 1160 67
519 329 293
2909 3171 205
522 1369 274
1559 2084 26
1719 2019 274
708 983 51
1063 3600 53
3275 1749 292
2265 1040 43
937 3409 44
1161 115 98
945 2384 120
3427 2010 186
2678 3185 227
904 3545 194
1555 3260 43
2158 3923 102
2016 376 33
1446 3049 227
2957 2248 115
2991 3822 282
2821 2594 82
3518 2699 169
2465 662 187
2788 3026 200
3001 1601 199
2847 442 291
634 698 209
1833 884 6
897 3621 212
1586 272 177
2559 659 274
2421 1016 105
2769 689 22
331 2322 105
525 992 130
1443 3756 67
209 727 38
3877 1738 182
1550 3628 247
1047 691 181
3227 3750 193
855 145 30
3064 2074 16
1036 3951 173
1382 2066 177
1786 2323 150
3045 3539 293
3175 2147 20
3868 162 233
3878 2347 30
2139 3425 40
310 1742 202
312 1637 183
234 3657 260
3268 2704 212
265 2303 61
3715 1432 107
1675 3960 282
113 941 12
1254 1844 47
1684 1905 19
1150 2611 89
3836 3303 137
3140 1433 143
1048 2460 128
1532 2504 241
1648 2814 185
572 1186 204
2486 2457 39
3939 995 11
355 3827 132
2700 3145 82
1127 1184 56
3333 658 67
2099 1609 268
1571 57 39
2304 1663 158
886 397 266
3125 963 277
169 133 999263043
268 1550 284
2326 1138 201
575 2858 285
3906 2525 128
297 743 220
838 3824 104
2673 748 269
687 3741 281
942 418 248
3835 2480 201
2984 902 232
2938 1280 152
3732 192 3
2786 47 130
3949 2374 175
853 3767 53
1804 3461 16
2157 1967 79
2754 222 212
3556 2409 124
3008 2009 295
778 3309 229
3615 2780 149
3464 151 273
3763 444 85
1621 2727 44
3784 2718 10
3852 934 51
2600 3118 50
873 1544 298
1755 3191 13
391 2432 59
1783 523 179
3543 3615 265
608 3229 279
643 3504 1
973 3262 229
1449 3950 71
742 2682 241
3283 2278 60
2641 3367 209
3684 3720 135
554 589 94
3945 119 142
3527 2936 178
26 1747 290
3166 847 129
3269 1498 265
1680 764 193
3766 3671 228
1418 2814 41
134 901 185
3745 1903 259
3457 682 166
605 3636 148
2832 3501 225
2136 2291 95
676 228 174
2657 3895 16
1513 81 280
553 887 108
2087 839 231
3915 1965 225
2299 1621 279
1219 862 57
2426 3067 59
1237 3623 999774717
1947 1107 28
3366 1949 212
1781 2923 26
2142 2433 158
2494 329 177
724 2538 176
1366 934 48
1965 3094 229
3287 2043 225
2544 1229 27
3874 1114 115
405 3947 99
2161 1432 66
2519 3810 80
381 2489 194
3830 3366 251
759 380 281
1869 3727 92
2943 1080 124
3078 409 297
1935 3100 277
1767 3410 230
3876 906 105
3080 3355 165
960 2913 271
1371 372 274
2818 3365 126
2891 3330 127
2495 896 158
472 159 259
30 3995 2
1165 907 192
2702 593 96
17 1260 43
2659 883 163
545 3566 52
1286 148 998509859
2059 2326 104
667 127 148
2877 2732 58
3658 1677 119
2109 673 129
1297 2970 260
3702 1250 244
1777 3448 124
2798 1218 148
2968 3186 169
1478 2530 300
1339 2171 52
2201 580 166
2327 1304 80
2948 3894 71
351 901 39
158 1432 129
1300 349 184
2493 2866 58
211 3859 140
1203 2666 53
1646 1980 2
3346 711 232
2720 2693 61
2360 3297 109
609 3690 221
2487 247 117
1263 1518 200
1788 3489 259
799 2661 256
2985 3481 279
1445 3030 186
1677 3219 20
1863 963 156
2009 1992 74
335 3244 146
3082 2211 71
153 3368 115
3133 3283 132
2164 1425 208
3711 3261 245
905 2929 34
1876 2652 117
3590 2881 241
2375 1877 142
3970 3060 120
3802 659 198
3280 2006 53
1171 2474 122
3093 3154 195
1152 539 238
1634 1586 76
1305 1114 276
1284 1732 128
2050 1715 76
217 3463 18
407 1306 125
398 3896 76
3860 3698 91
240 1530 23
653 1999 149
1256 1472 172
284 1104 295
589 1626 192
199 2413 252
347 3898 261
302 3282 6
2297 588 252
1058 2038 276
929 517 73
2781 1393 290
1129 3631 47
2073 1421 108
2160 340 79
2977 217 128
846 43 159
2863 1622 219
3662 1615 135
3867 3238 211
3037 3895 249
3525 234 238
3282 412 29
3107 2397 254
1584 2136 279
3866 1737 161
1515 2411 208
2404 3444 164
3290 3951 187
2072 303 7
678 3688 211
841 2421 101
323 824 64
546 2743 173
3264 1021 34
2146 1107 128
267 1656 18
894 3944 154
2934 1947 120
1712 2278 218
2763 2343 101
1365 183 76
1106 1695 100
2793 3465 37
980 3185 186
2826 3508 131
3623 1532 224
2865 1572 84
3800 1575 55
342 2369 37
3672 2029 289
361 1711 33
2074 1331 60
3179 3086 182
762 1865 66
3162 3935 264
3709 2992 250
1070 597 12
1887 1514 166
2724 1193 53
3009 1428 131
3417 507 113
3685 1595 208
2128 870 119
309 3303 173
1946 2983 112
958 1731 114
3827 1232 83
3421 1560 233
3607 3064 108
875 1998 61
644 1791 247
3364 1481 218
116 3115 202
2867 2684 256
2618 1919 14
2527 899 189
1358 307 147
2580 3527 147
819 2185 257
999 1388 1
1769 439 17
1502 1443 233
292 835 189
1553 3447 92
389 3366 294
414 3792 10
3521 656 106
2111 1986 238
326 190 267
840 3653 247
1168 2373 68
2958 1089 47
3401 1100 62
3643 3293 73
2715 22 91
66 3323 189
1722 1143 285
1854 779 93
344 137 118
590 2588 113
3428 614 214
456 1082 37
1992 2787 82
3674 100 100
2079 2873 79
2933 971 39
538 3434 141
1377 190 246
2825 1075 154
880 1387 210
1770 3338 44
2555 2446 193
3083 1281 40
2748 3634 195
3708 2405 24
2466 1730 273
2290 164 125
3941 3571 235
2312 1159 128
686 3129 232
1565 2098 284
1749 456 12
1919 1782 24
3928 3031 9
2178 726 174
2802 3049 96
1517 2911 2
3024 1489 97
993 2456 96
2603 1154 247
1001 813 112
1482 3332 240
654 1734 195
275 3265 273
2510 832 146
1609 2791 298
138 519 248
1042 1430 47
3241 2856 151
3081 3123 157
3627 2158 229
1520 3712 139
2808 2226 257
3740 2851 61
3645 3244 228
758 3787 298
3896 749 47
2764 1607 287
1968 667 234
3857 829 164
2132 3025 147
530 11 220
2774 1893 7
3665 3255 237
1575 3698 7
1436 3248 203
576 195 229
2381 547 162
3388 3666 54
3894 2504 58
122 2962 273
733 2436 198
2077 1765 58
3720 2099 275
2809 3956 272
3733 2654 256
748 2032 20
1056 2067 127
2778 3042 270
616 2939 107
2772 1627 120
642 1609 92
207 2636 27
3635 2513 105
194 970 34
1417 3021 81
2033 2822 92
669 1895 188
493 2528 103
1285 2710 38
2343 1227 244
1820 3238 297
649 2137 285
2514 837 185
27 2234 245
2552 1826 95
1439 2134 241
2538 2844 82
2756 1882 161
3337 1083 248
468 1900 70
89 2226 246
1628 2814 273
888 99 100
3043 3635 243
2225 1159 244
3801 2035 300
3875 2687 30
504 1542 81
286 98 185
2176 1525 247
820 3452 274
1336 3321 202
800 912 63
2090 1172 282
11 1329 268
2196 3303 267
3804 1672 80
1666 3094 21
2309 2786 289
1485 2891 205
1338 1705 247
2543 2682 257
49 2868 153
2520 2469 78
147 2238 257
1149 3319 127
1345 2151 269
1819 1194 176
2034 2392 124
2651 3502 75
786 2325 131
690 1043 288
1779 501 179
1681 469 77
1459 3862 251
598 3012 129
3476 877 183
1076 2431 157
3123 2758 143
3085 42 11
316 320 104
350 2644 6
1266 382 174
1194 1823 141
2599 3106 268
3568 2572 2
2614 2449 85
2397 3169 2
1527 3990 37
2663 859 224
2850 2796 109
965 606 18
1739 3175 200
615 203 214
1087 385 136
3729 2861 4
2927 2655 124
977 961 190
974 2834 47
3357 1403 140
79 2074 290
3678 2660 73
1241 3952 293
3139 2300 287
3511 718 1
2536 3061 270
3630 2987 148
1451 3919 213
2440 469 59
177 3991 247
2086 2747 186
1296 2517 83
363 1211 110
3399 1447 150
3946 957 150
3161 1263 163
1303 3349 19
1409 3283 212
3542 388 98
3897 767 207
699 662 265
753 1888 289
2882 824 300
7 1001 187
3180 2143 51
2525 1371 268
3625 1122 113
1180 3598 248
879 2032 285
365 283 100
1936 523 257
3853 3705 29
3020 1767 177
3692 1427 33
1294 3814 250
392 1027 25
548 1669 35
1798 2954 74
2348 1048 289
2688 3143 183
2318 2607 81
706 545 8
889 536 193
3250 3271 266
73 2946 6
1240 854 217
3596 415 284
424 2391 265
3482 1139 46
1360 3882 107
2924 3020 132
3462 72 85
2159 1743 204
2699 3164 12
2112 3713 209
1007 1169 148
1838 3700 26
910 424 1
3288 897 278
1758 286 283
2792 2464 255
364 1467 76
3814 3141 154
2813 448 184
2773 1671 135
459 3022 121
3246 2672 84
1134 3493 194
436 3260 60
2475 3122 46
1272 1764 153
586 3632 235
2187 1057 207
449 678 234
3761 2915 282
3033 3722 239
2954 214 18
3345 1376 173
3144 896 220
997 3915 11
2518 1446 126
1463 3055 284
1636 1555 196
1657 447 242
1618 205 15
315 2483 207
833 2047 240
2992 1572 140
420 1316 183
212 3982 213
2000 1128 61
2844 562 187
1805 1728 46
1931 820 250
639 2193 129
3831 649 3
3435 1696 131
3148 1689 255
2013 2183 71
1466 835 76
1700 2255 149
2428 536 284
2694 2676 164
3209 895 274
81 4000 218
3600 1436 97
1113 1368 217
3491 473 207
1627 221 297
915 1336 17
223 2419 179
1662 3534 135
1011 951 254
2827 690 112
1591 3047 57
2952 1892 256
3448 535 148
311 3829 205
1384 1045 50
2435 1632 171
1760 424 89
1367 3874 43
3217 1302 70
801 3801 292
1574 1700 162
1425 1150 126
1115 1966 997451138
3691 3123 31
1697 356 246
1735 3314 25
1945 3010 105
901 187 225
65 3340 184
1703 42 59
1826 1907 149
1824 1127 23
2509 2627 292
2287 807 102
1522 2127 226
1499 374 205
2065 612 286
2042 272 128
255 589 42
561 1784 184
1509 2771 133
1214 322 170
655 1438 261
2531 3948 244
3032 3521 223
1077 1282 12
3826 566 261
1896 3492 264
3731 1308 63
64 2617 159
3641 1179 300
1544 398 265
2993 584 134
1580 1934 298
2096 3726 148
1562 1503 180
497 768 237
3893 2916 199
3378 3157 97
2387 2867 107
3067 787 248
1429 3544 246
3931 1430 277
163 579 22
291 654 178
1395 2304 267
1643 1439 246
3228 1061 52
3937 3483 30
3957 2695 295
2334 1652 56
3116 3836 221
1357 3394 68
1370 2929 271
231 1464 62
3718 1334 257
2963 3421 52
3205 3798 300
3315 1498 123
2879 331 151
1394 2218 52
3509 246 36
156 1146 131
1973 3892 222
1673 1291 300
2791 2699 17
1590 2550 218
2416 429 65
2766 2073 174
802 3956 173
1660 1053 90
2222 2664 291
556 1948 25
3294 3875 85
3073 2374 213
1455 1723 39
874 113 105
1006 613 50
3086 679 82
2483 3832 248
1262 1063 22
3224 2401 184
1724 1890 177
2314 2656 281
2481 2793 97
3046 3177 168
2021 1453 179
2973 1579 236
288 955 181
1792 3343 171
693 2264 76
2745 907 43
1678 3677 147
2556 1424 231
527 1280 104
2892 1219 218
2839 3034 109
562 1757 128
3663 2211 31
830 454 242
2783 1756 179
1868 3770 289
1655 3122 294
2862 1979 207
1355 955 77
3829 2681 149
259 1383 150
3102 1917 4
2901 2722 29
3363 2031 67
1747 239 23
3015 1071 53
237 2324 193
57 3778 295
3932 460 248
3191 3934 215
1990 1776 142
3618 2296 93
2498 997 41
5 2025 254
3403 3698 180
3479 3246 229
2654 3233 89
2091 3532 231
3248 3342 294
2405 3630 186
3581 1679 49
1444 3240 95
2030 3309 71
2612 670 208
458 1850 250
3589 3833 978073299
2972 198 208
2667 2930 262
2108 2277 200
2848 632 155
3263 554 167
354 865 108
1701 3254 13
3594 1887 208
1154 2642 164
294 2716 278
3921 836 37
2573 3290 155
1944 1569 44
641 978 45
2904 2745 65
1162 3819 266
1227 753 281
3373 2329 98
3768 3570 207
1220 1233 235
371 2823 224
3134 1670 283
499 2618 106
3844 1748 179
454 2662 39
860 3568 26
3530 2991 50
1927 2257 100
1872 2819 92
1218 1929 10
427 428 167
314 3853 77
2914 996 2
3343 3784 174
953 2843 119
2247 3369 241
2191 3111 249
2014 2555 33
2449 2418 127
3701 3393 146
943 3165 193
3467 3458 132
1257 2725 283
3920 1377 293
1144 1750 22
1533 1499 58
1908 1827 126
24 2435 4
648 3363 111
2235 681 81
970 3630 98
2771 691 65
96 181 3
816 742 165
2642 3271 271
681 3198 122
1974 3320 176
1986 3532 42
12 2933 263
3137 2035 266
3497 350 218
3126 1060 171
1756 2580 223
3499 1296 27
2406 3217 15
3888 445 242
3624 2454 295
2842 3385 104
269 1059 252
2148 3685 241
2995 942 188
3066 71 24
3238 1519 199
2925 2115 65
1963 3474 6
260 1775 129
2271 531 11
2804 3468 257
2180 1877 33
675 3350 24
99 1120 105
2811 3075 227
1361 1802 34
2351 3297 54
775 1856 229
1841 1492 107
2345 625 265
3586 2975 139
3587 1010 293
1726 2098 60
3687 3944 206
2153 3707 288
1270 1647 152
1141 2878 26
3747 2335 296
1782 35 57
2823 1241 221
2708 1765 71
328 3420 109
3466 1256 18
3095 3183 132
1372 1383 19
1939 127 256
1111 710 251
2640 3068 131
2784 3990 292
1329 993 227
781 3869 28
2775 743 199
3348 1534 52
254 2181 270
2707 1105 288
2895 1021 125
1950 3526 87
2551 3295 239
3057 2113 94
1714 2663 232
3035 1345 67
2911 1653 263
3471 800 198
862 289 127
1223 3908 4
2780 3900 131
3564 3419 147
1891 937 208
329 3098 129
1996 1506 65
1091 1057 41
2610 3101 152
258 212 58
2057 287 258
651 2025 298
3583 3238 208
3629 1513 68
2885 3132 204
2602 2645 196
1738 2024 12
2770 3475 159
2516 1861 23
1582 1753 47
718 1866 262
3184 2412 234
3706 1522 146
2836 1858 177
2154 37 207
3006 3483 39
191 3270 78
3498 1433 284
1807 235 43
2971 2005 297
2714 2157 242
3965 3325 153
1814 3286 145
3329 3764 58
3620 3693 41
931 3646 179
2346 2877 45
836 2506 123
2253 1849 163
1199 3550 237
656 152 125
2417 1788 206
3014 3226 986597559
2015 1564 141
470 2226 35
2116 379 210
247 3543 24
2308 2908 195
2457 774 159
3306 3127 299
3182 2277 98
3118 2017 82
3483 3794 154
3816 1221 155
3753 247 14
574 2775 252
503 277 100
2947 717 96
453 3351 205
2593 451 130
2047 726 122
3142 1896 11
1301 666 198
3859 3872 295
219 1613 7
1060 1094 66
2259 27 280
78 1596 247
3638 3015 115
872 1717 4
2884 945 215
3895 2915 153
94 2119 295
796 1041 64
898 1427 228
1980 1559 239
3558 560 245
1334 3918 48
1937 472 112
1720 1808 21
543 3296 217
776 2686 63
3379 3247 298
2246 1868 92
3200 2058 184
2846 2540 171
3460 1251 24
121 3062 19
3007 1373 210
3904 1830 50
3438 3382 182
1158 3403 136
3548 1453 174
2576 769 79
1797 1788 229
3892 3147 230
3503 677 100
771 1913 24
3124 3764 270
1123 2230 39
2100 1367 18
1023 3478 238
3742 625 118
1386 61 53
1923 1388 158
3517 1752 159
2554 1665 6
1192 3773 71
1967 3132 216
3848 742 193
76 1386 255
2999 190 110
2028 1673 274
763 3491 50
2420 3335 81
914 1200 90
2333 2223 95
3808 2306 103
206 527 94
3599 2143 64
2749 795 297
3351 1871 69
992 275 265
3034 3165 63
986 2360 104
3803 2075 255
1540 2500 252
2331 3248 255
2410 3241 169
1557 3637 40
1579 2271 49
1403 2282 99
3023 2886 35
1461 2038 184
635 3971 245
3540 3327 25
1281 1725 20
1617 2122 50
726 1811 255
1909 2848 67
1801 2664 35
376 2731 48
1400 1697 169
668 3794 117
3199 1725 67
2358 3531 126
1408 2257 254
1604 1398 254
701 3487 214
2672 1557 63
455 2630 126
3127 876 94
2721 747 284
1851 969 39
916 1639 300
1236 2532 200
664 1010 109
3247 3176 238
3135 2036 120
2736 2547 128
3726 2414 109
3143 3061 217
2069 416 83
3772 160 15
3055 3840 284
2492 2193 205
419 552 299
1311 1593 54
3371 1650 96
3002 2673 59
60 2643 93
924 2662 59
3882 380 266
1415 3340 110
448 1217 162
2928 2140 245
298 3592 231
1009 2524 16
1717 858 286
3918 932 223
3942 3513 26
1310 253 287
1623 893 1
3129 2762 243
432 3532 127
3512 2704 285
6 2886 184
1991 2217 57
143 2590 80
3204 2470 115
1477 3481 207
1512 2796 122
3770 170 44
3649 1324 213
2805 2995 148
2588 1696 206
1620 3786 85
2727 1485 123
180 578 47
1286 3791 183
1845 2687 164
3293 3168 231
3157 704 200
400 2798 122
563 2596 20
36 2918 138
963 3500 96
3218 2035 108
2223 3392 83
150 3273 5
393 3111 999764007
2459 2450 225
828 673 61
2390 3756 256
1762 2305 126
3651 3079 88
396 2100 261
3595 3177 278
1729 3459 224
1393 90 86
3743 237 48
1998 1824 999998388
430 2316 226
120 1788 278
1479 2837 202
2785 3582 294
3589 3476 241
2726 3533 9
3723 1087 128
633 2193 177
1879 693 101
2084 3953 272
3533 1431 297
3549 3877 81
253 1068 199
486 2349 242
3273 3038 238
2422 2247 185
2562 2126 210
2255 1788 134
353 363 223
48 3509 180
2303 404 124
3259 3645 213
2731 2916 260
3060 3470 61
3391 276 11
2803 1111 174
2350 2592 267
2200 1846 139
767 1708 160
3172 3460 130
3270 3678 30
3072 1742 278
773 265 26
709 3005 6
3352 3200 158
2889 2540 133
2617 3214 21
488 1222 256
3312 1608 193
308 509 94
1232 2911 290
2294 1916 232
3178 1764 166
484 1271 167
3101 301 239
3262 2612 51
1186 2882 9
3806 3358 255
3591 2075 4
395 2800 81
1487 2907 202
1847 109 203
1501 3218 237
3799 2750 160
1713 1230 173
1853 2128 195
1581 3478 39
15 10 99
3650 1390 247
1302 1634 218
3419 1262 265
2256 3510 103
1067 858 156
3820 2584 188
1020 3439 184
1912 2026 248
3276 1377 184
3431 1347 283
1216 922 300
2356 837 111
108 2644 62
2864 3004 7
2199 3170 35
2168 1087 133
1976 1689 234
352 3233 213
2376 3496 202
3605 3432 118
2150 635 300
2571 3496 95
3520 443 150
2488 1764 5
815 1111 297
3332 507 64
3842 3687 67
3845 1482 69
1049 1097 152
891 2423 127
989 2866 146
3219 3100 83
3359 81 228
1424 1473 194
1685 1691 224
295 681 15
3746 1619 98
393 2754 50
3017 358 164
1276 3117 151
2609 1985 217
1427 2576 213
2578 1460 100
2761 2607 79
1829 1133 91
1470 682 43
1090 429 212
3494 2989 98
1718 383 7
2098 735 163
1693 1301 53
1352 3733 68
1228 3115 190
3487 3452 208
1563 614 15
996 718 213
3252 2890 106
401 1918 282
2189 1598 6
2055 2226 88
1074 3937 193
3153 3295 275
1258 1001 169
1852 478 97
476 438 205
1205 2884 217
441 434 142
1727 1923 19
535 2930 219
277 2180 294
1460 2993 104
3433 369 52
3068 2741 177
3812 1834 247
2114 2272 148
70 330 30
2647 1550 132
541 3138 30
2311 3056 162
3189 1526 272
1988 2420 114
3561 1281 244
3441 2048 32
601 3612 291
412 1309 291
103 2404 7
1981 286 190
1679 3639 91
1578 2674 273
757 1241 286
2332 255 88
1353 539 185
1474 3778 78
555 2423 290
2701 30 87
2281 3132 187
2328 907 152
972 1958 202
3295 2597 220
2293 1768 134
2058 2266 81
3838 2983 245
2722 2322 238
3176 1193 242
585 3836 244
3436 2796 102
2512 1512 105
3616 2042 57
3353 3022 275
3394 2444 73
2698 3853 158
2434 1048 179
1055 3471 76
3406 3404 104
1866 2689 9
2860 3852 208
1261 324 68
856 3788 62
1016 3730 111
1174 3806 271
2917 1392 81
2460 329 268
2574 2151 247
2730 3388 47
1321 3780 147
1385 600 82
1551 2004 234
3828 1988 207
2152 2242 43
1848 2093 83
2082 2486 88
689 2244 275
1332 398 143
2931 2667 282
900 3731 27
2361 1210 234
85 3528 196
2929 2028 27
2630 1969 263
3049 3287 295
485 2999 70
2733 621 81
1941 1767 122
3786 343 91
3870 2820 297
179 2470 212
1772 1677 138
3158 1148 201
270 1648 62
3147 3146 97
559 355 239
2141 1284 109
2298 2535 112
1431 991 265
1207 580 103
2473 1403 191
171 827 14
1690 17 179
1849 693 98
3350 1457 148
1027 3405 255
129 3543 207
1143 971 134
1105 3701 234
2880 549 121
3159 1818 202
1902 2536 232
192 2281 124
2443 177 226
1243 526 142
3456 57 44
2626 692 139
1596 840 2
2219 1887 158
2482 3524 180
1610 2895 230
2680 3698 293
1145 693 109
1356 2322 152
890 1910 233
3863 196 142
408 1977 137
957 876 46
513 1495 143
2424 2109 33
1630 126 293
511 480 167
2757 1131 201
1274 1399 111
3780 3353 289
2232 725 97
256 858 94
2190 636 10
612 948 108
3376 3604 196
3056 1677 204
707 3928 204
2695 1510 29
397 1832 247
1337 700 114
3094 3776 27
509 271 215
1934 561 37
2913 3785 42
927 3211 159
2037 3340 213
852 2196 162
939 764 43
1225 2929 124
2197 3126 171
2130 805 248
437 726 999246401
2937 2595 218
466 2142 184
1984 1853 287
3261 540 199
1932 576 240
299 1109 130
2289 3433 183
155 3977 157
491 2247 143
2687 3221 71
867 2370 63
1861 3689 34
1911 1644 286
2668 962 160
68 3212 236
1602 3036 188
3570 1166 223
2263 1070 209
1092 2632 224
529 44 82
3358 2302 114
3300 1488 114
140 2979 77
2800 25 147
1000 1119 291
2027 3467 79
1728 59 290
1635 1438 26
3318 2826 51
3538 689 83
1414 3261 85
3713 3837 77
622 1722 69
3183 1345 197
2337 1988 192
2682 3524 213
2548 829 266
1535 2393 183
2036 3971 38
1301 1023 973547388
3628 3387 35
3446 3824 264
1295 2805 71
473 1496 269
2193 1169 99
1878 3134 252
1752 2540 84
750 3880 105
2089 1986 300
440 3881 128
1995 139 108
2716 2531 224
2712 3913 19
1136 942 113
1708 1372 135
2753 932 276
2229 3736 159
2893 3891 160
2546 237 14
578 2799 30
1235 3548 262
3962 3249 175
3231 3106 165
2741 3067 51
845 2716 134
3669 2288 32
2517 143 183
119 1662 43
388 2378 108
1626 1062 257
595 3110 230
2505 720 2
1287 1032 94
1456 1271 94
842 1059 265
1748 3189 269
2649 1470 228
2986 2474 176
1008 2267 147
1133 3059 247
745 2605 18
903 3592 123
795 96 282
752 1429 63
144 2133 40
495 993 3
2706 2465 5
1208 2614 138
2184 3992 174
372 3333 274
3367 3848 223
2681 336 116
3760 3145 43
1843 602 123
3461 3806 228
1079 2857 299
114 1835 12
2817 2326 241
1652 1206 15
1467 1255 297
809 723 166
3423 54 255
3783 3036 82
2553 2103 289
3114 274 151
2192 1205 256
3168 1308 188
2211 3465 287
1481 957 62
452 1125 281
1476 1169 170
1277 3058 222
481 3230 155
2689 2495 236
638 1392 271
2121 2661 178
1568 213 276
22 3740 120
1905 3675 242
157 1323 186
3936 960 93
1369 3937 135
1319 1549 140
2257 752 144
1534 174 47
3829 3038 944502704
1053 3276 136
385 2181 5
3488 61 299
483 2006 207
83 126 203
1730 2844 236
565 943 12
3813 3058 139
1505 3589 129
2873 2298 229
3604 694 15
16 598 14
2961 3417 2
847 3590 170
1488 3300 286
2540 3920 40
1857 3210 298
2501 229 297
102 3162 240
2504 3447 291
3344 1248 131
2368 3395 132
3099 2588 232
1405 925 163
956 1692 163
2001 1741 243
3112 3573 179
47 836 24
1191 922 128
918 2794 1
3196 1595 270
2342 1834 138
1493 3480 54
3076 768 222
3201 3664 174
3050 1731 23
3864 1658 298
3948 2390 185
2213 3155 9
3286 3302 203
3825 2870 221
912 984 28
2789 141 119
3898 266 252
865 449 286
229 2987 251
271 2755 125
3695 2456 44
2060 2278 84
2930 3497 102
1856 3368 199
101 1034 258
136 374 6
3862 1713 248
413 79 4
3430 2838 229
3177 1689 59
703 3601 200
2833 2229 62
465 1717 293
804 2945 190
3598 1034 190
1951 3623 110
3119 3071 276
3265 2635 232
692 2083 274
1440 846 273
2535 612 84
2926 1024 166
964 3020 278
3411 2325 243
3938 3652 96
2690 3007 33
1870 3912 256
3560 643 146
3725 3761 195
947 3097 57
1475 2359 207
1539 3444 242
1543 1995 35
1486 831 188
746 855 299
1163 280 22
592 1875 47
3585 3599 10
1554 2039 171
1970 880 294
2816 2452 144
2570 1592 290
1943 724 84
204 3009 52
3071 271 28
205 2656 295
3396 3509 229
1193 1690 163
98 1888 149
3819 2539 152
3899 3302 180
909 643 243
2267 3199 297
2227 361 168
3407 351 123
3621 3056 210
2456 2526 132
88 1753 247
2660 1878 221
932 2984 135
2765 2748 190
3961 3742 198
3242 655 283
2155 2962 107
1978 3903 276
2113 3026 13
2286 3092 232
1342 3801 84
2454 2813 272
878 3798 280
1271 3274 276
3809 3397 294
2981 1163 251
105 2821 241
2616 626 40
3614 1207 266
2468 2461 257
2899 3785 170
2881 264 27
3097 970 228
1110 2832 266
2320 3777 116
287 3336 87
1349 3686 117
1084 2069 222
3122 3509 188
2453 1362 3
907 1418 163
791 1285 199
1083 1933 114
1155 1016 220
1375 1045 29
1354 2411 263
2655 2648 18
2575 2842 137
1674 1544 197
2607 1671 141
435 3755 999821727
2338 3780 153
3236 3347 230
2249 378 94
866 677 154
2458 3949 227
1068 3424 87
1117 199 256
1033 883 176
1528 181 229
3297 2282 27
3751 556 280
198 3666 193
3206 470 83
3451 3456 183
2471 1594 258
594 1737 296
321 2792 111
2539 2910 225
2697 3385 147
911 2800 185
146 3817 233
77 3539 103
1359 802 30
2306 763 129
2110 3513 66
2364 2591 259
2302 3011 136
698 396 144
2597 856 116
1882 85 289
1558 2121 104
2411 3576 228
1883 115 241
1260 872 92
1250 3074 7
2340 3595 158
2234 3082 36
336 1758 220
3258 1815 98
2418 3685 213
920 2586 120
433 2993 294
2596 2585 290
333 1462 161
2489 3164 206
300 1312 132
1828 1437 1
2285 3650 131
1875 3663 228
868 3419 178
2373 3906 137
581 2977 86
3719 452 171
3492 3191 182
713 3092 1
3036 1331 63
3724 853 133
1435 1678 127
1003 2281 188
777 166 1
1894 3629 215
3881 2479 235
167 2479 211
1985 2007 62
941 1885 214
1307 1813 189
3149 1171 89
3757 551 281
21 3674 264
3115 948 206
1566 1110 72
3505 2973 257
754 3246 171
2137 2061 116
1021 1729 22
1949 2947 290
976 2994 98
671 1368 159
1 2145 146
637 2125 98
895 3179 13
111 1983 2
2075 2774 231
3765 3811 136
1994 1948 241
892 3991 284
1598 3266 23
1893 2063 157
1904 2593 100
2144 2640 29
3405 540 273
1116 1769 109
930 3305 202
551 3933 261
523 2878 80
3929 3268 108
2796 2393 28
2840 3069 151
421 13 83
2595 1865 21
1694 686 150
2563 2638 262
2218 3654 246
1940 693 298
1103 2698 262
1045 1769 129
1350 1283 43
1877 3567 59
869 2268 246
3689 605 170
2569 2430 96
3815 3842 83
1097 2107 63
137 940 47
849 1204 73
3474 2594 199
301 3167 64
789 1922 62
238 1880 20
2438 3724 114
2322 895 74
1979 103 230
2206 2000 269
230 1115 165
660 196 1
1670 2649 203
3296 564 243
1688 2010 236
3916 1087 64
3493 1310 174
1107 3655 236
1030 2929 92
812 811 92
3769 3830 115
2568 20 175
3018 1489 208
82 3099 46
3673 3081 109
1290 3124 230
3822 2154 100
3042 40 210
1183 434 78
764 2516 42
2415 2098 999972751
2752 1982 240
2357 1159 51
2624 2537 247
290 3217 983151916
3170 3103 89
2135 207 178
520 2351 56
2040 1598 230
3739 2369 160
3884 2543 24
2577 362 156
3289 99 204
2831 309 183
3794 422 277
2887 2360 269
829 1651 1
2310 1343 38
1472 3107 132
1759 1653 151
2437 2998 31
2759 155 259
2321 2700 58
3165 97 161
1793 1062 134
1245 3134 280
508 1127 105
33 1509 43
2956 1194 100
557 2701 210
1808 2703 95
1032 3410 93
2982 622 226
2251 3668 205
2305 1776 125
2024 1820 156
1098 1237 120
2613 1120 59
1391 1642 136
550 182 195
933 1012 37
1114 226 215
1954 3247 163
164 2218 64
2260 2789 100
1886 2245 61
2083 3953 297
1100 1611 233
110 251 199
1166 3580 175
3647 1764 34
296 239 114
1592 3315 235
54 1019 186
3913 2919 282
695 1641 255
2852 2389 247
2935 633 111
611 3623 49
3759 2957 199
3537 2049 195
3553 1144 80
2949 920 286
3271 2927 39
2329 1660 17
3402 2006 79
3356 1294 206
659 2969 225
3567 2522 297
1625 1036 268
174 3599 118
1050 3578 288
3919 3643 166
2835 688 3
3595 3534 998354241
1725 1811 120
3232 748 204
2210 529 222
2822 1113 203
3243 1544 254
1312 1863 189
3925 1183 280
779 3938 195
1109 3145 144
697 524 95
44 1717 95
305 2699 178
3185 2924 74
2622 829 158
1095 3114 75
1195 2213 75
3415 3624 256
2803 1468 979322898
43 2493 289
2469 2507 212
2589 2407 133
3013 3727 258
2347 2328 157
1800 3634 128
2409 3952 74
87 2117 28
1142 275 243
2658 3723 196
3336 2061 191
383 3763 167
2097 3939 173
2653 40 282
1401 424 99
3426 2217 217
93 835 55
2007 561 30
358 3857 130
1340 3715 28
2751 1440 214
2998 3444 263
1392 3930 101
3576 2192 29
3303 118 47
117 47 79
3756 1867 97
3764 2608 1
1607 813 103
1545 1005 156
1615 2217 135
1812 2476 212
1511 3850 55
3110 876 255
938 698 121
2744 1720 185
3795 1961 252
3787 533 22
3440 3708 90
3748 2094 66
1572 727 160
934 594 218
1810 3853 150
2455 3221 297
2003 2895 73
2530 2760 154
2470 3248 258
3642 2141 149
213 1627 215
3935 2031 98
3308 778 155
170 2732 262
1362 3738 203
375 1342 99
252 3940 256
3041 987 292
1147 653 218
2002 906 116
1093 765 133
1196 3780 266
2523 1537 107
2295 556 90
203 307 81
3617 3502 208
3885 104 253
810 2493 136
2017 783 132
1956 3318 128
2537 3153 12
1766 1194 283
3515 2990 245
2179 808 63
2275 2413 295
2888 239 261
188 640 132
3516 1243 203
1523 2799 102
3902 13 157
3749 1811 62
1658 514 86
1004 25 280
1682 1347 20
1344 482 53
2594 2824 239
2854 3091 296
1411 3395 116
1573 202 74
1255 1028 117
3389 3916 14
2041 3357 293
1304 1487 123
2149 116 256
3437 466 219
446 3406 285
851 1165 223
966 677 215
3526 2657 102
2542 377 197
1696 2875 262
1267 2209 96
2085 3294 195
386 1321 263
2386 2148 197
3324 3995 179
176 1785 78
3637 1775 19
345 921 31
2396 445 46
2841 3098 261
3755 3025 227
3506 3423 77
3566 1199 296
3169 2105 15
2824 2549 45
2258 1437 17
1614 2431 27
318 1524 133
2442 2622 291
3384 3293 95
274 3535 168
1930 90 201
537 1431 182
29 2266 290
2165 3291 49
1128 3528 80
3160 2344 145
3012 2899 138
2939 3459 245
2427 1901 22
3880 923 101
3323 1413 129
1529 136 106
264 1592 22
536 3368 292
3163 1074 88
307 195 29
2005 3987 55
2066 3337 57
2214 227 190
3412 2666 255
3155 2530 276
1253 3183 40
3414 3502 151
876 3478 226
378 2969 174
3887 268 25
1275 2756 108
566 2004 188
587 1315 237
3843 3751 175
2703 2420 249
1462 2426 176
1900 1695 285
2423 574 272
1471 102 120
1426 1120 83
2393 1764 49
1972 559 240
617 68 119
2829 3015 257
3954 3238 61
1062 1339 239
1734 2359 289
2323 647 93
3192 471 77
2994 3049 128
1983 199 239
3355 2810 195
501 1916 241
1920 3862 154
798 3534 47
3233 724 148
494 67 35
2872 3245 86
1244 3104 94
2062 2527 15
492 3292 36
981 318 43
38 1708 2
2686 464 63
1874 1068 37
2369 3541 189
3602 1141 255
1839 2410 129
3501 2611 147
2496 1999 258
739 711 74
2288 813 164
2102 231 58
1764 2654 134
3328 627 151
3736 3227 175
2583 2946 268
2794 2189 211
2919 1580 143
3442 3344 260
2365 2180 128
3038 3197 131
1416 961 129
2448 1791 174
2561 1166 122
673 2864 264
2292 449 282
3811 3416 28
1667 642 252
1388 51 290
1898 2698 176
1736 1894 122
1140 1108 160
1731 3692 163
1822 2362 69
2868 1954 25
1669 2481 249
1430 3560 67
2467 1934 60
216 3252 129
2974 2833 141
1326 3512 167
749 3790 135
2967 1544 258
983 3917 220
3582 3337 121
2383 728 15
2241 3976 288
1823 2704 267
3014 2869 99
3309 3004 288
805 3307 29
3574 2499 265
814 3520 50
3468 3472 278
2122 281 165
3657 2097 232
1190 2921 77
74 1393 98
2080 2237 192
2608 808 228
839 3992 255
1397 3597 15
3910 1504 289
2644 1727 118
3903 2990 7
104 682 70
3254 3436 149
3805 1608 88
712 1044 119
1151 282 205
2221 270 49
3257 3915 294
2377 301 26
702 1344 119
1644 1178 217
1420 3405 85
768 1964 81
716 2228 83
685 3371 158
2236 1434 53
3504 2046 189
3959 251 109
2830 283 56
1189 1319 113
1653 2580 181
186 3374 143
2705 2595 115
75 1530 168
863 3740 24
848 32 270
3225 3137 119
3947 467 178
949 1534 47
2920 2356 234
3676 2172 155
2020 2287 137
3839 2118 13
2611 3159 210
2966 3198 252
569 1099 97
1122 2375 61
3648 1101 41
327 203 103
1406 1858 172
952 392 241
507 2403 33
145 2041 123
917 2945 209
457 726 213
784 1976 18
1811 1240 132
3572 1033 283
728 573 248
107 3132 123
3545 3061 119
2900 1120 279
3307 204 138
2279 389 248
3301 3707 4
3565 2092 128
774 1270 287
3717 3653 191
2905 40 86
1831 3859 35
1153 3052 104
3335 233 295
1085 1222 41
1541 3682 133
3472 2131 134
1434 1659 9
2587 2173 260
1118 1198 184
2997 3775 36
1454 2513 57
2117 3780 295
3341 3912 219
1040 3956 79
2018 1469 81
864 2710 284
242 3053 127
2107 3943 29
2392 1269 43
2167 723 17
3103 3739 60
3847 1827 92
1469 96 131
2185 2597 76
893 770 268
3061 2413 98
496 3631 17
2182 3039 23
962 3608 210
1057 3315 122
1884 2035 1
3924 3695 283
2398 1829 109
417 382 96
1278 1641 297
3311 478 75
2941 2908 62
2477 48 188
2550 3826 11
1585 3129 207
266 494 37
3696 1609 151
2790 3247 297
367 493 224
751 3966 163
1552 975 271
447 2365 256
515 3066 244
1317 2244 64
1331 1976 264
2635 1025 23
2429 1360 13
2912 219 1
919 1567 192
3104 1523 280
399 2207 107
3354 305 63
362 95 14
1035 3375 244
2533 839 298
1026 1131 154
3223 2377 89
3626 3763 44
2119 408 71
1014 2845 73
730 2592 8
1432 1246 234
53 578 261
404 1069 100
3677 1818 56
189 1041 292
2820 3208 136
1215 1583 15
797 1119 44
86 330 268
3694 1016 39
1248 3768 69
1942 506 161
2828 1169 200
979 2974 62
3484 1641 56
1452 2105 214
2979 1459 106
3646 1616 103
349 15 165
3100 992 197
2499 3191 293
2131 1962 134
280 2484 239
2819 3762 289
1125 2781 14
647 2314 148
2463 3711 113
3754 376 28
3632 2325 225
573 3947 190
1753 2847 125
1977 3282 26
341 2134 29
175 3630 266
743 2663 297
770 2458 27
2380 137 175
128 3224 15
2067 3239 103
185 392 167
2989 1781 105
1790 1985 253
3495 3384 120
224 3369 260
532 3707 67
2507 1047 295
2374 83 195
3654 3270 248
3098 2952 19
3797 2062 295
3890 1408 242
1213 571 264
2907 3986 153
1069 2395 259
679 2635 196
3714 3042 57
1649 3124 18
3092 874 46
2063 1367 94
276 312 235
61 3677 182
3909 3324 28
1457 2362 216
2710 1850 211
1318 302 60
2545 2845 131
1204 2206 13
1750 3373 188
165 3177 184
720 3900 239
3793 336 65
2391 657 189
3660 91 2
1231 2553 223
691 3950 288
961 2013 224
3833 72 7
9 132 239
1825 2626 267
1019 3019 298
1964 1721 231
445 3684 212
1840 1985 294
3459 2740 36
2344 2099 126
1315 660 101
1497 66 25
3944 2942 5
2270 1100 211
3362 3878 260
168 2133 272
2291 35 123
995 213 4
1381 226 12
2171 251 67
552 2421 145
2125 3082 276
3059 2438 239
967 407 155
2394 315 108
1948 3484 140
818 620 158
3966 376 1
549 3791 118
1613 2612 125
3943 920 79
3631 210 7
1464 838 184
410 2846 129
2319 2201 29
580 1533 242
2815 2446 193
2750 3436 219
512 2894 8
3930 3689 175
2627 2116 90
3705 83 50
23 3141 262
3917 1059 120
2046 324 18
3865 309 237
2353 1109 144
141 3489 187
3255 3033 113
2220 2706 82
2204 1120 246
1421 1666 22
3281 1377 107
1112 1527 87
2402 1177 59
3738 1261 20
3113 745 17
1456 1628 997929334
2918 2769 103
2049 1158 276
1928 3170 237
3551 2320 68
3927 22 47
426 3718 227
1716 3668 23
1335 1875 274
1120 1157 245
428 358 284
4 1858 29
1546 835 52
1855 2441 94
2584 1731 154
3810 3209 54
3190 2914 291
2711 3701 100
500 3221 242
281 1749 202
3610 2726 200
1754 2873 136
3535 899 19
1593 2431 41
3688 907 96
380 2132 181
228 2811 91
3284 881 187
2631 724 226
2307 1443 127
2853 1656 21
2557 227 183
3779 1702 285
2023 3167 154
1465 282 291
2870 2844 286
2038 3799 142
2296 2265 137
48 3866 999901048
1510 624 10
2528 1140 268
606 1662 213
3111 2540 34
2479 933 62
1776 444 276
3156 2796 251
913 1258 294
490 3832 45
2620 2317 144
624 3189 284
539 2575 253
859 1646 289
711 2241 105
570 3644 56
10 3591 238
1343 796 29
1821 3119 250
431 2503 193
3690 266 179
2511 605 200
1570 3478 992265940
3851 2162 170
3313 3496 228
3465 3658 294
2095 2512 238
3771 3919 36
3502 1896 175
1197 921 56
1632 1242 12
1503 2835 223
3365 2659 41
1419 1975 245
3524 556 217
1054 3016 266
3640 1795 34
1212 2488 47
1413 454 238
2233 3979 94
2861 3107 9
322 1556 103
3577 2408 143
2916 3414 113
1962 3761 49
2605 2497 232
2529 3173 50
951 3580 67
3338 2699 274
251 2433 258
2990 3695 205
3090 1005 1
1222 2028 148
505 1501 141
3960 2251 242
1969 493 7
2147 336 239
3562 2526 38
370 1177 279
1671 1148 84
1268 1194 62
28 665 63
2388 1820 238
193 1236 15
3571 1660 21
3256 837 260
195 3449 88
250 2614 222
1029 2089 75
3735 1076 1
2378 308 288
2662 269 214
1647 2682 88
1504 2499 93
1402 3578 186
1641 1621 156
3221 3353 181
3578 3171 149
3330 735 67
464 3649 80
1791 3329 168
792 3635 179
813 3289 34
1518 3896 278
169 3776 203
2758 2618 50
744 1523 211
285 3835 150
2871 30 201
3240 299 76
735 425 236
2300 3630 284
190 2417 81
2315 931 1
1751 147 272
1484 1859 177
661 1854 142
3846 1216 242
1982 1828 277
95 167 235
1005 2112 99
1519 2549 10
3230 122 128
567 2747 4
1569 2538 163
3075 191 255
3253 26 233
1211 1757 208
3383 3899 207
2134 1878 273
883 72 199
1182 343 188
1624 815 121
437 369 168
3447 40 286
2676 298 124
261 633 100
1320 31 163
680 3731 165
1293 462 204
1283 1829 120
317 3968 130
3349 3650 183
1925 3781 214
1564 1164 159
1516 3773 64
1441 562 58
418 2701 211
2502 1392 226
403 2834 239
2567 2377 142
263 2752 145
2633 2028 5
2336 3943 222
1330 389 999565866
3226 3465 59
1404 641 103
2592 1243 64
3088 3439 105
3222 1675 293
518 3562 210
717 2429 279
2632 1277 186
1178 261 267
2497 1299 228
245 3645 118
1010 862 298
8 2445 158
2732 2533 48
1895 2780 154
164 2575 999999980
2484 1315 166
526 2802 295
662 1266 46
3622 2157 237
2534 3119 86
3588 3433 152
1803 108 31
2385 3241 125
1966 1531 90
596 1264 213
1916 888 98
3260 3398 92
2461 626 70
3869 1637 282
2734 758 20
1226 1219 70
58 527 229
1374 3516 106
1538 1544 116
3513 3193 157
2944 2718 230
3291 3495 117
871 2661 134
2566 479 133
732 2220 181
1442 1485 151
877 2279 227
1612 3151 24
3298 2942 215
2124 1592 20
2252 868 67
3194 21 40
571 1646 36
1827 3191 4
2755 3565 257
540 2520 188
3443 2369 117
1514 3553 169
1390 1062 197
2874 928 150
3613 3823 81
3633 3669 24
332 1569 94
2898 1313 255
3028 3741 209
620 530 104
1687 2735 131
2317 1264 274
1816 3229 285
1376 938 190
2976 3044 131
2352 3456 92
3047 1062 61
1233 3311 118
3529 2196 25
235 2923 297
161 3704 287
3131 2239 108
1495 1757 212
1368 1940 158
1119 1814 237
2779 3895 197
922 1477 295
544 172 143
479 3793 154
988 1996 42
62 1449 272
3531 3446 15
3424 280 221
1407 784 269
2068 1490 6
3584 325 49
2983 2770 173
2366 3350 287
2071 1812 230
257 281 145
2451 3461 4
780 1219 196
3215 3138 262
854 3478 298
3380 2489 77
3704 1318 277
1247 677 9
2856 1086 218
1259 3975 268
1086 2017 175
3237 302 80
222 673 300
3656 730 134
2078 796 161
1135 1263 88
218 3407 7
1202 2430 193
2092 2364 180
2262 2745 132
3824 1823 19
1185 3687 7
3481 97 225
1242 2275 261
1723 3491 209
881 3936 162
2683 1296 28
1606 206 230
1789 1134 251
2851 528 224
995 570 999998020
1953 1434 167
1871 3630 47
3132 3542 175
2650 1493 61
636 3345 123
2478 1123 84
619 2537 298
564 3591 262
2615 2166 111
2054 1525 124
2508 2748 133
2965 993 225
902 545 164
984 3290 7
1859 3792 239
3074 705 119
112 3533 173
1324 3961 112
582 2028 193
978 1147 113
823 1510 188
3108 966 77
1251 1269 271
1686 1189 291
1830 1729 111
1148 2784 40
3507 646 260
304 2389 91
1491 3879 65
127 2813 178
2740 152 248
2384 3276 23
1121 2326 282
2908 3347 204
2923 712 224
131 3834 274
2382 2557 53
1238 3493 138
1622 413 200
1785 2106 295
1832 966 139
602 3658 82
1605 1265 100
808 3059 161
1637 411 14
3821 3318 185
1799 2277 2
3374 1750 173
3485 64 229
843 3546 184
3639 2537 100
3823 1555 26
885 281 188
3785 301 128
1865 745 45
214 338 50
968 3745 106
1088 3369 29
3211 950 285
3774 3549 198
782 2821 144
2081 1397 75
2797 2472 67
694 3192 254
1524 590 97
2581 3873 127
1536 3359 178
3404 2704 99
2696 1876 25
2945 2012 248
149 3855 264
3450 392 35
1901 2908 127
1075 260 32
2674 160 102
34 3579 188
1737 619 100
1282 1955 236
790 1182 9
1379 43 169
3856 750 164
1531 903 143
870 2852 173
3710 1825 214
2746 897 73
2269 953 258
63 143 6
1346 3886 107
626 3969 98
2019 2147 252
279 1982 113
2359 838 198
3871 3481 8
3212 1565 125
187 2479 60
2183 322 10
2665 2791 152
2725 1359 180
2194 1229 228
1744 3221 290
3655 3839 78
1993 2392 208
2795 3931 173
837 1680 87
1179 254 177
2264 3448 184
2203 3423 171
92 306 273
1989 3311 190
2032 565 98
3703 2392 79
2859 2250 15
2379 1613 27
3791 3021 296
946 951 272
3320 508 111
3010 1784 54
2932 2915 220
1672 1828 10
3198 1746 224
1742 208 182
166 3674 251
2728 1173 178
3 1842 202
2837 1135 293
1957 3627 195
482 3743 283
1269 1317 26
215 1373 276
2768 1568 299
3410 3787 20
3216 2837 97
1588 3935 181
434 737 238
1176 3821 209
3837 3507 95
1038 790 177
1570 3121 231
1656 2115 247
1846 2136 231
944 1849 107
975 3469 299
2951 1700 37
1765 948 77
1702 1038 109
646 2155 121
1743 3972 283
2590 1437 205
1638 2403 70
325 2727 201
1052 864 195
3051 1239 272
2978 3888 164
1597 1992 104
2272 346 178
2012 784 265
1576 524 221
2684 2457 111
3634 3154 125
3489 1006 7
3470 3631 235
2026 1861 299
3858 3317 19
2043 2184 297
2274 2325 133
377 3091 81
31 1131 30
3792 2578 89
2278 3979 213
50 686 33
3603 2582 1
1157 1890 257
1961 1568 165
2903 1762 167
182 1068 83
1910 2758 253
2522 339 231
502 1172 115
2476 1841 119
3422 583 279
2491 1945 105
236 2933 8
14 1107 171
3782 1111 39
1373 1578 292
1548 3262 8
2738 459 248
2953 2259 73
422 2575 240
887 1942 83
1987 204 271
3197 200 229
850 1148 259
3040 2294 246
3636 3049 155
2212 3361 244
822 801 281
360 706 279
37 3788 100
2729 976 116
1066 1192 47
3693 3509 197
2407 3597 220
844 3784 243
3519 783 221
3439 608 198
738 1382 59
1888 3994 28
3334 2751 155
3668 526 241
2045 3569 222
1506 3045 36
954 3227 27
3737 3917 249
1763 516 23
3908 2186 111
3700 2370 30
1732 1418 117
1780 2518 205
1740 2636 284
3425 246 21
3716 2478 164
366 3469 277
1024 3026 168
2572 74 108
3342 3176 279
3496 1478 240
2675 3612 3
1224 3071 163
293 876 266
2506 44 161
1698 1343 60
2691 76 225
2355 515 263
3235 1774 106
2064 2649 136
2172 3941 249
1526 3840 277
1929 3167 95
740 1648 224
475 3908 107
516 2022 81
3900 1199 284
2217 1617 66
3027 2021 40
3661 1611 183
1818 3960 268
1498 740 50
1306 807 186
2767 673 82
2742 3631 14
139 2712 76
2921 96 2
444 3882 225
3832 3193 181
226 2089 198
3065 1334 223
3840 1678 259
283 3008 276
3181 159 21
2604 411 136
2207 1020 60
225 3553 257
3544 2190 128
1594 1910 166
3698 569 113
3697 1657 259
1378 1885 10
1601 3972 278
498 954 153
1885 3332 253
3905 1477 54
1709 1665 188
1273 1341 129
1064 3589 59
1410 1852 30
2500 3624 238
1850 840 207
1167 2829 244
2521 177 176
1137 544 209
1494 2503 101
1817 2349 197
3750 1176 95
1146 2093 292
1640 620 156
2585 2263 223
233 1060 241
734 701 141
84 450 223
3969 324 191
1975 2571 185
1249 234 96
3386 2954 145
3171 1396 250
1289 852 292
3469 1571 119
1917 3848 237
159 2847 57
899 1139 1
650 1391 239
2875 2466 169
1322 1701 103
817 1647 129
1308 2661 10
2035 901 13
2436 3432 21
3272 208 164
3409 1042 70
1387 1884 114
1022 3204 16
3432 2759 17
2282 1967 136
3555 3806 130
118 1070 74
928 1829 204
3889 1587 293
2446 3233 164
1711 3129 94
3612 3816 108
2878 3403 110
3234 1015 124
670 3607 124
1890 2770 30
2395 1841 232
1921 2985 236
1313 1538 44
1327 1238 217
2412 155 220
3026 2319 45
1246 1044 227
239 1294 188
3883 3976 186
3062 2760 284
3003 3876 101
2636 1495 115
2890 296 292
1065 2887 33
3967 250 148
2439 3928 81
627 1640 75
2646 888 281
184 2643 105
2719 95 76
1198 3838 141
3680 1087 72
3321 3080 238
1689 450 112
835 621 166
614 1168 289
2814 3030 17
1175 193 112
3392 2487 248
2922 2100 52
3664 196 118
2261 2569 165
3449 16 190
1080 987 178
3292 2294 71
3593 389 150
1757 3527 39
1715 3282 269
1046 989 254
51 2492 94
2266 1677 109
506 2876 202
3679 3799 12
1629 3142 164
3393 2693 50
2231 3214 87
2666 3621 93
2209 533 252
1907 2326 49
2156 693 194
1051 1784 95
1567 3581 5
3592 1814 124
1999 2256 210
2070 123 17
1230 1669 103
618 3556 29
2704 2640 62
3146 3353 169
3670 47 188
1328 561 102
3267 69 42
3922 620 20
1665 270 243
2162 3740 213
1521 3714 55
2915 3241 298
32 1118 295
1608 1858 105
3573 3005 86
67 1724 286
591 977 47
2940 679 168
1802 3543 249
769 1308 77
1078 3419 49
340 1334 106
25 2302 281
2648 1187 79
3609 1308 233
1108 3713 188
2693 2545 69
2011 491 212
1184 453 146
3326 1060 254
3377 3675 291
998 2661 179
1422 982 156
2883 58 91
955 3518 53
2444 2818 53
1787 1217 239
645 3064 175
2855 1727 254
3339 1595 233
2801 772 262
3619 889 236
1489 2316 184
884 1630 29
1034 3737 27
1659 1598 129
3398 2665 229
2679 3957 205
765 2282 281
3429 2781 195
2452 2549 49
3776 1318 274
3249 577 278
2894 3511 122
772 2575 216
921 986 184
2996 4 40
148 399 248
384 3332 99
2988 3297 73
152 775 264
705 3655 19
1899 1525 292
3207 3907 147
1837 312 112
1699 3220 122
3245 3925 262
3174 3549 282
2762 3043 5
3203 3584 24
183 2941 204
731 252 186
2127 1676 91
3532 3985 104
172 2945 225
2177 2084 29
3420 1456 205
2123 1218 124
1938 1861 293
1549 1273 296
1181 3639 163
2163 2826 109
2623 330 133
480 2678 294
1595 1606 241
3370 2863 289
2869 19 132
1341 3474 285
3536 2558 250
2250 405 253
3953 155 95
3325 845 94
3569 178 52
1933 581 198
3138 2957 278
1347 871 225
725 2659 53
2652 1874 41
2414 1330 166
3244 2406 231
2052 2358 156
3675 2506 176
908 3719 51
3546 2234 237
3758 1842 64
3490 853 79
3091 517 81
2301 1261 196
604 1855 204
3671 1451 258
558 610 93
3790 737 151
3775 1863 245
3552 757 293
2866 2558 81
3514 3973 19
3802 1016 999122103
3855 1722 38
289 2447 215
1363 486 160
3611 3546 117
2910 3816 178
610 3236 80
3054 3064 69
896 2830 251
1081 1226 50
2093 1978 22
696 2923 300
3963 536 135
1013 968 89
1039 3843 70
133 1167 273
766 2134 49
451 2599 211
3539 1937 154
2524 1349 273
2 3682 180
2403 3146 65
2048 2191 122
442 1838 259
2363 728 79
45 2703 206
202 1132 293
2472 390 247
210 56 133
3128 3916 21
2186 689 53
1201 790 136
411 1862 270
2541 1934 148
1177 1879 130
991 1222 265
3933 3531 10
1836 1922 199
3721 3406 3
1918 3030 46
2239 1339 280
56 496 124
2056 1725 78
3955 839 142
2441 1443 213
811 1303 283
3022 30 61
313 3378 209
3150 3084 212
785 3362 71
1599 804 235
2339 2544 255
1071 557 104
1423 1133 135
1330 32 193
2450 1599 204
1383 1871 230
59 2360 138
2430 1445 78
2586 213 21
2104 1965 162
2776 1759 53
135 3858 250
2906 2147 59
2140 713 124
3000 814 260
533 1895 297
2959 3823 220
737 2553 98
3069 2351 226
2354 2550 208
2349 3409 217
3872 685 32
2806 3728 178
1813 1532 10
3873 3163 96
220 2205 186
3327 2763 113
1351 1594 234
467 309 224
2277 2851 132
425 1460 49
303 344 138
729 2756 94
858 1855 183
1997 3249 267
130 454 33
243 3966 229
1668 2086 33
2950 2639 262
319 337 248
2175 2114 55
2215 1436 161
1710 766 275
3722 705 299
2942 2526 53
3145 464 285
3712 3202 280
2238 2852 256
3087 1440 218
1237 3266 27
3369 3545 284
568 2483 235
3681 444 48
278 3257 218
723 1 65
2076 1358 10
950 1220 278
1705 1764 195
3048 3369 205
3580 2497 150
3486 1740 181
2284 867 187
91 3499 191
1072 1371 38
1102 722 241
3039 107 22
3030 1588 256
356 350 41
2413 1279 154
982 761 171
2367 3740 12
3788 768 148
3031 2671 200
521 2790 186
2245 1712 240
2248 1564 298
1778 986 128
2335 3519 274
683 2969 166
3475 633 28
1880 1585 185
2029 3028 81
2671 910 192
126 3165 70
2120 3048 108
2198 3537 163
2094 2936 115
756 831 203
657 2956 2
3886 2011 186
394 972 283
478 3814 108
2628 3819 13
2419 795 119
373 1869 182
2843 3561 264
1892 1718 164
2643 289 25
320 3451 142
2787 2221 278
747 3996 240
3434 2529 279
3314 3632 161
2174 688 239
1915 438 25
597 1736 98
1645 1245 136
1299 772 131
2858 1842 179
162 764 120
124 3983 180
18 3040 224
3019 1049 74
603 2641 188
232 1373 277
630 1996 145
2782 782 54
1082 788 100
510 1154 186
1458 3546 210
2008 168 161
2717 851 143
3727 896 159
607 1830 106
1438 251 230
3210 3250 241
2362 493 155
337 2756 284
1126 3958 134
387 2994 140
1453 327 95
2115 259 10
827 2873 277
1537 3242 40
1279 3418 214
3053 1389 290
517 1704 87
1542 1856 41
2670 2308 251
3381 1361 292
741 3092 283
1500 3586 181
2138 3362 34
3277 3566 219
3699 3826 215
3523 3798 141
826 1593 114
1867 514 32
132 45 39
1028 3975 9
2902 380 70
2433 3738 163
1210 634 167
1745 29 131
2955 1369 54
3188 3175 97
200 2912 134
3299 1561 233
3762 2227 192
3454 3926 47
52 3564 137
3167 2510 206
1437 1963 256
832 3827 70
2188 3555 140
3952 674 199
1473 3997 64
1616 3668 187
2006 1969 39
3397 2981 149
348 1092 41
1914 2641 51
