4000 4000 4000
1380 2643 435068551
2799 2669 992545391
1032 1805 120883485
3497 3662 41622297
2682 1608 865331526
539 1718 305240580
2825 2839 488937961
304 3225 274498665
1504 405 310489395
3582 1254 114418825
2404 3292 558951441
1974 200 506595808
924 3246 183404349
751 998 569069673
3071 493 467945826
702 778 436557247
2345 2661 264961627
2964 3473 599028730
1814 2165 539294593
1760 2191 522967614
2214 1042 959480006
3401 2835 332977838
362 2016 658949057
3259 1575 209178333
3558 1206 977100760
1695 235 952599106
1611 2837 211743817
2333 3173 120334707
3844 3915 170372621
3186 200 636800523
2887 3404 215113187
2757 1873 72350475
3342 843 447920221
3277 1238 317127842
1794 2132 177907365
2618 2020 851495387
2728 290 468650652
3997 2158 334286013
2551 213 876688597
2184 3732 291413160
2026 1435 886697862
2499 191 649890465
109 2981 195925470
515 782 319446069
3572 489 865173432
1944 1734 348857685
3425 1688 908605008
238 849 304405139
645 700 147471887
2789 1827 321987721
3926 1126 561615098
250 1095 246996753
3856 3867 780833616
1027 3720 372648736
3796 601 642650704
3315 2398 689325039
1958 2525 190738015
3980 1556 503344641
3805 2228 715461965
2706 416 635655910
1694 3080 549602377
907 2185 110012806
3093 1103 755860640
234 1528 452136264
956 1263 223914851
1844 285 704510204
3048 2349 544084811
2384 2405 651696134
2908 1237 71399853
582 1898 134020828
2048 3529 23812892
269 398 420706409
3770 3991 917732932
3387 548 230532556
3795 2968 310228320
3361 1427 684307025
326 2748 41688197
375 1310 408877334
286 3470 474856699
2509 2934 662585843
890 3601 924179576
32 1873 118810448
1824 387 769452566
2365 3410 575250239
3948 504 528981102
1351 2166 194558410
1559 532 992294713
3662 484 194802428
925 721 531876931
2018 3263 368764999
2187 3362 116416663
1108 2137 980727449
877 2602 536246920
1047 2727 297835130
1622 970 644298590
3317 1502 795337283
2398 1338 397777451
1128 2539 684517364
175 3726 402469368
1012 3917 898666120
983 844 727233784
2775 3788 288602621
14 1846 189143928
112 612 567824081
719 3971 429169184
3414 1053 35970492
1908 507 198783301
2951 1239 133103769
1270 3912 68359650
658 2757 21099182
3355 3118 177684571
3529 1543 25813011
3822 1661 152579133
3179 2393 53428520
3171 1794 260243662
3117 168 546624292
1309 2283 147081783
2776 2228 57725674
654 3359 562458074
1611 1451 93006326
1616 345 455886689
655 405 448212785
2452 282 349080709
2831 1476 394353727
3014 2075 401852558
1975 1199 118560396
2069 828 601643964
2467 948 949699479
1093 446 27325092
2370 2177 870351375
2317 2377 128845445
1775 524 953143856
2538 2420 124587987
3314 1688 705862968
1295 1306 435433584
2251 2244 283488756
210 2844 326866018
2178 91 787537099
3327 3026 948279207
1307 121 917275175
120 3950 509144673
3301 3597 700411144
1879 1560 273731700
3573 3347 428019143
763 2255 912348162
276 736 267161486
3166 3007 340147801
475 2101 74488968
2528 415 220820461
390 3811 115891640
2746 2905 519149741
1980 3325 339665634
1726 2039 835440908
2576 932 335075369
3605 606 116021553
3151 1343 368555515
2465 2222 171246304
1842 1404 760682931
1609 3351 519100688
3192 2502 193059391
1526 851 28538700
760 1266 476086220
3369 2189 137848331
3559 2611 890658698
1523 3713 288978718
2895 3034 365744783
1604 2503 169611283
2910 1484 949593840
2572 3123 457721482
878 2347 606616846
1731 3101 449792427
2013 1847 152204895
3864 2644 279096142
832 3644 989505044
373 1737 185920848
1425 731 128103037
1466 3110 265758915
1620 1966 530460534
1934 1518 987759187
1581 2633 737570041
2644 3161 735537586
2485 3165 167618279
1826 875 819420601
2322 1253 845763341
2552 1408 222381878
1914 3553 627452198
3066 2668 781366730
1407 1665 628828977
3119 1225 123960841
3072 2015 932545614
1923 2718 832050553
588 2130 981959113
1267 1966 549761997
534 2618 135301133
3765 1345 121846931
2577 3105 887196959
3646 3853 30083919
1016 2271 280305507
3631 3961 437182112
2172 2663 278774837
567 2753 872764517
3022 2289 200034020
742 2039 422041122
779 553 761127273
1955 185 501052000
681 709 367359825
3327 3332 390728655
1720 768 203394067
2544 2103 660346283
2244 3171 277358680
2102 3431 468338083
585 2240 102677027
2240 77 139353733
1316 3653 311793612
1103 3608 950254752
672 2494 452569077
3769 2388 373755711
3568 3463 303400518
82 3530 47637148
2219 1962 916268839
2148 897 427385442
627 3993 203654001
1444 2843 288442699
2765 1658 457689964
2178 551 926056485
3474 2025 436969342
2086 80 262265501
136 1062 585514351
2622 223 679126775
2226 1552 179800569
1982 1930 76345282
876 790 98808160
523 1577 294237316
3631 3791 868397702
1023 1675 730817861
116 2935 953284516
2773 2938 446250976
2317 2843 785695483
935 1578 891546489
1423 3492 977152963
228 1788 893476387
2689 3708 979420799
1322 1184 839656095
1656 3747 323423030
1183 411 212920720
2558 1068 137249524
2269 1839 585821098
2238 3667 463843565
612 784 43850778
1260 3470 275828274
1299 2689 232581327
1725 1688 777039231
1712 1547 611327113
3856 3640 151237783
683 3727 729985747
3586 2487 849246717
3754 1410 727176847
3761 174 252499223
651 3508 115397462
2584 335 767986023
3816 522 532673374
3819 2842 242901020
87 2087 717689582
3241 109 319249066
2893 2990 327709268
2635 1285 845337029
1524 263 275294753
370 2651 433993975
2168 16 206347180
1167 621 735338968
656 2497 677178297
888 2581 792532241
1297 276 699035416
3819 990 551572738
3466 992 553859769
2808 3316 182844914
1665 3950 808232297
3558 92 259965432
3243 2924 430641196
1101 877 984074556
25 2678 207937947
1335 1382 935809817
1362 1464 289208447
316 3894 406843343
703 1435 155655600
880 2557 777666520
3070 3786 112384710
2007 2015 219031864
397 3610 908481910
1784 1312 798171190
1842 1106 504889617
3930 1552 309259742
735 1728 583795317
2091 65 610932772
3155 379 64426191
3725 147 74756534
208 3071 219318202
1392 2734 312849475
2994 3502 696277168
437 3632 78259328
2321 1658 920075428
1875 3343 117456137
1816 1474 374505753
2203 964 528712082
3581 1227 129979492
1370 3643 628552269
2040 3109 177949789
1714 4 944290644
3826 3488 660400118
726 1750 610855540
2703 2865 340313894
97 591 274172315
584 1428 260011884
3372 610 843225495
3744 1147 219252744
177 2798 920601895
2119 1262 524822890
3972 1266 726688406
1274 3748 53578313
1473 1379 884813025
2080 537 251949358
3861 2049 223193676
1852 2121 523608315
3635 396 200412839
2684 211 400984047
2545 3214 47665501
1377 20 239245648
1493 236 236335767
2313 448 282021798
3705 1790 273326411
2372 1505 233303878
1045 1365 559494851
1864 507 864884391
3405 1688 211655284
2595 728 483352916
2178 18 874601815
2690 96 331651722
2260 2767 11759129
2335 1649 511701666
3082 3299 284821496
1375 3273 281605962
357 3478 878361248
2584 1070 796399893
3457 700 818678178
1953 3277 77002900
1802 2107 546450492
911 3466 691927511
616 3922 905346467
377 3266 403948710
985 2550 110094736
1861 352 550976739
3323 2276 681992712
237 2259 984703833
2205 3287 208797739
808 1106 922841477
87 1912 208669806
3688 2327 288788912
322 327 393562741
1227 346 584614496
1251 2046 251548719
2703 2424 448583066
3029 2195 447607643
799 1134 117240614
3859 1977 799620240
3425 2420 5099054
1437 3153 578076970
2211 2509 29829153
1205 3434 144170467
2790 3404 827171582
3813 2946 261759768
2766 2869 640710049
2715 1082 586639616
1184 1346 818779622
2368 3549 320841650
71 403 317498515
3783 911 140682919
1215 887 812375495
2100 564 903058151
1391 2691 492028932
2669 2533 420861792
1110 3062 243154594
1566 3312 62195458
3579 2856 788105212
3071 852 334593700
113 3908 755817958
2102 2423 56197880
3235 2874 720432459
1953 1997 697563085
2714 2999 760691008
460 1686 150261875
2171 1942 994621787
1553 2849 203870412
1252 2564 125735579
2248 2572 618209363
2067 2265 134276180
3927 1424 229705843
2923 3612 264889026
146 541 628348481
2398 95 386674760
2388 1217 235531662
1381 1777 53364394
728 287 980454119
1828 3337 65265734
2864 3709 495498739
3808 25 265952507
693 3856 516989308
2752 447 796495275
1594 3702 19235529
2859 1856 279530081
1056 537 217526884
395 3650 230196993
1099 933 42544121
1100 1086 647030755
2340 3180 355717619
3616 549 956950230
1282 2459 469582681
3407 2274 120584028
3437 1632 982904367
2788 1061 755745546
1937 2466 160296484
2780 2471 706841426
1412 2738 246560382
3612 3212 112995320
2253 933 543283196
212 3027 193366821
2676 1705 971652385
1435 2622 748286627
665 2473 981253115
2208 2049 34617195
3492 1179 821472190
2757 2890 859324663
3821 463 40656335
346 2449 554493669
157 2646 16531613
806 2483 296315628
97 3897 535949047
2449 1470 534553159
1511 74 380354594
3244 1929 194670813
268 788 556810933
142 3719 262895811
348 479 935701993
2746 1757 177754739
692 362 36513511
1046 65 546185524
3066 2246 522462799
2253 632 763079425
2017 2574 466770404
688 3727 415476758
2730 862 819454000
1699 944 112132811
726 2645 920478115
3956 2748 374842077
803 1409 998184189
1296 2190 115228278
898 786 108751220
1302 1565 46901467
3607 2237 868418502
1904 526 707129311
1262 2426 175631898
2565 2946 232918966
2434 744 91558197
1425 221 91041194
3494 1934 541345534
1411 1244 173758672
2157 414 316641544
140 3112 501740407
1456 2243 276007535
1480 3882 763515477
91 870 226073233
2803 1825 211699550
857 3673 659350636
1039 2246 676728636
2097 646 945140283
641 2870 950959779
1966 2176 330611572
1178 2396 744703269
569 2005 263271118
2267 2882 957607767
652 3122 386685998
3577 183 423177102
331 3962 796096915
3797 125 657256794
3253 3195 809751157
2152 2514 274815694
83 147 12131812
12 1434 864037414
1490 2995 601573505
3021 3019 864406642
3079 2027 438559435
2165 2035 668306460
1633 3723 206768425
2249 992 127023851
3391 481 316156493
2694 3911 753717523
2593 1395 321195195
2192 2443 502890275
2593 3932 475517434
148 100 603629831
3931 2994 886594271
3096 557 330274497
3542 934 99148464
3631 3070 884955773
1031 1039 65592242
1382 2119 830951224
3197 1464 711095331
1918 3453 449626541
2569 3718 474677415
2990 3874 869726626
3289 1784 146043789
1123 2528 987303665
1024 552 595350326
1343 1349 41210666
3215 1512 900894574
3794 151 525417181
3848 1854 953687819
1320 2206 418808138
3546 2685 241295851
1457 1757 77907407
3250 1509 963980772
1372 1738 756696186
806 3986 780917175
3406 993 899146933
544 2241 753533515
1868 3040 647136116
1686 2597 980151645
2405 3322 14708491
3486 3069 427979982
2326 2278 878908025
1703 3805 198375680
664 231 189023249
3110 987 841068557
504 2988 161667959
2766 2858 307426175
1442 3445 512675784
693 2121 674592587
3856 397 269781071
2301 1744 994953670
1313 1588 820900807
2287 1811 94337532
3261 367 965100088
749 407 847610257
1020 809 630719265
2687 3100 607245945
3078 487 541816860
1716 3992 642555585
2705 1065 166554299
2153 539 952458836
3667 3624 581018799
1360 1816 811191735
2452 3239 18220665
1882 956 121758535
2485 639 439517245
556 1841 757118663
1538 480 225847576
2759 2731 489629025
2045 3817 274054139
1980 2873 130001428
289 3459 812662401
84 2108 850984930
773 2988 996276357
215 3847 717557868
1151 3603 600658215
2338 133 611437467
1032 1174 663762418
1171 1006 468260460
2246 920 378218421
717 340 811982028
2461 3145 27234880
2385 3497 763350244
2448 3583 201773169
593 57 839860264
3610 3226 458784601
3393 2891 856424745
2171 183 959453958
3394 81 401588938
349 1512 739997070
2723 621 769842270
1452 3668 522864625
2159 668 625600326
1260 1936 295761500
915 2919 427091984
1650 1825 462554963
585 2952 446626031
613 2229 619685816
99 3035 382131551
1158 671 235236153
2643 3828 415603723
1057 3461 185722270
1819 1389 658736451
3567 2732 256708199
1586 1238 901843691
3783 614 231250353
1741 1681 980475466
1112 2116 298822512
3203 547 951509119
2526 1578 96724093
2404 1456 504419034
3757 2628 713800421
2175 995 61801776
3098 2273 497223437
422 1269 446020114
1031 359 301021791
1165 3381 120529205
2420 2922 253784535
1296 3456 338875069
924 2568 405481203
3073 2559 683881397
2581 2945 31280985
461 2723 868233559
2859 302 589238539
3830 3609 259177602
3452 3461 345199410
3600 1083 46081979
1131 2026 629040682
3846 1570 358824972
887 506 436581033
947 2543 839284065
2910 3507 658147989
2321 3407 255836151
1288 420 822494783
2085 1846 65203121
2011 3274 28983878
1529 3601 876027209
2161 1300 43115631
2383 2614 337376559
1954 3220 917429037
1666 1887 144820950
3148 2021 810429610
1620 1951 851487659
2585 1916 90883629
1527 1187 813188782
1711 2492 87748705
885 3262 221153845
247 1098 597096020
1824 3674 959890318
2161 460 668396351
1983 3801 524155952
1633 495 341607175
648 1236 881181361
274 2307 572580193
1728 1431 164879855
2949 2093 34485862
3922 2449 114565178
836 954 385299355
1862 2109 374523032
1510 1810 12312677
1593 2931 394508384
344 2530 285293964
851 398 489181731
1075 3243 84084045
1810 2828 426572665
1757 3741 776992043
1760 846 782142260
883 1947 898849755
1120 651 633799814
474 3695 155171435
3705 1320 391206743
2556 1596 668319647
3726 734 85816522
1550 1379 262811334
2338 2433 889096305
3726 1504 738265748
3440 2568 331632734
2845 3884 314248165
1088 2234 298557238
668 3375 74443465
90 1006 24424291
1116 3213 123498064
518 3538 368548708
3977 1830 471288054
3322 3035 380724238
2959 2271 701896668
365 1651 855297043
477 1417 298461339
261 1153 763282383
3370 97 19036751
2427 1926 872049633
1683 2101 265887574
2746 3277 686384182
3814 955 618301519
3297 1160 832391977
3778 924 483851964
1892 3388 435704874
1486 2616 981802285
202 1491 868684162
3943 854 329517000
1114 3625 504344641
3255 1832 900279980
3972 1665 970668731
1603 876 685285856
716 3456 768234226
3439 3707 717008936
523 2799 115020787
422 1315 604623434
1807 320 494409084
3245 1682 606990471
2603 910 262283513
3778 333 104361127
2142 1781 437026720
3130 2475 288416898
2249 1220 670710068
1069 1773 683122561
811 241 910578644
673 628 103849561
2635 2315 82002371
3732 3884 323305493
3304 462 696690279
1438 1413 73864005
2932 2463 124608032
1259 1951 228140663
1850 214 123065192
758 3724 112819736
1440 653 396458386
1734 2599 576856669
2995 1147 947668688
1485 1408 251127908
472 3551 123624451
3563 1827 858374900
118 2975 214931098
1350 3682 23511536
340 158 529023994
2472 875 940566095
553 2785 176318875
3692 1869 216792641
2670 2051 391717772
2015 3703 20475243
1646 3909 454762022
3869 3845 675410070
1970 3660 95041329
461 1559 660412810
1147 1686 255119283
2769 2509 218061696
137 1471 432941580
1756 2308 277699497
400 2553 819401502
3330 1770 219618809
3456 1054 477424467
2276 320 370780938
3367 1434 426988872
2482 885 81734981
3811 72 367520882
1884 2165 320459582
1778 1465 970930392
1443 3597 732893845
1824 1092 898969510
3278 609 227140538
3845 3888 325306849
483 3259 586766979
2594 1633 827410277
1883 485 866846747
3850 2996 458839471
776 3272 753432486
200 3796 845348308
130 2339 707242670
3583 2281 246547602
1742 3675 376588507
2688 3474 929700835
3653 1623 760493609
3841 418 661824607
3368 534 583685239
468 1742 12772672
2568 1439 109767764
3166 404 42131660
2208 3206 711652662
1981 1903 869846274
2656 668 28805975
3350 1300 814561237
2027 3077 101949600
2750 2721 751401940
1005 344 397533708
1429 2325 552688569
1460 461 445847
2700 1135 981957165
1321 78 396202839
271 1935 982320065
2668 1455 875210298
3491 3488 907252393
1683 2487 202508155
1985 2305 697175765
3526 568 804988658
3924 3138 104572096
1359 1623 559878400
3634 145 817398152
1271 707 848667996
901 40 281019237
3626 2044 836265547
1097 741 582261669
1247 3193 916245712
3272 2387 32721616
3142 1292 164062954
2103 18 497963318
2714 1724 733104279
2892 2367 641268397
1891 970 278620007
553 1667 760639857
3881 2778 736199641
1461 3047 957067831
214 1142 705589245
1059 2773 566417175
2429 3302 401306296
2807 1510 756028495
2945 3608 224024231
597 688 971039145
2129 1730 637746047
3479 3497 393466795
3174 1256 93055008
2474 2673 886808277
3052 140 375532508
2000 1009 682819812
3339 748 377776670
91 3694 83275400
3799 209 909710492
2845 1813 831652521
3683 875 613800135
1808 1801 604039638
698 1633 507568703
1488 2142 111557025
5 2247 659966787
187 1093 152292985
1594 3702 140345254
1759 1978 371054875
3280 215 735830951
491 3782 736006001
2668 2209 327101216
553 3887 600360022
3384 2916 42119975
456 2659 985480534
1608 985 19226245
1125 2159 499632412
2718 3161 940243827
2080 2534 476940869
342 2374 969475825
1824 993 317182966
1419 3532 844808611
693 658 590580817
3130 3488 853592153
1884 2988 855716079
2866 2361 842015766
1735 3477 72587555
1671 3961 12650960
3614 2833 298294541
454 2434 201665753
1653 3997 435251205
1717 3897 728529333
743 857 372277686
2630 218 770404298
3148 3176 552071871
3033 2529 223672697
3378 2118 222058082
2111 1429 859993090
3546 3117 883420010
3445 575 382699731
3928 523 929236585
3209 496 795637050
3343 2802 936007590
3428 1396 260879445
2002 989 229526545
1976 3416 565676423
3592 790 329794139
2487 485 10781652
2460 2975 325706842
2626 3064 732241522
620 2279 461203844
1945 965 582045272
2539 491 813985522
1534 3693 208446940
3466 1848 612489365
1383 1985 833168782
2521 1433 571023129
588 2389 212746976
1710 3673 488358669
51 2637 509393840
2321 3287 701175410
935 2112 235902188
2945 924 64254633
2280 3658 151407897
1953 2448 192214082
1243 757 646901581
1998 274 810867643
2072 3768 191021795
1023 2532 19984318
1369 752 22783511
1334 557 606116137
821 946 562010066
615 860 832208009
1375 219 979998297
1129 349 957678654
3987 3463 86634019
426 3091 164798855
2768 1732 781795142
3298 496 611379037
2547 680 572729645
180 3694 123649304
853 326 277475576
557 2977 562461154
1617 623 108794871
3028 374 244776641
3202 119 708070199
1834 1727 185749620
3146 1059 892831758
3505 810 967983353
167 3994 459696504
2102 274 314117117
1605 1998 49746619
2252 3845 166446517
2689 1424 188505452
1860 897 313213307
1410 887 161536045
2329 557 187330
3866 1764 705557614
1642 610 433491933
1502 2192 681416837
1785 324 459670590
2228 422 992231360
1280 3775 186114174
1429 1174 380442329
714 446 43673994
3130 732 880791587
2108 148 332138485
443 2099 367960
715 1820 613489618
303 954 642321773
1944 3547 315749327
1382 2176 170706874
2411 2707 364074738
2549 1350 830176152
1801 1862 22584854
3397 100 913662062
376 1280 257112575
3903 627 372569882
3678 1846 693828914
84 2199 33191181
3052 2778 974036500
2490 530 771687185
837 3059 23428461
2223 286 132931450
1473 358 550886312
2019 3390 119586186
140 3259 725838989
433 1920 275145035
3607 502 11482411
3557 2961 131744862
2990 3631 262917133
3157 2843 177309685
2865 1271 502101600
19 1092 505944414
2110 807 653946354
1215 3984 44042753
966 2828 40862946
1686 1919 680323012
3135 2913 191437063
1189 2852 772625548
2838 3488 63465560
234 495 857947743
2880 3475 337595777
1720 1354 731810812
1844 2177 204502275
2388 3729 14348311
2121 2244 884422692
2196 591 960842028
734 2785 105084882
136 611 255821194
3840 1042 140369884
1683 1524 953290834
692 785 744158744
2840 643 104891687
2131 3070 29477380
134 1049 780826962
1052 2827 22688724
3211 2143 16114056
2539 2720 642577981
1598 1531 187013116
753 3229 42696672
3784 3411 967775295
1538 2791 74314477
1906 119 56704216
458 1800 363588186
673 1894 190078773
3517 513 830279165
451 3963 103701916
1942 825 383519535
1456 2205 69104568
2505 3548 574020114
656 1901 225350687
76 3719 630749902
2678 1035 113550905
3711 3290 291521894
3284 3556 279536261
1125 2816 42623583
715 3422 458996354
1899 2751 348317557
603 615 366147222
2798 3408 148331651
2165 1704 192029336
1139 1677 204174901
2795 367 945529040
1609 1194 276829675
2861 950 453836935
2878 286 355657030
3747 2838 900936074
1295 483 948805615
3590 2564 477842370
3344 25 724331500
526 3540 701436911
2698 1155 902414373
1667 3820 380308225
3357 322 10376476
319 2441 429987168
749 1380 286151870
3713 2347 997890005
1581 647 524683489
1372 148 48849038
451 2015 474983559
1279 3702 152339909
621 2529 135208568
1816 377 70942661
2107 2423 328913947
837 3628 576471389
1501 2282 16945991
2944 3499 549780994
1695 2946 389933813
452 3923 218872844
2663 899 637441039
3478 1118 871820346
1895 2463 281763351
2137 2256 708241782
3876 3512 118984527
2803 2881 509414904
1165 3425 392829174
2714 3453 748603875
1912 1292 691031530
3971 321 207967899
1030 2990 627216285
1711 162 907472343
3808 3765 583808131
2149 2484 234563201
1455 713 713400488
353 1657 140395103
2608 3885 563591905
632 297 854774650
2667 1966 994516775
1955 1683 508650990
3247 662 414933864
1955 2407 201110048
2353 2877 592096510
4 2428 871060132
3215 590 277123591
2656 1628 647801982
1990 1375 563866312
1527 1264 756466925
1272 1210 751412857
1809 1742 752462061
3243 509 95587749
1758 2840 794184074
2240 2256 283995066
18 597 805479897
3763 788 823445703
3264 1309 3683732
3270 1799 263553685
1536 100 978650315
2947 1933 813358613
540 3580 815145039
2707 748 2561453
3202 3554 875554688
1293 830 490143382
536 2337 976748987
1213 584 353179372
543 1398 335302746
1816 2755 443833518
1805 1113 138585361
3923 620 209385113
369 3894 164955266
2664 3665 860072849
3240 2645 392418810
2913 3431 579280002
589 2551 136679925
2171 792 702022634
1749 209 658970567
621 3297 748765823
982 2901 420450566
1062 554 231295548
2378 583 427808880
1101 879 803442515
516 1148 772332568
662 517 689179459
1049 3465 475096636
2301 3268 350927992
721 1624 561300007
2333 2324 297114321
2861 192 367678133
1110 845 305986922
3684 2705 245929153
1523 492 177513819
756 3989 139635710
1980 1259 707216149
448 1692 732968072
3253 2652 923730634
2615 323 23800397
2890 2059 740511121
3451 2397 137239808
8 1105 223146129
63 534 611338793
742 3024 605296440
1364 1280 29807309
518 2208 881578632
2682 1200 772772489
3456 2138 347451985
1706 3123 683390426
700 998 619689107
77 3195 755902241
783 3982 196817624
929 1793 513202975
392 2566 149057806
3003 1550 224698487
130 2933 382449528
2251 3526 98451598
2744 2745 800572295
220 1612 661361967
259 3273 99883190
3144 1643 635224482
900 3246 162223468
783 2381 87323236
3134 1428 325926298
3360 3090 597498785
3777 1700 510762920
3232 654 753682231
3376 2266 97228416
1534 3036 657385694
1619 3274 829471063
2326 3628 251646228
959 2021 392581463
2170 3719 135649149
2578 213 608132395
1563 1096 515093097
50 3513 194363667
3832 3906 872350930
3159 1943 115868330
584 2158 701839066
16 889 158405063
2544 1625 592518569
2125 1167 854671021
3718 1330 169404490
3284 3044 694822632
1618 5 971369829
2523 2240 52383577
1126 3988 924590020
2380 3683 3776950
861 2999 341706974
322 1029 593877299
2232 620 342289028
252 2303 525693690
1658 3179 591338813
1572 344 968184669
703 3733 31736013
2181 1519 289727751
3851 332 886642266
3551 3080 652452732
1986 2185 9002847
2048 1790 417478595
2803 1495 76466222
289 2813 75285714
1114 2744 633879320
786 2888 741944517
1159 3897 774193393
3410 954 737674025
1409 2107 509106093
3782 916 87586194
2357 2107 88008674
3824 3077 138480872
1724 2530 774315819
802 2219 701681094
1295 458 181759310
2017 506 97390544
3814 3420 844318397
3503 1399 546025242
14 2841 145568679
2147 2884 472707700
426 2628 808664414
3444 955 890945270
455 2502 357037251
1998 1510 442281828
2609 3307 311483343
3828 3330 981984073
3609 3367 961346335
3405 1364 466903743
736 1510 114641032
1084 499 212246346
1076 3955 428215185
3139 3325 146850723
2766 1343 239664838
1426 1202 245806032
1505 773 315500024
881 1698 490869874
14 3327 57640128
1325 515 68630130
232 2244 800829582
3991 3003 486410127
2777 976 290227011
2774 402 716237860
3777 1329 871138059
1764 1014 677918849
2269 2125 181635944
152 662 794199984
2465 3280 890968237
864 190 831519825
851 123 299865599
2946 652 795304910
770 1168 681453999
1402 3507 532315687
313 2964 619661510
846 1347 500143235
3515 1762 970711671
2301 565 247917227
3327 979 319139678
2363 1033 617589914
252 3198 218874861
2330 3521 535498719
13 2463 234654141
291 208 867526362
2381 2909 922819213
3288 1980 304391578
3679 2828 388991046
3248 1697 790060384
2226 3089 373609369
2240 3738 307588540
946 3492 181229270
1533 686 96298405
1550 2975 687925597
813 230 985253328
3691 3853 803605893
3598 207 899515967
1525 3207 792634906
3948 3682 590283716
2756 3334 548846465
1760 2585 543956507
738 1373 583286024
1474 1519 929744987
3297 3685 240252400
681 1990 928048218
2070 689 478690467
1679 868 234770991
3688 1820 588873350
2236 113 959480508
3045 1329 128417252
2659 978 738961515
3671 2479 714914826
5 1700 400466973
2156 212 208452181
3352 3506 274658854
739 1468 428270920
2616 2398 427173575
1979 2195 474095938
151 3005 87533478
1914 2399 563219979
633 3215 469254657
2913 1772 519913195
1268 766 437514992
2098 1942 606982257
1593 3778 542754263
3562 2659 662612184
3090 3028 674754396
3737 2370 400399018
1413 3973 625539242
878 976 431511962
10 3515 298924827
64 729 604060724
660 3391 819537722
2020 3021 928756918
1678 2306 736883639
3110 609 370585796
3259 1513 613191532
2330 2321 822226768
149 251 780011230
2402 3355 235612156
144 3529 177970202
2545 2238 507782981
2418 2311 766356961
168 2555 706769881
2901 979 962690265
3495 3003 80868929
1866 727 571236411
3670 2994 501761952
3441 318 6531900
449 3387 293111711
1768 2167 64607936
1970 461 769050408
3775 3794 277997751
3695 1426 701605597
3093 875 392578408
3630 1379 485411714
2483 3318 487276112
3791 839 934362666
1581 1011 272684121
749 2715 99297471
2531 630 276098987
1286 2843 872520660
2356 2824 472994457
2958 3492 738118719
2959 3680 62181893
322 3869 952211201
3479 2159 614721625
715 2660 380663720
3750 1114 475017694
1796 3766 361111593
1635 1553 19699346
521 987 897103660
2141 1549 740642130
1720 995 841247038
3141 3378 280388420
3611 3555 276816310
1453 3764 772130071
3761 211 2467486
115 1499 132221519
615 641 160741284
2316 1915 655986759
1055 3563 365302835
2006 1402 806611975
360 786 10474545
2286 480 381398983
2093 3735 81435192
1034 520 376729473
3479 2255 357242833
1890 1315 580013004
1099 884 875795791
3262 526 572762291
1437 1683 598411106
2823 3712 510567144
1717 3793 835669712
2723 2851 109979276
1414 869 367943192
2956 2121 356620451
372 219 517340497
1729 482 72381231
1758 968 901753929
453 3364 291886814
535 2983 776202754
2839 1854 417086628
1036 1542 999922055
1905 107 270130959
3764 2811 286073359
1743 2531 573618842
1273 1958 930696054
1338 2153 987304486
2914 3081 334612450
2134 868 195654481
643 1615 159000942
1832 2906 505127676
3483 1648 670815519
1297 3200 77169017
109 3533 986892115
2591 2502 91085733
639 498 659857439
709 793 847391444
2490 1997 678620531
2106 1331 589069664
400 3957 984715994
497 1004 828555740
596 3193 578120394
1053 524 413885911
2226 1505 147148048
2333 180 978831454
3868 1100 116382438
1661 3289 604519661
1425 3406 587848005
1092 1813 457927991
3541 786 70977866
2092 2661 26711946
3992 791 437540350
920 1836 902368233
3675 416 591826885
2434 1393 71697959
806 3531 664885737
196 2062 294903832
23 2221 696355996
2997 293 311458723
3776 1563 121995613
1480 2875 550282971
576 2234 739314682
2722 118 545846994
3634 2961 904443460
1288 3878 985412003
13 710 106727635
749 3722 932234072
256 2478 319280802
1545 987 833158087
3979 1780 916742514
2756 3718 941339951
3275 2805 757641375
3562 3680 62017003
991 1481 570709395
3810 3820 296416972
3195 3425 727240975
1974 1977 270874813
3691 1299 325264302
3869 2280 542495738
1433 3889 430013296
2666 1686 157527401
3075 176 604225053
2591 1171 70007246
3886 1000 626564793
1418 761 828820612
3848 3057 169555812
3859 670 586743856
754 2957 490135807
2426 1432 579350124
3129 346 990771088
375 1651 411908437
1907 3657 230475577
1522 66 473591056
3690 3775 11174048
2527 3654 672703783
27 2224 700594100
472 2105 583832201
1642 673 284242620
1821 226 562050336
1796 3099 10069266
3617 4000 961860181
2574 2231 236353420
1512 2183 594646927
3577 3044 248967914
1015 2869 849631846
3198 3369 121123515
1358 3296 435478568
2534 3699 598769381
2415 3736 749640438
1667 871 472846700
2120 2512 120730384
1134 3987 40497342
2950 3508 100784310
3827 3748 929471216
2184 3571 61607420
3099 2341 633980545
3644 2298 4045982
2741 418 164898595
2989 27 962943208
3536 3666 348249487
3281 2173 36253564
728 523 920788109
2524 891 198256173
715 394 923985389
1841 3474 443691449
3747 1218 847791509
3154 2879 684509599
219 3961 364542366
2226 2048 696733503
3613 3297 818055822
3662 3032 863181986
3004 3368 14733107
100 3716 233028600
3755 2912 990746153
3984 3293 387729150
3272 1999 616182038
640 2036 369834130
2049 2923 40218679
744 3547 476512970
1702 1701 420332971
2847 1397 509629
1258 3936 429982987
3928 3275 250514265
3215 2002 978187742
1973 2001 554680465
3691 287 208855032
1756 553 912789160
2099 2067 983481237
3080 2173 533747940
3168 2059 985891315
2557 2650 376600777
30 3780 931904695
2280 3919 466036802
327 2137 234153607
2048 2450 359573932
1297 1536 19374855
3067 2946 97574911
3766 1367 538505997
3853 1378 331685927
1951 2756 528632120
3225 2269 800160974
3732 1131 717601588
3710 752 973378130
1130 3994 155539218
3144 2128 91971820
652 2367 425164568
1989 1552 614304701
1334 3627 898713001
559 2660 408139968
3306 2323 269006017
1823 49 15507787
301 582 859270860
445 2546 20413695
3085 3753 166892525
1938 1404 174438714
3785 3032 91746332
1956 1295 484988090
1847 3229 128661986
3507 1561 597207066
2308 3625 31796345
1352 1007 503432050
1722 1824 85879997
3174 2723 842601788
989 3117 871662712
100 3758 195798821
3443 1966 919713903
3396 1166 734007931
3932 334 289751538
1454 3913 641892633
122 1555 66154067
3596 3369 422881601
3732 922 600532610
534 3751 300529074
2551 2608 142458006
1869 2404 512647796
483 3164 908937940
1625 1172 279768204
417 2292 887885712
3540 2949 866902612
503 1180 240037059
1159 3985 147578797
1317 963 866339776
2420 3794 763254148
1834 809 314865310
147 3866 914880864
1574 1045 247261876
524 838 147035390
2986 1200 856311910
1582 2728 571485276
1098 733 771285760
2235 1452 866780577
3228 3650 685958530
753 3587 903122590
309 3820 948585672
2661 820 712619983
2138 34 139399525
502 3242 632432237
2772 2184 280141536
3035 2997 584606514
3395 1434 941079061
3975 3651 248958901
1304 2948 157355064
1351 3396 243242286
1817 1272 46049765
711 274 886185787
3135 3642 952527228
307 2168 872068156
599 2324 928681737
2471 954 365377622
2512 3458 121877716
2286 3830 226633184
1633 911 161209675
2125 1528 207620745
1462 640 341623382
3345 655 607285736
2663 3221 801546500
2206 2945 523188851
3882 3223 54095934
2507 3790 761742840
934 831 913543787
1918 2710 555920647
3179 3376 59159087
3275 140 913614478
499 2598 11459018
1755 1944 770724964
2631 3116 236200688
481 2109 920990287
2395 2374 998344172
142 3531 46339908
2545 1237 228784411
535 3913 489895981
134 2857 560112961
1853 1977 557417870
3582 2633 272455686
3573 2685 177420228
1728 3381 667330205
590 3847 483691788
1746 173 680244121
806 2618 92732021
326 335 760358053
2425 514 733982721
2429 2459 770118987
1811 3743 31739022
1567 838 186459920
1906 801 608077365
2291 221 672984372
3036 2024 634700173
493 1150 482725376
3732 3303 101587064
3731 2366 928372264
772 2081 444263481
821 1898 336316665
3833 2151 737904543
1597 3676 323593437
2763 200 535538707
2337 532 816583834
1160 487 213815529
1406 2953 410240033
1275 2384 973100568
1569 2966 872448058
3429 2171 68004644
2674 3124 633264444
3281 2105 160627191
202 461 839822112
1786 3066 114809078
252 2551 908332066
846 157 14233547
1838 1775 272122770
1762 610 165426788
2620 204 992266265
890 2139 685241785
539 3035 388209130
1037 2829 327271051
1065 3710 441730168
937 1712 627374233
1766 3717 276637014
2674 1814 764710064
849 2218 204546376
3306 1013 58425934
3913 1917 370134124
1390 1544 103573534
2166 3324 359534167
2872 1369 679550179
659 793 683128769
3513 2435 604407831
1668 1935 653592866
2549 364 232766156
93 3918 457553043
2305 1457 166008797
1024 2950 438889025
2432 3220 357518281
43 3232 736634725
2482 3256 542652006
1422 2300 43533834
623 3551 214980752
1093 2482 738359972
774 1442 68949473
1850 1209 49498705
1185 1492 229311980
3143 46 300689340
345 230 932621140
2160 3499 817403673
3916 395 811399246
3866 603 167784994
1667 1264 24949836
3937 3053 170938433
1323 500 339621665
107 3084 933427311
843 3977 333441889
1174 1958 198056544
251 3140 773025238
3456 1485 694281521
3433 1273 435114237
2942 1346 41349893
2824 2739 611016751
2985 1831 125643774
2784 1393 356396898
2378 2195 186583324
2042 517 394454727
1960 2464 174320388
1510 655 42339245
1677 3248 947422278
2472 3712 409850323
519 1419 982959535
377 3519 944450720
3945 1897 72279412
2890 437 634337062
3553 817 246922772
3850 1882 896172379
1056 874 962826517
3426 1347 502944807
2412 3080 718242118
2591 1953 816183974
64 1954 146696636
3287 2880 7118765
2559 2832 264728785
2548 1736 256869187
1165 3282 320251933
3316 2094 224498868
1365 3183 729932709
802 2841 54277731
3713 3941 196135787
72 1288 476908152
1791 490 892006178
603 1733 195350402
1442 2076 635328245
3088 2821 343423173
3317 623 390503465
1899 742 589317998
2249 2476 815268719
3772 2694 927173030
2976 3588 518349832
926 2682 11566212
3388 916 396172307
395 1968 432789657
1759 365 626057632
1749 2601 68220761
3562 3785 287031398
1477 1007 109112860
3138 3607 291279870
384 2653 858517293
807 1048 540712220
3532 361 23129322
2903 1671 808155926
1269 2652 577807662
3444 380 340871507
2650 3742 376388849
1078 2857 715313896
233 253 223646204
3682 2155 46162320
1710 1045 483333778
196 3333 634964255
2485 2187 462668564
2848 3733 310978285
1198 1230 952541766
559 2802 385246880
3535 1622 472034537
3047 2564 317248800
1667 781 126620453
113 1126 127808838
2978 2222 784828357
3449 438 768539112
1541 917 11825653
1949 2780 711428100
1179 3125 83783748
734 3437 153545127
1412 3646 427834691
3459 2351 105243717
212 797 783690368
401 796 382827202
284 2261 213273965
2039 1300 78303450
591 3750 73201965
2075 3602 266786331
2110 2728 693642878
1509 2237 742103484
462 3486 446740329
3892 2141 518603284
2590 3675 341262886
1836 1656 265420693
3254 1264 163629630
2540 14 564201644
3522 2727 270482007
2157 3442 417812881
1825 2247 259067193
1288 3368 649219993
2765 380 631733080
756 3840 758845369
2455 2691 474824572
1470 596 315805357
2446 105 183587469
1517 2585 456271874
1170 1164 949734565
895 2192 189947795
618 343 867961335
2633 1579 106436399
121 3154 945110925
3195 659 182502561
1536 1418 346130851
382 1680 559538700
3675 2710 257698281
619 1960 525090374
1182 2144 221032683
320 3571 121007580
435 2676 177179534
3248 501 519480917
1100 2653 498227396
989 3616 722533090
3643 3995 110008788
3720 2377 194489469
517 2336 711354835
2221 1349 515276292
3410 155 640404178
1489 115 506251684
3401 573 165707373
615 3200 145675589
3032 3362 759610659
1476 2066 515175972
1442 2609 740608668
861 3390 243389019
403 1296 777212819
1030 354 503119938
1073 984 460627440
42 787 3758509
393 1841 277223467
209 3188 346173056
1268 671 852787392
3503 3049 241235916
3376 201 883074301
1467 1183 281707934
461 2722 900638959
315 3013 392854025
492 3699 470653958
715 3732 886477078
1702 1692 526702948
386 3802 364030209
1726 1935 575266415
574 1253 418387761
1548 2069 791564722
2178 1993 267879295
905 3083 15149148
1124 3251 303903680
20 3780 388991898
2782 1032 33739812
3700 3623 40961712
2999 3674 514717839
171 1250 661890809
1214 2007 134949285
3987 3557 374714994
3945 664 643921110
644 2321 575508708
1912 2724 169920037
2866 2974 711131197
3299 1753 176122932
2105 2112 781804040
3412 3763 562102210
3801 3468 791916247
2329 122 870255493
3678 3479 295526358
472 1748 688666177
1579 3081 388996170
161 772 857416870
1648 3558 575109991
1640 1973 619821803
2758 3810 203416760
1053 2372 977633355
1575 1708 546883088
1810 438 45385751
183 2301 297273072
2586 3066 254583340
3055 844 636284419
250 3462 212590210
1651 357 305156059
258 1466 441427160
2984 1071 431698762
2526 2368 820505874
356 1382 401444128
557 3521 56946995
3644 3359 8969070
2826 2624 188547670
923 3904 938259543
997 2707 123491231
467 2706 756816034
3650 513 330416563
1922 3249 301169894
3972 3364 113049541
3166 3666 229100641
1977 1603 743860133
1279 453 167184360
453 2406 311858543
1735 3157 814278383
2720 1539 699884201
261 1509 496054371
84 3416 182036413
1864 2260 923804411
707 1767 447126671
1935 2229 41050909
3053 3149 835506347
1002 1393 835181475
43 1452 199782488
3544 414 730067333
3806 2255 726373345
3604 152 219331014
3126 2982 89481329
2903 2626 974168207
1118 2072 412492397
1907 925 121138676
1762 1842 903831256
1130 379 26838169
1307 3682 772748860
2137 3028 287105298
75 2206 757402753
1879 1876 685467130
1467 3158 425352696
3445 2762 632807641
777 112 667160492
77 1152 666571604
1230 3138 215454666
2401 847 476605339
1808 642 811049601
1698 2268 794389342
1591 1622 140829050
1788 3213 125346448
96 1660 188467963
3616 2427 682301170
1923 3493 51186958
1139 2625 472714006
3401 3241 348544513
1242 1125 911881519
2014 3943 302952737
1719 1910 33869543
3445 589 186006359
3430 2446 819827815
1455 1892 336760593
2277 884 128875800
1679 3508 757437419
1282 1534 783301581
1407 2502 860025152
498 3374 689378995
3727 1267 690434411
1594 881 179579709
1074 2413 17767975
3620 838 587025194
2192 2164 439061400
474 2186 451285068
3417 1029 237801236
1396 3829 115972083
3136 2427 924763007
3814 3207 597640270
2867 1817 375307152
3203 3312 534915397
2572 183 150810569
222 3441 129672404
2570 459 358309871
1734 67 375055042
1089 2837 762923268
194 1312 60005291
514 2587 746189669
55 400 184963124
3164 2060 579101388
1998 1012 2507921
2435 1384 925573859
1447 2250 118290984
3715 919 128606076
2921 2518 106009835
1232 1093 999352621
1382 3556 469010399
2405 985 422049421
3456 3248 750352019
2751 1802 649594297
3237 56 118769145
342 603 164390949
3614 3541 143375992
214 1161 546065969
2753 3634 143271630
1264 2978 738548151
1059 781 987687132
1026 1774 230789135
800 3872 866318014
586 2795 360306226
1042 2075 53712150
2902 863 941373474
3048 1844 202822981
3329 2893 114536950
3987 1136 564881920
922 2660 272746163
3254 2449 319255274
3959 85 329262323
1020 2705 668542194
664 296 683439678
67 402 252933170
871 1672 880268137
3770 692 257794758
1425 1143 721431810
3029 3115 137088304
3172 523 214411802
1547 459 843826550
167 1713 862791927
2648 3124 461249364
2924 2785 801240817
1672 2000 754891330
1587 1664 224340200
491 1567 931104068
3288 1809 138215270
1557 3035 286281331
1423 2508 24522828
3068 3467 142842658
2461 186 911620344
2458 3229 61225903
2283 1052 284153777
2484 486 67593752
2570 85 557346848
3556 3832 281598951
1529 1002 883877641
1495 34 67027983
2689 195 495255971
1047 564 803844473
457 3083 707671707
2673 3193 1483191
2903 3315 511878271
2498 2336 115033341
3186 3723 705908469
2342 3346 888399035
1980 3394 986835462
3870 3746 121590482
190 2727 637692972
3232 2226 52227042
374 1414 221116139
956 2698 655048048
2505 3190 333636834
250 2196 802221635
3594 1486 823771469
2818 265 356775728
2461 550 766827144
1906 1214 131082833
1993 3445 127739296
1252 3843 583528882
1040 2906 975381942
630 2843 907121996
1744 1366 226517030
158 3541 90205167
273 3534 652474384
2647 1957 116405182
1047 539 498717308
3775 276 944085912
3617 3392 747790937
1845 3393 161886496
1326 2164 460584619
2708 153 534697307
367 3978 849416468
3778 2683 812835132
2101 1507 129044883
3760 3783 625855495
2456 123 94648015
2868 538 476820162
2913 2334 830725784
3287 1303 529194465
1025 1594 158622890
478 955 926863106
3675 887 754555986
1263 1674 960621578
3640 3192 678720015
3260 190 52254580
3750 868 660329639
3459 965 439237936
2091 3821 579820315
29 3058 193703347
3396 1931 527642955
2374 314 978978070
2231 1453 321618433
1855 3191 878529175
2047 3165 204820144
3414 2225 352181855
122 3052 231933065
115 1211 462874181
3884 2883 550169393
1715 1599 122349339
3464 247 710121495
3747 2832 888590344
591 2826 19772767
173 259 635947588
1196 3950 335349454
1538 2654 41962265
3997 1527 931889612
415 3296 583227639
2336 452 46586646
2115 2742 569416570
1753 1286 232643529
3990 3208 549558467
2978 427 632188768
2064 1909 431651068
1156 1466 938646796
365 1828 516269875
1925 1684 293266526
2129 3222 516838862
2070 306 90369427
3832 3501 244326265
1000 1477 976474946
260 2242 421379053
187 3171 192455636
461 207 449616509
1250 2141 25584449
2900 682 876502148
2201 1590 836896299
2768 689 3522253
3412 525 247518695
191 2252 149148625
332 204 158014640
3448 1463 269116293
74 2655 854103825
3331 1823 94958952
1112 311 867191632
1576 3925 420311231
1823 3426 392470227
1428 2118 569188987
236 1727 328097907
1936 994 87711377
2396 3010 166148874
50 1041 744396273
1580 2713 258246632
3277 3738 760583152
1845 1972 251529007
2964 2766 673265123
3687 3462 832254896
1633 3407 469235475
3245 3267 448954727
1484 2101 54216452
2162 2535 270081550
3801 437 541317025
96 3719 450096690
3971 3462 974148196
3140 902 220077480
2158 2977 245799038
2984 2631 866446634
3390 1669 147024715
556 2906 43156519
438 4 177853319
3219 818 149486086
2409 2087 652382956
3694 528 954543650
3082 1348 19946281
1164 2330 222949870
2568 3084 519433037
1003 1302 325675173
2308 1116 918294660
1908 3149 315748169
493 3336 210768150
883 2642 914132886
1170 256 141526395
3100 3278 258580955
1515 3495 735979977
1786 2304 709287729
3295 2769 632732373
2931 187 667478754
2994 3883 555047561
1473 470 790180553
2006 3162 360968965
2711 992 753066479
2335 279 941319538
3363 477 982663456
1597 2542 229389322
3494 1328 654646105
503 2812 744331266
218 3949 338768517
691 3579 514713251
125 1451 195298854
3699 1457 219481882
520 1593 947579038
2373 739 555827707
395 3352 380969242
2722 270 1115242
3993 3686 341948422
3262 61 418836114
784 2101 366676672
1692 86 595729472
1660 1158 4346632
150 1412 679865353
3275 787 814750912
313 887 147155840
596 3290 928890199
1543 1533 852626866
3119 984 260902988
1556 931 995373505
1913 3368 121845951
84 713 41087415
805 3301 480716743
2786 2323 185003978
3914 978 279219448
203 1897 28817461
2774 191 344102423
729 2686 993693605
123 3182 450653087
1185 2443 872294361
3845 2714 615849480
2036 917 238373375
2778 2291 776667267
2866 2401 461221776
2825 1211 243689886
492 3488 481923650
1866 3780 639216401
270 1392 936666880
2343 1989 71111443
1268 3941 947032552
669 1141 303867183
3453 2426 191110954
1355 2847 36133314
2215 1500 52729755
2581 829 943089091
3265 116 222561245
1988 3851 892091679
1025 3578 175099396
3886 1501 56628996
1287 2958 751487066
2645 1553 330459422
1490 2866 582865373
818 352 638084147
1760 2519 466223225
1116 2876 781730826
2281 2831 749005885
146 343 977423253
3402 778 715834408
864 1445 736159253
3860 3375 557261304
284 2274 244512070
570 2992 431190012
3 2890 568262542
3758 3544 649497041
1893 3480 997968693
2684 1292 117850771
2965 2838 468420680
3927 940 241116162
1717 1744 18173760
503 3870 398169392
3859 710 239606911
2827 2495 807135078
97 3197 593697659
587 1521 312060564
2071 453 618539081
1363 665 196449740
3231 1901 493898704
3123 1607 944165041
3189 1665 231848127
1581 3439 42626215
237 3542 877030015
1792 3874 70535845
3860 450 506881800
3920 2762 551632228
3500 3829 902607871
1180 3382 97307044
511 1615 224924016
3474 229 585653958
2995 913 931813176
3935 1364 77512546
566 3208 936190842
1461 1266 820765023
2030 896 99684303
2643 1333 1260792
1508 2360 501308848
2973 3136 613155569
362 481 752350104
1910 2829 922639298
1878 1906 158048479
1253 1608 4442340
605 1723 239268773
723 2813 938655215
1917 3879 76924472
2550 2254 243804780
3706 2842 638742366
617 731 895126171
3402 1935 682499441
3170 3968 34465196
2737 104 870076858
3492 2082 947281608
1888 3621 139562362
2657 1094 571825728
1864 2710 595379412
1238 1662 123139056
2359 1516 353438638
2252 2798 192231438
180 3433 746932855
2299 2854 480634986
690 3655 376874181
2313 2329 240541271
1390 2062 453922834
3352 2454 312439097
258 941 207923474
1954 2755 189439046
3920 3261 49378381
1893 3287 548860853
541 364 300386374
2959 1658 293297935
1971 1773 827507529
550 1078 762256413
736 2998 704871227
1121 3305 740236496
2671 3525 244149666
3884 1112 923876963
2212 3010 883887610
1627 123 746301775
749 3887 162700519
2339 446 187957916
777 1018 414603557
2791 1777 264881612
2086 1098 256199662
3058 3522 781114055
3545 679 844356871
3784 3948 441745154
125 451 293464629
2355 1013 506052403
784 3178 699195929
1699 16 676955906
1053 1859 858430211
171 3211 63319774
2755 2694 997293354
2979 1068 499669685
2099 1792 958848668
3616 2882 46311577
3344 1572 427163434
1413 777 527342685
945 570 716514728
3974 2153 655457635
590 3618 893255949
313 728 632188057
3749 1929 720681816
2298 353 595462365
618 2736 289952989
3808 3440 874024774
447 477 170096450
2919 3296 84981485
3528 3983 161003172
225 438 168879807
1937 2847 275620831
1994 3952 802177595
2681 3248 793919690
980 2378 22955988
448 2471 399603001
1539 3054 336741610
3607 3083 683152690
306 114 911165182
2394 3589 458599195
1702 3677 972510091
756 1355 844773050
2604 955 237913833
3490 3447 498781685
1233 86 910004669
214 1635 808623700
2461 416 971182670
3883 2108 894967424
1626 3244 890706036
2162 2999 493533094
1558 682 248394929
3311 263 344986940
2966 1967 431785197
2055 3291 199089389
1512 2239 585659449
2388 2023 643692731
392 3572 134149487
2825 770 438457603
714 606 432786808
884 2621 95693174
1226 1730 104312815
1935 1540 942998204
1092 3834 914760139
3106 3337 66701980
2123 1239 489474923
2869 587 303933498
1104 379 161094198
2083 22 866479106
61 3204 388185603
2490 3369 801737277
2191 121 815929954
3367 3369 889821397
2398 3454 860973920
1718 846 477239173
2125 1911 107021450
280 3099 943919330
234 3476 290260243
3473 3746 144093904
889 2901 645532433
3919 1695 948134416
856 2948 996205630
2246 278 19146213
3536 1993 844260430
1295 3765 126587683
2730 1113 339277530
3745 1383 134210736
981 992 215500952
884 2463 904499988
2409 2561 869699124
3001 1821 753077972
318 407 433622824
1345 1866 766232958
2055 2651 40151837
3664 3695 6594119
2647 3793 492291963
2142 558 431311970
92 3216 556058460
254 3211 782438081
536 2685 144067276
3385 3476 697592050
237 2109 559642515
491 2668 501767506
3622 3720 724342803
3632 1600 549373585
129 1828 778675936
1928 3977 223866134
2585 10 95004177
3184 1570 643528750
1280 2262 97754594
1827 1259 92367839
3998 1752 280513979
1090 2138 607468685
3962 1545 802892668
2369 2051 966224216
343 3451 177850828
420 3256 55841473
29 728 509733566
2278 1542 997116369
2069 2146 314201528
3786 3052 812481530
2872 3612 306570853
260 1093 82276957
538 700 439940052
1007 3603 761502527
2655 3521 7971043
2455 3568 842694637
3322 3529 919412009
2014 1804 107070759
2485 1366 624747704
173 951 826644908
2374 3074 267586243
1729 2991 656963913
2153 3909 191337790
3409 3963 2189742
2800 1336 342290427
3166 3854 486774706
1077 1013 278411350
2024 1200 80693510
2930 323 127294838
2738 2715 329442078
159 1072 378484595
1780 3244 402922959
410 2119 440084193
2241 1287 857812228
1477 118 488846424
1883 2223 363565918
2999 3674 893815925
3274 1861 273640584
3663 1025 461536335
720 2426 612326617
942 1912 104768137
1856 214 684866706
45 719 128316433
1465 2717 674874266
2408 1498 569743968
2351 1630 979928351
3333 2937 549314242
3174 2961 987824106
2793 2951 742245717
446 3337 805038145
3120 2713 360160599
3534 2150 362321491
1883 2294 23417269
2287 1269 851144178
610 165 781185984
3067 432 135943120
1261 3004 554934636
2281 3165 185431471
59 1011 812175992
2419 2345 919830011
3580 2477 612988376
1635 1207 402056113
576 2764 471358166
2137 2754 229393484
3579 3612 250942201
3121 246 260338200
3276 2446 983711034
1756 2022 755210341
2309 350 912247602
3373 652 248662115
912 592 469446550
1876 3875 835690985
2774 643 252240746
462 1340 309725224
475 1539 483257982
512 3349 210994093
3582 295 818255576
3515 70 660749021
724 2058 319082957
2370 1960 611626798
915 1725 500510287
238 475 16305505
2569 2174 106791652
1361 1620 146607578
1641 3870 374926760
420 2544 835579405
1339 2203 343581486
445 1223 612193870
2575 3192 2962841
1674 2517 259851406
1500 394 777816364
2268 2697 453930145
1278 2139 546883802
2415 1356 601023965
1897 604 886871497
1962 1704 678630036
2925 1562 994083281
3240 839 369796924
1606 3198 9421867
1292 3626 957262569
3210 3619 893300122
3416 2527 396405787
1602 3563 758057297
2326 3678 5375983
618 1467 919456516
1097 959 378483595
2307 903 156764124
3257 2697 206263024
2020 932 228763244
537 2146 479544826
2519 424 888399931
529 2520 477529657
2309 1360 973529534
625 251 335064827
1673 2556 248356210
1470 2490 126292638
3811 816 713584590
7 244 484207150
2486 696 741346579
2011 3605 326496809
2790 1246 242457321
1353 1668 559818153
248 1892 180300252
89 2514 591815062
2901 1176 603342988
1566 2482 546277164
2164 877 499539067
2788 2655 526935021
2175 3577 465867833
1932 3571 809634318
3627 359 43892894
935 3965 882722177
916 1820 886321018
3133 1545 229094320
728 852 225815690
1306 652 748960267
2181 3808 772236576
2678 3416 698104284
623 3496 125999293
423 3418 708473191
3254 1360 919724415
2141 2430 973809646
2194 3238 664792926
1504 605 93449379
3425 2570 120460294
2245 324 807931247
1367 3508 283660460
3786 748 469097607
2946 3694 36068241
3752 2078 984753748
3567 2876 119311745
1436 2273 15735363
2332 3538 840671577
3345 3660 975267183
2885 2966 457732078
3314 2744 596592522
3985 3816 412034145
3752 418 254034055
468 2316 26936925
1542 2278 119296593
3997 3688 501143723
1970 2936 538072444
937 2459 798592897
3221 864 329567825
1076 3444 314580944
2241 1191 471557807
1224 598 15506153
1414 1876 369433712
2537 2154 564966833
613 2927 760380448
1256 3296 553485735
2631 238 246872457
199 2061 507261059
1191 2021 741099203
573 2267 920130818
717 781 304806061
253 514 538755433
677 3609 246316456
2371 1200 267815556
329 614 492535155
2390 213 981259977
2154 2967 140580537
997 513 219941416
1932 619 188798132
3345 1632 983778460
2307 3651 170515546
3334 3196 211210034
989 2969 790010001
1259 241 840188217
3038 441 644201454
1186 540 498150173
1549 2222 772252278
1351 886 175413440
1891 1197 388497727
3968 687 812309877
987 2547 586607739
1203 3718 118317825
340 3636 606839348
3412 713 236216158
1561 1931 85144638
132 1240 104184289
3284 1271 77283492
2199 3600 370134575
1969 449 330712890
650 2567 628853784
2924 3534 823147068
3333 96 124876559
1387 15 467574026
2651 2146 739250490
3998 1616 74095786
2646 1849 392527282
3363 2189 978693383
3390 2708 663786930
3163 3415 794696926
3975 1051 885502593
1677 3266 856251437
419 2572 293541451
3267 2701 460192243
107 2971 591071666
3917 624 964079784
3890 771 420598370
3675 3220 701418009
1744 2091 830981021
1025 784 883760190
1892 1576 197134601
2777 3179 232245830
3453 3645 42682371
2461 2686 249416463
439 588 164450107
3700 3450 80180501
3743 1149 626890959
2098 816 898614939
1830 3527 920093571
3400 105 369286423
1954 3709 267333670
789 1943 154641040
517 1624 466601601
1072 4 699175261
2696 1790 445276810
3314 103 456117774
2658 66 138771654
583 2650 987500479
2757 2784 749518269
248 2673 105945735
1034 3026 49912391
3427 1446 99209152
104 1577 509662102
3054 2140 609058015
3691 533 751070627
592 3869 14630485
2206 2883 963430399
3421 3049 489042567
2513 2400 461504004
3059 3990 178760735
1319 155 591761093
1935 2407 346517836
2151 2645 290482700
2002 3616 488017512
882 3492 432275160
2796 119 895354828
2539 1569 241652645
263 468 276271741
474 202 168654301
3915 1156 898464758
2394 1563 25882734
1098 2981 72568792
997 1192 122421253
2438 874 816562886
1446 501 795249489
326 3709 795986450
2636 2612 732385782
1833 3889 272562860
1359 3967 173991686
2668 307 387944881
1203 3695 199176115
1836 317 403082965
992 2170 361791755
3797 3459 792500406
2583 561 257589713
275 3409 73960729
1282 2621 138551600
2434 2980 217100193
1532 3750 659874802
2446 3484 774655662
2057 535 596016635
3279 669 204502854
3249 3876 564317698
3057 1158 972121390
2140 1451 449858516
55 1912 760928421
3892 2960 721497644
2232 434 391679979
2490 500 7087772
58 2603 623934564
3574 3066 940656248
98 3366 376098205
2858 2205 259067533
2233 3309 307148739
78 1885 321235176
3106 1130 312598847
1582 2141 98071536
1129 3943 317660683
2167 432 318101131
1392 1705 336002005
741 932 221971427
3115 903 281803185
1840 234 219105241
2005 377 966718730
1955 3649 568146979
3855 3456 966935898
1337 2832 807557797
1639 3263 46609516
1865 3463 202151835
2224 393 473024951
806 1528 92483961
1174 1204 660873528
668 3881 753431569
1458 1442 521055254
39 2384 163308229
1868 1104 282665397
1559 190 59961738
1456 1823 293702488
2911 1298 132015792
3773 874 168369308
3040 3085 843454113
1279 2483 377255190
2857 478 928719665
288 552 876757664
670 3923 920541875
830 3648 912160272
1918 3404 707211060
155 2327 209593353
735 2770 810267503
3330 2250 473290201
336 2082 487768512
123 716 320447093
1465 3496 207305521
345 2816 385966339
1611 663 982949240
1050 1836 668128830
582 2217 738721480
1149 3374 19723794
2812 585 783027730
404 1439 163853281
710 1130 515140755
1270 3844 33762806
3889 3882 446938320
3808 1420 620717391
727 70 948349868
2231 2037 891381532
550 919 789242726
3064 1486 45980876
2116 366 449017256
71 2444 98795895
2816 2761 593437796
3649 1110 971988403
2301 3456 471186673
3031 433 504158982
3050 744 948892712
2969 3181 121798528
1631 3385 609292494
1739 932 236193755
3865 3559 416267933
1316 526 773258195
3120 2452 187861874
2947 3637 72351238
1879 3368 887049658
2900 2321 807822370
2504 3699 654093492
2642 3095 710630912
1487 3663 791410256
2993 2480 232471374
746 2798 206224109
2442 361 885027505
154 679 149731549
268 955 244141051
824 732 117083067
363 2269 121488465
1793 2856 577652681
483 3708 196993657
648 1911 830094232
2325 1233 683181843
3447 3304 387035764
1948 226 139190023
1898 1542 57982231
1388 2169 509227338
3892 2843 860258035
1462 2397 267338824
476 3629 757532100
2530 3383 478347938
1390 224 388636269
3413 2682 975926487
3781 3974 729685952
3681 182 691273131
212 2198 664166965
3959 2601 224901207
3065 620 178402341
3714 3488 723296469
1002 3160 790617985
1687 1904 955117498
3771 1261 726461122
1759 1461 505928066
978 87 869438258
2029 3271 535420446
1872 1088 597080150
1959 2008 634613125
1361 437 476504483
1593 1402 644583657
3835 2292 390475973
1479 3245 762892619
1141 3237 66872587
925 108 412632065
3295 3130 729139382
3233 248 79809573
751 3495 571545697
148 3344 604704746
2031 3681 858415879
3992 785 766037790
340 286 592975011
1183 2699 459232007
2323 2160 981878244
3144 3220 745083843
978 557 848808908
683 2197 95023922
2539 2470 745051802
535 2336 866769265
2970 1770 685663529
1121 3092 508368785
1123 1998 633379439
2836 1064 195857145
485 3623 702858838
3987 1413 303193210
1244 214 683239317
1395 1692 268162668
709 368 599346158
3063 2099 474798438
2481 1111 75597386
1599 2759 580572813
3494 738 754534117
1253 240 419485013
2477 600 928566342
2127 3394 644477206
2782 2618 879432832
17 1720 598346123
3863 367 854364263
3157 14 514375667
3534 2558 486907793
3156 2398 585365388
3351 2597 373988821
1504 1145 592347964
2164 507 624685738
233 1643 208312064
2194 325 401002891
2551 1233 921494371
1778 2349 56099025
1268 1190 211748008
1532 268 744915194
2799 2303 722972197
1264 639 792086502
3726 3122 606333471
301 11 482426961
739 1481 800957205
2622 3643 892410982
142 1072 809360483
1495 75 901469549
1116 394 789439312
83 3351 514596127
168 2516 961120546
664 360 178733163
3146 2411 748372810
234 33 470972234
412 1739 596020243
1825 791 663145822
3405 3219 547062820
1361 1812 471596554
1903 682 661436755
1132 645 508663466
800 2242 621190485
2157 987 371470688
1052 1729 117550054
188 1423 962590540
1763 2084 936204490
3749 2758 522061977
3617 1001 478604220
1935 1824 129548534
2687 203 665243021
1000 1693 626694163
1 514 247685736
2878 323 148382709
618 2485 736281378
2929 2334 67476254
442 3692 917750128
1029 3406 540993331
1775 3124 789511409
535 3514 319976887
1990 3831 164541745
451 627 372399431
3226 963 227694932
797 1745 941404923
2268 2611 188667145
3688 7 35664833
2590 3228 246443120
201 741 577591449
2800 2580 708114024
816 882 785729477
1564 1926 247184593
3167 45 229000832
3715 219 785866885
982 3414 624973771
2749 2685 772817128
288 1292 57408371
3168 1041 684296224
1693 3741 70293336
2964 2155 973178105
2490 1151 573847083
2341 3106 634725384
537 500 214030167
1035 87 596455158
1491 1718 823624027
3259 2233 216253161
3980 1348 111260290
3349 2672 199892474
2029 3421 60749619
360 2685 2840852
2747 2032 612918876
2043 362 761632834
1264 425 726518331
3499 1121 241620496
2791 1710 958354909
1511 2046 838739203
1716 2754 851461695
2667 3783 211346679
1488 3354 929584270
2004 1707 540304069
2379 1601 30200642
3886 335 916171438
98 3451 911605062
717 656 800801844
2874 3949 465966351
180 3401 946222471
1009 957 427291592
1244 3883 662398820
3498 18 256747071
3198 1904 133263218
1654 3981 307984325
2866 1851 262708296
1153 1891 623934543
2866 2106 922779113
1312 3115 273989971
2176 579 593811951
2449 1514 39699440
102 3898 214848904
1255 3857 675192217
3161 1860 868148700
2867 3090 705509670
243 2772 399017985
197 2546 60818853
3384 67 42857615
1494 242 819528730
3006 1787 466700862
2324 194 165391306
784 2690 940770253
2212 2842 965641482
3588 1941 867960135
2720 105 418032079
2486 2594 49012707
329 2920 487290460
2833 3796 880062548
2163 2216 203744275
3456 2756 873518641
1149 3866 833956218
2415 1187 162089764
75 869 531469547
3595 2036 238952531
2304 1606 602313235
310 1673 702310151
1924 3594 304876602
270 2466 293455296
3171 2171 611157799
2487 768 151022659
557 1651 171282675
289 1175 767253745
2700 1940 368210788
2458 412 793860405
1056 1464 655363271
78 3356 327734270
282 2897 80403484
1466 850 924466552
1984 1558 379068587
705 528 999673725
2125 312 854238281
2917 1960 165926148
1981 1769 685152479
2547 1229 547904026
2566 1350 223749617
3314 999 734824986
715 1069 462012457
1318 118 295822853
870 400 345349798
1387 246 426137828
2914 2026 413636329
588 1168 277145328
2545 3456 619268513
1241 3419 778073250
2602 3892 614621217
75 3842 67414330
1650 2687 478849180
611 1981 44505487
2372 3127 352729489
1869 1142 498897827
333 173 110259726
3978 2454 74178067
2162 2909 674502500
3056 1191 973784337
235 2931 11924244
3262 1193 44574340
730 1399 438393985
125 1860 220756405
2822 369 142030844
497 3056 285020581
1369 511 15912434
835 798 175383237
1882 3652 971017751
551 1912 378351602
1908 1400 765979063
2678 2812 215256099
3778 2779 770992915
1674 3924 85447118
485 1724 919471161
1026 415 385613276
777 3049 417947760
1852 3185 129431100
1370 140 284583981
2385 2425 148108849
2930 788 451081841
3966 1416 245052614
2446 1222 268303872
1742 3583 628387665
159 1829 288241560
1038 3559 55374339
1294 2929 374171397
1809 945 353405521
1225 3539 754511293
870 2411 342230925
2394 1617 318089827
1920 1215 885208418
2672 1176 424370550
2036 1666 230209884
1455 3754 130316528
3027 3561 965625252
2244 2782 982587319
1988 3142 25364620
784 326 460376609
275 371 802621719
3232 2373 622112446
2458 1146 930619508
2845 806 651084017
1279 3514 591619220
3022 122 258362962
183 3676 783753646
3497 273 467181429
875 1090 850601176
3232 1237 889960819
553 208 605363310
89 1316 58522418
2161 3540 678301983
2315 1 688317213
3367 563 559006666
2369 3557 628492460
401 3175 643146010
522 337 700126706
818 2207 267859956
1342 3888 191783640
3388 1320 932418442
827 1796 501967553
391 1979 667725546
2229 3638 209953439
820 694 570296985
192 3272 110828682
1499 3254 195882327
812 611 467749799
2210 3097 277850128
1312 2927 5907541
731 2510 370302103
1820 2771 934136032
814 1610 719691104
2824 2965 707158585
2215 2086 245827769
2154 2839 320988495
2493 1623 243514288
1263 1358 644665532
2867 1470 43604729
3361 181 613035940
1127 3939 48056229
457 1696 784734776
1093 1986 783380450
835 2727 464227163
876 1751 193697245
920 1128 916920572
929 1991 829501232
1716 3737 134844774
277 218 28156804
3635 115 581148511
2793 1964 344462856
3131 1831 409987418
1508 3581 225200576
1864 3379 275132729
2448 2941 96389685
1588 36 231260370
2900 426 343158434
165 1591 620207554
1996 1942 853562546
429 1473 514630320
730 614 48796624
2243 2677 887606
3895 3131 187052039
3707 168 647976972
629 3984 453099624
3324 1923 117936419
1637 268 157202860
3853 2626 632319701
3020 1331 28394464
3278 1173 743938913
5 294 14967210
2398 3543 232423706
3307 3713 257602777
2719 130 491385163
2615 366 177505782
260 1460 721852745
828 609 496422980
3589 1318 993409972
2056 1909 275928147
285 3299 777652683
3892 3281 796450957
3607 3127 486254342
1910 478 698037644
3458 2098 673101513
1163 419 259733557
2622 3679 965283115
427 276 240655310
447 1366 807659550
1219 907 296361381
3063 203 655787125
3153 1374 65862884
468 80 435000862
1413 1348 736515783
3373 1000 723577110
1357 1138 105034708
2120 3907 860198502
3329 770 196090280
1727 1274 206554880
557 1917 36808799
3831 842 178609871
1952 1108 540425184
2154 3261 450173116
1028 3224 639319799
963 1410 742969730
1848 3719 589352793
1889 160 560380588
2003 2037 93861879
2600 1254 144568749
582 405 986910445
3837 1213 965824471
57 2031 569055029
1637 68 200266535
346 1358 491969591
1254 2047 612227513
3115 3962 987804989
757 1739 791269480
27 2960 506215961
960 91 936609988
3056 2458 74552439
695 1115 142701755
104 51 974504921
602 497 107311424
1258 1096 733538494
929 3713 275692570
741 2239 71762270
2799 445 51663475
1451 353 806987003
79 50 102752507
3608 2924 662165917
510 1977 854162698
2361 1809 475804048
2020 816 979539223
1266 838 556266501
3702 1032 174564204
1234 3328 44480274
3420 2350 214545875
1163 1901 956635310
2284 3262 592062080
291 338 858369165
2631 55 492752055
2895 1131 98316706
3104 647 230735601
3605 3031 201386199
2564 1652 125935589
831 976 970130295
528 3659 189531733
2426 3308 191814558
2502 2483 778056720
1419 3343 938319752
1379 1567 704530379
1396 2038 902744164
975 822 607174319
1782 2156 343813276
2903 1188 723362645
1999 2279 297631674
576 3029 729246184
1338 1988 717155009
2526 3689 231407961
3863 2100 78651762
846 3178 17795405
603 2833 481663077
1523 1062 253030623
3996 3037 250278421
2525 3161 690154244
2686 1005 273809525
3196 2704 687028608
490 1138 157529541
3333 3040 793427757
969 664 632017746
1845 3360 390169025
3074 2186 276802727
1407 2292 733233703
1525 1277 738631489
1187 992 905694128
2630 3325 957589965
3017 1564 617155528
52 802 873157623
3604 3550 427799484
1753 3228 218457676
2823 1676 633503295
1808 3916 845412017
799 537 842242732
3076 386 996167390
2001 3813 721495760
641 194 927726865
1417 2653 174205258
2123 2198 21486168
1002 3370 725599551
1516 1709 947199263
2478 2070 71991124
3797 1338 243975575
1684 3329 99056359
205 193 442049453
1172 1926 835406840
3152 1989 512391130
303 2581 528550956
344 2150 243103419
2069 2529 9644498
1674 2945 393942440
2322 233 461001091
3438 758 557785168
2131 2078 335636081
3894 3512 185535193
3697 3942 969111758
965 3192 351069666
3945 647 397301147
1097 2681 967663213
420 3666 581605183
2557 1990 129433589
3178 803 124549428
645 3584 846762974
117 116 430296806
1605 396 253809243
481 956 752728050
1413 7 133961184
1078 1367 143301363
430 2150 35728999
3389 1527 135516201
153 465 795267941
199 1041 481010878
3902 611 621699282
3483 3376 817915839
3643 675 569953355
3419 884 503228108
627 2843 291039448
2960 876 433593810
3330 2367 378669293
2020 1295 755456883
3183 3150 950756859
145 3546 447766380
3661 1625 353866972
2169 413 533375495
1555 2655 801165637
959 74 828258398
3758 543 960394390
2322 2944 352421201
213 2295 868522654
1022 3360 958028859
826 1647 126457991
3066 810 875094540
2142 1108 603540151
3066 404 7340989
1077 1623 72077759
2495 2862 667207846
199 539 376852048
2986 1603 23551
2307 435 261818078
3954 2933 134869261
3370 2783 131532009
787 3378 904923156
2979 2416 186504391
3726 3433 814788752
3320 1648 819947900
78 2858 613232730
1157 3756 17776018
3028 1447 761685531
11 1261 775123992
3167 3219 931931503
510 3541 6915331
298 3207 172422806
3846 3107 56675803
2943 3963 410147315
731 913 383600529
1869 589 603934142
1404 3413 728934087
2903 946 771601776
2485 2008 673658035
3887 3961 956354605
2292 2686 407663550
3899 579 693212840
1954 2223 145077069
1891 1138 984612725
2125 678 570312753
1513 1420 560722425
1201 599 108712245
3376 3086 58777030
1799 451 770615680
1053 2163 853105714
1867 2199 491198630
1344 3766 75345759
2440 2038 740945281
2215 3517 910638666
176 2489 99566426
3154 917 335056692
1521 2754 94535056
2242 1666 236640650
3098 2347 470002156
1774 1053 346806242
3409 2733 243460026
946 1515 345536372
3779 937 860820193
3833 1897 525015424
3061 1918 480941879
2218 58 758734435
799 345 963224805
1028 2208 572624557
1150 3776 590127128
3793 1869 699991989
2265 519 428026867
3013 1435 40000488
1130 1676 270830910
3125 493 192696981
1223 675 213567965
3001 2413 451254211
1681 2148 324447923
1524 3018 560296528
1111 693 20347084
3443 1826 17606538
3290 2228 844543728
2175 1170 393482820
3965 2636 833984015
1450 3470 595816137
2651 836 199041219
1619 868 819866261
1031 1914 609254303
3342 2708 971431149
2599 2612 582682906
1565 86 60434701
1271 2312 197343556
1484 2033 254646173
2355 3083 415720906
1313 2825 534614584
2340 1525 247549069
3991 254 130835050
1224 1591 905974272
1191 238 609156855
849 968 280287651
1108 1500 474423825
2049 3183 160416170
978 2876 938450926
1202 3021 112052301
1668 1384 723065904
1281 259 962422454
395 3800 335123241
1360 358 449105099
534 3463 600835269
2587 2880 279611423
746 3494 755830853
295 899 422696787
2515 2580 212889150
1718 1443 428324285
2488 1435 672687998
34 466 353485538
3504 2584 306063102
734 465 242581899
2996 1329 428184960
2034 864 872963424
2443 1608 449974881
3092 694 52172157
958 831 714208114
2015 1930 118060653
3493 1943 731318267
3905 3767 777635309
1413 1300 392947788
384 3002 912821643
3878 2915 160867942
3902 143 101385254
3513 514 605837433
291 3903 19313835
3321 3491 293956585
800 3679 533237160
879 1312 122050744
2767 822 473937073
3051 2247 90215062
2909 2636 112489758
2043 299 558488453
3334 701 896129403
3782 3901 179717476
1261 262 616116205
3986 90 843568067
2981 2122 684868323
3960 1346 870057701
1447 3697 818568531
623 1975 595024365
1492 953 30813907
274 1370 542023093
1642 1128 549791255
973 1277 899896838
1577 501 867464970
3549 3686 830671268
3884 785 698772078
1128 3657 93484966
3131 1673 220840011
447 2383 370474909
2310 1274 379562137
1959 642 776792935
3167 1627 61632551
3399 3978 295932158
2474 1737 58289432
2718 2809 921478451
1341 268 51056021
3485 3988 253207491
1956 3389 288617372
1734 3382 828418922
1819 2645 329604265
3271 1846 374030682
527 2806 723242525
186 56 953436541
2308 3889 909379829
2604 1376 594263008
499 3485 193767460
2585 937 845746373
3400 3796 359308183
454 2336 452810483
1280 1792 451105486
2167 3767 604874291
2502 2359 415213923
757 1390 761472873
2360 2035 859430877
1416 271 634333469
3969 2959 470390153
1962 3586 362057455
1570 2165 900875485
1469 1545 151662292
3732 478 598493075
648 1967 624781643
2559 3390 621079327
3637 2175 395068928
3368 2996 748510559
3028 2787 7618882
502 2732 808225542
2295 1624 814254384
197 3459 322668821
3171 2994 939051958
3520 3629 591443558
2963 682 109393321
1787 1135 290827634
2682 2058 29757409
897 2023 806148445
34 3833 38215406
565 612 73285161
1459 1148 740408210
3725 759 701078731
1048 2441 952277607
2160 19 622129014
106 345 107237117
2924 3507 498475350
995 306 800045160
872 3024 519166222
1695 1384 16848768
2803 1339 345835344
257 903 583747389
2725 492 589208005
1515 1808 682272991
1743 694 74270569
2707 643 102211960
1679 915 759227883
1052 2579 934820347
2860 2250 400976650
1662 1996 797642452
3852 3249 258894603
642 1927 845664085
2265 567 659894195
369 3907 171374901
3117 470 571645299
1337 2626 781911132
1522 2873 921217194
3846 1036 356960177
2897 2169 946160277
914 3952 127220978
1682 2997 787761793
1851 2766 947594182
3436 1828 952711565
2283 2701 388395003
2183 2366 177342406
44 339 896186773
2878 3029 911761361
3440 3674 819660554
1835 749 510414878
1560 1982 444924143
3720 3918 641762165
587 2290 58648454
1150 1489 66199896
1643 3580 278189223
3911 1974 626287955
922 3882 990636796
3777 2096 599206830
2208 3577 188155046
927 2681 169666000
1468 3922 512897317
2592 1634 142943776
742 92 784851243
394 347 157196729
3350 517 301358499
2834 3243 369912647
2200 510 688990535
3223 1609 767038933
2271 3976 7461220
399 2315 588211438
93 912 958124872
2686 3142 535971919
831 406 118980306
3036 162 531100470
42 3404 645078531
1428 3235 200004964
2181 68 74541445
932 2954 616310583
3815 1101 46065368
1582 1443 862032000
2499 126 676947287
3089 2511 415884652
2416 2307 14118724
1721 3587 373988254
924 1426 601300153
650 3915 678662019
2847 1310 231947451
2872 2328 994584947
2824 998 345767545
2717 447 127272030
2753 2597 596594811
195 1488 367437734
1895 674 453396911
2900 836 357269614
1950 631 287226143
3888 1963 567302648
244 3648 477461739
3944 389 329507361
779 2608 690647721
1539 336 740955320
2139 2194 117631080
1535 2033 819505462
3365 2649 4844160
257 860 739901901
45 2443 93895553
3734 2087 426681100
991 1101 367269476
2052 2714 984818723
2777 574 552238600
1340 1203 632818548
3977 736 167827310
2340 3137 716865454
2738 3779 873733721
573 1777 169275664
2270 292 397492420
1233 1594 321788319
942 3053 847148646
2497 2423 793086839
1417 2782 647149062
2163 2803 6628753
2589 1475 255379075
2659 3461 638763883
234 922 692599301
340 2846 494479140
2144 3758 986453474
195 3214 37610707
389 1258 72434101
1696 94 97337334
3946 1382 316507143
2293 215 837354316
546 2151 960047833
3084 2934 40066020
2252 91 585826312
154 2905 49509393
1657 3417 968741566
2778 1121 680381411
3538 3568 548950031
1171 1523 212336041
3206 462 805186227
3557 745 850693921
1309 13 288833760
559 1637 523232108
868 1464 131067413
1318 3944 361146975
2966 3177 828321620
2436 235 152922095
378 3296 29276671
2302 3976 688657554
868 49 978049956
111 3481 32030135
3968 3504 484483373
2255 505 865162720
3125 820 546062147
1701 1365 666152772
1141 2169 55745252
326 3497 617355967
1515 2896 755227853
3545 2713 811395795
160 3716 230408153
331 1371 973932209
2590 972 710048976
3781 3788 703148325
630 2634 625556002
3742 260 27805584
2175 3180 427669925
3052 1963 984297325
2699 1273 461526944
3419 533 217263880
1203 1960 308738663
2636 2911 779063913
1920 2237 764744785
1983 1393 23400027
3021 1464 771276739
697 657 984840383
2928 564 337110669
1815 1927 52601043
3181 1319 588828024
3645 3865 334037832
1355 285 645391761
3829 2235 302815939
2845 1227 636025814
1926 3271 134033500
43 773 40661224
2884 1372 189260166
1884 3503 257213870
175 2006 683253898
1396 2397 238804342
2476 3336 956861770
1409 1281 25065830
2567 3714 299440502
2402 3079 18369920
2361 3563 519303319
1893 2763 483069858
3570 2739 420173949
235 3449 273233794
1708 2473 51946635
859 2905 371577617
1329 3382 262117752
619 2557 519608970
111 2923 357857463
3624 2611 281379041
3507 1105 157942652
1818 3579 606214725
2867 1034 418274162
943 952 246372109
2969 2960 43235265
1537 3706 740474984
3084 17 398458193
108 2233 230880979
3756 3441 83464629
1439 816 608647798
1882 3569 42134820
606 3812 769309340
2790 1162 967790414
1300 1235 406664996
1879 3403 830235822
3285 92 886493215
1273 1597 393758902
522 3348 222639988
1680 3300 687005967
1664 2137 144967943
773 2211 915201238
886 823 68358492
3589 998 174516786
487 394 497044799
3973 560 568264485
1941 168 257527082
503 186 117405326
2238 3260 830403126
2332 2447 477019510
30 2805 782700553
1412 456 962803829
3433 689 861141894
140 1718 522554991
806 2194 6022829
505 1857 743809985
2382 3423 293022375
2937 3740 946068509
2746 3414 775874138
3515 752 754143609
228 2214 855580712
2608 3395 428743229
1203 2752 769881184
1500 2648 76650564
2207 3921 706408559
1043 1705 41562364
1151 1819 926337374
3606 3422 907203903
3067 2365 549578632
1537 765 453311857
3096 2284 235293990
3025 3689 776375535
1487 3336 67947498
668 1628 397701438
1203 2715 806821199
912 2104 344320210
1472 3231 402393225
1167 2812 422220607
214 664 223906907
3409 1698 566297408
225 3866 216370042
3344 274 924592222
1233 1819 560632279
3013 193 896448226
1011 1379 125642280
2893 1124 529759661
3888 1295 361214701
972 736 79157273
3587 2766 269662638
2597 3919 266777983
465 2646 563670491
2432 26 739232187
2966 1121 653274470
3982 804 57560022
3459 1483 935745760
3296 1486 984841163
2510 706 801918649
540 27 333238051
3847 1617 924219111
3933 205 521506282
1361 2587 226410949
3901 1673 566028748
2582 1293 209995346
2071 3461 167057263
2758 11 416739917
2047 3709 319753038
1079 3929 174611441
2590 2045 854018653
244 2954 845744277
3817 3958 618122681
1748 463 606698778
607 1226 876219777
1513 2230 845657260
2543 1607 754177922
1901 1215 674345871
3869 2405 854224466
473 2500 761807506
2835 1714 769156218
1900 1580 540645902
3905 2682 459628033
2249 1853 944573868
984 3800 941752879
2550 1382 398861638
3799 373 633156609
3803 3779 648420648
746 957 400957046
140 2196 320600974
655 2432 102594828
3126 1905 762807514
2741 480 368596359
1948 3615 365271511
1513 1656 688864208
3495 644 750151810
3839 1455 220558716
878 1751 623999753
745 2316 150827994
748 478 215980523
681 599 50959755
1465 119 815873773
2241 1315 242885941
2603 3451 220884963
738 461 110893689
3538 1842 64111566
3598 324 686147338
3658 214 381005845
2234 3838 626367263
2076 3649 203783949
722 2050 702442582
3404 2313 714777104
3246 1296 682146747
3835 2903 195911943
338 1632 271309289
463 1368 624096007
92 1666 939259854
2019 1138 38151021
1935 1983 91492805
298 991 49547687
2282 3972 309008634
2259 1619 886967949
3246 214 861361487
3105 939 232004149
3928 1986 752866310
452 2091 712831738
2493 2466 643085733
1461 2575 148797552
457 989 93092050
23 1015 223011473
3139 904 976107024
2763 288 519113860
3490 1949 159344612
958 994 887274655
1219 3460 347531483
2260 2802 478072515
3218 1494 75304098
3646 1577 829584716
3824 570 459527238
2574 467 81788089
3708 237 641126149
2866 3572 796107233
1754 2101 557247427
3687 1218 777725168
3803 1720 90961176
2130 3601 911683219
2519 3883 849322164
2420 309 111180773
2448 3709 114254072
1888 2466 29395894
3277 2428 565200376
3627 3421 342832155
1571 2825 126931881
960 21 506390636
2341 43 372394862
3401 1260 177515414
3586 3433 4172484
465 3145 876469995
3455 1629 510878209
3416 949 330779736
1380 3540 866392627
3156 1679 738724331
1857 2526 657215184
1009 3300 270049397
1619 1142 505933599
3257 12 137115105
2745 2768 993990404
1047 343 972989534
159 1471 795786324
2009 3108 875178223
706 1869 411183194
3822 3844 923090212
521 2204 624721390
3935 2597 381498008
1431 2816 608632253
994 1600 843178964
2944 3506 213282278
686 154 261765969
3699 457 126466376
3603 3660 44787288
524 3008 251586179
2013 2457 914414465
2883 2081 547168769
3939 2009 389130038
421 2968 458164937
3077 3833 927144397
1060 218 462335457
659 2661 342955712
3988 1438 143963907
2484 3015 938993259
3367 1433 875983596
1581 751 310212433
2370 2395 919637190
2406 685 761734950
2827 32 276227885
2353 1497 573414243
1139 2861 647967818
3886 3729 519618920
1936 2138 627179944
2920 1567 907980947
3458 2758 286299471
2638 1389 633340227
3327 2809 222911689
1886 2942 569284665
3195 2469 138134433
2444 3042 29651495
1532 1223 585109247
3191 2845 182678300
2613 449 704066716
3761 1817 538683643
318 368 5449066
1074 3806 650335581
239 153 184871998
3225 3185 625546091
3629 134 294257824
816 610 224736386
3537 284 425607216
136 41 231012698
3331 3972 63230828
845 2280 898186069
3704 1301 940213171
3604 3889 892112917
1533 2014 343191578
2179 2498 985183805
798 3231 18716673
2893 1399 164288664
1030 2315 499017660
1894 1127 223651317
3946 2488 769508483
3372 2525 451038089
1197 1054 680002865
1191 3528 390347508
531 3103 674719212
554 2097 969846196
2733 3075 351505919
707 1322 831294472
1628 1078 312884104
156 2729 330787605
3526 3575 813009716
1667 487 684110289
2735 2524 500120248
311 3948 464342233
912 1504 839060697
3758 2322 230664349
716 2141 418666923
2917 3413 661541628
2990 1059 47155378
2719 1243 542388283
757 3888 707205320
1205 1085 124750722
1223 137 889110945
1450 2522 846837440
3399 3445 906197484
3033 2383 377180942
607 1129 647412440
3685 313 59974601
3876 2969 24350145
1915 701 157848478
3075 1805 333230336
2573 1198 462238841
3544 1993 836607550
2383 3939 902951978
997 1793 892808350
743 2209 634338364
3938 2600 966762470
3719 3183 196937599
3421 3975 255666912
2014 1143 702119275
1253 867 133221213
3675 2358 202639204
1859 2084 255561753
1477 2496 741268098
342 2203 806908366
94 1170 27388565
3764 3944 584629384
1170 1515 584097802
1899 1527 827704744
1677 2826 835142992
870 3892 712199993
232 520 786521023
886 1096 152570792
113 3660 160755250
2676 3069 388394334
3483 1508 66501474
2917 162 704630351
1657 2969 917677662
255 2729 632242574
1928 3314 990697175
2168 1645 269684905
3232 212 177619243
3593 1985 945956980
3668 266 190566491
1598 1643 669312104
503 3120 840828536
1088 3847 274942057
1802 1525 699212953
1650 596 985065402
1340 3142 58401309
639 1887 937985279
3554 3235 457041539
1500 3913 437131078
3963 235 836877268
3336 2919 172683007
1924 2796 968922622
2306 2594 541731017
2087 328 270609122
522 2642 765670284
1665 2292 706852550
468 2797 917060892
3742 2641 597483304
787 3665 203578618
2825 3225 662270045
437 2035 680916565
1741 1181 959594707
2441 664 378089824
1890 510 454343658
1642 2981 937296355
812 3146 304987967
1911 3786 100678581
2334 735 919968461
3878 105 421720658
2920 3625 176629112
2036 861 849574586
407 1441 901530818
3232 1555 936577188
3600 877 288700807
2908 3013 740157224
2748 1629 510441357
571 936 884011686
2557 1237 513244215
94 3232 122761298
3707 28 966940681
52 2046 869445421
2823 2790 545566
2451 825 113316758
3426 3687 458145329
2179 753 15680595
110 3587 612678533
482 2145 771703328
1767 1436 903950313
175 399 551146009
1989 1270 25468845
148 3553 583961870
1718 3209 135874725
