4000 2000 3995
653 3031 959075309
66 3351 994751232
145 36 73
1019 1824 1023
154 411 999821259
827 2226 307
760 3638 1163
1085 2160 978048747
1975 3265 594
390 2366 658
1959 689 999987191
286 3768 25
133 1878 760
1617 3268 74
762 677 999862247
1240 2858 51
295 1524 121
699 781 710
1209 2308 477
850 2931 903
1589 3117 409
368 2338 982887918
912 1547 991547862
781 135 998652258
17 1006 213
1509 2233 1821
1479 476 1031
861 367 996848334
221 2214 999662521
978 1086 291
121 1998 998544890
346 367 1322
65 3261 360
174 507 715
716 319 292
1693 908 999991964
1746 639 1876
1998 1302 999986415
1353 620 480
1511 945 223
1068 855 60
804 567 999997692
941 1251 995117595
510 2545 999677390
1621 1215 993364870
480 3852 654
81 982 1445
959 3431 247
1406 3795 1163
884 2585 989772744
1729 2489 996262779
1508 3302 389
1834 1454 456
1898 1049 1811
1040 1491 792
441 1878 999377609
708 2536 981672942
1669 2603 606
1693 2551 1819
5 2011 999285048
365 964 267
1833 2430 999687506
1113 3335 1194
84 460 1138
388 2160 1676
44 2692 115
1013 1502 359
477 3194 1240
1371 3661 1240
1965 2695 865
1970 2796 999968607
404 2581 150
297 1170 999991323
887 2322 991544422
805 435 999997611
267 2819 999184518
1052 3156 301
1887 1937 733
206 454 879
1014 808 986231496
57 3490 1631
1457 2091 662
1477 3210 1645
1404 1743 999230489
1025 2591 999869843
581 1764 910
1779 2404 1860
1407 2780 1017
1143 112 524
1393 2079 983519151
361 1961 542
912 3190 425
1370 3001 1085
1205 2433 241
1354 1664 1503
257 1045 997398613
1280 2085 999865231
352 3001 996020530
1114 1483 1536
1093 200 768
1329 2050 999965619
1838 3109 999999155
1261 3748 1980
993 1729 1192
452 3006 999107829
380 1469 999631434
46 2537 255
1805 1625 838
795 1640 997293854
640 1229 994024927
710 3279 999982307
1543 974 999175576
1963 2841 999919316
1470 418 283
1688 1857 938596073
1059 3703 694
1663 1600 1483
744 2492 1817
165 1573 51
426 2607 975133457
933 1847 1866
1444 3495 799
1867 1651 999996972
1296 2375 999888924
1523 2156 938
1540 2697 995602688
1989 3994 1911
168 3255 1792
213 3505 996906079
1822 3197 151
1440 3618 582
1244 2010 1114
1626 516 995055270
1705 3940 1867
539 180 999984642
1760 2474 42
686 860 997006664
1226 1126 992004755
900 3200 997565003
829 458 998882621
243 1230 999880460
609 2938 999797928
1898 3401 998951037
1836 1730 1464
1641 1830 999981143
270 2187 999255942
1842 3298 830
1172 129 743
1253 1256 1026
1242 3210 985220260
394 3660 1875
1333 3085 986747915
1397 3303 778
505 3526 999961924
766 1017 997839327
839 483 1813
780 3068 1396
1225 1549 435
605 2180 464
969 2756 61
578 1634 19
1536 1677 1844
71 2345 1693
1731 56 904
1772 3704 959091342
1362 2777 1580
1538 830 994566737
1549 1673 1957
1637 807 996882157
1020 2705 711
740 10 842169262
1316 581 998419007
1350 510 1784
1761 637 999848183
1420 1597 999713290
511 1636 998063741
1629 1892 1101
1819 3336 441
24 426 124
1805 3977 999601203
1347 3763 998858589
835 2193 861
1493 747 1885
1374 2809 1803
1808 1140 999729077
1140 1966 952
900 848 163
1593 2316 997141278
1411 3253 301
582 2665 699
531 1625 1434
1423 995 1961
1921 2361 969728598
1529 338 1741
397 2950 990227359
1608 768 999624738
537 1976 986214600
996 3579 884
1153 1203 576
584 3699 994771655
1256 3444 993305948
1349 1648 1577
1683 1433 999987680
1450 2626 1025
215 2010 1521
613 98 1443
1828 2672 999075772
1229 2571 1722
953 2880 953184063
90 1190 994098019
1586 159 997983834
1241 1806 1
854 1402 1193
621 1112 1229
1521 1381 999558897
1010 1020 980903058
401 1668 1065
96 3120 269
184 2832 597
216 1526 659
1692 1766 999981737
361 318 997891421
312 3413 998998501
1181 1912 191
1572 3305 963
695 2135 1042
519 1275 1334
284 628 131
656 3053 144
1428 931 892
401 25 992126428
257 2688 1102
492 3347 904
897 3625 999811037
1217 3078 997947622
499 839 1837
1790 81 421
1677 1617 999911297
1651 3227 932
1038 2637 997329620
1739 2330 997471252
30 2815 999627759
1927 961 1357
462 406 505
836 2787 432
207 1209 999938679
142 3740 999210864
45 3166 218
557 1367 762
1666 2392 997970844
759 3578 1032
1464 3059 999995527
1142 136 999773726
711 1820 995450228
1251 1697 998260683
1801 2900 1898
186 84 1175
804 2210 667
1227 1667 296
504 1347 430
1298 1437 295
691 2257 714
1375 255 975801863
237 1290 199
124 3682 555
514 2879 1817
420 3264 998988004
1368 2197 35
1806 706 415
1051 2068 1787
1421 2930 927
57 1847 995493323
850 1288 997377028
1708 3920 999379025
503 2694 999931734
1491 303 906
1498 1928 953
191 1705 665
471 2699 998283645
1065 1577 1368
21 406 997754401
1825 1001 1977
796 3885 997278501
1806 3058 996758133
1483 2257 850
612 1939 999998885
86 2153 1162
1474 3746 989623353
814 2389 997072299
1233 3143 995674651
1061 2789 1508
1044 2119 989797546
26 1182 185
1815 1665 519
984 2174 999942909
313 3237 1472
727 2658 999435686
872 3236 994850754
498 3525 1433
516 1914 999701312
1728 1170 994802096
813 1850 999362194
265 745 999998611
1343 2522 1751
1632 1406 998468970
312 1061 566
1281 7 997574812
464 2370 1656
1605 2141 971291830
128 3421 1570
768 3825 999955957
223 3488 999753579
1770 1599 382
1530 962 999986335
939 1375 1949
1552 3821 998561024
1411 1610 999995868
1410 230 995383934
1199 1481 998823056
1624 3963 1416
731 1092 1833
1304 604 836
1529 2690 971212541
999 1731 999957554
1713 124 999597796
1382 1675 999980349
1942 299 305
1147 1969 999384603
1203 2352 999991099
1694 1031 1362
241 3233 1417
495 2420 890101808
1694 3383 992728187
1775 3335 999490938
623 3843 1980
1506 1071 1784
1272 2844 998441814
1385 1037 999913603
676 3243 913243174
606 985 1090
970 2208 923
1383 1855 997062047
83 760 1203
1017 2259 999437221
808 2340 999999956
1539 1167 1400
526 816 993956535
921 527 109
1880 2083 1193
406 3177 1948
942 3831 462
882 2623 997254881
1218 1851 993241291
1319 553 999016720
901 49 999994097
114 2724 866
670 820 1734
272 273 673
296 113 983897955
1690 3226 1666
1930 2471 999608980
1123 1615 1775
406 1534 978563021
1084 2650 999641858
147 2141 985446825
1914 3306 49
1753 1136 999702587
1111 1625 986142272
615 3709 998532087
263 3597 995381661
878 1966 1894
1611 2604 1423
1747 1305 1080
1224 455 989041985
491 2539 309
1106 1720 998748407
301 1178 999065685
269 2842 974399216
1193 1669 991832786
4 304 1505
1879 158 189
655 2986 988416329
923 3695 1711
1292 2835 999594243
541 3433 999873079
1690 1583 999843689
1844 2307 999133268
1216 2683 957
1186 3009 999999492
376 3846 1495
53 2195 139
960 567 999986303
1114 3835 998968427
1936 2091 165
293 6 999999930
811 1363 999726452
1791 3760 999880463
2 2482 999823309
1902 1699 998333866
1768 282 995184885
1170 1310 999673021
1102 2964 1779
895 334 996211487
1060 2801 998403439
1551 1485 681
1278 799 999346603
1763 2479 981138691
1765 3526 1616
408 3259 1432
345 2582 999978490
713 2790 996749220
1743 1465 994028908
833 1908 835
1188 3409 207
287 1633 996337865
1761 2280 1561
616 3562 1095
1662 2760 967011041
1339 818 999386973
110 1274 1193
930 836 1450
1029 647 1458
1856 3813 1204
445 2361 998932147
1676 2809 837
960 2210 1972
488 1704 1057
1939 3408 999252942
1023 3399 1715
1933 3815 995894357
1022 1162 949003961
714 556 999972909
571 1511 623
1721 2057 993109824
375 3038 1108
1456 1599 173
949 396 999390430
23 3291 257
1117 1608 999173695
139 2142 1813
1751 3230 1046
1465 355 493
453 3646 1411
1727 1039 999884924
1013 3854 998038083
586 2081 995128617
974 1199 999981216
847 3514 793
434 1403 126
857 296 964
156 1216 354
1111 3268 1903
1619 2398 614
1413 666 606
974 2842 1965
805 2078 768
1938 881 999960124
438 1976 999771126
666 152 1877
1350 2862 997544260
1863 2504 1646
352 649 945
671 1697 1841
1701 626 999145623
146 1950 994429984
1434 976 1761
1316 2224 800
1223 162 1286
3 3305 994512354
371 285 1688
247 2875 999727425
1460 1733 999930217
1346 660 323
1582 1968 971539497
846 125 999959279
1996 2019 987354676
1533 3268 1299
1294 298 1269
44 1049 999996490
718 159 928057946
1055 1136 999978672
1615 3087 975189556
792 933 1677
102 2186 996726766
1260 2127 999586711
1376 3426 1441
937 1473 698
497 986 999759933
1158 2521 579
720 2280 983862482
1782 971 872
464 727 999629836
672 3538 999471041
958 325 1005
601 830 999992568
1028 3009 1896
776 1011 293
1499 2204 986442306
185 245 1030
1878 2169 995759925
793 1993 998389313
1541 642 999985489
32 1770 681
276 703 999138058
1373 2827 1646
1273 2849 999126376
924 2375 966701402
1098 1910 1003
1210 2128 999989343
980 3142 1946
749 866 999978730
318 480 999932387
1860 3619 412
1054 129 999994930
72 2190 767
213 1153 228
254 2450 1291
63 3539 995329353
807 2080 826
1944 1119 55
1473 2397 767
141 993 994013642
109 3452 999592967
604 291 996991530
1006 3627 999915131
1796 2178 1161
1412 434 973972739
730 2229 961464329
1108 3082 999695862
344 756 997658245
810 22 412
481 2126 998077121
353 2143 1849
504 3699 999258615
761 1965 1128
448 581 999896253
1879 2510 999961815
459 422 980247940
1866 1705 1936
289 316 999138841
500 2884 999547387
1852 1890 998879133
77 1911 999802891
1124 264 994866051
1962 280 716
1324 2544 999999333
1827 791 916
1345 927 96
1995 3926 999464013
1633 3927 565
910 2688 998635485
1070 2451 400
738 2264 1863
1240 1215 997728525
700 814 340
1858 2800 246
1460 3376 397
334 3200 1264
506 3705 943833774
1501 1826 983263923
1241 163 976620754
972 2655 976099423
928 1895 999843347
917 3339 997205000
1301 2423 558
1003 431 1114
745 2813 999972250
1996 3662 326
853 513 999764308
268 843 53
472 3414 991970500
1817 1641 999788211
920 2931 989924778
1679 2227 550
305 2908 645
1113 1692 998230571
742 3561 994072249
384 1302 996800596
1968 1739 999988207
1623 3964 450
1555 843 1381
1544 2864 16
1359 865 1440
191 62 999516325
1881 3612 259
1079 678 1902
1779 761 984787773
1736 1347 999984678
1502 3613 1565
1655 886 582
719 1212 1376
1317 1007 1439
1689 2077 999206971
520 552 993033675
1686 2709 999715945
1188 1766 999798303
1312 428 997467978
204 2916 142
1902 3342 1244
485 2323 970427023
1612 295 883
1610 477 999620096
1439 529 1125
293 1649 1262
1527 3028 999938106
1756 1729 951920480
1137 345 999985007
977 1499 960
1106 3363 147
502 3133 943
1067 3276 730
143 3564 995499165
822 3217 998319241
1558 1993 836
1190 2336 999178427
1678 2579 828
1436 2186 422
1969 2421 1379
542 396 999517306
37 1045 999983418
159 3835 999959477
1435 3346 998759576
1950 1816 770
416 1568 1606
820 454 486
545 1193 998904399
1903 2916 999319032
969 1113 999990111
673 1507 982
1889 1553 999702981
1396 1357 1099
584 1347 1734
1262 1688 1470
1136 2615 349
1025 239 1059
614 3210 998429594
642 99 997105810
1306 2919 475
1712 2095 999567606
1575 2519 999838219
1120 3960 999980718
242 770 1117
1853 2540 998293735
281 3713 999991494
1773 2053 998315800
1846 1535 1466
889 3672 354
638 473 999646929
589 3946 998070223
1737 1842 1638
1346 3012 997250472
1383 3498 552
916 3786 315
648 1019 993349464
849 644 850
167 32 1260
1678 936 998709690
1884 324 1470
192 325 954591661
1109 787 999644212
1380 1828 999989522
1777 2973 999370096
1723 3457 1510
454 474 388
1178 3171 1702
589 1594 1541
1951 2152 999968795
412 465 995169943
1277 3679 341
963 2006 999089898
1755 2959 164
1300 319 707
198 443 912
473 202 999998311
1506 3423 996855328
663 3089 999998871
1127 2661 2
1885 1034 999308114
1069 2448 1109
678 2238 995883651
525 1167 999959605
1870 1495 999961459
1137 1988 154
603 3423 1483
871 2228 326
434 3755 998677166
1004 1085 193
1171 2102 1597
331 3757 1054
526 2459 868
31 2037 995569237
1649 260 825
1648 1295 16
619 3866 1365
1888 1338 1464
550 2642 1523
934 3733 969915941
596 2755 1220
1091 1652 997453341
1776 3329 1462
292 3925 994709481
1049 2344 889
508 1326 1245
180 3471 1355
1891 3949 996772478
1553 1006 1776
1584 1008 999996416
1101 1067 1928
1585 1124 911
436 208 996483040
373 3872 996752810
1793 2819 1877
1631 2022 996387989
176 3844 999230208
1567 3596 987678646
530 2328 713
166 2108 999902523
739 1602 332
983 2915 1651
1398 19 999998435
865 1830 81
472 1062 1287
724 3059 999478492
473 1845 1165
814 37 556
1445 1349 999992049
565 3540 775
164 847 720
62 2926 992998426
1802 2316 999877969
1123 3967 992263424
775 3715 982941086
27 1626 1573
695 492 999923199
577 649 999121277
1100 2522 992549191
190 1672 774
1102 1321 999620358
646 2202 1840
812 1296 1977
1125 1754 998688787
218 2821 850
583 1078 999908779
458 2865 1310
1526 2288 999621144
480 2209 999999325
1843 3022 995709949
718 1802 512
1459 1000 34
299 2893 170
1667 3899 997116226
797 3000 999772339
1250 1495 1145
93 1120 999092365
1928 3086 999958359
1408 1701 997220402
1331 3066 999099695
93 2763 1171
1245 2961 1623
323 24 1088
1070 808 999794991
997 1281 999373643
704 3405 996911564
217 909 996936334
1399 3961 1096
101 1815 979001191
1728 2813 1707
620 2768 1582
1252 2207 1277
94 2487 978925785
484 342 29
954 2180 1695
229 2694 179
753 3479 994463971
785 2049 368
1410 1873 599
1999 2298 964778174
1422 2757 777
518 2681 999994492
1568 2342 999824588
643 928 1418
164 3199 999646180
803 50 1955
604 1934 589
1031 1074 935511730
860 2468 995454780
395 351 999793880
151 3427 999600548
170 879 996711060
383 3723 1930
673 3859 965710211
885 3139 918
1282 795 998718916
752 1369 1153
1774 1025 999434788
422 2563 999053364
437 3341 989191689
1597 3170 1127
1800 851 994018337
1554 1413 1248
1519 1614 993358037
1352 933 1031
1021 3990 1045
1724 3706 999999332
1875 2753 1671
1718 3411 460
1667 1547 78
728 3430 109
1754 281 1274
489 3068 1154
908 2054 1696
427 3887 999792291
478 1058 999698724
817 152 965840305
1744 2066 885
300 2372 1280
1601 2821 999891498
1276 3018 997987774
1402 3808 998806483
951 541 661
1144 1166 999161820
1992 3541 1578
733 1406 1648
97 3331 1954
1901 2083 1336
1207 1641 175
708 184 1725
1011 2042 992726043
1960 1071 1728
438 3619 174
574 3739 992315822
1195 2998 999042847
1976 3848 999806268
22 1065 999614421
1322 2257 1092
338 2763 999979690
598 1370 1864
1534 3897 999800452
243 2873 962
883 1888 1464
1911 487 897
648 2662 1622
919 3022 1647
493 1551 1980
545 2836 227
42 3124 999988954
131 998 645
1631 3665 538
1268 1553 425
1302 1637 657
519 3627 956365250
1247 2552 1876
948 3200 403
905 3028 991567852
460 1896 1038
559 1247 478
297 2813 763
1386 3795 999564352
327 2909 1664
274 2600 586
1313 977 999047207
1557 496 999993550
341 1269 999968041
622 3847 1563
714 2199 1384
575 454 553
194 2747 999363674
1664 2442 1705
899 1718 448
1676 1166 999829051
52 2420 224
460 253 994817761
987 1829 997336008
513 3041 998873857
1835 814 1269
616 1919 962722768
466 634 998881347
354 1516 1454
60 1454 997913421
619 2223 998751961
1293 1357 1211
948 1557 999827380
50 1479 999778500
1080 3489 999823037
1891 1597 1303
1895 2038 999849390
279 3067 1098
187 211 999995136
230 762 721
668 3450 994707179
193 796 817
211 3031 1691
294 198 1039
1184 1267 986460786
1369 1849 1582
122 1497 1426
1286 2752 963125171
322 1437 1473
1952 2257 999994743
1055 2779 678
1874 2751 1885
1695 3610 1621
1794 267 739
360 2005 1115
405 1472 1018
110 3626 974556789
793 3636 1229
1355 2720 364
1687 583 380
15 2537 999390085
1952 3900 1547
1399 2318 999136553
1407 1137 999855769
767 2384 1312
825 1796 999054460
1904 3193 993846608
630 2586 778
1628 788 999893133
1750 978 1073
1382 3318 308
1799 3732 139
1504 2518 569
759 1935 998511890
692 571 997941858
1377 2411 563
1847 146 1904
991 2981 1178
726 3862 522
1078 3449 985591053
1790 2433 999651162
1005 2123 989854352
1670 3207 1785
651 1670 999365470
264 772 999883418
163 3064 957095838
1677 3260 1414
1607 2438 184
1279 2543 999800727
317 2245 969600683
1719 1048 1530
904 207 1116
1330 1872 1130
785 406 994831010
863 3915 999456307
687 3560 602
981 2559 203
1169 195 999979821
1696 3882 1502
1030 3011 994825453
120 280 476
977 3851 997596921
877 2977 858
645 2756 999987579
1818 2215 999656084
587 1804 994885752
1117 3251 587
220 1610 969263080
1589 1474 999851964
686 2503 658
1503 2038 955
75 2981 998688041
1305 2906 1034
1438 2910 959
1640 2668 987017010
881 39 306
956 3902 1109
628 859 982277649
1215 2145 992920567
1219 412 992192778
748 2578 447
602 2049 998596759
88 1665 999732801
1023 1756 998565286
301 2821 381
1196 1995 1792
1691 761 998122615
1325 1026 941335906
1269 1611 1693
688 3802 973357461
14 2803 999693114
1953 139 457
1401 963 999947330
765 614 981614579
1876 1370 312
677 2737 999999799
324 2490 999884929
1213 2745 611
788 177 1745
786 237 999693628
1416 1606 1347
715 3545 162
1748 3220 979944535
1724 1354 1016
1486 77 999941427
392 925 999974249
1198 1647 1113
1183 877 1879
1147 3612 1117
308 1157 1199
562 921 138
523 2777 1314
774 3333 1255
40 3467 960387192
1167 2217 745
542 2039 98
1449 1429 996643672
492 1704 983456757
1863 861 999984216
1327 2688 999939680
534 2736 999656323
1295 1482 999964181
1392 1297 116
799 2811 998507968
454 2826 999925267
554 2712 221
1983 2494 1450
98 3900 999389313
42 772 1453
926 3853 901
1796 535 900860581
640 2872 1813
1978 3816 999833758
734 3041 688
1338 482 999931338
1982 953 1583
156 3568 999597331
1758 446 682
760 1995 997838089
691 614 999999907
1872 1436 1221
885 1496 999833786
506 1353 23
1330 229 997601618
515 1562 999999153
949 2039 812
223 1136 1641
249 3316 107
1022 2805 1918
869 2956 999984579
1237 3083 998858155
775 1363 1819
298 1379 1648
1894 1634 998684415
1039 2915 999802365
321 209 994650291
1189 1398 868
1293 3709 917800663
234 1584 999993709
1368 554 999682374
791 493 999538569
1564 1581 998609915
1429 3430 313
980 1499 984474574
1744 423 999107611
1615 735 1301
1077 1591 999608640
144 1391 999502732
968 429 674
85 2480 999975881
1365 3541 999995833
1045 1655 275
1004 3437 999526098
745 461 693
1332 2626 52
1037 2978 946
1481 1089 999999113
370 2774 998419542
859 2727 999724615
1353 2972 990213851
780 1425 996589255
757 1147 998283490
1837 939 1052
390 723 999022537
1275 1872 938749904
1201 1504 997718454
1993 3782 997994244
1768 1925 1871
332 2809 999248554
1238 3707 999874649
303 2286 973187705
399 384 999565034
1980 2143 1376
1910 1087 992505497
536 465 998601694
764 312 1801
1621 2858 1764
1741 943 1039
1444 1852 997321000
558 3175 991391200
1334 560 999596076
1076 359 823
1443 1222 1804
1745 1529 957610693
1026 305 991193976
547 501 494
282 2391 1176
1151 3947 999999164
1905 1645 997385656
1954 2405 999865754
649 1003 999844052
681 3068 1450
12 193 999584831
1923 1292 636
1600 729 810
1370 1358 975137185
1933 1463 1234
1788 3086 999699259
552 3870 999272640
525 2810 252
271 923 957
1010 2663 1585
112 175 151
1115 3023 1743
1395 3146 999565254
508 3678 999915255
615 1357 93
768 1473 1853
1767 2470 1032
1463 3905 999550020
1635 2494 998892492
1172 2481 999926994
1125 3397 1401
72 547 992546338
1354 21 999982590
414 2994 999861973
491 896 999973554
1979 3125 777
1959 2332 424
1191 2254 954433332
1579 2186 998723503
1162 435 999845935
963 3649 1614
1176 1709 260
1447 1473 999988937
1786 2722 524
1709 1043 33
1135 2973 991156328
1478 2739 419
1307 52 1476
565 1897 984083532
39 3410 999369921
30 463 1469
891 619 1513
1259 2198 999905414
1828 320 1622
1014 2451 1846
537 3619 948
710 927 1666
812 3648 998384217
818 1879 1745
1782 3323 998799589
552 1518 316
577 2292 1465
839 2835 957976639
398 2678 999713328
211 1388 997145530
739 3954 999349765
1636 1471 1533
1748 868 1059
1884 2676 999699264
196 959 1082
1859 985 994261971
1648 3647 999657984
820 2806 999159655
1342 3094 999999624
1377 768 999932455
1896 3161 1576
1177 2683 814
856 3096 999217148
1072 3215 1104
1388 2507 478
1437 1717 472
1472 2284 994173054
481 3769 560
1103 1744 999662927
1669 960 989893559
965 3285 528
299 1250 986091932
1118 444 979036929
165 3925 999375672
463 1564 643
1831 685 29
150 1630 984876089
1851 2947 1991
358 1091 982492573
338 411 403
913 2195 999426552
904 2559 998435284
772 3615 996235607
1871 360 998989133
1814 2830 999935188
809 242 1181
614 858 1773
750 1846 995220548
1482 2088 1193
771 2724 999639644
891 2971 999780973
114 1081 999696329
675 418 417
919 1379 997160310
1071 1752 1865
682 2393 1940
1852 3533 222
994 2598 996122099
1432 3116 997658745
1736 2990 1633
1745 3172 1955
158 2886 231
741 1576 993838968
25 2701 81
1498 285 999491607
920 579 376
1611 961 999233437
1092 3500 292
693 1255 995931185
1592 1802 997746024
1146 3709 998806031
51 988 999999633
976 2273 653
742 1209 187
562 3273 999974675
659 2443 308
13 1726 999918032
1352 3285 999812441
825 3439 25
611 3010 733
436 1851 1021
661 1590 1492
1406 2152 999657035
842 3609 932
831 112 999982856
1228 2025 988416822
1849 1461 1146
1851 1304 999929452
840 2786 999931603
273 3988 1840
100 2080 995956814
1967 3977 1132
1816 2515 353
1999 3941 1011
1742 3018 1222
599 1093 1152
1160 2423 1072
931 1478 235
1270 2625 998
751 2793 1719
1351 3467 983638259
1364 811 1845
1408 3344 621
821 357 999308244
325 2330 999226355
214 616 559
936 680 999617155
594 1163 979
316 132 998730948
1051 425 992912743
1601 469 553
1229 928 997866106
1940 1915 993155319
146 3593 1176
414 642 154
1273 497 1983
1493 3099 999980546
1797 1101 996132670
322 3789 996743851
1402 1456 1046
1194 1168 996768242
446 3674 1174
1341 364 990333137
962 666 999859129
1340 646 997496053
1431 1716 1082
844 3059 999679413
777 2392 1267
1268 3905 999220708
1878 3812 1458
522 3550 55
787 3742 989165440
1258 3551 999901898
1041 450 998598305
778 1684 555
534 384 1068
915 143 302
848 1867 868
936 2323 637
1393 3722 1596
693 2898 1292
549 2369 999995119
816 2479 1302
382 1315 991957729
512 3129 999021054
246 331 989913415
59 3339 1916
1672 2516 996800152
801 2256 1
1082 1577 999303977
1565 3490 1293
784 777 997883762
1397 1660 998150702
746 2920 790
1328 1199 999991645
1372 795 998631732
7 3070 999401177
1149 1427 995949965
1962 2632 999751866
1573 789 996951235
1956 1812 998669073
337 2596 1833
1259 3841 1145
1715 3109 1246
1395 794 1937
996 1936 963471136
437 989 1424
991 1338 998139587
466 2277 313
1848 3519 999747034
108 3284 446
893 3833 921680603
202 119 999989001
291 850 999868766
1576 2702 997249888
879 1974 878447692
631 1620 991323636
1308 174 381
867 25 1797
368 3981 206
169 2539 854
637 240 4
703 3984 1585
978 3438 999499897
578 3986 995874982
1266 1057 389
11 2598 167
1482 445 999843756
357 3541 1281
2000 3555 995994910
922 3147 1152
1477 1567 999999603
964 2691 1612
843 604 92
713 438 813
1700 3785 999951650
1688 3500 481
210 1927 1798
125 1083 997541897
461 2494 138
1949 2584 1043
251 1530 919852878
675 2770 994612112
1534 1545 1561
1612 2647 997485902
224 2978 577
672 1186 1034
557 3719 980881587
1751 1587 999982661
112 2527 997647219
2 130 1897
1501 3469 948
521 1791 1026
315 1443 1277
1885 2677 1182
1449 3072 1468
609 586 1384
645 404 984
476 1125 909
870 1152 998009428
1752 411 996514426
1917 711 977874589
873 121 996805373
58 1783 1121
1494 2978 146
173 261 999769913
1310 2338 1106
514 1236 993359991
966 2367 1959
77 3554 1519
868 3386 999902381
1741 3295 996971343
1657 3436 315
1653 2295 996922602
824 3881 987486614
1716 462 988552251
258 2931 887
1437 74 995827173
848 224 998283052
819 2970 1896
36 724 74
407 1852 999850594
1944 3471 992462536
1570 3413 994146290
99 3237 1134
1157 2300 627
425 2893 994054668
876 1297 999976102
587 3447 1564
1545 2807 1333
78 559 525
513 689 809
41 281 234
1222 2139 997871395
1553 3358 999459600
1722 963 1545
1934 2140 965082982
1784 3561 988278262
61 2025 999935574
195 3251 999754090
986 3582 72
476 3477 999958208
1973 863 364
1532 1688 1118
1163 36 1485
1848 1167 1588
262 3760 985544186
1192 3935 565
384 2945 1282
893 1481 436
1716 2105 1870
1947 3968 999281386
941 2894 461
769 2356 994359002
1089 1800 982
1154 676 999951039
1666 40 1479
735 1905 1790
379 3872 378
1609 3541 999497225
1151 1595 1807
737 1658 999468829
447 768 996499911
1130 517 999992165
546 902 988975660
1604 1201 1393
1821 3535 1063
132 66 999968478
269 490 880
393 2130 667
1048 3398 970266277
1356 1366 998102336
1387 3837 997458917
1823 2043 448
403 1747 275
1903 564 920
964 1048 999806280
1319 2196 1043
1524 2031 950467401
1813 167 1725
1024 3002 1617
802 2334 1403
639 2947 1805
1264 3511 323
1185 3603 997443726
20 3076 1784
1561 2664 362
1854 1325 1525
1088 2836 909961524
1810 1073 232
531 3977 977469074
1471 2610 998973051
234 3227 90
1643 2900 999291873
846 1768 1803
746 1277 992090458
349 3718 999414646
347 864 958
1545 1164 996602718
1168 2611 514
1795 73 993828643
509 430 709
917 987 64
1075 35 64
538 549 153
226 2697 998194949
1620 1175 796
1099 1961 1856
596 1112 997413537
1100 170 1350
1982 3305 999416597
1726 2388 593
1325 2669 354
202 1762 1272
415 3361 1384
1946 1722 998862511
1685 598 997569190
1499 3847 604
639 1304 999929322
135 524 999459542
1953 2491 999672780
483 1280 1603
1986 722 957
15 185 1404
260 896 560
1971 3058 599
327 1266 963962586
68 2154 12
945 2079 1109
722 761 999968575
1200 1661 1859
1630 268 125
396 1768 1986
572 681 1384
1821 1892 995362437
1502 1970 992549655
279 1424 979715013
797 648 1331
9 2330 528
360 362 999506542
1285 211 1176
1824 3065 861
418 3927 999603739
307 1621 995605388
1001 3616 752
1991 2234 995369645
359 3195 1329
1919 3334 246
1129 3886 998181948
593 1641 989006332
756 513 922683241
1231 3197 999201285
1372 2438 1220
758 931 1089
1844 3950 96
11 955 997839280
1537 802 999987510
1939 1056 1341
1019 181 999242931
855 2065 1084
1067 1633 996504350
364 1224 1139
432 17 1452
749 2509 1804
103 348 1214
218 1178 999600033
720 3923 1385
517 3835 994652198
1009 3544 515
1628 2431 1156
204 1273 998562074
1732 2452 993774962
92 2395 999605575
1116 3985 1437
440 3325 114
1883 1875 147
478 2701 1283
1659 3129 998383468
291 2493 19
167 2384 999994970
1082 3220 1196
512 777 662
1725 1777 999688778
952 518 999672743
475 3605 999998198
544 2321 998992634
816 836 999308628
994 246 1208
985 1766 1910
1094 69 995265554
854 3754 997449477
1266 3409 996198918
1306 1276 999288708
1674 1751 999849477
123 2708 54
1404 3386 664
1964 1487 998924092
208 3095 999999926
1418 568 998708540
875 1292 986573082
1375 1898 1181
1564 3224 1934
536 2108 1806
1714 705 269
1342 742 796
1396 3709 998722279
976 630 997715833
230 3114 999566224
227 2513 308
74 3483 662
441 3521 327
837 77 999419019
455 744 999989249
743 438 859
190 29 999887921
926 2210 994544383
1099 318 992271045
551 198 23
1702 2579 999719872
1789 3679 998921189
1849 3813 999922855
265 2388 520
1765 1883 999642025
600 22 445
498 1882 992888276
756 2156 830
779 3043 922
70 3337 999995648
890 457 516
1920 682 479
1 480 995956987
286 2125 990146302
1374 1166 999498202
1808 2783 60
1795 1716 1767
591 1130 993664461
1201 3147 1446
1037 1335 999998359
590 3465 999362880
1376 1783 953576111
1000 3492 1982
1924 2631 991403702
1451 1232 1676
87 3005 987250686
1187 3679 998179195
238 2034 681
354 3868 998325195
1910 2730 1791
1455 2326 999622807
1710 3672 1262
983 1272 998984514
306 2688 1598
127 1346 591
1031 2717 390
1357 800 986700535
1185 1251 966
302 2523 1321
1560 2966 953
1892 2415 1650
1675 1531 987260025
1061 1146 998809166
474 1244 1935
494 2850 999948890
1174 2001 1767
779 1400 964706350
74 1840 982456497
601 2473 175
475 1253 384
870 2795 1555
1458 3763 999590443
423 1801 999963935
1740 1046 832
1596 3573 1795
1089 157 999283839
251 3173 1162
385 2449 999907113
1071 109 999178784
130 593 510
277 3043 999438781
1774 2668 1175
553 200 999814852
685 552 1691
229 1051 991888967
1639 1326 999180091
458 1222 997955589
10 572 1617
1058 2956 58
637 2592 994601254
1003 2783 996367084
1048 1046 754
1448 3330 719
1542 1718 999601632
568 3874 236
1234 2373 996318307
1820 3329 1293
1784 1209 1572
1096 3558 1719
1490 2417 999412805
1248 261 999857182
1672 164 418
806 3356 998894913
1220 810 1282
461 851 994563293
874 1951 737
1247 909 978486734
1574 12 999972288
1414 3244 999667998
1491 2655 992381061
862 2179 869
660 2100 1581
235 2048 605
1016 2326 981555952
1206 3259 933
1496 2031 216
1703 803 404
1066 1943 999274832
410 3217 999833230
828 3077 994906373
612 3582 780
1390 1194 998507229
1928 734 1013
60 3097 506
409 3399 1887
1081 1938 780
771 372 1590
643 3280 999968568
245 779 709
1780 1373 1540
1866 62 999837489
1301 780 992009841
543 331 999896348
729 2767 882
75 629 1742
1226 2769 1077
1896 1518 999922560
528 1167 991991911
942 2188 980408626
851 267 1191
1230 3422 687
828 725 757
610 208 999703336
1164 2735 984313962
1838 757 1812
1760 831 998096614
276 2346 1638
362 369 1641
1722 3315 998140525
1128 2531 999838978
1457 448 980560696
682 750 999642087
1958 199 134
1638 589 378
717 2078 998363584
199 1939 999930509
1252 564 985796974
567 279 435
845 3143 1667
1492 1360 308
1073 3725 996541496
1598 3813 999452927
348 3825 991340883
1562 394 999635506
282 748 998921953
1105 1919 1977
1598 1461 382
1652 1348 999994725
987 3472 1538
1971 1415 986637140
698 1652 1039
1152 2348 1526
1040 3843 994375707
1097 562 1491
1613 698 1912
79 3303 1726
152 1246 999939062
568 2231 993538758
374 1423 999858916
1624 2320 999919199
1605 3784 933
1090 2788 996669238
924 23 1971
529 1549 1133
690 1328 875
563 503 999994875
33 689 1886
580 27 1727
1251 3340 1140
875 2935 1931
988 2412 999901321
1717 1946 999993334
1515 2078 133
272 2625 997768782
1015 3266 695
689 708 1841
89 303 1757
724 707 709
1954 53 1476
1465 2707 995643021
418 1575 1174
800 2376 1181
592 1602 383
707 2723 181
830 2889 1404
1846 3887 999755099
105 1224 997242036
1081 295 999795852
1291 3217 304
834 1938 999998820
529 3901 997509014
117 1170 1797
337 953 999728711
1467 2874 998870318
17 3358 980027307
452 654 1031
1176 66 999623771
1943 1054 998982804
517 1483 1210
1968 3382 609
1509 590 949988092
1507 132 582
1717 3589 1427
161 3559 1099
1104 2287 582
1811 290 999345913
1255 1614 1316
221 3857 364
426 255 150
1287 3990 1340
630 943 999988234
1263 3070 999021430
82 3204 1279
1832 2651 653
574 1387 1815
644 915 1602
1769 2920 999916801
1175 719 995430502
1803 3380 982796605
532 1417 1522
521 148 999631363
320 1145 1554
998 897 1775
657 656 317
617 1838 1146
588 2102 999734301
256 1883 980
1387 1485 1609
258 1288 999974724
1548 3442 999333615
1087 1801 134
1426 1557 1373
1311 1675 999891078
329 3411 562
1227 24 998325491
1469 3982 1278
381 3346 991981054
881 2391 994770000
1030 659 976
283 3763 872
1680 2115 998213994
755 377 962264734
1108 730 1472
995 746 999558378
1127 1018 987651545
288 94 619
1336 3338 1259
1296 23 1232
607 376 999803188
1063 271 1581
1929 1252 1562
255 530 997527128
1586 1802 16
867 2377 999597044
923 2052 999935062
1518 3911 671
1427 1361 1551
1140 323 999941322
1590 3552 999977213
1290 3501 999974919
845 1500 997558684
1712 3738 1572
1513 3427 615
378 2267 999997465
906 1768 998523262
582 1022 983988505
1708 1568 1639
847 1871 999999243
1211 1808 998520402
1309 2764 799
1542 3361 47
445 9 90
1495 613 4
921 2879 999969959
979 1343 767
726 2219 993105955
1726 745 999884529
143 1212 1354
1180 3643 13
516 3557 256
1822 1554 999991414
782 1643 1303
755 2020 604
1555 3195 999988434
1425 2358 986
248 1816 990770554
1818 3858 997
193 3148 996617800
725 2866 988
240 50 999625590
667 610 999965262
1224 2098 956
353 500 985337779
1642 1877 584
171 228 865
228 3478 997608038
220 3253 1325
137 1594 957490909
1156 416 975252699
544 3964 377
651 3313 1361
289 1959 762
1671 1718 997233109
665 1582 999657943
766 2660 623
1318 1334 999742013
1575 167 1859
495 68 1789
741 3219 1324
87 653 1083
1936 448 999976111
661 3942 995428664
908 411 977294674
1737 199 995389177
887 3965 454
1232 2143 1861
981 916 998709590
39 1058 742
1261 2105 999988623
1520 2182 983162776
1559 2593 1359
179 3775 999
1085 3803 470
1757 2135 999992735
1110 1525 135
633 1023 1212
1646 1426 999992495
1845 2925 993339416
1109 2430 1600
1105 276 998828884
1734 2013 999989432
911 1378 999467400
36 3076 998130675
91 3383 906
1684 83 999738701
1219 2055 1440
951 2893 999794434
1830 5 999957296
1337 609 1073
1978 1464 1399
626 2596 1892
1571 1029 1326
1344 2965 999936285
16 2844 951315253
1367 1246 999391612
624 1948 997
396 125 999999773
827 583 999278233
1616 3882 987344579
1235 3824 1207
47 1914 15
1641 3473 1063
1530 2605 1378
1961 1489 1360
989 547 303
606 3337 999982540
47 271 998777039
490 1836 993792585
1603 2534 957396977
1379 2087 999995365
1322 614 984892537
435 878 965705186
952 2161 539
241 1590 999135772
1027 41 375
405 3824 999686267
1616 1530 1324
1187 1327 1466
37 2688 27
1557 2139 1853
989 2899 999997969
1843 670 550
625 3016 1243
1007 3654 1984
1059 2060 999341555
728 1787 999920900
1718 1768 998154107
1985 1081 999753629
1595 387 999746650
620 1125 998747432
1197 3625 955
815 908 999948786
1812 1328 962
769 4 146
147 3784 1042
1892 772 992859409
598 3722 999939168
699 3133 993261806
1149 3070 870
644 3267 998637841
1970 444 765
53 552 999129068
1378 1922 173
968 2781 999955718
1839 3328 999956977
1139 2086 999938957
115 1779 744
1660 3515 999819435
429 2890 998271141
1455 3969 309
285 1879 996385077
1074 3465 490
1732 100 616
789 2146 991950202
566 2176 999953160
1459 3352 999262422
1006 1275 426
1881 1969 991375609
1826 1475 836855063
1036 1301 953522289
758 3283 999975798
31 3680 397
254 807 999963411
796 1533 1006
777 749 982823954
1435 994 664
833 265 998753230
1336 1695 996817568
501 654 998743364
657 3008 999988551
1988 3015 1073
379 2229 999728479
894 1783 1955
1871 2003 1951
1136 972 999993752
162 1842 844332112
140 1745 982860943
618 3002 1118
469 3835 17
1634 2077 1864
886 785 999892432
1614 1567 999983210
832 977 1737
1414 892 102
309 1920 579
950 2235 1148
1578 3440 999650241
420 912 997
1809 1641 384
1249 2134 999550663
1943 2697 1049
1357 2443 264
1776 1686 999916867
1629 249 999819476
1860 1976 938112011
884 233 298
1807 140 998200506
1093 2552 999770657
837 1720 947
778 41 993828222
1211 3451 1306
1378 279 997312203
592 3954 995342958
1098 267 996144298
1297 3457 984144333
1539 3519 953735642
1985 2724 631
1364 3163 999993697
1873 3898 996869688
28 2593 996835581
1472 3927 1390
911 3021 1429
1535 3426 376
32 127 999848024
1448 1687 993123800
177 1083 995740248
1039 563 904
556 2478 1031
451 1852 995274181
1561 1021 999857842
1468 2999 999970994
487 3311 936528279
215 367 999833553
1112 468 999455692
935 1493 999999953
224 1335 999926181
1050 1006 372
879 3617 1881
892 3662 891791295
859 375 1778
1288 3725 1601
934 1381 1316
744 849 996709183
371 2637 997497744
363 1409 991875161
1153 3555 999636693
1257 1667 751
561 1095 204
522 1907 999868118
677 385 1974
336 1285 994424780
600 2374 999434914
1627 3936 1545
1265 943 82
18 3298 1880
139 499 999466555
843 2956 997575766
1052 1513 980899506
1573 2432 407
52 777 999982869
1303 851 999553599
563 2146 426
918 3205 994165261
704 1053 1708
1027 2393 996270370
736 2942 999825292
725 1223 999963328
623 2200 997459402
680 438 862
1091 3295 1601
1914 1663 993506129
1882 1415 1247
1195 646 211
783 1137 1300
1107 171 809166601
1036 2944 1567
1853 188 900
694 3076 986710213
1900 1514 964
1570 1061 1807
1618 905 1105
641 2518 77
1683 3076 1093
117 3522 995947737
214 2968 999911310
939 3727 982207537
1897 2097 603
484 2694 998959636
510 193 1259
369 2706 1406
1527 676 770
106 1961 70
447 2411 101
702 3092 998625804
1288 2082 998614397
1925 3568 1081
707 1080 994591464
1032 262 997803634
1077 3234 241
116 1852 560
1997 3139 398
1591 2299 998457814
1698 532 951734059
1155 37 999996736
1165 2857 993895355
1446 2654 576
1665 363 697
649 2646 1362
1867 3294 1222
539 1823 1636
1347 1411 1322
55 302 1925
1531 495 991507904
605 537 996941081
1984 968 195
1518 2268 996095786
806 1004 1399
1679 584 999967062
1657 1793 998488193
1868 2196 999888338
895 1977 328
955 92 1070
489 1425 990426094
82 1561 999262685
1550 20 1658
446 2031 999901178
690 3680 999467996
993 86 999922307
1547 2954 715
636 1206 1922
1042 425 843
308 3509 970640648
1008 1652 1395
1043 389 1456
210 284 999998594
1932 3370 919
882 271 68
1673 1875 608
721 1328 119
1556 3543 468
1209 665 995780100
548 1242 999692749
150 3273 1225
1912 3220 999823640
786 1880 856
1379 3730 354
1034 3855 999323112
549 17 769
1478 1096 796007358
83 3112 998599969
1450 983 998868687
1813 2519 982718879
1060 449 1602
1317 3359 999951192
570 2480 895926277
1270 982 999826385
1312 2071 997
366 2823 769
248 3459 1160
1623 2321 999501428
346 2719 998604176
1685 2241 260
1799 2089 999449522
246 1974 790
43 1660 999918005
469 2192 998273222
1515 435 999972993
342 3184 1892
723 3087 999691484
1917 2354 1166
199 3582 416
413 3809 982574649
925 111 999896447
915 2495 999985537
347 3216 997088041
1433 393 973614639
1090 436 942
1788 734 1792
160 186 772
1753 2779 1275
1738 2335 996371769
1587 3777 998983109
1625 2528 584
868 1034 171
1429 1787 999983126
1417 2228 1410
1638 2941 992638186
761 322 892669868
86 510 997835319
663 737 1614
104 3881 961
1974 1449 999176893
815 2551 1490
1987 652 1741
1811 1933 1776
1817 3284 269
647 3213 998312715
1083 2590 999817528
970 565 999963566
1175 2362 399
189 3008 999273326
547 2853 997091685
1318 2977 1289
178 239 999575904
790 2638 999983039
1486 1720 1404
1046 658 997955724
307 3264 1991
1042 2777 997436973
1283 1586 882
1687 2935 999988035
863 1563 911
1064 159 449
410 865 1868
958 2677 999885944
1899 1385 997121475
288 2446 995503686
1755 1316 996494672
1994 3695 998587792
716 2671 999988354
789 3789 1698
1116 2342 998794629
832 3329 999844305
1074 1822 995756809
490 3479 1040
1120 1608 590
1990 2817 994127692
1961 3841 998282957
1548 1090 1675
1583 3518 998410567
1512 2972 763
617 195 999446536
807 437 998282453
1802 3959 1045
1602 3261 999666300
1362 1134 980262458
350 3943 996857117
1995 1574 1744
500 532 110
532 3769 999935122
1443 3574 999655700
1197 1982 996127396
1381 409 496
427 1535 1946
1577 3368 999674239
474 3596 999889331
1967 2334 991251607
206 2806 999939783
275 32 624
1231 845 646
38 3009 999806931
1762 2685 994351925
1622 3888 999807383
1798 380 401
1118 2087 19
628 2502 1103
1783 8 999659733
1537 2445 733
404 938 999688801
1236 256 999963052
1439 2881 999997798
679 492 1484
238 391 999454152
131 3350 989105968
182 3601 999999471
1938 2524 1878
757 2790 1853
444 1787 997510337
1723 1814 999844553
1889 3196 906
1020 1062 999416118
560 2062 997800668
342 1541 999928421
821 2000 1966
905 676 416
1161 3272 999976408
290 2229 1061
1047 2639 995006714
1733 197 999958388
274 957 998419072
1568 3985 226
1815 22 997884398
449 3659 274
1388 864 999985103
599 3445 999823403
1271 776 999485408
1289 110 1884
1919 1691 999911793
292 1573 1926
1180 2000 997942426
898 878 739
666 2504 977904966
1600 3081 999108719
160 2538 993475524
590 1113 817
947 3754 997384962
1804 8 431
1946 3365 83
1303 2494 268
244 1976 275
1466 3688 999420043
1053 2126 1990
1569 500 998004459
398 326 192
1213 1102 999896230
1129 1534 362
622 2204 997205963
205 1376 1897
208 743 446
1841 3139 1936
1566 3373 1776
507 1529 999846352
314 2986 1081
1929 3604 995113542
621 3464 997951581
631 3263 21
1650 3647 1655
1869 1629 1860
1571 3381 999068477
567 2631 959487611
1997 1496 991368711
560 3705 894
929 708 445
477 1551 999822326
1271 2419 92
1771 1098 1441
840 434 1451
632 3810 999820830
1567 1244 1068
1590 1200 756
647 861 1871
1361 3788 1981
231 3586 1851
971 2826 735
1686 357 324
1536 34 998353316
175 3746 506
496 3761 998444759
669 2277 996578099
1469 2339 982464759
1916 3431 999702613
433 3518 999390984
1314 2822 544
629 1973 999993013
1212 1399 489
1144 2809 153
697 3605 1579
1138 1817 999636909
1394 57 1669
888 1033 999909191
402 2716 994955740
1698 2175 446
1963 489 1261
1627 2293 999090673
1778 2539 999646730
145 2388 989705311
232 2778 706
635 3550 1568
1671 3361 231
957 2581 982039942
391 1366 1907
1309 1121 999493037
38 657 1038
897 1273 996
340 967 999986177
548 2885 1562
1214 1880 1812
1599 3213 957255912
1424 3388 898
1904 841 398
302 880 991969300
886 2428 1025
1157 657 999442138
1297 1105 1222
310 631 747
362 2721 995261325
172 229 826
1603 182 93
1824 1422 990125868
419 1088 1657
1208 3563 998675169
1058 1313 999997327
1794 2619 999999411
1313 2620 270
239 1341 999996143
1764 2880 999907768
1644 628 1699
1541 2285 955
1756 3372 1903
932 977 1646
1143 2464 997470197
1008 9 996317478
966 724 999713067
1298 3789 999982442
1906 1742 999998206
1948 922 983
111 245 994763575
1236 1899 1814
556 835 999300467
1876 3722 999927970
1770 3951 993995901
1663 3952 978167184
943 3051 1277
264 2415 1003
1204 3490 996748139
1894 3277 1924
119 1326 999809720
144 3034 540
770 3978 1519
1262 45 982653057
1785 3039 1968
1625 885 922574879
802 691 997668012
1462 1411 197
80 700 382
126 3630 999991687
1182 2360 214
325 3973 1527
417 1159 998403517
595 1753 995571504
650 3674 460
456 1411 999454978
1958 2551 997778310
263 1245 493
1746 2991 999898374
1263 718 1686
1606 3491 278
381 994 1071
188 1818 994197804
770 2335 999685897
421 1803 1080
415 1718 996003421
801 613 999916054
216 3878 985307363
1646 3069 613
369 1063 989667934
1656 908 1555
747 856 1843
715 1902 982382990
1130 2160 1131
931 3830 999999984
750 3489 757
1731 2408 990194261
1730 1096 1759
132 1709 1650
219 1523 66
1500 3248 999413387
810 2374 952148774
169 896 996509457
1230 1779 999962041
64 2865 209
1918 2193 517
603 1780 997638604
593 3284 483
1763 127 1373
1907 1998 1708
1549 30 999362957
1222 3782 560
207 2852 188
1403 1020 999018042
988 60 1563
1490 65 975
1975 1622 999834296
579 3673 409
228 1126 976
740 1653 912
1228 3668 1983
339 3123 997345614
610 1851 353
1367 2889 501
1580 3421 994425369
18 1655 988419627
84 2812 998894763
594 3515 998209753
990 890 367
818 236 992523346
1132 3515 318
629 3616 1998
8 2370 429
533 1597 928277697
709 2815 997848259
232 1135 984362299
1636 3823 996596227
1576 350 920
1497 2957 1928
1705 2297 998817130
533 3240 33
961 2747 1128
1086 2802 920182294
654 3457 1745
1645 2425 999714427
1221 1974 76
1547 1311 999858948
1801 1257 990681321
743 2790 999763421
678 3881 1045
1591 3942 1701
90 2833 584
106 318 996631651
1141 2032 1213
1281 1650 1636
930 3188 999149328
35 1874 1896
1326 301 791
1887 294 962489658
63 1187 60
1371 2018 997564553
1781 626 996750705
1668 3929 999574125
1054 1772 189
798 2735 1622
194 395 1470
541 1081 503
674 3271 538
1244 367 999350278
1366 2724 999607815
1754 2633 999883560
1562 2037 1482
1635 142 896
386 1190 1388
1935 3132 995233136
494 498 127
424 1937 999882593
652 1021 931129378
1729 137 1357
1423 3347 995979950
575 2806 999973846
712 277 999707591
1739 3973 1080
1413 3018 999932724
1886 2470 999986159
113 489 1505
1415 2724 1079
1358 371 999976846
1302 3989 991575592
407 3495 229
1877 3224 856
343 20 999980383
171 2580 999732094
1810 3425 999962451
1428 3283 996085120
538 2901 999776602
486 3301 999987225
1422 1114 999958032
1202 2826 294
1762 333 1792
1830 1648 1510
1173 912 1212
1743 3108 1473
540 3942 1605
1858 1157 982757775
1327 336 1676
1165 505 1769
1080 1137 1389
566 3819 736
300 729 997865580
1033 3401 459
1323 3879 666
1045 12 999534802
1563 3809 993361106
551 2550 998634262
1205 790 995462217
201 2959 394
1514 2869 347
245 3131 999015674
1464 707 577
1504 875 998712490
1697 3995 1451
422 211 1366
1950 173 999757808
261 3831 997957844
1780 3725 999446719
449 2016 943897070
1916 1079 1889
1639 2969 767
227 870 998977090
982 578 998223603
1864 210 998351072
1326 2653 999816777
1121 601 1225
100 3723 257
944 3552 999786803
1126 3022 1323
944 1200 1730
383 2080 999612801
1315 3335 1923
1234 21 1864
899 75 999970331
1977 2586 999997383
1489 2018 1350
933 204 993926221
1606 1848 954329517
791 2136 1310
1348 3068 968283375
1702 227 1683
1899 3028 628
1609 1189 1714
1128 179 1471
34 2987 999533487
177 2726 1548
1152 705 999926430
1011 3685 510
1658 3045 1135
1872 3788 974608675
1134 2461 993299192
1840 3989 997762701
130 2945 976850038
907 1032 1796
388 517 997412804
1857 2672 1434
1186 657 701
866 3152 1300
1148 2361 990139510
455 2387 747
1735 862 674
1284 778 1419
102 3829 976
1194 2811 158
1078 1097 1668
864 597 21
943 1408 999926794
1558 350 999566340
66 999 225
1656 3260 983613197
1441 2462 999977063
1926 1901 999574028
1585 3476 999979041
96 1477 999808979
1804 2360 999654729
1104 644 979844704
701 877 297
1619 755 999859097
641 875 999476199
313 1594 999906622
1206 1616 997725533
1032 1905 1097
1425 715 999706367
1773 3696 1574
1426 3909 997189035
687 1917 999811250
116 209 999740569
1189 3750 999999522
1990 465 1213
873 1764 1557
559 3599 998769029
1430 445 765
1607 795 999899075
1713 1767 1444
1218 3494 18
1921 9 800
1874 1108 988347307
1328 2842 263
470 708 1546
1163 2388 999681075
350 1591 1992
305 1265 999981281
1940 3558 661
28 241 920
55 2654 996590591
1747 3657 988138712
1064 2511 999890257
1957 3405 1274
1581 1081 999351825
1719 3400 999889363
1225 3901 999644867
1237 731 253
107 1354 998009142
411 3867 999999445
442 2830 1504
851 2619 998568907
1819 1693 980644987
973 1254 997609184
706 1474 1338
869 604 1667
1966 879 987087450
626 953 999985645
654 1814 985113951
1133 3163 999980583
747 3208 973764084
375 1395 991908150
137 3237 976
329 1768 999966749
92 43 1783
737 3301 264
1654 2086 945882168
34 635 1320
1107 1814 1798
1489 375 996802973
1778 187 1820
776 3363 987607693
1644 2980 999805115
946 3464 1702
9 687 991892049
1597 1527 999639316
487 959 1026
602 3692 1017
813 3493 52
907 3384 976478679
1341 2007 697
555 963 425
1918 550 973851672
1196 352 999816517
233 3729 306
1134 109 402
608 976 1396
324 138 470
871 585 999731242
1752 2054 1935
1661 2403 990903477
3 953 217
1875 1110 999987465
1122 3459 998764015
1412 2077 587
1519 3257 242
1525 542 999975810
1829 1919 133
1133 811 1878
236 1751 132
685 2904 999916843
1488 2602 778
1182 717 964205015
723 735 313
835 550 999917799
1869 3981 998833992
954 537 996300146
1431 73 999657808
356 3711 112
1757 3778 1715
235 405 999882940
134 3221 894991363
858 336 1088
197 3407 1291
1645 73 662
946 1821 999862062
1421 1287 999426487
1520 3825 1335
1535 1783 999848800
1183 3229 998240695
1094 1712 1466
1178 1528 998517942
1584 2651 1606
8 727 999480306
1652 2991 1155
280 1563 986909385
377 221 293
119 2969 361
212 2938 996800740
351 2789 996636377
1700 1433 1734
1021 2347 996288133
2000 1203 1859
1122 1107 910
1417 585 984531114
387 1456 999913645
290 586 999880519
155 2057 999840460
1934 3783 1984
703 2341 976961937
1277 2036 999181618
898 3230 999984099
1531 2138 1698
1986 3074 993824651
433 1166 470
192 1968 1202
890 2809 999607138
71 702 999895954
1913 3637 997571853
247 523 495
76 3167 1555
1588 2033 998969252
689 3060 997325593
1438 1267 999964534
1964 3130 1112
358 2734 1238
1269 3963 999701375
5 3654 1649
1993 1430 37
1373 1184 999855648
1337 2961 895072425
367 1440 963698358
1949 941 998292145
727 306 1772
54 1419 999130638
1926 3544 1527
448 2224 1786
1485 3622 90
260 3248 988909397
985 123 992452296
1311 3318 990
763 3069 1991
186 2436 997447093
823 404 999998855
1749 1394 1926
73 2607 999395999
1434 3328 999310571
10 2924 998386403
734 1398 999079623
1035 2320 1530
1323 2236 999477610
878 323 995622628
323 2376 999978074
1174 358 999996844
1546 1985 980054255
1695 1967 999564616
195 899 81
1166 1390 1616
1494 1335 992700262
493 3903 999969488
670 3172 999985012
1642 234 980057090
1992 1898 947225222
664 2132 893
876 2940 1628
1002 187 999704083
1907 355 989205703
318 2123 1534
51 2631 148
572 3033 999924222
496 1409 1116
856 744 325
902 151 995686821
200 3988 66
209 969 429
569 3574 918
722 2404 633
984 3817 1591
1581 2724 1194
927 2878 955664026
956 2259 995154110
163 712 1207
107 2997 669
1436 543 996820514
173 1904 1166
967 2287 1192
189 656 660
417 2802 71
483 3632 999995739
366 1180 998423383
608 3328 998940219
1307 2404 999934546
179 2132 977277009
1207 3993 908666331
94 135 1474
1927 3313 999294733
462 2758 998121899
109 1100 379
266 2476 992687670
1749 3746 996026988
808 3983 1192
1235 2181 998114143
1901 440 999080401
29 3072 902
26 3534 999448423
425 541 1470
1632 3049 451
836 1144 999491092
56 569 971592442
1200 18 999979452
1164 383 609
1647 16 997145695
1112 2111 5
244 333 999545883
1654 3729 1282
1254 189 999980228
595 3396 747
754 684 995973968
1912 868 908
1920 3034 998403789
1526 3931 1934
1633 2284 998999186
439 2717 1921
1258 1199 1998
1769 568 1427
428 865 967491208
1321 3521 49
423 3444 1184
795 3283 1046
184 1189 999891508
880 499 1604
679 2844 999160552
1044 3762 137
1340 2289 370
1552 1469 441
624 305 984700105
1046 2301 1364
1517 3609 1423
857 2648 999734838
1908 3795 1192
389 1757 999923910
95 2022 998989927
378 3910 957
938 1175 1408
1941 3062 993777122
1791 1408 222
271 3275 999995159
1841 1496 998500514
1701 2269 638
634 3203 302
1267 423 971
957 229 115
43 3303 1221
1697 2352 999974146
507 3172 1855
543 1974 1891
1911 2839 999911130
54 3062 1983
222 1934 999522697
1463 1553 453
104 2238 999923604
465 2683 973831708
788 2529 999936842
1304 2956 999180124
1956 3455 927
335 2651 1780
1861 1705 1141
928 3538 1552
1329 3693 601
103 2700 998680122
838 40 1144
217 2552 121
333 3484 1831
1456 3951 986829951
1680 3758 107
471 347 1439
1369 206 999567128
62 574 292
225 477 991562012
1488 959 987749173
1512 1329 999596665
1255 3966 996044636
1278 2442 157
979 3695 986995840
153 1672 1472
332 457 1703
242 3122 984407660
277 691 1597
1803 1028 1051
916 2143 993724746
914 3242 999978988
1681 2394 996468289
892 1310 995
13 3369 689
762 2320 1437
1630 2620 997673216
982 2221 1702
962 2309 1507
482 316 1677
518 329 1545
509 2782 995327244
482 2668 999987748
1380 3471 521
180 1828 999644106
1766 1381 714
58 140 996685644
1454 2465 840
256 240 999859787
1454 822 995442740
705 2116 981676724
684 235 997058379
1798 2732 999983138
196 3311 999191079
304 3958 1577
655 634 580
456 3054 1418
1550 2372 997177695
660 457 999537696
1523 513 998848978
1479 2828 999876306
67 723 1156
1202 1183 999216956
95 3665 991
1138 3460 411
330 3695 500
255 2173 1197
140 3388 969
1173 3264 999045175
250 2824 990550183
1883 232 999891888
1617 1625 999934016
515 3205 924
1740 3398 999801960
1239 2869 1102
1972 1530 937455884
99 1594 999600558
326 696 999943776
1857 1029 996897274
1069 805 999770288
1026 1948 1825
1344 613 192
1063 2623 994163337
1033 1758 999437414
1012 596 919
1620 3527 999991263
1789 1327 1494
21 2049 392
400 3908 1565
1987 3004 999306252
152 2889 1299
866 1509 999974061
823 2047 863
1764 528 461
1710 2029 999250927
333 1841 991662321
1521 3024 381
1154 2319 1783
1345 3279 997770525
1832 1008 983513943
252 2969 989476315
973 2897 788
1246 3889 999752335
910 336 945
748 935 998871891
937 3825 998814629
1682 2592 999735117
463 3916 999880586
1409 546 968967985
397 598 1127
1334 2203 1598
181 2257 900
1184 2910 1243
1994 1343 777
819 1327 995800972
444 3430 1208
1405 529 996217045
16 492 702
546 2545 1896
555 3315 930263578
1661 51 872
667 2253 48
662 3372 991190767
1735 3214 997647009
120 2632 963050797
281 1361 656
162 3485 1215
732 307 997401234
285 3522 906
1442 2185 997703410
1181 269 996129990
157 3702 987830467
402 364 771
1758 2798 999356032
1503 395 999996367
1618 3257 999780138
1906 3385 1265
1461 231 999474822
1664 799 999987356
940 2187 1390
1401 2606 159
1053 483 998921344
696 2475 998781060
1915 1170 483
319 3107 998091499
262 1408 366
209 3321 992697745
975 1009 91
1781 2269 735
864 2949 998357106
1305 1263 992320395
1068 3207 999999874
585 174 1871
1528 2146 1900
1250 3847 999999454
1331 714 1606
694 724 87
1538 2473 1330
1864 1853 317
1289 2462 992922410
1905 3288 635
349 1366 1509
932 3329 991379113
1131 1534 999999488
88 3308 147
1807 1783 1859
1254 1832 170
1613 3050 999963823
1451 3584 999345938
138 2115 367
355 2527 999960992
355 175 185
550 999 997831040
642 1742 1875
909 2286 1934
1351 1115 95
1517 1966 999929174
794 1012 1005
367 3083 396
334 1557 999676689
351 437 242
321 1852 753
1409 2189 1611
178 1882 1617
1742 1375 999758611
792 3285 965479535
700 3166 992219409
659 800 989367552
203 2630 602
1932 1727 991577299
861 2010 318
1160 780 997589140
1925 1925 996640726
918 853 380
505 1174 878
1481 2732 1135
1 2123 1699
1659 777 488
1146 1357 1830
253 1582 891
838 2392 979996161
219 3875 998397435
671 54 995231448
336 2928 1959
1862 3954 589
1622 1536 590
523 1134 999045246
1179 1723 993754068
1988 1372 999367651
1947 1616 654
467 3946 1934
1596 1930 990534377
1253 3608 993291288
1556 1900 999979430
877 1334 999777193
638 2116 235
1787 2314 1507
1720 1647 999208741
773 1840 990968261
1711 129 1243
424 3580 1579
183 2333 1494
1119 2533 997548026
733 3758 991976207
961 1104 999850713
803 2402 998903202
1274 1094 889
940 544 998673293
1888 3690 999508111
128 1778 997596810
896 1556 300
250 472 1748
995 2389 103
328 2349 998770318
91 1740 999963930
1272 492 1703
1766 3733 998701655
1831 3037 992108134
316 1775 633
1473 754 996616690
1792 134 999592310
1390 2837 89
992 2719 999870869
883 245 998007061
203 987 999968694
1290 1149 1402
971 1183 999460326
386 3542 999883350
457 3651 13
783 3489 995997762
1948 3274 998342163
719 3564 999817514
1086 450 1297
78 2911 989136705
688 1450 1410
1855 1018 999886354
1349 5 977551033
634 1560 997995071
1839 976 585
665 3225 1436
457 2008 999623791
340 2610 1842
1942 2651 999292415
681 1425 999896905
1720 3290 1145
1191 3897 1949
841 481 999066757
1418 2211 1098
467 2303 999450225
735 262 999996233
1699 3730 998145066
711 3463 1540
1079 3030 998508262
1998 2945 415
1580 1069 999
1384 1055 999003604
520 2195 1264
1715 1466 999988461
1945 360 999978738
197 1764 998317470
1179 3366 1156
1475 1066 522
1727 2682 117
1497 1314 985927699
653 679 15
571 3863 999357071
155 3700 717
1500 896 563
198 2795 999956901
1015 1623 999937576
111 1888 49
1840 1637 1227
268 3195 998140970
855 422 999996043
1215 3788 527
530 685 999655283
1836 87 998749421
953 528 58
97 1688 994108789
1249 3777 1207
1861 62 999727349
817 1795 819
294 2550 999909531
225 2120 1828
315 3795 999814360
1155 1680 210
1066 3586 567
149 2616 998252185
151 1075 625
41 2633 996158009
1599 861 1505
872 884 1768
929 3060 915977240
1142 1779 701
328 3992 90
1432 764 877
1650 2004 990346299
852 1245 999872457
1287 2347 995454787
1643 548 777
664 489 999918504
1101 3419 993549600
676 891 1898
597 1916 1101
1662 408 766
1610 2120 1541
738 621 993480402
683 1158 1751
1057 106 999827592
1084 298 849
309 277 995851789
524 3384 1760
1847 2498 980160597
395 1994 1449
136 1684 997097983
24 2778 999487001
399 2027 266
998 3249 995726127
1487 1846 1227
1560 1323 997871222
967 644 999820073
118 756 1206
588 3745 1520
1403 2663 1293
1522 1594 1379
618 1359 999687504
1256 1092 1331
1544 1221 999518893
50 3122 660
573 211 999985794
1359 3217 999747445
306 1045 979475388
1076 2711 990844841
486 949 1081
1480 500 999724443
14 451 1921
799 459 147
1047 287 1576
187 1854 316
1834 3806 994304019
1083 238 99
1338 2125 1067
852 2888 1809
1034 1503 1633
706 3826 999985459
40 1115 1639
1065 3929 997235965
1400 2766 1714
668 1098 316
1565 1847 999998060
1703 3155 986399434
345 230 924
627 2791 1653
1050 3358 999977151
1691 2404 729
1139 3729 1114
1394 2409 998330054
392 2568 1748
154 2054 857
959 1788 997507540
1468 647 745
527 1512 997737225
182 1249 558
730 3872 1677
1441 110 1737
1514 1226 998228750
1199 3124 1407
1738 3978 297
1392 3649 994254490
1496 388 998931743
1028 1366 979485167
283 2120 996711899
1267 2775 967303953
553 1843 240
586 3724 1537
1168 968 995092808
712 1920 187
1682 240 1598
1551 3837 996320755
576 318 997290304
1358 2014 1682
1969 778 989588279
1214 237 994422543
440 1682 999804983
1280 3728 783
430 3180 1289
1485 1979 999963035
1145 1772 999991366
1554 3765 974584908
842 1966 999292619
233 2086 990698674
1131 3177 1085
81 3334 946381007
357 1898 999418073
1389 2557 965881062
1483 614 999036969
774 1690 998426691
419 3440 999869242
6 3382 999992492
1707 2860 999732615
701 3229 999661833
1355 1077 971760318
1546 3628 297
1793 1176 999256068
1475 3418 999696371
237 3642 999691942
1533 1625 999935624
1001 1973 982409727
540 2299 998915655
108 1641 999680078
1433 2036 920
431 1054 998121601
413 1457 1064
1772 1352 119
1873 1546 1548
376 2203 999922619
1016 3969 1076
363 3052 671
613 2450 999989238
1398 1662 614
1484 1891 998814129
1957 1762 999625572
1248 1904 1380
348 1473 1931
450 3406 960674451
23 1648 999963980
1510 2230 999999975
787 1390 799
1935 780 779
12 1836 914
501 2297 1235
1242 858 764
528 2810 1320
1670 1564 999999076
1245 1318 999999975
947 1402 303
658 3423 996086603
259 109 245
1260 3770 1433
1634 434 998867669
1559 950 985450428
1476 2742 999954692
1980 500 979538215
65 1618 999863850
1816 872 959743833
684 1878 57
311 3266 999228719
569 1931 999037674
1348 716 333
1446 1011 996972291
1594 3302 554
1171 459 999916051
129 3692 1328
1291 1574 999781257
1453 1234 999938662
999 3374 51
1563 1457 240
1937 1430 1531
1787 671 999947891
570 128 244
129 2049 999492765
1734 3656 382
1292 483 1891
1893 3032 706
1452 2349 999403242
1041 2093 1129
231 1943 999999199
705 3759 1149
772 1263 1143
1198 4 999572067
811 3006 258
1725 3420 942
650 2031 996173900
853 2156 1013
790 286 587
48 1294 1761
535 3036 201
909 643 985862340
1192 2292 989603598
403 104 999639903
370 422 953
927 526 1566
158 1243 999727726
201 1316 974210424
683 3510 997441601
1674 3394 27
1265 3295 961316907
1897 454 999869552
98 1548 1443
729 1124 999399111
1420 3240 267
284 2980 997109965
888 2676 606
1246 1537 1987
226 345 617
752 3721 999782387
1062 1000 83
662 1020 1898
986 1939 979725212
1845 573 1366
822 865 1142
1119 181 1445
1711 2481 999995141
889 2029 998392310
1264 1868 999978654
1976 1496 23
1150 100 955
1937 3782 995621010
1314 1179 997400368
153 29 996752156
148 3551 359
1440 1975 999847461
1170 2953 1994
1930 119 1218
901 1692 1848
1528 503 816314390
118 3108 999990219
479 2831 569
339 771 23
633 3375 998110565
1115 1380 997481834
1366 372 1517
1462 3763 983889835
125 2726 979
1233 791 1438
965 1642 998000866
1895 3681 570
1510 3873 1894
341 2912 1482
938 3527 999995972
20 1433 977813284
1095 3019 1562
1424 1745 999998815
1595 2030 1227
70 985 1481
161 1916 952143264
450 1054 816
732 1950 1227
1989 2351 999969816
1880 440 996237138
697 1962 999801921
485 3966 1435
849 2996 998683874
535 1393 997223047
1981 3811 999944954
1158 878 999707670
19 604 930940703
1474 1394 1563
1826 3118 1078
1238 1355 862
421 160 999842779
1640 316 1014
914 890 197
431 2697 624
922 1504 999973850
416 3920 999649896
1792 1777 436
1649 2612 999970965
1890 3647 983205687
365 3316 999732018
580 2379 999488508
1193 3312 1118
1594 1659 986410604
222 3577 886
1315 1692 979599520
1505 2265 720
1972 3173 1403
1767 827 983464372
1909 421 71
1854 3677 998106462
765 2257 757
1043 2741 946480874
275 2384 993214064
1167 574 999713419
1709 3395 988600438
1714 3057 997780173
1771 3450 999436469
1012 2948 993211789
442 1187 986940906
1707 508 1292
558 823 933
64 1222 990920949
142 1388 324
261 1479 1419
1419 2604 965
335 1008 990724198
1166 3742 998562445
1220 3162 999954120
1343 879 999949508
343 1663 1693
841 2124 1421
781 1778 1753
69 2254 999708394
829 2101 755
1017 3902 1369
1951 3795 1019
1284 3130 998418717
344 2399 1663
794 3364 999097941
1572 1662 998424703
7 718 1811
135 2167 524
564 2246 1931
429 538 873
1704 1820 988923992
906 3411 1025
1385 2680 208
702 740 488
1038 285 1616
115 136 999764179
1913 1285 561
22 2708 382
1208 1211 838
451 3495 164
1660 1163 507
67 3075 999972391
278 121 996216534
89 2655 999996942
1588 3676 1908
252 617 1603
1018 2062 897
1363 161 1919
181 614 991626216
1893 1389 995855322
1973 3215 946660238
1960 3423 999828263
597 273 999998854
1018 419 999154453
1239 1226 999998114
1088 484 1667
1103 3387 1912
121 3641 573
1057 1749 522
1310 695 993420141
990 3242 999736131
1294 2650 998437912
266 124 1264
468 2304 986328282
1626 2159 1251
314 1343 999734576
1024 1359 999933315
45 1523 999995520
1525 2185 1618
1386 1443 1094
412 2108 310
1977 234 1714
763 1426 999767070
296 1756 931
172 2581 994894532
1730 3448 999999650
1282 2438 691
372 577 1731
287 3276 271
972 303 1388
583 2721 643
212 586 899
1637 2450 566
1495 2965 999779265
1333 733 252
632 1458 828
834 3581 85
709 463 384
1321 1878 999225832
1684 1726 36
1356 3009 745
1577 1016 1061
1593 3959 1186
1945 2003 1047
1029 2999 999489431
326 2339 1570
188 3461 1863
468 3947 1927
470 3060 999791214
430 1537 992992825
1056 3723 943982568
731 3444 999343827
27 3978 985902373
148 1908 998982358
636 3558 984906844
1453 2877 288
844 707 1332
1966 2522 980
1073 1373 491
310 2983 999993409
80 3052 991419012
1579 3829 129
591 2773 752
159 1483 109
894 140 998042782
717 3721 455
935 3136 1146
465 331 1241
527 3155 528
1400 1123 999822619
1540 345 1253
1279 191 829
627 1148 999873873
1320 3955 42
1665 2715 998701943
1148 9 145
374 3066 35
1005 3766 548
134 869 741
73 255 335
1692 3409 280
1983 851 997213773
409 1756 992130739
925 1754 539
652 2664 1338
428 2508 290
754 2327 1303
1850 2603 999176020
1814 478 827
669 3920 1153
1204 1138 1684
1979 1482 999865907
1931 2387 998573907
1135 621 155
1363 2513 998575143
1476 390 622
1217 726 1330
581 121 999975293
721 3680 999706577
1882 3767 999517153
736 590 944
945 436 997155966
611 1367 999764118
1442 3828 1258
573 1854 1116
1087 158 999907766
1681 42 863
1900 3866 999939526
1890 1295 302
997 2924 1156
1965 1052 997372943
1783 1651 103
1203 3995 1626
127 3698 999366973
443 3838 282
1759 170 808
1300 2671 999807723
1285 2563 998187468
896 3908 999998175
809 2594 999998295
200 2345 999956952
331 2114 999786944
1543 2617 363
157 1350 960
122 3849 999201439
1574 1655 1945
1274 3446 984471223
1145 3415 31
19 2247 1684
1759 2522 999907060
607 2019 631
524 1741 999990113
1516 3979 999590143
860 116 232
1850 251 1202
1365 1189 73
382 2958 269
1507 2484 998317847
239 2984 1345
1955 831 1079
1299 1095 999478199
579 2030 998866037
1578 1088 1261
1009 1901 999557582
1339 2461 1551
1487 203 991196911
1110 3877 999975712
511 3279 1255
1704 3463 1652
1865 1289 998080172
1941 710 1108
1809 3993 999695107
85 128 1111
138 472 989921799
1981 1459 1372
61 3668 1913
240 1693 1852
303 3929 979
259 2461 999124644
101 3458 1752
696 123 1008
1335 2541 686
503 342 17
1419 961 999111466
499 3191 997681655
400 2265 994626255
1232 500 998910180
298 3731 999112890
459 2065 149
1471 258 404
377 2573 985107118
874 308 957156607
1384 2698 877
1169 1838 1113
1000 1849 991751324
249 1673 999878985
1516 1627 1089
59 1696 986260282
317 3888 103
1056 1371 1408
625 1373 999991042
1868 3839 242
1161 920 1917
658 1071 1482
1909 2773 997641062
373 1520 1624
1842 1655 999789588
826 3175 699
330 2052 998432625
1416 3958 999406996
1095 1376 999643215
1159 2280 999352881
502 1490 996242046
1286 400 1040
183 690 999984275
1653 3938 1951
674 1628 984611383
1800 2494 945
76 1524 999999093
1415 1081 999976422
79 1660 999957775
432 2369 999846780
1177 1040 989446680
1604 3553 995445878
304 2315 997163597
443 2195 998359731
1283 3938 999999240
1797 2744 730
1587 1425 707
1002 1830 1269
46 894 997727181
453 2003 999446212
831 1755 543
166 3751 1151
1391 2416 142
1320 2312 995573176
408 1616 999998958
136 3327 1507
782 3995 997571051
1706 1678 608
1862 2311 999229149
1532 45 999765598
1075 2387 997989287
1508 1659 997150198
1833 78 1937
1658 1402 999116080
1299 2738 236
1096 1915 999975794
1721 3700 1786
1855 2661 1949
1276 666 1424
1360 1579 180
992 367 1876
267 467 176
385 97 152
1360 3931 998298169
364 3576 998962886
1210 3771 1199
1569 2143 630
1668 1577 1438
1458 1411 319
1452 3992 636
372 2929 999897310
1427 3713 988935162
955 2444 999515045
1991 3877 96
253 3934 999362740
1522 3946 997207036
773 3483 192
646 559 999822136
800 733 990967310
1447 3116 150
903 508 998581499
1492 3712 977995449
1582 3611 47
391 3718 998811012
950 592 999577992
393 487 931630762
554 1069 999684500
1566 1730 999990267
1915 3522 998687377
1651 1584 999988311
389 3400 436
1007 2011 994373763
767 741 952810608
1689 3720 471
141 2636 351
1786 1079 989275947
439 1074 998994195
278 1764 1060
576 1961 1690
1257 24 975696581
1097 2914 937651760
585 2526 988994450
29 1429 999845798
1505 622 994007903
1159 3923 1797
1974 3092 213
49 3715 999023759
33 3041 996867409
1877 1581 995366062
753 1127 485
561 3447 997988776
4 2656 999989520
1216 1040 999994403
751 1150 991993096
205 3728 999841200
1820 1686 999131987
488 61 999051503
798 1092 999162438
1647 1659 616
35 231 961217927
105 2867 732
175 2103 998251981
1825 3353 999953295
185 2597 999866516
311 914 1990
1785 1396 997036736
1812 3680 999998355
168 1612 974594275
1673 232 999243085
236 108 990687236
1430 2797 999153537
411 1515 1575
1837 3291 997834252
356 2068 996373258
1243 3596 963511689
394 2017 999801880
1156 2059 1724
1470 2770 999560743
68 511 999951888
1614 3210 39
1865 2932 182
1655 3238 998764398
1484 3534 1100
1602 909 113
1308 2526 998127902
1931 35 1175
1212 3751 999416699
1870 3138 1656
1381 2761 998137242
1243 1244 252
1886 118 1585
1696 2239 996104066
1706 35 999576554
1405 2172 1998
1733 1840 1492
25 1058 998518212
1827 3143 977757861
913 3838 788
435 2521 1078
320 3497 999366946
387 3099 829
830 1246 997666965
359 1552 999789787
123 1065 998229138
862 536 944475475
479 1188 998974382
170 2522 1422
1775 983 518
1324 192 1006
1223 2514 999321588
1361 2145 999938016
1923 3644 999796405
174 2859 957982665
133 235 994614831
1922 2673 326
1049 701 997905982
824 1529 1406
784 2420 1635
1699 1378 1808
1275 3515 79
1389 205 1442
1150 2452 999835375
1480 2143 1529
1583 1166 435
1295 3125 60
865 187 997187050
1121 2953 999689299
176 1492 343
319 755 1656
295 3876 994329220
1445 2992 530
1072 1572 999997853
56 2212 777
858 2688 999814155
975 3361 999257802
1823 400 995110187
1924 279 484
6 1030 1393
698 9 991542525
880 2851 999869897
1675 3174 1532
564 603 999348415
1859 2628 494
1221 331 978332669
69 3897 901
903 2151 1262
270 3830 781
635 1907 999513583
1984 3320 987274610
124 2039 985829017
113 2841 903841724
1035 677 999966996
1126 1379 931984392
1124 1907 478
1955 3183 999866854
1511 3297 996889438
49 1363 1484
680 2790 999998899
1332 983 999936463
1162 2078 179
1750 3330 999968771
1829 276 999905852
126 1278 1965
902 1794 506
273 2345 999861732
1062 3352 999946638
48 3646 994045786
656 1410 977184197
1132 1872 983423059
1835 3166 997088892
826 1532 995550426
1467 522 1621
280 3206 1842
1524 3674 579
1592 3445 1468
692 2214 1241
1190 3979 1736
1608 2411 1156
1777 621 621
1856 2170 999868412
497 2629 103
1141 389 999747760
764 2664 998990088
1391 773 999402389
380 3112 379
149 264 1507
1922 1030 988683456
1513 1784 999802841
1461 1874 1327
1092 1857 997749231
1335 898 999638097
1908 2152 993092308
1466 1336 1743
