5500 1833 5500
1025 174 999727079
491 1749 5
584 3475 998062342
17 2969 999603258
415 4646 998862198
97 2227 996259057
1575 2044 1534
444 1001 226
1174 3407 441
1189 1666 998880381
518 260 933474823
878 3358 998384917
1067 743 999985787
1334 1599 999963388
1317 4412 540
341 1343 988853636
783 1184 984367137
1397 487 986645147
148 1984 1418
640 4711 999245545
108 2168 489
377 1325 968424729
970 419 996128639
113 4862 997178489
804 167 977588221
1745 5134 998216144
248 2186 999877141
79 22 999837300
793 1376 997481737
1090 5352 999848792
1206 2330 999979146
998 3640 996152137
956 4150 914
1484 2921 974868872
1700 4150 999988912
1090 794 999814798
1435 4666 999977515
51 2586 992616280
1740 2451 960591894
1209 2930 559
74 2091 999888774
1022 521 999102653
1697 4488 998487030
1190 2302 999999784
1810 3937 999496566
528 250 995106348
1202 4468 997819775
973 1574 999801878
718 168 990580145
1559 3205 990443029
1463 2906 999762793
434 1628 1617
1661 4641 1075
1088 2466 999920017
42 335 995697106
1575 1573 956891232
1417 3104 1190
321 5495 916386958
1072 2397 999957168
1736 3316 999992421
128 2601 999006301
1432 41 1491
1676 3611 990569273
927 2246 991243598
907 4560 995996286
1221 4512 1699
640 4240 996954991
930 3025 999793538
1095 4429 989957274
98 4091 999976906
1156 1512 985
756 2907 356
971 3348 199
829 303 1718
1541 1447 1946
1042 1708 974957633
673 2426 999917620
951 859 998226640
794 2401 1234
1195 27 992982007
1473 3108 999161301
789 5012 999467389
1016 2483 128
839 4049 1778
1233 1028 987837034
590 3809 999811809
877 2189 989705724
868 1557 999730582
829 5332 990852256
1654 4148 1540
423 3403 534
235 3199 991110895
154 3257 994476196
828 4546 994620281
824 5487 1405
885 4908 1218
1290 787 1103
208 2844 998789467
628 4753 996893342
1567 3641 999007528
377 1796 972693769
1196 1084 1718
1073 4153 999848269
87 1940 999992395
1092 1689 999443155
1757 4212 346
596 1123 999994760
1679 50 999986852
406 2691 389
1244 2872 557
228 213 999966475
414 2063 997846448
1076 2003 1854
1028 4652 999884762
1594 5363 999476547
1692 1283 342
1799 2998 998681909
663 4172 795
173 395 999255296
213 1899 995298436
1315 3047 1338
1074 1707 989954964
1741 270 998969887
751 2143 998927002
127 3194 582
256 4739 999695933
1758 1469 998562842
660 2368 998323493
965 2725 979293702
315 1482 1137
121 3129 999419414
1538 124 1235
897 3648 440
944 2848 775
1515 378 995818650
1527 3388 995475561
1707 5421 999998448
196 439 995255556
567 2766 985902041
416 1890 997262613
711 250 1107
1353 3832 996476006
1191 4225 998593301
1391 678 998956417
51 3999 1240
1242 2614 990152074
1398 3961 999548279
817 2604 995179487
771 109 985283377
758 1726 997419963
438 3063 996693658
1023 555 1900
380 1231 717
1192 2233 1833
208 3315 998505089
1058 5459 999990872
1816 83 999382462
1162 2752 110
61 496 991944771
1729 5473 985578836
481 2314 966020182
760 5066 999583041
1558 4908 999835717
486 3620 994848594
1519 3017 1139
1618 3111 997571120
644 737 999961479
769 284 998596770
344 5262 996912394
1345 3249 999899300
1357 977 94
728 5329 989810095
839 3107 991084998
609 4872 940618283
1154 2908 999884787
276 4763 1032
573 2714 999558131
475 3812 995157972
1522 1812 998627205
587 2540 997349005
935 123 999974041
359 3929 999397232
513 3052 999156513
1394 5407 999908115
593 4309 999876518
1542 2106 1228
130 3140 997981193
1459 5220 999111212
969 1071 1075
123 1501 265
622 2509 999671630
1769 947 997258851
1214 5408 997992135
162 3054 287
133 5371 988896890
1805 2824 184
77 2658 931634258
99 3437 999793276
632 4811 999562493
178 4013 962281117
1018 1507 999647289
379 2633 943119146
793 1847 997065992
737 3360 999270143
1664 3885 987750489
26 671 990039676
1802 867 977233113
1604 165 998365994
1443 5450 10
1043 2592 911
933 282 992966788
1649 3266 998627765
702 1623 997832468
601 1608 1744
1546 1041 999977718
370 320 583
1599 817 992942018
1711 1298 998338751
1584 1566 997524755
105 3723 997329799
125 5024 999915259
1164 4754 552
1053 492 999991368
1515 849 993219838
132 5310 998897568
1312 478 603
1051 3931 476
1033 337 973868405
148 1513 977427539
578 2442 959245574
1324 1744 999979429
1129 1365 1910
994 2300 976776003
584 4888 280
1656 107 971
254 649 985751923
63 3527 997278931
1536 3056 993178314
88 3270 998534391
8 4832 921
1054 4285 996116147
890 2541 282
294 2755 941
802 1434 991
36 3294 890613322
76 3045 997334525
1783 1993 998967641
248 1715 999762893
86 303 991963606
85 3742 987734153
1308 1191 806
812 1062 997287822
1211 195 1048
623 290 435
1419 1889 977116404
187 1873 854515690
1759 3741 467
1591 3609 246
909 3757 999418198
1633 910 999885163
1662 3948 994144510
1538 4682 998801242
939 3872 1074
1681 4601 214
915 2493 1769
3 2574 999971687
179 2572 999804711
1737 3397 999571933
350 399 1599
1505 3596 996221166
936 3549 999623677
1372 3928 1669
978 1408 522
375 3768 997893047
747 1262 549
97 1756 999732190
1091 4037 983870216
1427 3364 528
867 1507 998979556
218 2689 999682090
1331 3350 997902610
375 4710 999187602
1725 746 999458334
245 5292 982
10 3054 1422
1689 3499 1574
477 4357 998207279
1298 3822 999987065
1727 4322 999421042
1592 2267 995643263
447 4108 999999206
1686 1476 999989916
1002 616 467
1030 249 1017
429 2549 999869656
1145 1440 999254282
546 4501 993602716
808 152 999580124
535 477 1315
71 524 999968512
788 1426 999569143
585 4458 431
69 2277 998159599
213 3312 352
1434 1598 999979401
678 2139 999967290
52 3069 980286290
960 4994 228
1354 4943 962269526
666 2110 999234513
1234 3619 391
163 124 1405
1436 4134 995192247
338 5369 999889941
102 1793 1500
1282 613 993407121
1394 4936 999949687
911 2560 991295910
308 203 1757
1258 913 999987412
1125 3673 1224
932 3491 995548235
896 4550 999818574
1315 1634 998630630
548 132 999860510
320 1468 987258330
1415 5302 998207107
628 5224 507
1206 3272 760
1780 741 996561612
337 5231 1022
1371 5463 609
1754 4741 999998953
745 1438 979419437
1452 3630 999973820
374 4466 1655
134 2815 999984161
1583 2890 1646
1179 613 998249346
594 4424 999049691
84 562 999774650
1487 4064 944644463
1077 4280 995952987
565 5173 565
662 368 999994378
649 187 842
1539 882 1806
1108 5308 998417880
652 5364 999226921
726 3856 706
69 3219 999958629
1687 5445 996952858
1449 4816 986265370
985 2273 1993
374 3053 994615803
1614 2168 991351461
115 1002 949513807
240 2078 999164376
1188 3520 999222233
794 1930 998905221
1540 785 883
326 5217 966
1830 1429 998894086
584 4417 991643391
637 3983 997352216
428 3649 998597560
439 2584 999685756
141 2495 999074010
473 5001 1231
171 4981 999452746
313 1323 1699
1104 5311 563
37 5026 999446008
1728 3976 991340214
1611 3972 998637215
214 1494 999129438
1644 226 999981962
327 4808 999995856
1056 1467 999927188
723 3900 999549403
1290 5345 982101810
1197 313 1817
1366 2818 998586742
138 2999 998931431
678 1197 996788361
1392 946 1333
1652 1691 275
670 3382 1833
1807 1902 997558378
787 5056 1408
1607 1014 999794058
1331 3821 999959601
646 1138 999714773
923 4701 989240535
1226 1382 342
1730 3321 999569311
798 2676 987371548
1770 2945 1986
816 3810 986549791
1758 1940 996907471
337 3818 997954560
426 4816 992454042
1493 4960 999598959
34 3522 997464550
88 3741 507
1131 3508 972153248
1453 1716 996607768
1446 518 455
441 4367 343
902 3050 1725
152 1280 999948111
77 1716 993108067
535 5035 987914633
1667 3788 765
1773 2041 999758856
644 1208 1909
11 4200 997860849
1017 425 985996790
945 4261 999956927
1298 3351 999999401
382 2675 997882114
1194 3324 948012177
100 1102 1182
1425 5316 999318009
1649 3737 998734949
807 4088 999749871
1745 105 999810599
197 396 998964696
1741 1212 848
1823 2518 1039
591 791 992905211
3 3516 194
875 863 652
549 4630 999999988
667 1257 1177
1445 4221 965878712
652 335 74
648 4572 1935
1415 273 658
620 286 504
448 116 813
400 975 946250195
872 1657 981685931
792 2116 396
490 3361 999999354
722 2341 999980979
191 1817 999911020
1236 3570 999980751
19 5057 1896
537 376 997819019
1276 3517 990741619
783 713 999823415
813 5064 985306910
1405 1836 999962991
1233 1499 506
196 4526 992223542
1054 4756 237
500 896 1417
1532 3061 470
596 4739 999394916
1278 4163 992378016
410 359 987686662
854 333 65
871 68 999982309
990 2341 999511899
149 1148 943596840
1691 2611 999944427
365 2176 999419654
1129 4981 998741228
934 3688 998027530
1249 5210 996592151
893 4215 1484
556 2137 1085
1381 4657 1532
437 5074 1912
882 4779 660
1638 2389 999952793
292 3940 993104453
1780 1212 1750
281 2937 999904123
1279 1374 999913204
1708 5448 1996
474 846 999904784
215 34 952424956
648 4101 999072687
409 414 999925484
669 4721 1521
963 4165 234
324 4831 999920567
1276 3988 952
638 1294 999019435
833 1748 1236
877 3131 961466262
1558 5379 999345057
61 1438 761
324 4360 998561527
1736 3787 996043284
456 3585 764
283 2858 50
44 144 998260206
167 4137 1621
1288 5217 1596
1131 5392 999109815
1083 1365 1264
1784 3327 999991244
136 4440 1273
1244 1930 999979961
495 665 468
1449 4345 999465309
1078 2950 957812678
185 2470 988570336
295 1994 849
183 1495 999928348
464 4390 1106
703 1554 91
202 2305 797
239 2873 997374515
869 1840 999931199
289 467 1113
118 869 999415015
1240 2853 999617653
252 1111 996149270
1811 284 998783425
1734 4154 997347011
445 4941 999997867
342 3416 998095133
139 4072 884
1714 5073 1781
1550 5475 999649655
1089 4591 998018463
1440 168 999939998
272 4985 999238737
774 4427 993834472
201 2930 999554739
1311 100 999777444
1581 3776 999938600
197 867 1
717 11 1293
1605 3908 999399062
533 4321 342
1586 2931 994124745
490 2890 914266368
1344 3992 981834436
955 4018 805
1301 3289 963369554
780 5303 478
541 4743 999841229
797 4591 733
828 5488 998231964
947 3672 999982735
1500 3303 997987857
130 3611 996893449
1422 1966 999999984
698 4592 977523114
1531 2741 984999194
866 3849 994793254
1580 3092 1013
698 5063 1307
959 5060 524
951 388 988038947
137 1496 983
1128 3776 1570
1039 4017 1660
1438 379 998609782
340 3859 993116623
521 1471 998768177
1679 992 109
503 763 510
1611 2559 998196175
286 2225 999360159
399 1105 999825675
373 4519 996806745
880 5266 1819
1824 2851 998744711
859 1706 998893204
830 45 999754304
720 4812 999988210
1584 2037 997831564
1095 4900 965657321
1041 3220 995823041
1763 1760 1686
1127 4454 999349406
693 533 999989082
1029 4651 999882292
655 4290 961645636
709 5183 998438377
203 947 1244
840 2876 978716957
1605 4850 1662
1645 1880 1572
1252 2360 999691835
24 2136 999958231
1400 1456 1221
1597 626 999967087
111 4693 999971271
1257 4246 694
1152 2913 933754539
1322 3850 1154
416 2361 999981179
1791 1638 999308941
899 4571 281
1195 4585 959687739
1611 3501 999674173
1354 4001 982271882
1630 2366 1951
1431 3416 984604704
147 4840 937672369
1668 4427 943
684 4514 1732
1525 5182 977786869
597 546 997443478
1744 4215 195
810 930 568
23 741 119
1522 2283 990566148
569 5334 999072196
1079 490 1005
1540 4872 992624631
1303 1738 598
675 2560 979988266
1748 3483 999555608
538 3533 222
1687 887 1751
574 1031 999835677
472 5244 210
882 4308 858198334
371 2093 999926340
478 1652 1166
144 3841 221
1057 3728 994326380
1596 3681 1538
35 1352 985762204
1362 2081 998546559
1573 1159 999987610
642 265 996765569
1562 3173 991861367
279 4000 998902418
1576 275 8
930 3967 999216412
1378 1033 999354061
155 3796 431
1434 2069 994686411
647 3849 8
520 2481 999746565
1162 1810 997359521
321 937 999926110
1692 341 999957669
762 5111 998761734
304 563 1711
1265 3269 998364547
1202 3997 999965508
1513 1647 964730666
629 2899 999996664
629 3841 831
1183 4561 958374725
748 4630 917149268
1706 1792 648
1749 974 999983511
491 336 996568950
1024 1288 992106312
564 2823 306
570 1824 997200435
53 2503 993565251
32 3316 471
921 38 997644369
854 3478 994709623
288 2981 999402571
1072 984 992633296
1139 5341 1249
933 753 1385
850 3896 89
531 925 999924689
161 1785 1399
1028 1036 1206
1738 362 998857198
1568 2680 997110633
1451 1191 1872
1019 3970 988464597
1237 338 998790791
650 1471 999940161
797 3178 999439365
1760 20 973029297
1397 958 985459435
1502 684 1399
924 3173 999997330
1817 311 934984348
739 3331 1687
1197 5342 993631492
400 1917 986573075
1598 4616 997364042
1375 3412 901
367 3545 995430766
1751 2410 999852392
430 2539 930
239 2402 991108441
223 1248 107
770 4386 999981517
761 3694 999980182
1705 2594 996373459
1394 378 1548
561 681 999048856
1455 1892 991955111
1518 2336 994391291
1113 4176 1514
6 4197 1150
591 1733 997392806
1832 4409 1389
640 624 654
20 5419 999205651
583 4412 964032575
154 3728 999396650
895 3375 999862868
921 1451 1370
1822 4301 183
432 3130 1338
352 4675 999995956
1687 4503 999998778
783 1655 999675259
733 3766 997870780
822 5392 995874783
407 2264 981429650
1661 3699 999789623
293 2826 998765490
1145 969 994128777
1191 3754 999503774
297 5229 999785010
218 3160 999795977
399 2047 189
952 2017 995567332
1085 1247 999933326
1015 3797 924490558
510 3048 999972194
1478 1593 999647448
772 1305 1556
807 472 370
1031 4229 990679376
624 3211 1007
103 269 999917609
263 3138 999628172
175 3189 957869716
1188 2578 997973644
820 315 999999634
1636 2797 998689575
1148 4396 1647
852 1697 999840821
1550 446 974689502
782 5401 999888358
724 1673 987453626
1491 4469 997737640
1409 1242 852
1640 5462 1544
1363 2282 997467553
214 2907 1131
1686 1947 1606
1367 5386 260
528 4808 999746425
216 942 998361561
544 4915 926197542
675 3031 325
497 3215 1034
1726 1311 1776
1505 5480 1630
740 3102 1163
967 5100 961304452
1521 3164 727
833 1277 997727018
1373 4144 998104673
895 2433 999997709
1762 2773 1416
602 2480 999955616
441 3896 996696528
716 1649 983735041
676 2065 999646319
439 1642 998600337
1410 1733 999996341
950 5228 999078332
1344 4934 1437
1527 2446 993943557
973 2516 611
407 2735 991482055
383 959 1873
924 2231 996886605
1235 1143 999155660
977 797 998364505
1358 109 1699
1369 283 999721920
1056 1938 999837031
80 745 999994441
1662 3006 997769890
860 2786 251
786 1845 1811
778 494 162
1113 3705 999987341
1637 1434 999897923
1125 3202 999590454
731 4025 999272213
318 759 1314
442 5490 997008257
1762 2302 967913304
141 2966 940490181
561 2094 1145
1650 2893 999958963
216 5500 995123500
1032 136 572
1366 3760 1363
365 1705 925385725
1250 4623 981143670
1353 4303 262
30 1646 998081173
152 1751 999998244
720 5283 64
65 4161 998032661
1080 4392 999883887
912 4026 999695712
1245 5314 113
1027 5481 990160885
1185 2090 1833
161 843 997918375
1167 4238 967139774
311 4996 994751780
524 4 999601010
1708 4977 999961185
1808 3935 999487859
1778 4778 993891249
609 1727 746
196 4997 999559169
36 2352 994350617
269 3438 1393
725 3582 995721760
113 4391 999228946
1146 1441 999914132
1067 1214 689
484 663 1605
1807 2373 191
274 1906 999996829
1105 1110 998319181
572 1615 999982716
1580 2621 998011374
505 345 1594
1613 2491 912
997 1986 457
1280 2502 999886164
1664 4356 1747
1247 3138 991927306
1267 2173 997543843
1366 3289 999622030
1225 2591 999495677
1169 4211 969735691
1244 2401 999854753
681 2690 1208
1100 2182 469
1267 3115 950183672
1283 5195 999647508
401 434 618
101 359 999536830
1567 4112 999885187
277 4767 999752987
273 5400 91
533 1966 999885173
717 5040 999241282
689 3067 1871
1207 1388 998801786
1246 556 883
639 5085 730
351 2717 999902435
742 180 611
727 4825 210
1149 823 970204961
607 4831 996899498
1196 142 987603958
123 1030 999903018
1749 32 999981782
267 2703 999934183
224 34 998431176
20 390 421
499 3014 991449899
128 3072 1551
200 2737 1921
1376 5184 993605363
281 1995 994221802
950 670 466
267 3174 999944248
997 1044 999805176
1571 2876 996904043
857 4156 998713306
1422 2908 959768215
527 4161 999049797
1148 2983 999854060
1581 4247 352
1556 3438 999529451
628 4282 999620121
721 853 999298189
83 570 988767101
1153 4446 1418
1045 3367 1179
1597 1568 992903807
567 2295 999443838
330 1716 1487
1649 4208 996633522
252 1582 999981424
344 4320 998537471
238 5418 1143
416 2832 999586851
846 1677 994896018
1653 5479 999175429
930 3496 999994094
12 295 976838076
50 5042 999491544
40 19 1577
1678 4774 999612525
254 2062 948
966 1099 999955521
1719 303 998599896
474 1317 966078818
144 3370 999911964
576 3398 994017282
173 866 718
639 4143 999232186
1800 2710 999862469
1740 3864 999926796
1499 1507 991216203
1374 2026 1292
1246 85 999971549
980 5216 980282353
1629 3011 999907771
82 4093 994455190
478 239 999954602
849 3587 999914976
1287 620 1446
348 1178 999988651
1047 2700 991652205
1061 497 999938658
398 4528 995393051
1484 1508 988498686
1752 3510 1196
1580 1679 999998453
1503 2112 132
1293 3135 999892821
721 5411 999929623
4 3307 989736655
1151 4085 888
316 4019 974303282
391 2701 990941961
1774 3399 999831995
1339 5095 987085259
346 5406 997783992
1014 4639 1363
284 1816 995264896
1120 2007 943784546
637 5396 988433041
1170 1850 999902702
1062 546 999998558
1144 4091 998824917
1712 3209 501
57 2671 997402896
275 4562 1901
1471 66 999928927
566 1612 988165499
1745 1047 745
1720 777 996166152
572 2086 353
780 4832 978695746
375 152 227
107 4787 995564021
1481 1405 998086234
1132 5426 999911093
1396 4322 1042
256 181 999993059
452 913 987174262
932 4904 1435
204 2406 997264558
1194 3795 997796952
1826 275 64
1713 1205 999637744
389 4868 1002
1733 3000 998874848
224 505 999844390
1625 1436 206
896 5492 999155318
1220 2403 18
1235 201 955864247
1323 5344 1875
857 4627 445
659 836 999991981
1705 3536 655
1827 4547 999865576
214 552 999999913
488 443 999915104
228 1155 999472586
114 862 999948991
1091 5450 910
396 1219 989091302
54 2686 827
1007 55 1767
746 1688 826
1729 915 557
1006 336 999977956
300 239 691
69 2748 999713120
1586 1989 998287663
788 2368 101
864 1194 999994173
1431 5300 997480486
1447 3069 1627
658 5388 992973757
642 5294 984608479
1046 1608 999801225
544 4444 999361998
713 5314 999992835
764 4626 999997473
1820 5081 844
1721 5012 999762504
1204 2308 999974782
278 4427 995023234
1506 2127 1734
1548 3750 999757671
1115 1260 999673825
156 4809 999983594
1094 522 999236625
180 3918 996793702
1451 720 986937914
1293 4077 998904751
232 2514 999995794
1051 3460 996420215
1309 2100 1337
1006 1278 1623
1349 4155 711
326 4746 999695040
1253 4375 311
62 2761 928781225
1385 2306 1859
314 3522 916
1831 2072 999993939
422 749 996088760
51 3057 992309156
1691 256 999994783
110 4599 169
1119 1996 997898441
573 1301 998521203
947 5085 998052017
541 656 999756490
346 377 998834839
1237 1280 857
424 1737 1426
214 2436 998805625
1200 2020 999999799
1610 4904 571
881 2095 366
89 4162 996899358
453 124 981453652
1373 4615 1868
976 665 52
43 4849 999916125
1690 3026 104
36 4236 995800223
629 3370 951136869
285 1533 1577
576 4340 554
29 3479 999777867
1038 247 999027961
498 1004 968738123
89 75 999992983
562 2739 999405184
1347 3176 998293473
1563 3710 130
811 61 1926
1712 1796 993105120
189 1059 1237
1157 5297 999686658
859 2177 999333644
882 3366 999997223
1175 851 960
1466 4070 988023812
206 2368 480
1783 2935 147
1158 5108 171
1435 5137 1636
172 1992 994384975
26 1142 998216769
1595 79 999774442
1566 3064 999847969
1634 5051 649
1771 358 1803
119 4987 999574208
354 2732 999296475
25 5291 990292665
579 2345 997068583
623 5319 997229261
900 1533 992767613
1292 2440 999970797
1015 4268 837
1661 4170 999953163
46 2589 982794084
1121 717 1461
467 3748 1548
539 2977 999245110
586 4122 1871
1361 3821 997348830
615 2965 1052
920 1762 987679995
951 1330 999781943
1665 4392 345
1481 1876 997502029
1679 5079 999998683
889 4427 995215444
63 2585 999981736
1478 2535 999445183
461 1977 641
927 1775 997162996
661 3233 995541222
1587 222 1975
1056 2409 999700021
568 1712 155
908 4434 999301828
948 4429 999815591
30 3530 998607195
1061 1439 1768
328 4505 997608552
253 925 297
1166 4929 997363905
914 2065 951917355
1266 3499 999513703
1260 4134 997937082
254 1120 999449297
426 5287 137
906 3357 1883
1295 416 990650083
961 4814 1184
823 2414 995571900
725 4053 105
1270 65 278
986 3824 1415
756 1494 999302947
1551 1628 999797395
186 2482 1387
1699 2722 191
1338 4745 999938239
226 1928 999029083
1370 5477 223
769 1697 785
371 2564 999298543
1828 4329 1742
383 488 996145475
645 2530 999845963
1201 267 1486
1213 1603 970537027
387 3606 999988077
1081 2068 1921
534 2986 990
111 5164 978756314
222 1626 78
184 2528 426
1626 710 971745388
1443 4979 992357782
1472 626 674
266 3518 977856855
1677 1131 999666013
141 3908 990451650
595 1026 999628059
1182 2241 999968601
1517 1110 996659441
54 1273 994595477
209 2734 997972084
867 1978 998279897
1014 4168 999993119
1387 4952 991619900
1377 5367 999023306
591 2675 998584247
1749 1445 464
1597 155 995258646
540 3190 998803721
1553 2993 998025601
309 2430 999524406
1377 809 999979305
1141 1084 1369
987 414 685
1235 1614 996805731
1114 1538 996660073
1626 5268 999768259
1124 5081 17
278 5369 483
201 3401 952017104
1295 1829 968
197 5425 997638689
465 5371 992101306
1230 1637 1725
7 4012 991723583
488 1385 1131
541 4272 997480121
76 1161 999754913
1049 3667 820
910 2492 999967095
325 3467 988547652
167 3195 999364947
133 813 1979
1798 1594 999993228
597 1017 759
878 2887 999405106
1515 1320 999994106
210 1536 999904870
791 5236 1761
1179 1084 996928296
1146 2854 426
486 5033 416
546 4972 999877451
360 4428 989124700
446 3650 999988527
1338 5216 1972
979 954 180
409 885 999922882
499 3956 999822994
1598 5087 1439
1533 3520 980030300
288 4865 1192
994 2771 1061
383 17 988833579
432 2659 969230200
22 355 999895177
169 5297 882
28 2989 999862313
1095 342 1399
548 5161 999999996
1424 1779 656
1430 4056 888711818
945 3319 999999961
1109 889 999825437
790 2396 441
1709 2667 994886789
360 341 999986888
1698 4781 999678131
1181 3470 473
895 4788 998811344
728 3916 993106911
1034 2365 1896
1301 4702 994435858
446 4121 1401
593 3838 984436718
1499 565 996722399
1814 1631 909
1268 2266 32
179 3043 999673013
530 3331 996532782
219 3647 998123276
350 5428 999619873
194 2603 999730741
1278 2750 994645143
1594 805 667
114 1333 999841359
1707 392 1477
824 4545 999999228
1294 1970 27
191 2759 921
676 3478 74
65 4632 1101
1454 2040 999745973
869 2782 1310
1250 5094 1956
1549 3733 999550438
1340 3105 998870564
1042 2179 1545
520 2952 997606015
211 1642 252
1517 639 999976574
1012 4651 392
1083 894 999508087
21 1252 1653
42 4893 996484609
1303 1267 999997996
1547 2324 999627053
77 4071 474
630 3898 1905
181 757 999682724
1501 1045 302
1794 2675 986726123
559 4739 999962697
219 4118 616
664 4788 995225781
328 418 779
185 1999 999882111
335 239 999932480
97 1285 990943381
842 3107 996508809
917 1760 999563025
1254 3276 999898685
824 5016 998794931
1145 1911 94
1761 5464 632
295 1052 999953674
1093 2844 1656
251 1379 999615425
111 135 813
321 1879 1168
1188 3991 6
1365 812 999995471
1121 246 985545986
215 976 1556
1392 475 998052840
356 2715 999980315
624 2269 996355742
242 3926 991432676
558 2645 995197542
149 1619 304
708 2948 962389744
66 3025 996948967
1833 3031 999196284
1625 23 997162705
1395 4739 1555
1268 1795 994200703
1709 3138 999940915
1779 2095 1266
1753 1849 999351176
952 2488 1373
1784 3798 1287
1815 1841 892806701
332 3238 996786632
238 4476 926720402
1520 4169 999889287
1489 4236 1908
1267 3586 1992
1115 1731 1698
1265 2798 996078327
452 1384 997223113
779 4697 396
1487 5477 1105
1359 1780 920
509 4170 977909224
203 5 998169121
433 4975 983
1066 3070 997947993
758 2197 999544344
537 5405 999796923
19 4586 999910643
393 2354 997937161
1800 3652 1586
1341 3883 998853557
1109 1360 929517810
1017 1367 995374962
818 312 999984033
172 2463 998916701
841 1193 998637302
758 2668 1939
846 2619 1130
493 4793 998832484
1515 1791 999964840
716 1178 996841425
252 2053 999773779
852 2639 1402
1511 1543 999950025
215 505 999616484
1484 2450 999927993
1326 5480 930
1284 690 1491
1183 3 823
406 2220 992121623
124 4085 309
1692 5370 999984894
1629 3953 1032
1310 3565 1189
1278 4634 1734
99 3908 989825614
552 2495 1933
1090 1736 896
32 2845 999636773
42 806 204
1403 507 999893321
340 4330 970371291
1741 4828 999931603
1533 3991 1222
501 1577 999989100
955 3547 989935436
1293 4548 1873
87 2882 998571659
1143 2009 979385098
530 3802 981097165
1592 1796 999995164
1810 4408 223
217 3476 1469
566 3496 1192
481 901 999967872
1278 2279 997026244
1258 1384 1731
1169 2798 999484165
1738 1775 999901352
918 2422 999995042
1550 917 821
306 3381 1541
63 3056 955254372
797 4120 999978187
101 830 399
932 3962 997144020
506 1566 1390
192 1396 1157
1020 3099 999206960
883 2874 998809525
439 3055 222
1612 1042 999063049
1753 2791 655
135 898 998356130
405 995 1825
588 1214 997109905
1615 2183 922949873
355 620 999343664
809 5195 531
1433 1224 997511569
1341 4825 999682560
1625 965 990669814
1029 5122 1426
1323 4873 999929717
341 1814 1181
312 3215 999811928
1337 752 1764
643 2420 1366
1055 50 998414624
1601 4820 109
1790 3216 999988892
1733 3471 999804215
512 507 110
719 1283 939876028
1681 4130 990883717
217 2534 999961323
1317 3470 989794260
518 5289 895168278
812 2004 1392
77 3129 993969759
13 4858 966170012
1126 4105 1422
36 3765 999412644
1542 693 999944595
1380 339 994135167
1688 1061 1019
1002 5174 999523451
1509 774 999961382
1271 4664 315
1517 1581 1907
1183 5032 999623760
1358 4667 999974983
1771 4916 994244934
717 4569 999789123
53 3916 1277
813 977 1909
411 3726 976
1604 636 999741510
335 710 1345
728 4858 991518687
414 2534 994984668
290 56 1430
550 2504 999998473
763 2007 999965172
1173 2317 1859
1402 3467 1903
1374 1555 999909094
60 4487 999998731
1632 5153 1307
430 655 999893405
15 1681 771
1269 4658 470
450 5077 499
1400 985 998982501
138 2528 997630647
1745 576 993361387
1569 3861 999893605
1187 4204 999966834
1478 2064 999987353
1815 2312 1593
1092 2160 999967610
937 3546 1411
1111 2825 275
173 5424 999648200
1621 1885 1055
1362 1610 999099204
1239 1663 999663278
183 1966 994603809
443 2230 999589380
1565 502 999383553
92 1867 985
1213 2074 999962118
1169 3269 999958404
280 4716 445
905 4938 1964
895 230 234
1733 2529 976680311
674 3344 588
545 3704 999977890
976 194 991774650
568 770 976339094
367 4016 992627917
490 2419 993148021
911 2089 999296349
1700 4621 997222860
240 2549 989379789
1644 4784 996474060
1248 3316 826
1005 4780 339
1243 358 832
1482 772 1497
1310 2152 999751714
870 3716 999996007
1207 1859 1997
1266 3028 999227954
407 1793 999988808
369 4893 989684845
1255 3457 1041
1776 1434 934
734 1302 1164
768 810 999051397
1203 3142 1100
973 1103 994192913
1568 3151 96
1816 5112 999971456
1404 4135 1561
815 411 999912894
725 3111 998987851
1285 786 999591613
1802 1809 984734326
729 491 999993397
1460 691 996
961 4343 992546124
352 117 612
1700 3679 973353925
1619 5279 1043
1767 5494 1930
1391 207 999343370
1195 4114 999606469
967 4629 996376027
142 1621 999867499
731 3554 999964450
470 1497 1068
1037 1913 1370
1195 498 1844
1017 1838 737
637 4925 999946568
709 1096 990
1527 4330 280
1426 2248 231
1175 380 999993797
1559 3676 986754354
401 5463 995152189
156 4338 999988364
578 2913 1328
281 2466 999579889
1457 3796 456
1658 2604 999853585
691 5215 999284238
605 2667 1210
1257 3775 996602315
1172 222 998748549
394 4806 1288
1519 2546 997556950
156 5280 317
253 454 999941858
1488 3510 1120
1606 5296 992844463
1766 1277 998525265
304 92 999659662
1038 718 999916894
1027 1394 739
768 1281 998607678
378 753 995289728
941 3223 999981339
1523 616 859
830 516 1817
77 3600 991176151
264 1963 991879832
1693 4027 997069561
1324 2215 1285
1286 2056 999991980
645 3001 999664251
270 4159 995358170
545 4175 1
1411 4994 1107
1316 86 999029869
651 757 999164661
1472 155 991101746
203 476 999850273
838 1014 999675435
462 175 999890030
239 3344 1670
1522 3225 519
900 120 999674258
1682 2922 1298
164 3227 998022189
1645 467 999245201
1496 4321 198
826 2963 999823991
1674 2597 329
1019 5383 638
153 3086 993998138
1490 3705 997255136
1261 2370 1121
624 2740 988819059
1362 2552 7
489 5322 998812412
1171 4369 1246
1228 2733 999939339
868 2028 999173258
1089 33 545
509 2757 999978557
1599 1288 675
159 3585 999856341
383 5046 999999775
1086 1300 191
466 4228 1046
18 5359 995636595
106 3023 369
965 1783 999996417
560 3716 483
521 1942 999651348
862 1418 999003248
688 5117 1016
1284 4777 999787557
295 110 997474777
1284 4306 999738674
1425 758 1065
913 1402 999954470
422 1220 1289
894 2726 999823531
505 5374 966940044
191 2288 999685230
887 4771 1071
331 1505 1059
1206 1859 987642471
1720 306 997395353
292 5353 999285810
1341 4354 999909247
1639 3913 997657132
1409 771 965361557
1072 2868 326
1494 5474 298
513 3523 1175
1105 639 993741948
872 2128 1719
566 2554 993670786
1510 5357 999954578
949 1323 1412
1360 5187 992065265
1696 1824 311
668 4949 616
182 3685 996495483
652 4893 999428441
525 1439 999834876
583 3941 999891086
580 3561 1160
386 4481 986527762
1016 1541 987582709
89 5104 975737735
587 3482 304
246 374 1670
61 967 999295507
1282 1084 1281
282 1637 998691682
216 1413 1715
1791 2109 998749891
373 3577 999623536
57 5026 578
292 4882 999472495
1816 4170 998856535
1622 731 999242451
895 2904 996779479
262 2823 882193912
120 718 992672199
621 4367 991589723
1182 2712 511
1531 4154 996462581
828 5017 999997062
277 5238 1444
1275 4846 1848
953 3378 985434222
1479 3712 995174152
303 3184 968763564
1692 812 999988431
340 4801 1742
1107 3592 999837777
900 2004 338
654 1439 997292242
619 5285 1029
711 4808 997642125
565 4231 999942872
1450 5120 18
12 4382 977211499
89 4633 999999967
1050 577 997261542
231 4734 981800101
1408 3946 880
681 2219 998926384
1509 5332 995429478
117 4639 1231
732 2240 1266
541 185 999098621
891 3356 999914995
366 2004 1671
369 5364 999954334
908 4905 999946897
1319 656 999687728
1697 5430 603
1763 818 999832060
917 818 997849298
52 2127 997338742
1489 3294 999809634
1489 2823 990654790
767 3983 132
1687 416 997592015
475 4754 993576687
1364 394 904
227 585 999652147
506 1095 997628489
570 2295 999989583
556 1195 997602538
117 3226 979851837
1660 2193 1918
1352 1526 996875256
554 1050 819
1606 267 1580
1509 303 999491364
724 2144 1626
504 2222 725
71 5082 998415954
1605 3437 995836214
18 330 1154
1065 3607 1463
657 4384 996148603
781 971 531
1044 634 962426659
1695 1406 996571426
1325 1239 1711
1690 2555 999550936
837 4188 1067
938 3609 1711
638 2236 1323
1628 13 985057756
1617 3901 999202339
653 4354 999959661
641 4206 945
1813 3149 972205907
1619 4337 999333281
898 337 997770688
70 264 835
773 60 457
1481 934 953760303
1488 2568 996123686
413 2583 977646668
798 3147 123
36 4707 999291582
1538 5153 980077684
1482 301 999368269
1702 4963 496
1659 2637 836
1216 4691 999693097
1251 3331 904
716 2591 998252248
1548 4221 1426
508 3057 1559
1437 1961 1206
1773 1570 998995155
1616 3624 999941574
1376 4713 998749800
1467 873 997912319
258 3080 787
1285 1257 627
1292 3382 1821
1345 3720 999967907
1156 570 999968927
58 1315 948
176 4521 997963048
1747 2237 1648
731 4496 157
590 4751 994460790
600 5306 1732
862 1889 798
1676 4082 999999879
1410 2204 313
736 2320 83
1014 3697 999883297
1798 3007 997404394
1441 4708 733
190 3446 997835264
1377 4896 992281651
752 1742 516
1306 3874 1861
339 944 882
1181 2528 999041691
646 1609 998794345
411 3255 999999115
1641 773 999278016
931 3743 997029474
1319 185 999259815
492 4223 999999032
300 5268 987946997
213 2370 999970005
659 1307 954315654
546 3559 999991539
386 5423 999964124
250 4218 1655
1614 2639 999541279
760 37 1502
832 100 479
1552 3392 999616892
1525 4711 997706597
878 2416 996332022
847 2053 999986437
1552 3863 984914148
1712 2738 974892663
1808 3464 948646127
530 5215 999691862
1138 324 992125170
1628 955 1456
216 471 966631420
385 4586 307
562 3210 999993923
78 1362 453
1579 5342 811
1461 120 1463
1487 5006 999836069
1455 2834 997284124
659 2249 1751
1462 1594 999984430
384 4398 998203971
870 2774 999799753
5 1205 999999399
917 2231 999879357
733 5179 982060126
595 555 999214687
1455 3305 988640224
785 845 411
934 4159 990523781
1213 3016 999812822
1259 2248 874
842 3578 1590
1558 350 997780045
1327 3522 948
1495 3754 997322325
970 1361 998422464
297 4758 999786184
708 2006 999914081
1673 3185 1014
1795 3484 1285
1501 574 996115042
1730 3792 1472
1386 2763 999503020
355 149 997689120
1824 3322 999525424
8 3890 916397136
541 1598 999890178
1389 3602 775
490 3832 994659467
554 108 999377982
1 5404 1588
371 1622 999922385
262 3765 1405
1741 5299 990320502
1377 1751 915
1743 3899 947372239
982 3221 1808
310 1330 999974379
594 3482 993197405
480 5296 986512978
1775 1294 997648158
535 4093 998965225
612 3818 1526
163 4682 961347389
1794 4088 993178387
1750 5004 989968706
252 2995 995355070
984 1261 1332
220 2462 1298
1582 1944 987319998
73 926 362
1738 2246 1521
454 179 1748
940 3916 999567413
1057 3257 999873726
1370 5006 999738819
97 2698 1944
759 2372 996036761
601 1137 999935700
1154 3379 999754710
719 1754 999998587
968 74 999326827
1547 2795 1732
1133 546 863
541 2069 1981
71 53 999624891
135 1369 999999639
705 22 999893915
1048 2344 1816
482 4688 999946272
226 2399 351
221 5338 724
1688 119 969910194
456 2643 995425381
1137 1485 328
1262 659 999522564
1204 2779 1513
1513 2118 998924315
816 4281 981661614
27 164 57
1512 2765 1238
962 3802 999976737
1426 1777 999967932
398 4999 214
109 3935 511
1408 3475 996345451
1585 2406 1383
1719 774 1018
1760 2375 197
233 1105 999991683
228 2097 999519769
1638 3331 1812
466 3286 999903142
1830 1900 636
1168 471 974501958
1385 1835 999130459
738 5002 999903263
1222 3913 999709401
1375 2470 979848912
1279 2787 1607
349 3427 999776412
1119 2467 1469
1440 639 997076156
1534 3577 1421
1821 3998 1051
755 3707 999953531
1489 3765 997046547
644 5295 993645298
1265 1856 999999959
22 826 274
1369 754 1732
1486 4912 998480516
1296 3542 1736
1757 3270 999629698
405 524 999936455
1404 3664 975890424
113 5333 1129
155 3325 999888227
1683 1541 1357
892 2548 999837057
1141 4700 999708758
1461 4678 998949721
1211 5224 993014872
506 624 999911355
259 2511 996254691
592 1907 999637762
781 29 998540102
434 215 998154879
83 1041 919
315 5098 999259962
1151 2672 999559281
327 5279 997077760
434 1157 999977773
1177 3868 769
1310 2623 999771416
1653 921 508
329 4408 996383341
1636 4210 1685
786 432 999695673
17 3440 1917
497 2744 996526398
1179 2026 276
296 5389 999888168
722 928 970421396
1753 2320 999936660
1391 5236 999985579
793 3260 1517
299 614 999996988
1340 4047 627
56 4627 832
1480 476 1258
228 684 999982649
1650 3364 903
1260 4605 891592972
762 82 371
409 5443 989450110
1389 2189 999960460
811 5090 999976230
1740 2922 999458519
450 3664 989762856
1123 1919 1924
1738 833 991984758
573 2243 979051151
679 4234 999677710
301 3912 994474667
176 4992 554
1480 5 914894577
941 5107 999883010
1139 4399 993839818
533 2437 998753736
1745 4663 998774236
196 910 76
1434 2540 1659
270 4630 1135
1315 2576 954762711
1667 2846 981212633
1306 2461 986616461
1715 3204 995948095
319 5092 1555
54 331 999976124
845 3704 1520
1432 4599 998750722
49 4698 998503312
1711 1769 999970201
54 1744 991574793
563 293 969127552
31 4307 988414525
951 1801 1330
1774 2928 997222239
264 2434 999945558
890 2070 997094601
988 148 996756888
219 3176 999932249
1225 4004 733
776 848 246
34 4464 1565
348 236 997762712
1062 1017 1934
1146 2383 999797979
314 3051 966112600
678 2610 1215
1077 3338 999532195
335 4797 998095119
1470 2315 999976532
796 4665 999778983
1710 3678 1987
562 3681 998
401 4992 999875781
687 1930 999577804
489 4380 994040182
94 3058 999842378
818 5341 998346302
552 2024 999996684
1136 204 988082332
1818 683 998197416
4 4249 1967
136 3498 999806890
1283 166 852
524 5033 968118040
332 2767 999987290
1800 3181 999513111
1559 2734 999969425
1328 3903 686
1215 4043 999603442
1186 724 56
1435 3724 984631014
939 2930 913525093
737 5244 951
31 4778 944693256
1600 2080 999771750
1290 316 997557254
1637 3318 1862
1080 776 1249
803 532 999866252
662 4926 999987903
846 735 996736868
245 4821 998590932
999 3420 891036033
1462 2065 999815177
953 4320 317
1786 1470 279
1576 5304 995951842
1643 2167 1281
693 1004 999994000
1667 3317 989306047
919 2633 998360814
879 3003 1135
1785 4885 1447
447 4579 997831368
199 3389 999831631
715 1077 990919529
372 4585 1618
883 3345 999945884
1545 2930 968069642
1019 4441 981511781
930 4909 1362
916 4367 993698411
1705 2123 999991193
279 4942 283
1222 2029 994871516
1551 1157 992170833
1312 7 995627410
310 2272 999921613
637 4454 882875782
494 4167 999944607
1041 3691 934
528 721 997043486
1411 4523 999902712
78 891 999995090
659 365 970038257
977 1268 138
158 2914 999480782
1468 755 999818673
1417 2633 999437024
312 2744 999998773
788 484 994160603
1120 1065 998836230
53 1561 995564155
877 2660 999623618
583 4883 598
367 4487 1572
741 1174 999933895
1484 1037 980134559
1174 2936 903658588
910 2021 999968731
448 5145 999972252
1523 145 988549874
609 5343 979731929
1697 4017 999286392
1428 4501 384
1277 423 1446
306 1968 999985436
260 5463 1219
1106 148 1711
1688 590 999478298
1657 2204 205
176 4050 995255697
622 4393 514
483 1764 872
873 1971 429
321 466 997993858
937 2604 999397980
1809 2734 1836
1653 5008 995671490
77 2187 932925554
960 4052 999650475
738 5473 883511948
626 5426 999950291
898 1279 1135
1176 4571 999937261
1386 3234 999987570
623 4848 999004955
91 1827 392
325 2996 998095856
984 319 999976572
80 1687 978456136
1740 3393 1000000000
1475 2486 999881515
714 1221 342
1231 347 981703446
1499 1036 998707282
789 454 452
519 4881 123
1393 188 1363
1444 445 804
1353 3361 996574096
1077 3809 999174057
583 2528 980251250
37 468 988129376
1416 241 1461
1040 4592 720
1765 719 997431620
449 2083 999816381
1066 3541 989299923
457 3641 1983
355 5178 997556202
1354 4472 997168893
1693 4498 999999713
1172 1635 909
766 2738 701
377 2267 998622600
1116 4084 1811
1304 4533 998309129
311 909 999995308
1184 1268 999930020
1757 3741 994521286
157 2643 993529814
1274 5082 999668931
348 1649 1284
525 968 998846832
1605 4379 999564476
1087 3548 469
817 3546 316
317 31 67
1731 5079 999160503
771 5138 988966433
711 5279 915767904
740 1689 999206785
1718 4410 998925316
1543 2050 995187422
300 4797 989804188
1793 3531 985679164
1400 514 993515099
374 3995 995927069
1344 4463 991701932
184 1586 999643665
488 914 998065492
1732 4738 999238846
1542 1635 983629866
1541 976 971633826
237 4038 998894887
768 1752 697
627 747 868
1540 5343 990495323
67 4893 528
1481 463 998342939
690 3596 999982782
242 2984 998925381
1330 4691 699
720 4341 996134921
596 652 999745452
1578 832 965518503
1004 2792 1375
346 3993 999996575
164 2756 999984878
1644 5255 999413500
807 5030 998897807
436 145 999380530
1648 1180 846
342 2945 997388223
1490 3234 951290519
1618 4524 998534262
858 4991 999984447
1360 158 298
733 150 998567704
1143 3893 271
1662 4419 1001
1033 5366 999459537
668 4478 998021018
728 300 601
230 3077 993757446
1783 1522 997158349
1013 2096 996861530
1467 2286 1288
184 2057 988719589
1255 2986 999969666
651 1228 401
582 1340 999522964
1691 2140 986686417
468 2615 998660032
1093 2373 996419913
1001 289 690
493 5264 568
826 3434 364
511 1260 656
128 2130 999987069
853 973 1256
1666 2943 997629952
1589 5270 998237817
1217 1495 1527
548 603 811
1241 2105 999774585
1444 5474 999862463
1412 1063 913
636 3673 795
254 1591 995581660
125 4553 999901874
1413 2984 999994716
1716 2213 1912
1219 2011 1854
492 4694 982213773
1499 1978 316
1224 229 112
419 2535 999988652
854 4420 999553962
796 5136 382
1805 2353 999891326
105 4194 1386
190 4388 985037829
670 2440 999997767
1723 3615 999477714
609 314 994542941
1117 951 1168
1319 5214 976009090
295 581 985575050
582 398 988839830
1748 3954 999997637
1593 5328 217
946 3122 999301878
764 4155 994338942
770 4857 997384167
468 4028 997326890
1471 1008 403
1563 2768 997997842
1151 3614 971500964
1098 301 999985619
559 181 998826335
57 2200 980081566
1264 2739 997582870
553 5372 60
1825 2153 999999929
671 477 237
1238 5322 999031110
44 1086 40
80 2158 331
168 3391 1818
29 3008 984118717
407 3206 1830
178 3071 999992302
814 4443 447
202 1834 992655224
1725 5304 999995169
1342 5283 999978747
1064 3500 995843400
1637 1905 998814367
876 2522 999910240
1339 66 999920194
1338 4274 999924024
1331 2879 999842716
225 213 682
1351 3878 1451
1279 903 999951486
703 1083 997930066
1643 1696 997402205
1169 3740 999956088
274 2848 968474483
386 394 1894
679 4705 999979293
957 2872 999908212
597 4162 998700804
672 1150 1750
365 1234 990912664
941 78 1968
1435 4195 965894380
209 2263 998818401
696 5447 980
12 766 220
1691 727 995453500
1232 2957 999007934
582 2282 1807
358 4634 1421
1216 5162 999995991
781 500 961966675
1056 2880 512
523 1258 999793075
957 2401 995467694
795 2588 999382061
212 3151 1175
236 3624 982053739
908 3963 999020364
876 3464 998273348
1675 3908 1728
1614 1226 999940186
288 4394 999677411
344 4791 999909106
1249 181 998530894
1282 5171 996871573
969 600 999588944
96 2290 990157326
1331 4292 1617
1531 3683 975101350
131 4014 951532975
1140 4035 999993456
1725 1217 514
1661 2757 929965814
548 4219 999999812
99 4379 1332
1438 5408 998925418
412 861 1707
1193 799 1683
528 5279 994299785
618 2082 172
1798 2065 998011349
1572 1533 998609018
1393 5217 999641436
655 3819 999878793
348 4794 967897460
375 5181 999994627
1065 3136 992139721
1380 810 1708
435 3573 999949834
147 282 999554136
789 5483 976041295
291 1462 1784
775 3354 999322261
84 1504 963077954
57 4555 999777404
1351 3407 999946890
911 1618 986979519
1559 4147 1225
773 5089 998100442
362 1491 972328772
1586 1518 999914668
295 1523 989333499
1438 850 1751
387 4077 1076
1329 4989 991705890
888 3186 134
375 4239 995330498
1198 4739 999425038
766 2267 996326588
150 4787 989911382
167 3666 999656017
683 1775 1041
1077 2867 930007013
1011 401 1437
549 5101 1859
94 2116 998164586
179 2101 999989291
1767 5023 999978759
1317 3941 999617998
1431 4358 997927285
664 230 1748
1532 2590 992936848
111 3751 999855366
942 799 1923
945 4732 995875283
691 4744 999501688
730 3301 958454657
551 3993 999302784
1742 2838 1671
21 310 999873187
11 5142 418
1647 1513 1289
1483 737 1507
1476 499 256
801 1242 992887223
348 707 992364387
784 4688 972207059
1090 1265 969631448
1694 3962 982363459
1436 5076 317
1189 2137 1097
536 5244 1847
718 639 1634
257 4504 999141767
1614 3110 1102
915 2022 978238841
1779 1624 996707472
699 658 1377
81 722 994735441
1620 557 924
422 278 981622666
1769 1889 1455
96 3703 128
1091 4508 999999787
1073 4624 50
877 4073 1735
1142 3043 1829
744 2012 999791593
1052 973 984
1453 2187 999998142
1016 2012 995875881
966 1570 999865090
1480 5034 999072497
107 5258 996802093
1656 4665 998768853
1258 442 999983522
1629 3482 988317532
426 4345 999957003
959 4589 996120284
381 883 1592
323 265 978719646
141 3437 999997679
1309 1158 999851121
1235 2085 762
1375 2941 978972773
733 4708 998962452
1172 1164 999785800
1657 1262 997759583
1231 818 999176380
194 3545 843
1774 2457 999788905
693 1475 1424
635 2671 999507274
1284 219 983089273
1549 4204 688
213 2841 987357133
303 3655 996799886
649 5216 999508945
656 3955 19
524 475 1438
157 1701 962206549
333 1701 525
504 1280 992030005
1309 1629 972350208
1240 3324 891
729 962 1127
442 4548 985474314
1574 200 997078747
542 5142 998709206
918 1480 999975604
921 509 996968709
37 5497 999834753
68 4306 969613778
1266 3970 1946
1697 4959 995769226
462 646 991281347
783 242 999705568
1592 2738 976
1280 2973 994377161
63 4469 1184
546 414 996400092
886 2553 1352
1569 4332 1508
528 1192 1482
836 5123 975067397
684 4043 999814197
475 4283 999923720
1298 2409 999871565
964 5096 654
384 4869 1596
1681 3188 997866448
1725 4833 963490808
606 3919 1159
540 3661 999976231
826 1550 997250371
1578 4919 992199726
1199 1230 997622597
236 4095 999829211
306 1497 999350843
1068 2805 999998103
1247 2667 995939018
1319 4743 999311915
708 3419 1331
392 1933 1413
1676 3140 990017180
671 6 980311359
301 4383 210
647 3378 997149089
282 2108 999878410
1087 2606 999939692
1736 2845 998160477
1481 3289 556
1298 2880 999997575
366 1533 946833608
1664 3414 972732656
395 4585 995221599
484 192 966293408
1655 144 378
834 4172 1475
1328 3432 997066777
1817 1724 1243
971 2406 995615624
1578 1303 1727
1420 2576 998823070
810 459 999849895
1597 5184 994731153
379 3104 989047783
970 1832 575
928 1624 13
174 3689 999568705
114 1804 1769
129 2349 999643888
1386 4176 528
841 1664 1707
1013 2567 999873002
1261 1428 969160232
407 851 999776257
311 5467 999903796
1102 3128 854
967 4158 995362163
1492 3271 992
1459 191 79
594 4895 1701
9 1540 999885809
43 291 1698
846 2148 998985600
1143 2951 999877662
1564 3620 999951734
91 1356 999809748
1529 2764 1809
183 2437 884764628
1453 2658 981
405 53 999841723
879 2532 999998556
1283 4724 991026096
478 1181 998374177
2 2853 1054
686 1825 1763
489 4851 944446339
271 3384 1331
539 3448 1585
1387 5423 910
1612 1513 78
353 4101 1389
645 2059 970304218
120 1660 1348
589 3751 999503573
1600 3022 162
1150 5255 892
1117 480 972643694
1132 868 1676
1809 2263 999410570
1695 1877 999775204
451 2795 1595
39 3617 995733056
708 1535 999998196
1064 3971 1476
504 338 980772607
325 3938 350
1440 5197 996632938
1291 1737 262
1199 3114 1999
242 4868 893
965 3667 1246
47 3965 1019
777 1117 999991505
1142 2101 998537876
1260 5076 1417
529 93 1262
1199 2172 994492740
1633 1381 999961362
1407 963 981103310
468 4499 444
1407 492 998990116
1490 4176 998303186
428 5062 258
766 1796 996349466
646 2080 1620
119 429 116
836 94 718
1011 4959 997779372
1637 2376 999994982
1287 149 999494415
656 3013 994662589
1733 3942 997185420
1426 835 988461059
1200 1549 999987832
1346 835 908
1245 4372 991976207
1190 2773 1795
1218 5203 1162
1088 2937 999988676
306 2910 999395492
404 943 244
1231 5376 999055435
1788 966 288
1639 4855 1169
1471 4624 999340336
740 2631 985327463
1794 3617 942157858
1273 900 401
1037 1442 992330000
25 4349 999971613
135 2311 1108
147 753 866
685 2030 392
909 4699 998
816 4752 1095
1240 1440 998290751
1322 2908 930616271
741 1645 1940
430 1126 986726535
556 1666 999868120
91 885 999536673
297 200 999602471
330 303 999996185
1456 3785 999939617
646 667 997274451
400 3330 998552520
563 5322 999738143
1169 4682 1474
1500 3774 1068
1350 4164 1837
971 2877 990970821
1589 241 999345701
198 1326 999977130
271 1971 999713612
1351 2936 999990995
116 2669 999962060
1608 3641 998849384
89 546 985738994
596 181 999965904
1002 145 999999979
1623 4510 1872
1281 313 1748
761 4165 996520403
1586 3402 185
576 2927 999779154
166 1008 216
1391 1149 78
614 5231 1561
1755 2442 893
748 3217 999970828
833 335 999793937
38 3864 596
282 3050 1394
692 5312 999618435
1827 5489 1695
701 3711 999023451
1157 739 999252243
351 4601 999615847
1802 1338 999666624
795 3059 1468
1044 1105 997203637
41 3366 998081078
1498 737 608
1130 5279 535
3 3045 999998625
1205 3595 904
1321 1054 1099
743 1536 1501
499 4427 1650
1241 2576 999737049
132 1694 1486
1673 1301 999345312
537 847 1738
26 1613 999999738
716 3062 1207
1038 1660 999901154
133 342 999281530
894 3197 111
1402 2525 985398598
901 296 82
100 631 993371532
1301 3760 981438424
1228 3204 1689
345 4686 1361
1179 1555 995962465
1673 1772 999999998
912 4497 471
151 5131 124
1474 660 999698959
1522 1341 999978257
1633 439 999622257
260 4521 999999677
1011 5430 993276897
1637 963 999924276
35 881 999995185
371 3035 704
233 634 997343889
435 4986 999931565
1135 1371 700
1629 2069 999314571
473 4530 987963877
83 99 998378081
468 3086 999999825
1095 5371 999925858
1296 3071 998625352
202 1363 848809032
908 5376 1877
523 1729 643
876 2993 999284171
1168 942 999975066
672 679 998361463
503 292 997544145
1831 2543 999985040
1194 4266 1314
1166 4458 999426372
1213 3487 433
889 5369 9
1152 3855 190
657 4855 274
601 666 991901142
800 4684 985505800
400 2859 999991570
910 2963 129
1497 4681 1770
374 3524 999096908
1133 4162 999168901
1785 3943 994026839
487 4915 1586
1296 2600 999958642
1750 5475 1277
1584 2508 999185647
905 4467 999672232
1292 2911 974610762
364 2211 999492096
1771 5387 966167161
400 1446 999854081
940 4387 898
230 3548 992
51 2115 993076238
1147 4446 108
769 755 999871252
1498 266 999229761
164 2285 984877902
1390 1075 994954909
387 3135 999895254
33 1137 877
39 3146 995121720
1722 4629 999690189
353 3630 995844559
1238 4851 999997596
515 2851 1212
1420 3518 999293474
596 1594 1735
896 934 977055794
368 2006 998948522
1033 808 1628
634 1650 1639
571 480 848484627
1361 4292 981486878
257 5446 1295
965 2254 995362241
1020 2157 992297886
350 4957 974915979
1118 1782 997829151
283 2387 999255764
441 3425 998779608
129 2820 813
1396 3851 999418458
134 2344 995412077
1020 3570 998811150
532 5151 1465
201 3872 186
180 4389 999983328
1222 2971 999910234
192 925 998890713
1698 4310 970507595
1808 4406 563
1439 1762 998574820
1397 1429 999583058
323 4823 998994407
34 3051 972031160
306 2439 999862414
1373 3673 998209420
767 3512 998181038
1743 3428 999999975
489 764 322
1424 1308 994832437
1226 911 999745174
335 5268 999932388
957 3343 997770415
490 4303 1543
1025 1116 940586668
364 3153 999913797
1745 4192 995146039
801 1713 954
272 4514 997717223
356 4128 999527699
525 1910 1551
1375 1999 893871649
1251 2860 997955131
1453 1245 956385245
1571 2405 998549415
499 2072 999966613
1627 602 995967078
1047 3171 904
1398 4432 999998829
362 549 999970464
746 1217 998569272
11 4671 999192153
334 956 999961158
450 4606 999515609
697 3085 37
1814 1160 994687199
419 3006 54
1208 667 1494
1819 1820 884
1081 1597 999498967
533 2908 999727627
1536 4469 982412848
884 3466 1134
1403 978 809
808 5181 999850628
1287 5178 996925967
1617 4372 1199
520 3423 999519506
648 3159 997774863
1578 361 999979274
1624 697 943198772
330 1245 998806277
1719 5332 999135320
623 4377 990404655
320 1939 1268
312 4157 1137
1432 5070 999846098
39 4088 999320447
667 315 982058846
1826 5304 999245379
1746 5398 948
953 3849 999989444
424 1266 999662133
690 4067 139
461 564 943414709
464 2035 999978386
316 3077 999999563
870 4187 905
154 4199 999992974
1641 1244 991551058
1552 4805 122
318 288 999553583
265 2847 1414
1615 2654 1556
195 337 997192387
1080 3921 999198472
1733 4413 1596
1418 3054 1469
1144 3620 969161896
1802 2280 671
23 270 999270840
622 2980 999911072
1422 3379 1127
1133 3691 999961482
1738 1304 999859226
1089 5062 999960960
177 4774 993773003
29 2537 999998560
163 4211 996459497
1445 4692 694
329 5350 1232
590 4280 999980769
1155 2107 1127
1094 51 990677310
1778 220 843
687 2401 1526
16 522 273
1439 2233 999627216
198 1797 226
865 1622 786
1262 1130 976454160
1645 1409 999934732
1407 1434 997091514
779 4226 978685013
1724 4873 731
558 2174 983658186
459 1750 991484962
725 2169 998221978
1565 973 265
401 4521 996719316
581 2497 996298320
1486 825 1171
1354 385 657
1454 2511 936289017
828 459 741
1505 4538 998831393
1524 3764 994364224
140 2374 998389972
1731 521 999712684
368 2948 1202
442 461 1180
1163 5499 1631
616 1251 996032947
1070 3202 998755005
658 4446 999848672
872 1186 999636247
264 1492 997686292
244 3654 998371478
799 3091 998973182
679 5176 1795
591 1262 999851623
1070 2731 994319519
39 4559 999231811
1555 2435 555
1297 4164 1380
79 5051 996560180
1245 4843 992917679
1748 4425 1754
1666 2472 999589862
48 5241 999865261
1466 4541 999998273
608 995 42
297 671 1228
776 4935 999978455
1722 3687 999980896
1358 5138 998851862
825 5262 769
776 5406 979109476
1705 3065 999941454
1833 3502 484
1650 2422 981283355
314 2580 999885085
626 1339 987
1038 2131 272
532 3738 991595876
1420 3989 1383
252 2524 999062035
723 4371 998248875
600 4835 996840764
165 1679 998076508
76 1632 995724835
284 2758 995061345
1662 3477 999904022
1262 1601 951
1449 3874 977550938
879 2061 998415966
1008 2306 999994853
1550 4533 997693176
200 1795 998659079
1377 338 998016066
1543 2521 1159
920 2233 999910924
107 229 1412
601 195 998516620
1138 5353 999618491
635 3142 1935
381 412 998418874
1624 1168 1488
1129 5452 999979810
44 615 999891239
403 830 1936
96 3232 996017127
1674 1655 997788510
1108 279 1014
914 3007 297
247 702 994649173
1144 5033 135
943 4905 1434
152 809 998008341
1571 3347 35
760 3182 999890425
1281 5342 999086386
414 3005 1926
323 5294 999981979
1737 4339 508
81 1193 366
293 3297 918
544 5386 705
1199 2643 999099131
1429 5257 1311
471 3435 1405
208 3786 1894
1528 4443 1746
1388 3383 999576098
1420 3047 964173547
1578 4448 993820211
390 3231 1407
1509 4861 971006319
1302 1125 672
393 2825 49
665 1288 520
1282 142 999871604
46 2118 999998926
1813 4562 1847
131 4485 987749179
1139 4870 998196609
145 5345 1034
474 1788 937
532 4680 999999472
1423 1984 147
257 4975 981023918
1323 4402 999913610
631 2377 1502
1289 2121 226
228 1626 978417021
1334 2070 1189
1622 5289 982519542
1078 3421 162
792 1645 996456656
1303 325 999605859
403 5388 995715772
1818 1625 999620463
854 3949 999903187
626 868 999440162
347 2098 362
770 5328 977567426
1668 3485 999561149
1286 2527 1735
305 3950 1361
1476 28 999937671
46 3531 998954036
577 3380 985826820
832 4187 997604032
1212 5401 1254
116 2198 999242322
1654 3206 999996170
281 1524 999690071
638 1765 999896709
765 4429 968
1083 423 994547580
1405 2307 315
1383 5477 1904
1136 1146 999358923
125 4082 998970309
1381 3715 993706189
1120 123 999923660
1415 4831 999965900
955 3076 993279474
1732 180 809
1105 1581 999651299
1629 2540 999892425
1603 3239 950
575 2326 774
1088 1995 996492134
1150 4784 999800644
1433 753 994418240
1469 42 495
442 5019 995087028
240 3020 923
440 1613 733
1566 3535 999996869
455 1841 1092
1068 3276 1482
876 2051 999819764
925 5129 1744
1253 3904 998686104
555 4474 1421
413 2112 999718517
499 2543 998962564
119 4516 962656568
839 3578 999945855
220 1991 991960263
1475 1544 999735075
1449 5287 795
1421 2481 14
1185 677 999193720
925 2774 998896827
1680 2139 488
238 4005 999108041
1582 2415 1545
995 3397 972766797
895 3846 999814392
848 5135 595
205 933 1
1386 2292 999999199
1216 133 252
706 2108 994081199
985 1331 999966815
76 3516 96
850 3425 999678892
1735 4808 983126498
735 5101 999863319
748 3688 999999517
1522 2754 999858993
1687 4974 997694187
1747 1295 999730051
1156 1041 983071918
1535 4652 958
1594 4892 999804788
491 1278 999311464
1339 537 1538
1623 4039 995572601
940 3445 996668131
1618 4995 1702
1431 4829 999998152
50 13 727
518 731 1622
170 651 198
327 721 566
307 5421 1470
1452 4572 752
363 5308 246
400 4272 531
1402 2996 999685189
1124 4610 997225736
547 216 315
482 130 998778616
969 129 998334687
1118 2724 1737
12 5324 999752300
1619 4808 999997651
729 20 991870905
946 3593 355
1306 3403 991883068
744 2954 795
616 1722 1998
371 1151 998801282
567 4179 898
365 2647 999944277
292 795 1782
1466 3599 997932245
873 1500 999999480
466 2815 979606633
1691 3082 1189
678 1668 999819292
1006 807 997689169
46 4002 1999
1259 1306 996644208
232 2043 999485717
572 1144 999686254
74 2562 234
1025 1587 1181
877 3602 999433674
1421 2010 999949570
1505 5009 998341927
606 3448 999868927
721 382 998163795
1806 2502 1369
60 5429 276
705 493 269
1477 1488 610
1651 4782 1534
687 988 983365323
1778 4307 998120240
1518 3278 1906
1210 5302 689
1227 2578 220
1759 3270 998581393
185 2941 1387
1635 2137 1124
576 3869 999913703
464 3919 987629083
1180 4059 450
170 5209 999563898
13 5329 211
63 3998 963701351
942 328 999980669
1213 2545 998843335
1795 3013 998744536
196 5468 999092156
110 3657 997628676
947 4143 999906505
1653 450 999950206
889 3014 977026019
677 5303 999860169
43 4378 999670627
854 4891 999999868
1638 1918 999236438
96 2761 999999851
434 686 995938229
84 1033 997961598
1432 4128 999917894
760 4595 999740222
1594 334 998960397
12 4853 999659293
554 579 999980029
172 2934 998870980
1097 1291 989072057
783 2126 1638
1235 5230 999675414
940 2974 996682845
1082 1922 1936
1149 352 999538921
1289 1650 999561948
153 3557 999964010
1809 1792 999867976
1127 4925 1491
1174 2465 998411411
1281 4871 961411069
1580 2150 995656262
640 5182 999908955
607 5302 1639
1219 1069 997853242
204 2877 1891
1119 1525 997850692
1015 2855 999931025
861 4114 730
1795 2542 998575736
633 798 970305114
985 1802 999221813
1539 411 999586103
1514 4509 1406
1826 4833 999998187
408 4841 999701334
1140 4506 527
11 3258 997440163
1076 1532 999866827
652 4422 992234543
1142 2572 999970640
344 704 1838
485 2762 1477
43 5320 998426908
1257 2833 986636474
1428 4030 966549716
939 2459 999584120
1563 3239 999999905
1756 5088 729
501 2048 996948129
1299 4975 999473371
531 1867 1018
288 3452 998784124
191 875 999824909
878 3829 1211
958 1547 1957
710 2210 999800097
1649 4679 162
1572 2004 975962437
157 2172 993565743
1143 2480 996411163
1763 1289 799371457
1056 996 999579966
1335 4796 999990199
635 2200 964335875
244 4125 1433
1134 1266 999966659
1473 3579 1850
1091 3095 999701245
81 5280 999856423
316 3548 997412114
1240 1911 998556035
1381 3244 999044194
1003 4784 998952705
1422 2437 999989769
684 3572 999743744
589 4222 998842509
407 1322 999193824
1614 1697 997640685
1433 1695 181
480 4825 995791181
1560 4003 1624
947 2730 999921940
1792 737 999128053
417 336 1908
1486 5383 999984500
784 5159 306
199 3860 987715576
1419 1418 998752979
260 4992 999970743
1157 1210 937
1080 5334 999289034
149 677 995267769
1750 4533 999927015
1586 2460 999941951
1012 4180 993808366
29 3950 923
190 5330 999478766
1245 3901 999403933
146 4276 174
1028 94 993201805
1146 1912 999821348
909 4228 989653958
664 4317 998669687
21 5339 998279321
996 4738 711
1794 3146 999754204
1050 1519 1030
1654 3677 999958635
1507 4949 1390
1677 1602 997354148
268 5181 664
288 3923 999994340
427 885 983901145
930 2554 999956676
603 3034 1824
52 1656 991288206
941 3694 964925547
793 905 995337294
1141 4229 997395922
1642 3186 997240840
164 1343 998102917
1446 5076 995257027
1596 2739 997229286
1417 2162 956603958
658 4917 999166380
809 4724 999489857
229 4436 999823789
154 2786 998932711
1296 2129 999714609
1254 3747 68
458 4139 999988787
1492 2329 998743797
966 2041 991340269
754 4651 998109405
1633 1852 1701
1165 4489 1529
1097 2233 997517086
278 3956 994983621
1264 2268 999981019
1131 4450 997229586
179 1630 978161140
1646 76 999643453
207 3700 642
458 4610 460
427 5443 999446405
305 3479 999982878
1157 268 972884443
561 1152 999301193
16 51 999325464
427 1827 986758842
1590 2108 998548412
160 5063 221
477 270 1305
813 506 999695022
1527 3859 995576081
263 3609 87
190 3917 979833001
190 301 1691
24 2607 1801
466 3757 999998065
1536 5411 469
939 3401 999996163
36 5178 1427
579 3287 757
296 4918 999992397
365 3118 1730
1329 5460 993769059
1154 3850 1668
1419 2831 1437
1347 3647 1881
1670 414 999978142
1279 2316 998967305
931 4214 999909689
1141 142 999860470
399 1576 999767549
52 2598 999431196
1074 1236 999987454
1200 2491 1520
1737 3868 987819999
440 1142 999858712
1051 2989 998569737
1765 1190 998936618
805 4320 158
85 4213 1619
1516 2767 756711776
1022 992 997522789
896 463 935974428
41 3837 1388
1661 2286 998484385
539 2506 999823459
1043 2121 998818509
833 806 998477811
1732 4267 997729706
648 2688 998369312
1728 4918 442
328 4976 999967420
1407 1905 1215
1186 253 996601182
906 2886 996527397
122 532 999818347
69 4161 545
1505 4067 995188281
246 4461 993640898
917 1289 982735373
1381 4186 996965771
1824 4264 733
1669 1155 999998547
831 4488 579
132 1223 999783931
716 2120 999998287
1134 1737 960268453
682 822 1620
953 2907 999995905
214 1023 995703134
521 1000 997782349
430 1597 998098003
1379 1351 1003
1611 3030 998733529
1537 5395 1014
23 5299 980615771
779 3755 999911655
990 1870 999931470
48 212 999989299
1788 495 999963214
1426 4922 992885586
287 4122 997460969
1515 2262 918
1645 938 999986890
1588 2602 1964
1176 5042 284
1315 2105 998383928
1184 1739 804
609 785 993937942
402 2723 999787304
1831 1601 998048039
315 1011 998574591
1561 4643 609
925 3245 994547191
871 539 390
1625 494 999925099
21 781 999998331
1540 314 999979211
613 1935 139
438 2592 997349219
281 3408 701
144 2899 999986238
1658 3075 152
259 1569 975729519
583 2999 999121017
1160 3998 979179608
748 72 996957283
770 299 998779949
1677 2073 1859
1332 34 580
278 4898 989961278
410 1301 1387
1212 4930 989433930
983 1403 1344
137 1025 999651532
978 937 999582365
130 4082 1630
1561 4172 995665155
676 3007 999848839
806 2171 999534565
601 5224 991726928
599 1497 1048
672 208 989788653
1203 1729 999822848
522 4010 1276
1091 2624 984212296
1237 5367 999998953
604 2420 1566
1034 1894 955451087
934 3217 997276351
654 497 999455894
938 3138 998439083
1274 53 1930
1346 4922 999767072
1110 2043 993581748
1727 4793 999871705
1827 5018 979548963
291 991 999750266
965 1312 999883823
792 1174 999261346
1628 484 879493714
1337 281 969035752
659 1778 964138424
1101 1057 687
1077 5222 1896
274 2377 999986852
1384 3971 930
376 4150 997236314
583 3470 996651501
1484 3392 240
1059 2577 999149540
1341 5296 1528
683 1304 999980400
1723 4086 1424
496 998 1806
386 4952 999966627
1766 1748 993152507
869 898 998692257
242 3455 995333334
910 1550 987475287
870 3245 999602445
111 4222 992492224
76 2103 981644296
821 2181 544
416 3303 852
36 2823 999988742
1230 1166 991385152
1304 5004 191
1672 4134 999945603
1143 3422 999526261
141 4379 365
1465 1672 695
95 2964 984079942
1657 791 980802153
86 1245 486
1298 4293 999051385
546 4030 998940034
1530 3722 795
1135 900 999999993
966 628 998578023
591 2204 999931681
1436 3663 999987552
931 3272 991997119
900 591 999168337
1346 5393 999942318
191 1346 999903866
991 318 1102
93 700 990852261
575 1855 998008696
51 3528 999992084
1435 3253 998128024
1070 3673 217
1663 4378 994425406
235 3670 996163783
1276 3046 999969013
761 4636 204
486 3149 996847285
195 5366 998881356
80 1216 999942275
1669 684 999803778
1508 813 985493456
1335 4325 999995526
1679 521 977430727
50 4571 988928920
958 605 999997951
1082 1451 960233676
597 5104 999972182
1778 5249 993073433
1423 1513 999980569
1714 4602 999999584
417 5365 997476115
1578 5390 999172709
1320 5075 1539
1010 3891 220
989 591 1188
446 3179 994857256
913 1873 1042
431 2881 1755
1231 1289 235
945 3790 999770693
402 3194 1434
1570 2802 1537
1718 3468 999219648
1486 354 999135560
1735 5279 999253340
336 4794 1996
996 3325 999529782
1008 2777 942059056
1545 1988 999980878
936 4020 998082276
1151 3143 991775706
1239 2134 441
1261 1899 999751274
1712 1325 999242465
218 3631 597
1474 189 981473196
1259 1777 997872589
429 3020 995
548 4690 919591277
71 995 882
1613 1549 996533402
1232 3428 217
695 551 476
1311 571 1616
682 351 998526109
1416 4799 959706338
969 5158 978095425
1278 3692 999995266
452 5000 999984208
280 3303 973085652
920 3175 1661
1352 1055 999818367
819 563 641
926 2087 999878838
420 816 1823
1319 1127 962484997
1483 5295 999914202
821 1710 999108866
1481 2347 999936834
751 2614 998958872
479 68 993403818
796 3723 970760686
428 4120 925918629
1609 5115 345
1731 992 1752
1663 4849 1486
1003 5255 1018
329 4879 961799369
793 2318 999160825
1394 4465 998523806
1113 3234 999975983
459 2221 69
369 4422 997975985
153 4028 284
1818 2096 688
399 634 997301884
1821 3527 954650461
1783 1051 960587310
179 3514 537
970 890 993000952
757 85 999755148
24 1194 992921714
858 5462 730
1327 3051 999952175
1129 4510 999992329
647 2907 994701078
702 681 989409831
1375 1528 999899135
712 4424 1573
844 1165 453
400 2388 992156261
981 4560 999927033
1342 254 17
352 5146 999849126
1682 2451 999932593
936 4491 15
227 4201 998854211
1085 1718 1511
673 2897 1105
769 1226 991404640
820 786 1159
558 3116 960206118
1005 4309 999674409
1727 5264 1560
808 623 820
1165 3547 996551656
1009 701 999929924
797 3649 996398316
1716 1271 999986710
1609 4644 999316318
656 3484 971691321
904 5444 999848912
645 3472 1525
1298 4764 1452
772 834 988360772
710 2681 6
1337 5310 999021769
1797 2042 1310
871 4626 999488899
1038 1189 994140020
1118 2253 999933540
232 2985 429
1452 3159 995597053
299 1085 999837077
922 776 1044
681 1748 995639297
442 4077 998250778
907 5031 785
1268 1324 999861471
1316 1028 735
927 2717 594
577 3851 1044
1572 2475 935
389 4397 999863383
1259 835 992534803
1109 1831 1213
1734 4625 356
1789 1545 1218
354 3203 985848070
864 2136 1449
1222 4384 1209
618 1611 996591327
364 2682 999966612
247 1173 1722
702 2565 977585418
932 4433 999524110
854 5362 997553196
1767 4552 994034533
582 869 999000019
292 4411 999117325
1140 3564 999716812
302 4530 1096
958 1076 965751119
356 3657 999652064
938 2196 965589319
1468 1226 999934750
573 3185 998573927
102 1322 999991078
1721 5483 999856417
1060 455 994319410
942 5357 997496357
1801 1340 991
1074 2178 999869546
1671 3440 1777
654 2381 22
1661 3228 999297361
559 5210 981310825
1291 1266 999091183
770 770 1614
1240 2382 988103048
134 3757 1261
334 1898 1359
581 2026 999996611
373 4048 995516548
1741 741 999684193
1297 3693 999876068
1164 4283 999710037
1477 1017 999896952
1722 5100 846
1818 5241 999721734
1057 4670 1471
855 91 1096
330 774 999616059
1305 881 657
1223 1727 999953816
621 4838 963481359
1488 3039 999190217
664 5259 966357734
793 2789 999057587
535 4564 999578275
1329 4518 997797468
812 1533 998856151
1389 2660 999217925
925 4187 952064932
1562 4115 308
1147 3975 995622924
856 1688 999128945
315 540 995707460
1750 4062 999695119
396 2161 898
1389 3131 988623128
883 3816 1493
871 4155 999717971
669 3779 999405962
1642 3657 998295272
852 2168 997519816
199 4331 1170
1533 2578 995163205
1264 3210 1110
1063 3189 121
1637 2847 940304058
438 3534 1817
1288 3804 999461769
520 3894 52
1214 379 999975066
433 4504 999405602
1652 749 999951454
1570 2331 995561072
1659 2166 997698326
725 1698 991469362
1798 2536 998928493
1153 3975 999981327
1818 1154 999833008
5 1676 1421
807 4559 995088870
299 1556 999925356
1271 4193 999975989
526 2446 999793779
57 3613 998395789
33 666 999900602
1706 1321 993836997
834 3701 999972722
1817 782 999252267
345 4215 999849873
4 3778 999556476
1058 901 1378
702 1152 999922027
8 4361 990145547
1698 5252 966
975 3821 436
337 4289 999449955
70 5293 997951788
542 113 999994837
147 5311 984294883
531 1396 996237370
1552 2921 999783466
1635 1666 999925772
1537 4453 994088656
388 735 727
1781 1458 999999093
212 2209 994946582
269 2967 999998421
35 1823 340
451 1853 999999243
874 1551 1038
1131 3037 994590800
545 3233 999978014
16 5080 999643146
1135 429 999720353
464 2506 999827756
778 23 995737066
1748 3012 933875767
291 520 980720388
502 1313 1596
832 5129 994417926
1567 4583 255
1646 5105 998861013
28 3460 1481
1133 75 978398219
921 980 999911449
706 1637 999996710
62 3232 157
146 3805 994649714
1141 5171 996750327
312 3686 999958804
1173 1846 998321131
1760 962 997656359
728 4387 998908130
1539 5440 999736244
611 4579 845
1481 2818 999755152
1136 675 988742405
937 2133 990498281
356 3186 998706504
835 4440 998923453
861 3643 995271691
1308 720 998557915
64 5040 462
701 4653 779
1249 652 794
749 307 1664
1330 4220 999862328
1816 554 1396
1418 2112 999991875
1025 645 999379656
665 817 999930422
838 1485 998731412
1584 2979 999999968
314 2109 961254915
1309 216 998675611
1386 3705 998536782
1436 4605 959019490
1252 1889 999977285
1098 5330 994029410
959 3647 999417817
391 4114 1472
362 2433 997138821
776 377 997848080
337 4760 999744711
1462 2536 1263
960 4523 989064629
1265 3740 999714133
403 359 999677822
1163 5028 999772157
1132 397 999817232
1663 3907 999999978
1000 2111 350
551 4464 999978351
700 1387 754
1288 3333 999995665
1656 4194 999065521
1824 3793 855040648
807 1 999457901
1345 2778 998903100
695 80 997040073
1015 3326 999733295
1329 431 1412
615 2494 973437777
823 2885 492
1022 1463 1199
87 2411 999578623
1551 2099 999876752
162 2583 997751181
11 3729 998949992
822 363 995452185
1718 2997 997858690
1701 2831 895
435 4044 999708309
339 473 999889507
925 4658 996630089
1700 3208 999949725
737 4773 998049746
287 4593 1853
1613 2020 999720500
332 4180 1577
1478 3006 1588
801 771 993659815
471 2964 999222115
175 4131 999982914
452 1855 1762
395 5056 967533031
1655 5173 989048159
1017 896 999559287
1295 887 997497524
1075 2135 396
569 305 1278
956 3679 999498567
850 2954 999959783
408 5312 1853
1426 364 999376908
30 3059 991293282
1591 3138 999709852
1275 3433 999692165
486 4562 993284972
950 199 999327935
23 4828 999868862
847 2524 742
48 4770 999929220
750 232 588
919 3104 1313
394 4335 996273025
903 3919 999646110
1566 4006 148
1666 3414 820
947 4614 999528374
1309 687 999690367
1429 3844 946682674
1536 4940 999554712
1122 2695 745
428 4591 997850916
1431 271 698
1822 3830 999974673
434 5244 974812084
1615 1241 998627289
276 4292 999737193
1088 3408 1478
242 4397 975459769
259 2040 999996175
988 619 152
438 2121 999999935
1188 3049 995037115
10 2583 999441537
1167 1093 1575
699 187 999922128
1573 1630 966
897 3177 995631100
1367 4915 999099616
1455 3776 351
60 4958 998328486
822 834 1037
1129 894 999969685
1706 850 999862059
1355 2242 999998900
1430 4527 988832857
1348 1151 504
827 3881 561
998 4111 999940706
486 2678 999606254
26 2084 1883
1161 5311 468
1026 877 1001
1475 2957 578
1631 3441 595
492 5165 997244240
464 2977 999537509
152 2222 1381
571 1422 997227767
1459 4749 998313000
1765 4806 998943452
1334 1128 991594372
1616 4566 998653106
715 2490 129
799 4033 1604
804 1580 271
507 2441 1816
567 3708 999853727
1130 4808 998920069
710 1268 985790764
1247 2196 999375920
492 136 697
237 3567 999980945
285 591 993916412
1719 4861 999836143
1185 1619 980094346
82 3622 999011990
708 2477 990682288
992 1824 393
702 3036 1148
1205 2653 999964665
322 5388 1776
1278 3221 997282049
1020 2628 999917424
1775 1765 1546
1335 5267 772
1098 772 1242
110 4128 999868505
1284 3835 997841468
1577 1800 994703779
632 5282 1480
1819 878 999906878
929 3009 999942275
1042 766 999847677
1168 1413 999965358
1021 4120 1362
92 1396 999991217
1168 2355 1568
1442 3003 999265949
1034 1423 999923845
1299 417 164
227 1056 999810791
1027 452 992664801
1513 2589 999999875
1696 1353 994927702
1825 2624 136
609 1256 999415954
1214 850 1549
173 4953 993668831
1813 4091 997007025
460 1691 997761347
1388 2912 999026390
1167 5180 999916674
449 1141 996969038
1712 2267 996501488
1401 1461 127
1584 3450 851
944 2377 999835448
642 1678 1717
647 2436 999916601
515 2380 941430434
1398 3490 945241680
90 2214 995232531
1013 3509 1845
88 2799 999998646
305 3008 996331163
1048 1402 998436730
485 2291 998214375
1090 4881 938772673
1018 2920 163
1139 3928 993701395
774 4898 1986
1310 3094 999015927
582 1811 997976660
1035 1621 999618499
364 4095 228
1430 5469 1513
250 3276 999758125
1607 1485 412
1097 2704 1144
888 2244 988256695
172 3405 1149
1623 3568 999599421
541 1127 992135755
1203 2200 999566156
1472 5184 999859406
533 3379 999660657
851 1362 15
754 4180 987296794
1131 4921 999976533
1343 5007 996614667
120 1189 998541649
827 3410 995109065
1765 1661 580
224 976 1500
1406 399 425
670 2911 994667538
1666 2001 992869229
300 4326 951981027
476 1105 999764865
1618 4053 997673388
445 5412 893
122 1003 427
458 3197 999770793
947 56 1796
1785 4414 998688299
427 2298 1378
1030 5278 999456930
721 1795 268
443 2701 1166
843 3742 346
1383 5006 995019198
1730 2379 976879214
773 4147 999868185
707 279 999199834
699 5216 999775285
1166 3987 984518580
98 4562 836
331 1034 998197216
1080 4863 998804378
14 531 1513
1804 248 668
1222 3442 995079519
1244 1459 999973420
391 3643 999385641
745 2851 776
648 3630 987646342
989 120 995574031
935 594 904
927 1304 998418036
49 5169 994864638
1105 2523 652
1127 3983 967483120
1813 2678 999788707
1533 2107 996430415
280 3774 999413992
266 3989 1613
625 5065 908
920 1291 999965042
169 3884 994705418
584 3946 940300758
1553 3464 1639
687 1459 995294377
1237 809 999682736
38 3393 999062463
1166 3516 993169694
1504 4958 1631
995 3868 1809
934 4630 951
692 4841 997478086
1667 2375 999642222
417 4423 990227479
468 2144 999969867
1256 1284 469
1430 4998 999526589
1092 1218 997632391
464 3448 999983076
1457 2854 999095875
722 1870 992565903
627 4834 999999540
7 4483 636
750 5261 999657492
871 5097 999130973
1352 2468 151
532 4209 994599337
1346 364 942435660
1165 4018 997362880
1676 4553 1477
435 5457 1542
622 3922 999999969
234 2359 999480190
1316 557 999822871
864 1665 999997541
1670 1356 1436
1096 1043 1122
81 251 975051104
481 1843 999561785
1381 2773 998396136
449 1612 994349261
427 4972 989600948
754 5122 999525909
610 5370 122
1390 1546 1938
66 4438 833
1684 2734 262
1734 3683 999825185
1479 4183 1638
90 2685 1076
892 3019 999779958
943 4434 991909315
57 3142 991038613
461 1506 998967465
41 2424 995497391
980 4745 999836641
967 71 222
1310 1681 998200739
1640 4520 999604583
68 219 1396
360 812 1403
1413 2513 998854213
1429 4786 999780356
1703 5115 999139015
1760 1904 998248292
1626 239 992053522
1009 1172 1657
1178 603 1326
1 4933 994416447
619 4814 999970930
509 4641 485
550 2033 999938163
808 4710 998018118
163 5153 992577098
261 2356 14
349 4369 1183
449 2554 1323
1562 3644 999368920
1313 1631 1518
754 93 601
791 4294 998748290
1510 799 155
706 2579 999979593
692 283 999986568
1455 2363 994281941
1336 984 999460771
413 3054 999902477
898 808 999473525
918 1951 999947942
680 2317 735
968 4632 984106713
59 1616 87
361 5456 1466
493 4322 999999676
1192 1762 999968117
510 3519 1550
476 2047 124
701 4182 999932899
3 1632 999907440
966 2512 626
271 2913 982024412
923 143 1364
990 3283 1990
1278 1808 999504832
53 2032 990630860
356 5070 680
787 3643 999974769
892 3490 934
686 1354 986832971
1107 4063 1583
1766 2219 1251
1222 2500 999966434
1803 1229 945476608
1322 3379 999194731
461 1035 998334629
1817 1253 849472444
1537 4924 999136760
1458 1862 1157
1484 1979 998914069
1141 613 997703086
578 1971 993042948
748 4159 993738866
1511 2014 999971912
1085 776 965840959
856 2630 619
1163 4557 964671039
578 1500 999954425
276 3821 996221141
1363 1811 999928326
637 367 540
875 392 999801055
1464 3713 898379272
1331 2408 998782713
456 3114 998904807
264 2905 1580
1005 3838 999111308
1640 4991 927358401
788 955 999986726
1267 2644 999306050
644 266 995456259
316 4490 999001847
666 2581 1627
996 4267 999913037
1608 4112 1683
868 2499 1571
557 4118 944
891 3827 1690
402 2252 998739727
598 1790 1310
480 4354 999937789
69 3690 999606068
1542 1164 999995400
611 4108 984593507
1067 5301 974540695
1263 1330 1335
1429 4315 996413499
453 595 44
210 2007 1844
860 2315 999969484
1597 1097 994005230
709 625 997985658
19 4115 997589462
980 187 1379
1363 2753 671
159 4056 479
252 3466 1469
535 6 999425809
478 5268 999928982
760 3653 998026637
1459 4278 995670352
552 1553 999877328
722 2812 1169
209 3205 617
1293 3606 998823802
973 2045 999754524
621 5309 1297
346 4464 999970452
1167 4709 999998779
1579 4871 999208315
316 4961 581
1552 4334 997735958
856 1217 999768208
972 2298 1105
1450 4649 919736548
417 4894 991922488
227 114 999840177
715 2019 998480623
1639 4384 999880595
382 3146 1829
597 75 992097555
1717 5215 996896112
94 3529 1304
233 163 998588702
447 2695 999992500
1198 5210 428
1503 1641 998886191
1454 1569 975603133
495 194 978843783
783 5271 973454123
1039 3075 993091761
46 3060 990051725
1148 3925 993397851
918 2893 1027
1027 923 998397439
1751 2881 1142
1436 3192 978083264
1312 5036 995829209
920 2704 928658824
194 3074 968360676
400 3801 999920677
372 4114 999911935
1774 4812 77
125 5495 372
705 5051 994620720
150 229 299
804 638 998085937
696 4976 997576674
236 4566 692
1730 1908 966108965
636 3202 999998294
607 4360 997382886
354 1790 999716833
961 3872 999272524
1799 3469 1692
116 3140 1993
1531 3212 947384474
896 5021 997519314
662 4455 999983889
1458 920 999603695
362 1962 999690628
76 690 999728108
660 2839 1361
1710 3207 997753520
1398 3019 975382664
148 1042 981773639
765 3958 999875181
1412 592 999823056
280 4245 999999225
1018 1978 991677481
1112 3912 149
36 1881 997777384
1599 5375 994568073
258 2609 984212227
171 5452 1578
1801 5427 994818785
972 1827 997234739
993 3597 1046
142 2092 1877
494 5109 611
1634 4580 982291700
54 2215 987623730
1087 2135 989326262
1063 1776 998580596
947 2259 999897356
1238 293 559
1646 547 999655454
233 1576 606
1725 275 999549877
193 4090 1382
1601 4349 996391050
744 2483 992849092
1551 2570 1482
1167 151 964335267
334 485 999540897
650 1942 1527
334 1427 999589789
642 1207 999328452
1718 3939 988325847
346 4935 987729744
1336 1455 999748276
1599 346 999808170
574 1502 917
521 529 999547200
175 3660 998921181
1248 2845 990495644
279 4471 993858667
378 1224 372
939 1988 975688066
1730 2850 984855433
1471 537 999854353
822 4921 969384199
357 4662 997
379 3575 1808
1094 993 1921
1487 4535 999787901
343 90 997466476
1343 4536 999885864
274 3319 1134
924 3644 758
370 5349 998951908
1701 2360 999931521
447 3166 998877793
284 2287 998989952
723 4842 593
237 4509 1322
1672 4605 1449
1134 2208 990836781
1114 2480 6
1467 1815 999380995
1587 5251 999986311
1170 3263 1861
1718 4881 1051
66 3967 998152133
103 740 1282
784 4217 999991097
256 652 1846
183 2908 1695
170 180 987197633
86 774 999926218
941 4636 998256713
866 4791 999813374
1428 3559 999483919
1181 2999 999996960
1060 5484 999999933
1492 2800 999995701
1593 4857 997477234
472 4773 995648910
559 652 915
30 2117 964140099
309 2901 1261
509 3699 999891773
642 736 999943878
164 1814 991659681
691 186 1370
818 783 17
974 3840 1185
9 2011 958
1345 4191 380
775 3825 1440
866 5262 1444
1395 4268 999818165
1821 3056 998884903
100 160 998504338
703 612 996645115
377 2738 1641
543 2775 1967
539 2035 996760262
1760 1433 999419495
95 3435 1929
522 3539 999977571
882 3837 996844219
1172 693 998293464
1816 4641 982717873
860 1844 999059714
1693 4969 999944355
284 3229 999984731
1442 3474 1723
526 1975 999965055
1782 1158 1239
256 5210 996270049
1137 1014 999952383
1556 3909 969
1101 115 987486183
1101 586 999317069
740 2160 999043879
1164 3812 999209947
1789 1074 999499947
782 372 1552
310 1801 999798980
1752 3039 999728118
1171 3898 996451515
1066 4012 1668
1516 2296 992559601
1781 1929 24
655 4761 811
773 4618 999941700
925 3716 999862038
1823 2047 996175541
1131 363 435
124 3614 999990656
430 2068 976683492
1252 2831 997168788
774 3956 921736940
227 4672 998887397
1720 1248 673
134 3286 998291748
182 4156 21
1488 2097 963828133
229 3965 999977994
425 1552 1123
787 4114 999996424
1120 2478 989262796
1721 454 1458
1801 869 999976532
1368 5341 1897
1680 1668 999746100
1691 1198 995276299
1425 287 992258637
178 4484 1613
1604 1107 866
200 2266 999999271
259 2982 829
1772 2176 998690650
49 140 156
1534 3106 999168861
1554 1194 1567
1072 1926 994267450
1056 525 999870422
328 4034 997450530
999 3891 1516
738 444 442
570 882 999996906
1544 991 542
1497 4210 999676359
460 2162 731
627 276 999946216
253 5483 999996081
573 1772 971994801
477 4828 999999414
1764 4303 1731
1301 4231 996576479
1170 2792 999967562
1036 4561 201
1490 4647 162
42 5364 991865238
230 2606 998874544
479 5097 999973118
1590 2579 994339336
658 359 802
1024 1759 469
381 5441 999196543
1455 1421 998741020
504 1751 999354400
429 2078 998339730
1716 1742 998281109
76 2574 999937550
352 4204 999974822
1378 1504 108
112 2970 246
1681 2717 999979618
1072 1455 997042102
286 2696 1325
34 3993 992795181
302 4059 895526488
1592 1325 999864463
138 3470 1457
1001 5318 988668065
1081 655 999987088
784 3746 968862872
866 4320 999903013
668 4007 992599069
589 4693 282
1768 1086 355
900 1062 999921805
1114 2009 998458664
250 3747 984716333
1597 2039 756
1071 3504 1544
835 4911 696
1236 4041 1976
617 1906 999999723
1129 423 998573130
467 3277 970474808
354 2261 828710769
1576 4833 999999315
41 2895 999883696
161 1314 998203823
1518 1865 968841513
131 5427 1004
1082 980 994969264
1678 5245 390
140 2845 1139
1187 3733 997240269
128 1659 997413441
937 3075 985911712
1470 2786 498
717 4098 999304229
1513 3531 681
853 31 998237845
1819 1349 990982635
707 750 999973454
376 4621 999958110
965 3196 999920876
1077 4751 997107408
530 186 91
154 2315 994323313
1494 5003 999961252
1060 926 1313
112 2499 942235536
117 4168 999447266
1035 2563 1892
561 1623 999663853
971 1935 999727101
1469 5071 998822224
563 4851 996482949
777 1588 999807207
1765 248 998675315
1641 1715 469
555 4003 999993044
117 3697 995767687
1770 2474 998012800
1569 3390 994331792
273 4458 999962116
594 3953 998221725
567 3237 994742060
876 3935 513
1677 189 998486982
859 2648 1954
1464 4184 999991194
945 5203 1493
1288 4275 999976881
1490 2763 996481756
1234 3148 999936498
490 1948 994832815
190 4859 999621945
1674 2126 998942533
546 885 732
348 5265 997897832
157 3114 1982
579 2816 999977683
536 4773 999588533
277 4296 986963594
593 3367 987950295
563 764 1638
1280 3915 695
1527 2917 996265742
1760 491 999952321
896 4079 999775987
342 3887 74
3 2103 999310944
1466 3128 999050871
919 2162 997009617
1673 2243 999998448
565 4702 999771642
604 1949 999268555
1058 430 999089890
1458 1391 998574914
1804 5277 996450048
1569 2919 994874919
1081 1126 997606014
132 281 999597590
1733 2058 985051492
315 4627 999817912
1160 3056 999908814
1029 4180 984545202
504 809 997385283
547 5245 994221503
355 1091 989565974
914 2536 999525436
354 3674 539
863 734 998
1463 3848 384
960 3110 990078884
1596 3210 998077264
1423 1042 999102625
268 4710 999870794
1103 2758 1092
735 72 1381
596 5210 983658718
1028 5123 999152660
1767 4081 999136606
500 425 997175198
1681 3659 999612725
702 2094 999967990
338 340 1238
599 1026 999935668
1590 3050 1119
1343 5478 1202
751 3085 622
737 3831 971334094
1414 5252 62
759 2843 865
835 3969 988929861
1475 2015 999601451
1599 4904 999861071
904 415 31
1230 695 999989128
867 2449 999992645
1130 4337 999987899
1305 410 994321714
143 4927 356
1148 3454 997354841
1517 168 999237855
207 3229 995551675
1223 2198 1584
762 4640 998773702
245 3879 999314014
533 1495 999981758
1340 3576 999975039
889 4898 999992078
1545 2459 999430761
82 4564 868
1020 4041 1206
1252 3302 215
997 1515 999871024
94 2587 988759903
186 2011 971397091
947 3201 998154120
139 3601 999702511
1703 86 1075
1160 4469 1230
435 4515 994444135
592 2378 1055
282 2579 996811426
1257 3304 974902864
291 49 997407866
910 1079 984268516
1731 50 999599376
959 4118 999948592
1314 5146 1762
745 2380 999512802
1447 2598 999637870
1493 5431 1408
733 621 1951
757 556 817
1379 880 999887470
715 1548 999996516
268 4239 997993734
1715 3675 934826222
1382 1683 1587
135 1840 999990793
1127 3512 999900723
1361 4763 1110
948 4900 786
885 4437 948424331
1333 5125 368
490 1477 999728213
1454 2982 480
255 558 1236
1774 3870 956609227
1333 4654 992723833
1426 5393 998386673
1470 1844 998720188
104 1255 644
391 2230 980653560
1247 3609 776
540 4132 934
690 3125 997625715
1097 1762 999893381
190 2975 997796835
753 4664 1591
815 882 1778
1063 2718 997309022
1295 1358 999899615
75 185 999897481
1589 1183 529
1320 4604 997719445
418 1285 1951
1774 4341 987596557
477 5299 995097449
1275 3904 999481677
1239 721 996907191
284 3700 483
1019 4912 998958239
1391 4765 993729787
943 3963 999886649
165 2150 174
771 580 1927
1470 902 999907728
1796 5382 1141
1265 2327 999696397
551 4935 1685
1388 3854 1929
1133 4633 986396060
1018 2449 999997575
450 4135 998338067
1235 672 991975331
182 3214 999870120
399 163 999413624
786 903 999911765
1509 1245 1685
115 1473 115
1793 4473 1168
594 3011 999816658
1307 1941 999983077
1028 565 983069108
212 2680 998805689
447 5050 1495
381 4970 999985354
177 5245 719
84 91 999720779
627 4363 997879603
126 3865 1514
1831 3014 1160
709 154 999429827
1321 583 999848227
122 61 974021794
1673 2714 986790525
1815 1370 953952554
1735 250 999302347
1133 5104 999954127
1001 4376 999924680
1587 4780 999440631
568 1241 993388973
722 1399 999902186
981 5031 1290
748 543 1408
916 4838 162
540 2719 980929672
332 3709 999769935
1138 795 1210
514 2717 619
39 5030 1826
1793 4002 999474136
1602 2767 1783
499 3485 943721239
1120 1536 997905665
681 1277 999814444
154 4670 1921
625 4594 999875341
346 848 226
777 2059 1598
896 1405 529
1661 1815 996425559
1467 1344 990801331
924 2702 979635774
669 4250 999978163
55 3672 334
1518 2807 997516053
1656 5136 996955022
1220 1932 972844872
903 3448 992993860
328 5447 958516171
498 1475 1782
1166 5400 998
1615 1712 999101745
1526 4705 1481
1671 2969 998396144
1040 4121 977285117
418 814 909134497
267 3645 1976
1294 1028 999809019
530 4273 999978041
48 683 1002
597 4633 999654354
1768 144 999759825
169 4355 999138329
1686 1005 999826130
452 5471 988121043
150 5258 993252376
486 4091 999999913
512 36 996096444
509 3228 999977216
1494 4532 998729648
1068 2334 991583616
1612 100 999901841
1514 4038 995655773
1055 521 154
136 3969 999993979
251 1850 1637
343 561 699
1162 2281 999680037
1474 1131 918
63 2114 992890461
258 2138 998981609
803 1003 686
721 1324 999697237
1431 3887 976602761
1391 4294 999945816
451 2324 999775417
1443 4037 992598870
1574 671 1804
1693 5440 1920
1403 36 994833360
587 3011 999221197
1691 1669 999996052
235 4141 764
1600 2551 986371099
1152 3384 975277982
1336 513 995413934
1050 1048 999541438
373 4990 796
1595 5108 998600170
1626 1181 999989662
730 4243 998888278
356 4599 995226810
1833 2560 997918668
1777 2539 1059
1239 1192 999593664
1416 5270 999941460
351 3188 998289911
1465 1201 973018984
89 3691 999939247
1061 968 998866265
1718 2526 997423643
1744 3273 999833728
869 2311 992910324
1337 4839 999764520
832 4658 997589387
1801 398 999764911
331 563 999058759
1301 5173 1015
1735 721 278
1684 2263 999994313
377 5412 997528648
1090 323 999014709
25 733 1781
1401 990 999999064
1461 5149 994044299
66 3496 999355974
1768 615 996392707
626 397 975528066
1510 4886 999996952
689 2596 999982216
917 2702 1365
1244 988 994064953
719 2225 1035
1641 302 994429542
1059 3048 646
749 5336 986668207
931 4685 1357
1597 4713 999821767
296 360 562
660 1897 999470621
1219 1540 991274418
888 2715 998835407
1636 3739 999970545
1741 3886 999891824
1035 2092 996874578
1591 2667 920456045
984 790 999786706
349 3898 998522653
344 233 999981643
421 355 999243173
527 4632 1002
1336 1926 1898
1557 4680 1377
826 2492 998007757
1770 2003 991336946
303 4126 278
398 4057 999545623
1577 2271 143
929 3480 1191
823 1943 990196041
960 3581 918747233
1427 2893 999991531
396 1690 983566557
501 1106 998781398
869 1369 999691702
1087 3077 999870860
1134 2679 1669
359 4400 69
1215 4514 206
887 4300 994013645
1063 2247 999742389
654 968 996207416
1211 4753 995561557
1564 4091 912
710 1739 998794563
86 5332 999870055
1400 43 997347519
1519 2075 999997884
1754 5212 1566
1520 4640 470
1787 2466 998498857
1272 2662 1184
1669 1626 173
1205 3124 999981800
1319 1598 905
229 4907 1407
1114 1067 999952369
846 1206 999596857
1413 3455 162
521 2413 706
1115 789 996701439
694 3696 1068
104 784 999801552
1749 503 999691307
982 2750 998394218
1371 4992 999634977
351 5072 1408
570 1353 980149146
1595 550 151
1036 4090 999444801
89 1017 27
677 274 1453
794 1459 986558373
1790 3687 1840
1709 3609 594
1229 1089 1995
1300 1882 1462
261 1885 999425902
1533 3049 990140717
730 3772 998566788
1187 4675 1573
1307 2412 1090
158 3385 708
1232 2486 998493592
1717 186 237
1813 3620 975277150
593 4780 1157
1105 2052 999403335
188 2462 1516
1456 4256 508
1620 86 999771462
1176 4100 999364046
1044 1576 1473
1356 4295 1606
889 3485 971539961
517 2107 1032
786 1374 999874701
364 3624 999996246
266 3047 999997945
479 539 383
1376 155 1289
697 2614 999329078
1468 1697 1801
87 3353 1287
323 736 1841
1531 4625 999877877
1618 3582 912490649
602 2951 734
1500 2832 996950506
31 220 1096
1704 3104 999913853
867 3391 1090
968 545 1951
360 5370 950394602
243 1595 503
1202 4939 479
1440 1110 1839
326 4275 986902017
57 1729 998413992
199 2918 998697880
686 883 998859331
410 830 997592954
1632 4682 994056498
187 2344 279
746 746 998688764
748 5101 999363441
542 584 990
1700 5092 847
981 4089 999991307
1377 1280 998003084
481 1372 998477935
571 1893 221
533 3850 999998421
54 802 999978840
174 4160 1464
298 694 1139
1368 4870 917011470
424 795 996556064
427 414 997092861
1008 3248 1137
849 4058 90
1611 4443 1373
1268 853 999983381
855 5120 999801612
351 3659 998385932
713 285 630
1284 5248 997530448
494 4638 999936891
754 3709 999910482
1390 604 999973091
1536 3998 999746787
840 3347 369
558 3587 482
178 3542 994036977
57 4084 999856338
391 3172 993360587
1510 328 999972508
1251 2389 999819437
127 2723 996567197
1120 594 999881522
1768 5173 987661793
603 2563 999870795
1422 1495 998440421
1167 622 998001149
1787 2937 228
1365 1283 1402
530 4744 999662411
427 1356 997024311
663 3701 997005624
79 493 1195
1525 153 1632
75 656 234
1354 5414 999995807
905 3996 991559355
1242 3085 674
756 1965 999997371
1138 4882 977119084
234 3301 1755
413 3525 1407
228 2568 194
606 2977 993818548
25 4820 999033904
954 4679 6
605 2196 999649880
319 4621 997865270
231 5205 601
1798 3478 726
1464 4655 156
853 502 999215182
1741 4357 999991364
1638 2860 996022697
272 5456 58
1128 3305 958324587
468 3557 990084688
1506 1656 970837696
704 983 1674
1265 4682 875
527 3690 999996664
121 3600 1575
1306 2932 987864185
1042 1237 972843357
1695 2348 766
1091 3566 997478417
1544 520 999936494
1491 4940 29
786 5461 998983594
1693 3556 999044979
1818 212 999994634
1536 3527 999837042
132 752 998206694
469 3553 999991733
526 2917 1710
53 2974 997744197
1332 5063 999809444
1099 142 29
137 554 999881311
337 3347 987204207
1224 5258 973016294
1130 3866 999818356
1704 3575 489
1294 1499 987824521
475 5225 972
463 2275 66
1803 1700 944
1408 3004 999957126
1668 3956 999870674
1457 3325 996039072
1550 5004 999533121
1077 2396 999984933
447 3637 999998319
930 4438 998887081
119 5458 995036641
234 2830 999964475
362 1020 987554898
1657 1733 997980698
392 1462 997649491
274 1435 999999912
248 1244 999085452
1225 3533 996261345
1622 260 992761549
926 2558 619
1811 755 1944
2 2382 962071230
311 1380 142
998 4582 1742
292 324 985043991
1743 4370 1500
1688 5148 998643361
409 1356 873
996 3796 999883997
665 346 999999355
900 5149 992082476
962 4273 19
1191 4696 206
1206 2801 995951617
806 3113 1062
1223 1256 988816541
245 4350 998126874
671 5035 965016809
730 4714 1018
286 1754 999999254
1110 2514 410
1053 963 1992
1616 4095 999995489
1642 4128 1879
376 5092 650
204 1464 999617332
1155 1636 998146665
564 2352 999960854
549 4159 997713517
1195 5056 999915518
591 3146 1802
1618 2640 999999947
242 2513 999997038
1513 1176 999849454
541 5214 982297569
395 27 1536
991 5347 992063468
1352 1997 985763181
248 2657 332
482 601 1764
1443 4508 993304466
1504 4487 997438938
1201 5296 997786967
1144 4562 998547488
1792 1208 1978
24 1665 999788934
576 2456 999903620
205 462 998958872
476 634 998095309
436 616 1939
1646 1018 1981
707 1221 522
1123 1448 998966365
597 3691 992739872
273 4929 999879228
1074 2649 1951
700 916 999951480
1149 1294 1912
462 1117 1519
895 5259 998690427
911 3031 1500
1039 3546 998653112
458 3668 995038713
273 3987 998660143
1013 3038 999280253
516 3376 28
662 839 1955
893 3744 997358487
1104 4840 996004039
590 5222 1660
646 196 952316728
990 2812 999286409
139 3130 999871985
1270 5094 974044578
368 2477 992225779
1158 4637 997862908
1791 2580 847
1622 1202 1143
1263 859 999434622
581 3439 1823
315 69 998825185
1084 234 1973
175 4602 680
582 5427 998454976
1224 4787 999999059
1092 2631 289
1280 3444 999606434
1318 4333 1646
412 390 998600109
180 4860 1829
1647 1042 990334059
933 5311 994368613
1747 1766 999560351
1170 2321 997988767
1275 4375 998616533
1396 3380 996103729
226 1457 999991647
1168 1884 999965944
984 5348 968743575
452 442 999614216
1652 1220 998972553
478 710 991915360
1711 827 999947608
944 1906 991302130
31 5249 999941508
1116 3613 996640627
476 1576 999996285
1325 768 999886551
1476 5057 999449190
903 4390 285
481 2785 816
1728 4447 989667761
324 5302 1914
1448 3646 443
585 3987 994665375
941 4165 996990584
1398 4903 1526
1164 3341 999806748
262 3294 999716766
1031 4700 1796
817 3075 946974053
439 2113 999999495
1265 4211 989308648
1715 4146 1596
1557 4209 992866287
791 4765 999630804
465 342 874
867 2920 999995376
804 1109 990578720
321 1408 999932532
566 3025 999732100
360 4899 999433213
806 2642 999838638
660 1426 987074161
513 2581 999980592
91 414 999971286
523 787 996997356
415 5117 960
355 1562 141
491 807 923897426
469 4024 1555
1626 1652 1625
285 1062 999582665
661 3704 1878
1439 2704 706
745 1909 992238325
1064 3029 960786019
1241 3047 85
1120 2949 1382
968 5103 999995450
733 4237 998124754
1800 2239 997696489
1689 3028 999996869
1677 660 986605953
1418 2583 999797128
622 3451 999485407
1421 1068 998884646
1616 5037 1429
1399 3590 1226
68 5248 999953852
725 1227 992061556
1708 4506 999796499
555 3061 995733004
737 4302 992544023
856 2159 999882565
1769 1418 968382756
1426 1306 990483715
1069 2911 1181
1466 5012 102
1048 1873 999048992
249 4997 1928
756 2436 999955688
1348 680 999885434
566 2083 998811496
717 3627 999177196
1057 4199 983877204
1513 3060 999991304
580 3090 999880263
796 3252 998973975
595 1497 667
316 2606 999974885
246 4932 995543196
1471 5095 999937720
80 274 999633004
725 2640 999951222
1773 2512 63
843 3271 999253569
1367 4444 998895350
726 3385 998477483
101 5388 999476086
34 2580 998686775
45 4877 1477
1041 2749 999515624
311 438 999985488
974 3369 992796026
889 3956 997488721
1670 885 999506640
910 608 993696482
573 3656 1364
84 1975 1821
1546 1512 424
800 5155 408
53 3445 999940090
1131 3979 993038236
667 786 999986584
1080 305 998569919
1612 571 999996004
1001 4847 999858305
570 2766 506
1772 2647 1474
627 5305 988077633
826 2021 989497726
1644 697 922
1677 5218 999994203
1711 2240 1101
1384 3500 999915216
542 4671 981922643
304 5121 997779401
1739 4966 1918
610 4899 997622727
1812 4225 1233
1046 2550 116
1452 4101 983714960
621 3896 896057511
118 1340 1404
938 2667 989417920
550 2975 1157
1685 699 813
942 4886 996493028
994 1829 995923388
1299 5446 999867992
1713 1676 1157
72 1443 584
227 1527 1308
813 35 999816542
653 4825 66
1758 2411 262
362 2904 1588
991 4876 999996135
1414 4781 999999948
1159 2227 1263
93 1171 852
680 1846 997076308
299 2027 309
421 826 343
1729 444 993347562
168 2920 998795430
164 3698 1428
1470 1373 999995642
397 36 528
1421 1539 995835239
617 2377 598
1483 266 999860319
41 1953 999909538
1254 2805 991877481
1297 3222 993388486
867 1036 997859967
189 588 999872098
796 4194 999999104
1160 3527 947080148
895 4317 980771450
787 4585 999969048
1545 3401 754
824 4074 999268751
1552 2450 886373363
662 5397 988951240
238 4947 989490308
1604 5194 999994250
1397 1900 1513
227 5143 999738927
20 4948 998661397
1694 4433 1873
377 383 996209194
377 854 999423113
1804 4806 974684890
755 4649 640
1185 1148 961430350
489 293 999733875
204 1935 999980079
512 5065 998478696
181 1228 1143
30 2588 840516428
223 777 993160466
1783 2464 999236725
640 153 999998691
1732 5209 995520878
432 2188 936186529
957 3814 1527
241 4439 548
37 939 490
1511 2485 1879
1046 2079 999992024
1382 1212 999890185
923 5172 993898006
1736 4258 649
571 951 997373347
431 2410 999940479
702 210 999867448
788 1897 994418673
763 2478 1301
581 2968 999777946
1091 4979 999098926
1744 3744 982094493
633 1269 309
1067 272 999014751
1516 3238 633
1279 1845 990957102
1196 613 999659955
802 492 997591052
1660 1722 978813783
764 5097 451
755 4178 999795366
1502 213 999999691
1225 3062 999710049
1189 1195 992370908
639 4614 999869141
68 4777 999498067
654 1910 999813650
1485 1044 926
808 4239 998893213
214 1965 999766400
1531 5096 1911
1199 1701 996324222
1524 4235 999
1508 1284 197
369 335 1249
1694 3491 999334692
131 4956 999978185
217 3005 997325866
480 267 122
799 3562 999381858
1203 2671 999941075
25 262 990610334
1794 4559 804
1589 712 999984508
904 4973 998553224
420 345 999981913
1463 3377 993273500
1683 1070 999999317
1627 1073 1963
195 808 1020
838 1956 183
310 2743 478
207 2758 783417558
1355 2713 1758
760 4124 999841209
1446 47 997986239
334 14 999959414
169 4826 948125098
30 4001 819
193 3619 999228296
406 1749 991255364
1765 5277 999392366
501 2519 1527
1303 796 999946504
1558 821 1190
246 5403 987908679
1495 4225 275
482 5159 920184806
52 3540 604
676 2536 999995936
706 3050 1437
841 722 998193257
81 4809 999330279
1742 2367 997482427
825 4791 999510332
327 250 982100086
802 963 999559966
1636 3268 997448485
271 2442 998610687
1288 4746 983925252
143 4456 999926417
546 5443 999780010
351 4130 999988987
588 1685 417
1829 335 974
630 3427 998780750
1722 4158 999811057
506 153 999999132
1740 4335 237
692 754 67
417 3952 998662449
540 2248 996407271
1136 1617 279
1226 440 992428838
1419 2360 999945602
555 3532 999995816
47 3494 999987054
205 5491 999377123
