5500 2750 5500
867 60 926
797 2482 1398
1994 3176 997516547
1662 844 625
1176 5165 170
1718 173 665
930 3374 93
640 1093 998263067
2602 4109 997702574
2291 4387 311
1153 598 999967348
2071 333 999986842
1540 5091 1407
2233 1279 999924615
427 2592 999529715
255 1746 1162
323 3569 999016272
467 2501 999851758
2581 4468 618
2206 219 893
154 1780 999938570
2732 1787 999820371
2017 4253 999998958
515 5086 999704122
1514 367 1628
2086 4772 996215362
958 3213 741
1213 1296 139
971 515 999714877
2097 3253 429
1063 3957 1829
485 4451 999853805
2076 1805 999647630
1021 1313 1071
682 5347 995519027
252 427 1800
735 2126 989
458 4445 996019946
2519 1351 1382
2643 3848 618
2535 4241 999996045
1798 392 102
1463 3323 999997259
261 3863 1442
39 2826 1916
1187 3126 999351261
1810 2791 409
1129 2666 494
1071 3916 1617
103 2079 50
1931 230 962747011
366 4464 995289807
636 189 999999317
1326 979 991040865
671 4431 1680
853 3996 999821328
469 4774 329
263 5421 669
1031 1099 996790161
2072 1637 609
346 866 999380299
563 616 998377949
13 1780 338
2449 2260 993171095
782 3183 1948
917 2293 985426536
2175 2956 800
654 3663 17
2584 4780 1908
2280 2095 934771829
655 2648 994243942
731 2329 1164
2067 3541 999887573
1940 4566 999632344
2397 1128 1962
1448 3819 999604783
599 2656 992236427
2381 3804 1646
2363 3447 869
1192 5350 1205
1103 3383 985828743
1225 2903 999979751
2384 4036 904
597 4365 999998343
1578 913 999318658
2337 1052 382
1596 1309 1430
2245 2585 759
1001 1756 681
1017 4084 201
1408 4915 952928891
1737 3912 955422703
1769 2950 998714555
1642 4881 985401472
1986 5307 703
2553 3341 396
2313 2777 999685800
1268 4821 996517903
2707 478 998785081
837 1567 836
1136 94 999962905
1552 118 999965164
1803 4479 600
1758 4616 762
2741 1288 1194
2552 5224 1358
756 1788 1610
2364 3254 1260
1269 2872 206
681 3958 999961211
2738 2334 999019584
515 3213 713
1319 1414 999975536
386 4518 1934
2684 5026 1960
1117 2548 1796
1004 1677 999537579
407 5074 999777397
2394 2847 308
1331 315 999989342
706 3365 279
909 725 999073529
595 1993 912
99 1854 997607527
1871 5174 998918465
431 182 687868197
757 4069 955666519
2179 1160 984911206
378 4446 1963
1724 3180 999903104
2335 1667 998626260
1246 3802 1609
551 1685 1374
442 2997 999909593
2127 1421 999809230
1855 1490 204
2280 222 442
2565 5245 164
849 4091 984485082
298 1304 989883789
1320 36 999038429
1986 1680 989728831
882 4973 986862743
510 811 999593266
264 1481 999310227
1138 1949 1195
550 4430 949
984 3546 1553
1116 433 938478664
1636 2032 998350192
1574 2564 980440532
177 5346 999943316
2038 871 229
405 1079 820
741 4938 999797312
2540 149 484
1747 966 1254
1516 3085 999998069
980 1179 981
1529 4370 1937
2019 3999 1020
2530 3780 1474
1371 517 927098978
2045 2615 999535151
1754 5056 999675566
686 2841 998129517
145 3425 549
1948 5014 999577366
2724 2710 999999866
2181 2416 1492
1141 5189 999829819
877 4360 996882671
1366 934 999854246
2387 3402 999932599
937 5287 997357182
1907 4934 136
1854 37 686
2065 4587 1003
2378 2507 1377
2349 1869 1246
832 4088 1398
2405 5367 935
1203 2691 999988355
1937 5371 999941196
1779 5382 999944213
1688 4223 992420053
1186 3502 972875881
1187 1253 1083
1936 2786 1891
2260 2342 1406
1383 2740 200
1179 1575 999059811
2191 3180 1805
1259 2176 1286
1220 4426 1389
710 1214 992665311
10 838 998686522
74 960 999980737
1234 4062 996699187
531 3824 110
2188 2936 999891953
711 2013 996631852
1674 5408 998456337
2448 1884 999587357
2315 3440 996502607
1583 2337 999823922
1629 1033 1682
1873 4441 996206789
2734 4920 944558636
814 2938 313
821 3850 573
2224 4578 998595853
525 548 998523573
2218 2446 995127678
871 2908 495
95 4432 738
304 2332 318
769 4132 1097
2664 4587 996706223
1937 3498 52
2368 918 529
1515 184 999991419
113 4946 993416558
1900 5181 1710
852 4171 157
939 4947 999998812
633 2997 997310253
2430 2647 674
517 2931 1452
1805 4988 546
2284 3066 1550
959 4390 997673824
1878 2247 999910996
1217 5078 788
2397 3001 992684098
2588 1085 998629248
771 1822 601
1694 2760 999114891
1790 2090 1992
725 603 999990030
615 3054 1013
1483 1552 999999796
2094 4319 1116
69 4262 993545921
1241 635 994849379
2356 2410 620
1612 4105 999907559
471 4942 999581657
1512 3544 1329
723 1296 1768
384 1614 409
365 3702 119
1139 4378 557
1651 2651 1861
1597 4289 1821
1406 2796 1977
884 5456 1803
2237 4101 1349
1664 1737 997457796
6 2898 660
2200 5256 1502
1236 2365 998587114
342 4937 1801
1726 3368 999200638
435 511 999914210
1472 5411 1694
1723 3210 952699978
52 1433 999982203
1071 289 998996938
162 4869 1925
1020 239 1183
1585 2652 555
2606 788 1352
1550 4737 856
1841 4373 1440
1353 4678 1551
612 3834 999655131
2243 4329 857712070
1083 2005 999486493
448 2758 895
541 1217 999998913
1701 2631 992286928
549 321 1108
555 1091 150
168 1637 1918
371 5177 1570
261 236 995743169
1072 1491 999940528
1718 2046 993835046
1250 4557 999756282
34 2562 121
373 3091 998095673
1949 3712 998692502
1393 5201 959737027
379 369 400
663 3452 994510548
757 2196 1064
1820 582 387
539 3818 1806
11 3155 1147
144 5290 991591067
520 1563 999711443
2348 3766 999545462
2551 4394 999939897
727 869 999932964
676 670 183
1363 4643 363
2278 4870 1568
1047 2053 175
85 529 999061782
1308 4439 998967003
1313 1850 258
869 5029 126
1478 1628 999888561
2466 4591 1901
1321 3186 1005
1735 654 998343659
1274 5310 361
1318 4964 999997041
2550 3189 1051
1415 5004 1946
2669 4759 994389928
1984 5095 869701537
2627 1733 997554788
1507 5003 977633991
1910 2462 999964781
1241 4262 437
1368 2988 980148938
2489 4264 1020
1112 3033 999817479
1049 2161 998720268
2722 972 1581
2379 4696 1497
1298 4465 927774864
1350 2411 476
44 2676 312
400 4482 186
1587 3667 736
1500 4469 382
552 3618 999588945
914 4801 1372
495 2202 748
1473 526 999337335
974 2155 999949140
833 52 543
529 3509 999985851
927 5449 999682178
427 719 981
2743 4662 328
1109 5232 920319486
2475 2863 1092
2128 248 1700
2091 4700 995730930
963 3509 999987803
1096 2764 1131
1496 422 1253
1488 5382 825
1643 3590 1414
1816 4047 1681
36 4152 999664126
1527 5323 319
2049 1675 999858730
770 3647 921
425 984 105
1015 4440 958
1868 921 1766
1392 1197 999534750
1228 442 998470858
357 2611 199
140 5166 608
931 3926 230
23 2864 987292874
1891 4188 989493251
1775 3951 999114877
2618 3327 992539521
1077 2465 999975501
1478 5255 1554
657 3477 1246
87 4563 1949
2736 396 1178
1562 1150 998152115
568 5161 830
1859 5319 944272709
1082 2459 626
1849 2874 231
1178 1729 1745
1097 1940 998013841
1426 454 1766
1924 5450 1358
2634 4549 1596
1130 582 1467
2504 4080 999999744
800 1956 1861
1442 1699 1842
702 1668 994855336
64 43 1244
1974 3119 999338066
275 5236 999733334
972 2792 999753759
439 762 1942
441 3905 1461
1280 3726 1571
1814 2091 999926177
689 5358 999198783
2442 65 1658
1322 724 58
183 2498 1895
521 373 26
1765 2283 999471555
1625 686 999791998
2666 3467 1601
989 2315 998324465
2134 4109 1038
655 775 1505
1340 4980 999698420
1376 3348 1165
629 4523 992901117
1053 2699 998202434
945 3586 639
2690 2047 998481697
850 3348 993883979
1110 715 999931103
1983 931 382
2742 3355 992870130
896 1380 999984622
619 1280 743
1181 4280 998453834
1652 3359 999842455
1384 5484 999999550
536 2391 1489
1172 5445 1044
2320 1043 997164814
1880 4101 1057
1068 1805 995041297
1821 458 271
1035 3781 999099303
321 1705 1520
601 1763 843
4 1110 1752
1609 25 999822797
1392 4824 114
2338 1576 999553387
98 4415 57
2006 4699 1729
1647 3367 995500030
1227 5153 1497
1588 43 684
107 40 999698840
1482 2838 985148246
339 2780 990153438
634 4279 999702047
2458 2924 999742666
950 2343 999988694
1682 621 1495
2255 926 999996692
115 2631 996717132
1862 3183 1431
1119 5419 1091
335 1142 996842623
1019 618 94
1556 4354 459
1256 3623 999999363
456 2664 1409
305 2913 999983255
755 1031 951
1481 2612 1345
765 3502 998020072
37 5000 1396
797 4355 947164132
1680 5296 999957503
1788 2323 630
1093 152 963643982
1956 324 707
228 63 999638119
1889 5305 1813
659 2469 252
2223 4884 993557007
1342 5445 1693
1171 3667 1372
2070 2395 999696349
1898 4243 998610735
2700 1923 992474160
141 4529 92
435 4138 90
2259 5100 999538755
1240 1209 995793126
1886 4046 282
1705 98 1504
2403 1090 991849266
2373 4624 905
1681 769 1972
2406 881 999426399
1249 3633 1381
479 4473 997955167
1264 4681 999991396
416 814 998393496
429 4855 996730325
1511 4562 999773880
150 3865 1143
1471 4653 903681035
1568 5449 1338
2131 5065 1755
162 1242 980054767
785 2893 65
1903 5261 60
265 748 999930802
2087 2405 1722
556 121 986701373
275 3363 1915
291 220 999821567
1573 2260 1913
2121 1479 639
90 3584 999798222
1140 3362 993855033
2653 1773 997750721
863 3519 999253295
1487 1201 1867
1766 5197 999592789
157 2279 1647
1684 2338 375
1417 3629 995640974
1114 3525 1733
1396 2231 999943289
2512 3407 1206
256 3661 996088475
35 5414 892173728
1177 3829 193
826 3920 999561211
98 788 999966390
1782 3420 999998298
1934 4872 866
700 1389 994039374
1053 826 1149
2131 1438 999893635
1339 1383 1831
1120 2365 998790523
2695 976 998895599
2017 2380 1477
2592 3711 1962
2246 1642 720
1203 818 1612
2673 2972 1222
2482 2978 1211
999 1472 1053
117 4518 1891
2626 2876 834
719 2057 966272863
981 1488 996649534
1212 1181 999540866
2472 3715 817
2468 3663 999814974
1863 3345 994845758
21 413 903
1059 3501 999999700
97 16 119
2137 3788 998656973
369 2829 999886016
2391 4969 1294
691 4015 940
1423 1809 999998819
428 235 998320523
2670 526 999788888
2478 554 965126625
1060 3166 514
380 2179 999983403
609 2589 1777
2154 2100 369
1797 627 999592373
1540 1464 999272418
521 2246 992624795
1273 5041 146
2306 1827 999623856
1629 2906 999946015
589 3016 994979526
2173 94 997486279
2573 4775 1403
346 4493 391
1715 471 999972665
1454 4828 599
1012 5451 1054
437 3326 190
2225 1827 1536
1126 1659 998878987
2525 3053 334
1893 4684 983419636
631 2290 998816147
1557 1185 999924795
637 4310 939573604
1644 2587 1077
2748 2534 1445
473 2145 1307
169 2515 998775802
1953 416 987860646
1210 2075 555
1099 4151 1080
404 2918 999551147
71 2285 998864145
2319 2529 999857633
2702 756 808
2477 5085 985695380
47 1246 980119855
2207 2525 974329645
148 586 908016874
2073 4141 986569223
1761 2093 996494637
880 94 996096366
861 302 992988918
952 3300 594
1419 1330 998989498
184 3252 984485811
1510 2 715
1762 3856 999768888
2412 4158 999873568
507 3288 999832542
1105 3932 978820646
2359 1699 1989
51 3787 999967021
2381 177 997537999
802 988 998857111
1670 4472 984055381
720 2006 999907542
444 140 998737235
208 439 1303
671 804 997652366
2664 2714 1964
1631 699 978468011
2407 2143 999524824
1365 4772 1727
580 4567 988
332 1819 998253630
2029 4221 1399
2226 4436 267
1780 5328 995259522
1538 5338 995315187
1661 1311 1176
2730 753 999084643
1622 149 999883451
2702 2629 999996090
1354 4950 1511
1751 1198 999306209
2527 2865 692
124 2683 1110
2302 4206 588
750 1099 981361987
988 1615 998557228
19 183 1843
1105 2059 1609
2443 1021 1046
2534 3407 1878
828 522 1020
2513 3843 995451973
278 209 998867194
1580 4717 152
153 595 999971205
2616 3238 1333
1358 3649 1123
2325 1848 1687
2399 1219 999514171
2523 2711 1949
418 4906 218
1133 515 1393
216 5375 999969746
386 891 999942842
2061 378 986469773
2300 2676 999160780
897 2423 998591670
1238 5036 1459
931 299 998575771
1569 4232 999329454
123 1344 998522156
1922 75 1134
2008 3716 999999544
885 3542 999500626
1233 2975 998226095
2503 3642 44
1027 346 966333372
1322 2597 999807572
1297 4482 999792853
1161 2313 1325
1560 1803 1962
1526 3420 999567773
1211 258 986314213
573 5383 995404567
2639 535 999115629
2662 3801 1862
957 5269 951
2155 68 999270710
709 4733 999408286
2253 5176 1000
2163 3468 680
383 2064 999508970
2710 3300 836
2540 2022 973781256
1601 292 997972214
2467 3121 921
1431 3241 58
2168 1979 999780330
1143 1451 999899077
1041 1193 998519079
587 1418 999991600
620 2228 991642796
1733 3841 125
581 4371 1166
1369 4973 1168
49 587 994
1614 330 466
2120 3627 987750804
1547 426 1205
1299 3726 999905382
2471 2257 1924
2561 5448 995720939
438 1049 480
1936 4659 997477341
1873 2568 1115
2309 1390 999999597
2390 2023 567
692 4408 999588103
1333 931 1012
2103 4138 664
910 3932 187
2566 4824 999444840
1562 4777 1158
894 3495 995219112
1282 2061 998612437
291 3847 144
2379 1069 941241382
961 1156 999438629
2671 3930 999612332
1894 1862 945
647 1390 894539938
55 1429 227
1297 2609 1466
2563 5455 999931137
2609 1373 1183
2046 3208 999046921
2099 4123 1068
2258 4242 999977621
1760 2916 21
442 1124 1272
2461 932 953281960
2487 938 1869
912 5351 999453716
1183 803 999947570
1730 5064 997633931
2431 2910 979093423
1826 4671 989494183
2555 2843 999999262
1215 3429 79
2510 1185 537
2183 446 999559931
594 4545 999999842
401 1051 995534570
2388 4307 998791024
2430 4520 999451642
248 29 920797076
2506 4962 985899295
1201 3463 782
702 5295 997
924 3467 998811763
2731 1940 1511
2140 100 975847453
1175 2219 170
105 540 994073345
2004 5376 998844002
389 4168 993693735
2342 4907 985610845
1003 4532 1144
2375 289 987821789
466 217 1269
761 2529 1543
363 452 695
1333 2804 999143177
1616 2838 999560591
2067 1668 100
1069 428 1982
1360 3639 1008
1905 5176 979247530
2610 2430 484
1123 314 1493
2211 1590 984649149
1488 1755 996567373
2075 2272 284
1107 273 988624715
319 229 1468
676 2543 999991832
855 2050 999340024
1938 914 999975138
1486 3276 221
1905 3303 256
1079 3794 1805
2645 81 933
2070 522 1624
29 3332 995413138
81 2819 999998720
2577 1183 997877564
1160 4846 1929
853 2123 623
1577 3172 999988637
1604 2905 495
411 3240 1345
2545 629 352
1092 819 999873547
545 1207 1496
1809 4192 1725
2594 5378 999559563
1947 182 999897696
558 3670 121
1696 2629 646
1328 3833 999942508
2396 3831 1920
1864 3345 1391
2714 841 999013632
336 795 999921634
2426 2345 1241
1359 3683 1181
968 5342 988905740
930 5247 998600316
1162 3171 1412
1098 4287 992910679
1644 4460 994490747
2595 170 631
1757 2210 952325752
2256 125 432
1964 3 999984431
27 1021 994517736
2253 1549 994446355
1459 3502 293
2544 1630 1420
1731 3124 987770493
678 1662 1920
1146 2197 1352
2198 186 1798
2747 3018 990342946
692 2535 775
1830 765 1594
1422 3023 995344515
235 4366 999004740
1341 4780 1383
1490 2989 999950613
103 3952 999543753
503 1645 1159
2078 3539 999998995
2323 2036 960588467
455 5332 407
774 3172 778
1996 365 1493
2533 3977 1190
2440 991 999573565
623 419 978672302
938 984 999916267
297 3748 1635
1409 262 993064057
256 1788 1788
2120 1754 69
1159 1267 999439965
499 2117 963460290
1402 3266 1656
509 4653 1407
1736 4275 296
1384 3611 747
1240 4836 1075
835 2172 999960542
2452 1750 999397302
450 5491 999702399
1009 707 998932046
2192 4105 998647039
585 633 996658300
1178 3602 999976490
934 554 999403768
172 5219 603
530 2294 1702
1085 2991 923
2676 1715 996543577
344 4226 1188
1464 4309 319
621 336 733
1048 3932 991980032
571 2777 1328
57 753 990709635
1632 1573 967803547
1135 3028 1209
102 2625 75
884 1829 999938238
171 110 976
934 4181 9
314 177 998261187
2720 3628 999983970
2135 930 907
862 2790 1341
2358 1973 1169
763 3249 342
2704 4768 999785775
941 1313 449
369 956 10
1599 1788 537
2198 2059 999994124
1528 3256 1665
1858 5033 999941408
1221 4843 999999871
1453 1540 1368
620 355 1766
546 4483 999488207
2137 1915 1892
389 2295 226
2189 5179 974114892
2545 2502 999351406
1867 2577 1994
865 1317 999083510
2115 4258 994069139
2489 637 999872687
940 2082 998624195
2467 4994 980234729
2308 3115 977552216
2705 1139 815
1341 1153 999558090
414 2694 996480899
1591 3695 999795094
2546 2651 1976
979 1928 996868517
648 5284 999993633
2375 3916 1545
900 3431 861
689 3485 1429
1149 1663 997550222
1620 3801 986087345
1955 4810 976
1315 168 999999493
2180 4986 958762018
2475 4736 988162663
1353 1051 997061255
2195 4990 993750817
1637 4254 999940510
995 3408 683
358 5059 638
1274 1683 999862613
1437 2424 999963341
1885 4776 999820689
1148 2952 1998
2096 3069 1039
17 729 6
434 4429 990419629
608 398 372
2000 1895 1958
1050 2559 984853207
485 2578 253
543 2421 998719765
296 1977 986852437
1238 1409 999713319
2675 1668 277
1266 3331 999958540
280 2049 999479822
1360 12 999631768
2136 3362 999955406
204 5328 1166
2493 3012 999882432
1224 2343 566
58 1281 999593329
2074 2721 1569
967 2717 966968312
1254 1121 1292
1364 1386 107
2692 1651 999979010
2299 2143 986246403
531 197 919402580
1167 1278 994561664
1332 2416 1132
477 2648 1593
2386 949 920
1429 566 999886249
1818 2482 994590383
2542 848 1420
2425 1251 1399
713 4301 970
803 1390 999307177
1013 4204 455
352 4468 1599
134 2418 999973302
2199 4055 999957722
1631 4326 1183
811 2113 999983898
819 4282 998890474
569 4933 1866
2510 3058 999765695
91 5392 748
1978 2672 993733190
1106 749 997505143
854 946 984034985
968 3469 1236
390 5461 999968790
554 5025 50
227 3612 914
2646 3784 997486103
2195 3117 1126
799 4735 999911269
177 3473 489
2537 3413 1113
1396 358 1138
188 1452 117
1435 796 965971322
510 4438 1406
1980 622 189
661 2210 187
1882 1215 949065844
257 2200 996397329
340 4259 1375
2495 5163 991393802
2142 1257 1043
1351 4224 1967
192 1818 1475
2139 2707 999716204
870 2958 1585
729 4652 999792601
333 746 1455
1859 3446 468
34 4435 999235114
2141 1204 999998910
1825 3882 806
2048 5301 1482
1785 3178 870
2694 1693 1224
273 1311 998460730
1792 4640 296
2016 3971 1773
180 2811 999912127
158 5271 999988966
1908 2790 999607085
2596 4203 363
2417 969 1817
752 3810 999858414
217 4009 1870
152 5265 999961876
1996 2238 999715833
211 401 309
454 578 999249473
2730 4380 636
1060 5039 999870732
585 4260 678
1348 642 1108
1962 2119 997151082
240 961 999951876
908 841 493
925 4197 999428892
2127 5048 1485
583 3132 978550307
923 1741 1614
571 4650 995229254
279 5400 1563
1503 5324 849
525 4175 1028
2426 4218 985439958
907 687 1869
2682 4077 1133
1284 1965 397
2374 447 994883840
2432 4507 996318969
742 3321 999951641
2450 4831 1598
2271 116 1181
866 1540 985775177
2145 2785 997250225
251 3587 996882617
2383 2921 1927
1792 1013 999997391
705 1569 1364
196 72 1078
821 223 985308381
2084 1267 998673714
1309 570 1238
193 4743 851515265
2521 4232 977023805
810 1502 1626
2279 3510 999403668
2731 3813 993794007
168 3510 999822499
735 3999 999754679
2230 2305 583
953 237 1647
2553 5214 972965207
1605 4695 750
394 2691 1359
2182 982 1945
2652 1933 77
952 5173 996941153
1767 108 976003189
465 1400 999402255
1418 510 990381772
602 4752 1184
1869 3574 1527
1070 1749 1738
2485 2751 999915258
1954 2042 976
1122 956 675
1553 3050 1617
354 5227 999116339
1915 149 324
2571 584 713
1808 2727 999886880
911 88 721
703 2841 999998178
996 653 999362654
2274 2779 998041601
281 5053 1751
527 4047 1727
152 3392 337
2088 1959 993525278
2393 1318 604
519 4347 999708694
1504 3829 1142
2486 64 995938179
1714 1108 994726993
2750 3904 999914454
504 3257 985
412 1190 999304068
113 3073 382
2604 5430 154
1109 3359 766
27 4648 217
233 1123 1427
681 2085 1565
221 2713 1611
1921 3440 448
332 5446 1819
723 3169 998353931
2474 836 1843
721 2204 998347649
86 437 999974208
610 1304 611
11 5028 997979839
489 4077 999317635
983 463 1254
739 21 1433
456 4537 999994943
1413 2573 373
1408 3042 367
1570 3044 997415253
101 4157 414
194 1625 342
1264 2808 254
792 4338 999425951
1052 5488 105
1662 2717 952639588
2448 11 1811
309 1228 999390475
1729 1745 998753128
2604 1803 997720297
244 2948 999878561
2508 1811 864
2658 2973 997269512
1014 2603 324
2296 2819 1490
1288 5442 999468383
197 3614 1853
2105 4043 999869731
1325 2566 999917560
1372 1226 998615449
1243 188 432
1639 2789 999268838
2091 2827 275
2266 1648 999993201
266 2528 1960
1594 1104 999811658
1472 1784 999934986
512 4000 1180
607 1270 1792
142 774 1374
2028 1865 1844
882 3100 435
173 3886 999999290
422 2731 1385
1846 4749 436
2112 4095 1373
398 3402 364
443 4151 999728020
651 1154 999001396
2088 86 801
1174 3094 1464
2119 267 871
2642 3037 765
1713 2528 1200
784 3719 570
645 4210 1037
2294 4825 1233
358 1432 997411891
1429 4193 562
2249 507 1483
1551 1577 999994907
1055 1225 999917659
1164 3693 1552
1844 3079 1849
1563 3588 995415698
2723 3283 1108
1544 1430 1852
664 1771 999891877
83 705 238
2614 700 1153
2325 3721 999447360
2513 1970 251
754 3517 513
2167 318 999938675
887 3020 856
1355 3867 767
1367 2920 999849580
789 2676 999686969
1189 2559 999996425
350 1916 1784
109 4498 1029
2012 733 9
2462 623 1115
2409 177 992671371
745 969 999039049
614 5328 1943
1415 1377 998948558
1283 4038 999912739
1645 4844 1691
1808 854 1822
2343 3886 1256
1456 1109 1898
1140 1489 737
1422 1150 805
2254 3906 1092
341 4369 999908646
1315 3795 271
2691 1387 999747549
771 3695 999303488
2413 5446 990836082
148 4213 649
1767 3735 627
2125 3242 1131
1223 3397 998993901
1565 777 1390
758 424 999782940
2245 4458 998174763
1618 1820 999872557
2747 1145 1649
2743 1035 999677827
1229 276 986847703
1081 1776 1574
1703 3047 993680252
1505 175 1441
2073 2268 1079
316 2205 998459696
798 640 1843
872 4509 999990122
1848 4106 999996287
2184 5379 999999959
1188 4406 999765688
1655 1914 980624733
2183 4073 1737
1795 2188 1771
2469 3116 999908231
2527 4738 999014843
716 608 1562
815 4666 332
1281 4585 990595880
46 3748 999924946
1805 1361 958847639
1675 1530 997644770
2319 656 1578
51 1914 1860
214 2365 1671
859 3723 999846930
829 4943 998792245
1398 3815 689
2308 1242 1214
1589 985 980942429
10 4465 1918
388 787 999689142
1359 56 999336525
1064 4159 725
149 2199 1316
1260 4454 1477
1368 1115 1872
2631 3832 999946971
1847 3589 996346063
719 184 299
1523 5176 37
368 1751 999963130
1850 2166 999676413
1125 3876 999035565
2335 5294 783
133 2803 998075518
1658 1957 984102421
465 5027 911
734 4378 999285993
1147 1061 1386
1974 1246 721
207 2980 999360679
122 2826 999941564
1704 1280 999157385
2269 3058 995366630
1151 1514 1739
1607 336 1844
1603 2238 999417099
2005 1152 999990847
54 4249 1751
977 1302 987856345
2 4567 1548
2282 3668 357
631 417 1518
2344 1810 999588944
628 3296 1170
2252 2354 998700298
885 1669 1556
1375 2929 1613
1971 2667 999924255
738 2987 967308443
1865 2221 999725805
1173 1584 1283
2665 905 1669
2468 1790 603
773 1569 999855067
183 4371 999769920
2154 3973 999986660
604 2826 990432335
1363 1016 967844337
736 940 935
1461 3943 1596
7 4084 1180
343 741 999729694
1409 3889 1201
544 2576 1371
2476 2412 208
887 4893 999998489
1552 3745 212
1755 677 16
1412 4501 965413745
1381 3524 415
2220 3615 999826557
1791 1108 999761458
132 4729 968242578
402 3248 1298
1323 5473 964201584
2447 3637 993217041
647 5017 1843
1214 2218 211
1797 4254 1415
2240 5050 1326
1660 2600 972404425
626 5151 287
1574 691 1112
1006 450 993286156
560 499 948224747
1618 5447 1496
2283 2930 999997278
2032 2525 988412399
16 1859 1760
1585 4525 999996025
1768 1504 1064
1157 1999 927
289 3664 999041945
1431 5114 999999588
660 3992 1754
1404 2045 998173803
2341 4605 998557016
1261 1884 571
1317 4755 999479919
2509 1761 1612
1796 4650 998031881
2683 3629 999788749
1678 2979 998474375
672 2755 158
1432 595 999966904
331 972 1953
1350 4284 999930072
1849 4747 981158796
1670 2599 513
2728 4484 999927446
889 3331 996116643
1641 4351 250
472 5302 957
446 4861 1332
349 2428 1392
1742 605 999990952
981 5115 925
2657 2005 1772
2122 1951 1851
2549 1623 989829816
2716 5500 990401542
76 2489 999897139
2364 5127 999701631
578 1320 1215
522 1069 999997639
1648 591 999030281
761 4402 999179696
2446 723 661
1602 3793 1393
975 3988 998058570
1597 662 870913669
18 1991 999554592
685 5168 999866558
1806 3218 996290846
1861 1962 998420093
611 1716 998990351
506 2026 1330
654 36 999946240
361 4493 88
922 672 999995724
1279 4803 1764
2193 854 362
2060 5031 1156
2194 23 93
2256 1998 999970081
25 4105 999999529
347 3868 593
268 3594 1534
2134 482 998898958
815 1039 998254093
1499 1887 997801770
367 1817 984293996
388 4414 598
2744 2767 999124923
1778 1613 999549299
1038 4510 1937
1401 1446 994405976
2281 898 995705324
247 2307 999140231
2562 117 999764692
2252 481 1249
1803 852 988693564
1580 1090 999941037
908 2714 999844911
2277 1057 36
1535 4662 1716
1110 4342 1794
1117 4421 999690149
557 1209 1696
1276 4130 999741102
150 238 999991076
482 3710 999973921
1452 3829 1235
2339 5339 596
312 5429 996119907
659 4342 999922863
2021 3742 999453111
2683 1756 1263
1622 3776 1578
130 1019 907975477
836 4304 970769791
781 4730 562
744 2027 662
350 3789 993499243
317 1186 999720414
874 2765 957505847
1357 2375 1437
991 4352 432
1089 1672 945
1040 1723 998923010
690 1597 431
2146 2496 1228
785 4766 999161456
1594 4731 801
2470 738 998994793
2372 3626 999939779
1316 4840 1605
1237 3154 1843
1714 4735 628
8 5380 1330
1804 1317 757
398 5275 997653346
1773 3478 579
393 1570 704
1442 3572 999224589
751 2609 989593922
1142 5087 999698867
1383 4613 996191614
125 1075 999993810
2619 1916 1586
1899 3754 1610
1193 4059 955
395 5238 999989539
513 2267 985837318
746 5091 999985234
1687 4789 998180064
698 5172 989261367
2015 1876 361
669 4111 999935617
1044 1055 999181221
2421 3873 992820440
2072 3510 999491608
1893 2811 797
801 3648 999791078
2267 2985 991458757
1407 4194 998679799
2647 3834 999999347
1911 3542 999998304
195 5373 1560
2700 50 244
110 871 999832883
2303 1970 521
122 953 560
649 195 996830758
1459 5375 991981225
2453 4337 1581
44 4549 984082391
784 92 997642543
1993 2889 999925074
1663 5413 267
497 1771 1640
1933 777 999995279
565 1988 992900597
24 2751 1004
262 2938 999555649
1131 4741 1491
2130 2478 985162444
2638 2115 1058
838 3678 582
1977 1375 999923293
1483 5179 1972
211 2274 999825084
2607 3574 1473
232 4033 999511346
26 4229 989653209
1489 1871 216
176 560 325
1043 3065 349
2310 862 997406617
1912 1337 595
890 4712 614
1948 3141 1472
1345 4188 1004
788 5137 998811582
2098 2211 980021929
1080 2969 926
2420 3703 1682
2229 3548 982939825
2351 3576 465
2579 3231 999932232
699 5096 141
140 1539 986857332
288 1079 893
1881 2564 999977301
2241 4660 1449
204 1701 996354369
1571 2564 990235359
1048 2059 343
967 844 753
2592 84 999397070
2251 5398 1327
2043 1510 999996079
743 273 473
131 26 519
1141 3316 1077
14 1752 991005397
1977 5002 1158
182 2819 1827
2672 1110 269
1104 2423 467
2133 4319 971956154
1093 3779 758
2568 2787 999942351
2416 680 998582500
554 1398 998417034
50 10 996466896
533 107 1506
2526 640 1086
327 3903 995747055
1041 4820 975
233 2996 999995320
185 938 983097790
205 4610 1073
2726 1425 999997556
402 5121 997861336
1895 4042 990839481
1518 1246 836
1388 1420 988084681
1961 3417 999932257
227 5485 997460261
2276 5073 999965342
2227 1080 990
1766 3324 1747
322 4839 335
932 1648 999274822
2629 694 877
1097 67 489
58 4908 1752
1976 2781 999520505
2646 1911 1111
1520 4147 999593783
1094 3592 609
1115 1706 904111517
430 2438 992019751
75 2072 586
873 3515 991885181
1804 3190 982016062
2044 3559 999847776
2665 2778 999197238
2069 1574 1725
512 373 994427112
724 1464 999961924
741 3065 1067
581 744 999990319
769 505 999533299
1155 944 1152
1500 842 992167553
1276 2257 607
779 3822 999975478
1605 1068 998548016
1346 4106 999897737
2427 2448 999184594
2524 1106 1527
1407 2321 25
1959 4566 1943
1271 46 1402
419 1273 1353
818 3482 990400180
216 3502 617
971 4142 1893
328 927 998704850
555 2964 999438555
986 4083 1070
2328 4673 999965251
1593 833 830
131 1899 950417026
2159 5307 999832731
2617 4531 638
712 624 1018
2508 3684 999643375
431 3809 172
1888 1287 999643560
2236 746 999680731
2263 1486 1320
2633 968 1391
1545 1999 953977244
2272 3684 1946
154 5407 909
80 2946 999570067
2733 4687 1014
1221 2970 585
1380 2961 1561
1634 3197 1318
1144 4172 1441
998 1097 997262039
2005 4779 1582
2182 2855 999869260
1460 1682 999925487
467 628 974
2547 5054 1136
502 4095 967274943
170 2447 999879818
1366 4561 1995
2089 777 796
1726 1495 1612
1090 2669 1486
2697 2462 995
2219 1074 986281906
1334 4458 194
833 1925 999784374
1169 2879 999821558
221 4586 998268945
1246 175 995508040
1945 804 708
508 2614 568
1853 934 1107
2218 573 846
2032 652 87
1058 2118 1823
1051 2609 982431902
953 2110 939879062
559 1258 688
1678 1106 1978
1748 3560 999716867
1755 2550 999993853
2460 375 285
929 2049 1345
1252 396 999986518
2079 2710 999995122
528 4635 975548358
1250 2684 27
1034 4374 1561
206 5145 998294236
1070 3622 999899992
2271 1989 999972595
246 1924 1221
2083 4095 999555077
222 3811 1937
948 2815 982804254
313 4901 123
2501 1749 997875279
329 2883 1224
2118 833 999333366
1814 218 198
2383 4794 999518183
1860 2498 1882
982 1712 999963189
1456 2982 999749665
1613 4371 841
1329 3054 999993425
1909 3200 970052994
2643 221 995602088
2717 3999 999061763
1781 5210 1077
2041 2020 1953
1024 4697 999764760
2481 1420 999958173
1258 1473 999063588
1303 4778 990711045
1424 3712 1329
489 2204 1098
584 5109 93
1666 4818 998681242
1361 4367 1499
649 3822 1128
2082 3872 378
287 2554 159
2077 2665 1627
2456 4774 999551368
1604 4778 999254207
193 2870 1139
839 2327 998338709
1259 4049 979883203
203 470 999824246
1440 5490 1621
2606 2661 998631295
808 890 131
2203 50 999907191
1437 551 589
52 5060 439
1010 3457 933
632 3650 1222
1484 523 685
1163 5332 1174
2205 923 265
679 3924 1710
678 3535 991553382
2607 5447 999861057
2135 2803 983748128
2289 3804 653
2640 3740 999934491
881 4303 1581
2511 5015 996631472
2047 230 999227337
639 1665 711
2376 3173 1025
2515 2482 1873
693 4092 1436
508 4487 986609835
1073 4114 999593883
1477 609 473
2541 2442 999742473
2166 4489 1059
1832 3489 982283617
301 3427 999874693
629 2650 428
137 2558 994804475
1018 4130 998078500
733 629 1770
670 2170 999999888
665 3018 994861347
1521 1623 952277996
717 5278 863
457 4406 1179
1330 3655 999992462
1277 1490 999305752
534 2505 999135587
365 75 983022669
945 5459 999244460
2682 450 999916581
813 819 1970
2471 4130 999847799
189 5010 999495315
2499 4185 1704
1471 2780 1483
1417 1756 549
1190 3370 999911009
1835 2217 999886124
492 2122 997042808
1468 3895 966783050
523 1431 54
1092 4446 727
2598 5297 116
606 5428 958409612
2084 4894 584
1204 4875 996251262
210 3951 58
1343 3382 1451
1045 3097 153
1747 2839 998876112
1526 1547 432
1812 1008 999997090
2706 3014 743
1063 330 998523060
535 3326 999768961
2647 1961 1375
408 916 1494
1844 4952 999961769
1928 3365 1659
2053 3701 1465
696 22 1504
2223 3011 761
602 1125 983684283
2192 2232 731
2210 2510 999849251
2216 3857 670
2059 3701 1461
2096 4942 999999481
2264 953 997059968
328 4554 400
667 1052 700
653 615 999784700
886 727 998878170
106 4364 998909030
1195 601 999997144
1138 3822 999994440
1954 3915 998573767
715 3241 825
1926 278 868
1397 2518 999610846
77 2301 1221
788 3264 1966
1062 4320 999956357
439 2635 998222325
1327 2384 1446
463 1770 980
451 1286 1257
1583 464 407
270 4848 999929952
1956 2197 998798768
417 2188 999999477
2237 474 995680642
1771 3528 998266139
544 4449 999901077
1806 1345 639
1454 1201 999995521
2722 2845 986938877
241 3528 1594
680 5472 999452621
1207 2115 276
2649 4175 294
1645 1217 999885777
2427 575 751
844 4178 998867193
1946 5340 989985409
2524 2979 999994479
45 3508 302
722 2128 1459
324 2146 996377076
375 17 999570783
2326 2516 145
2445 5180 1832
1780 3455 814
1776 4559 989948455
2449 387 869
396 5462 1550
1168 3207 999638786
1990 1799 328
805 3876 815
1091 1896 984851823
2451 5260 988225473
707 1714 987346491
1543 129 596
842 229 999658944
1571 691 1608
2649 548 995075002
1497 2146 999984587
1151 3387 999631775
2295 4658 1689
1965 5407 17
2571 2457 999479086
2206 2092 931908846
1324 4118 23
2248 1550 1270
1613 744 999712396
928 359 997138727
586 1807 999953458
2458 1051 1393
1345 561 999756339
2117 2904 1546
1653 1278 999680772
673 2249 1432
2249 2380 996413106
2472 88 997877907
1045 4970 999766386
1086 4974 639
1233 1102 1706
1610 2295 1462
2680 717 715
63 1138 975361816
2421 2000 1316
1818 609 1031
1054 4692 637
2681 4170 941227846
1194 1332 999465465
2598 1670 999821435
1651 4524 985839116
410 1407 999311875
1390 4759 999952720
1433 152 1820
225 4210 998751644
2087 4278 999968252
2630 31 999957142
1032 2004 1179
70 5241 953949127
2638 3988 999995794
1127 286 990359397
903 2295 111
2058 4548 370
2626 4749 998979984
711 140 862
461 1691 762
2554 4401 879
2225 3700 963282021
1373 5471 995041361
438 2922 991002025
1305 662 999877782
2720 1755 1707
1979 4861 1737
2536 3351 999817028
92 3062 994262521
2068 1696 999576167
587 5045 824
2101 5419 386
1473 4153 1259
318 3940 117
2667 3606 100
1021 3186 996226094
2299 270 901
1783 2479 1894
300 2403 681
1428 5137 1884
643 389 999841192
732 5150 998952220
1863 1472 1869
548 2638 997719943
747 3555 997732175
1828 2828 996526158
1657 2212 548
1619 4977 1564
2208 711 1866
1028 5089 999764032
2531 2158 999974336
384 3487 998695565
1120 492 1939
2184 3506 1217
70 3368 679
990 2014 999725445
1007 2010 999215035
944 3280 995831393
2601 177 999988442
2100 4983 1431
1338 4115 901
2708 952 233
1763 1431 415
2322 2935 971743203
2595 2043 999678806
238 1683 604
153 4222 1176
1328 1960 1750
2149 4271 998677220
2064 2103 999877444
2639 4162 911
390 3588 421
167 4533 997608559
2209 2022 717
1852 3736 1543
1425 4353 1322
2365 5434 369
679 297 999144054
1316 1213 999889487
1694 887 792
817 5132 999459050
2138 222 975841559
199 4624 999687664
2258 2369 1567
2050 3004 727
1791 4735 830
1279 1176 998177529
2395 5258 357
2656 1949 999972586
1789 2822 893887549
1623 2225 996794026
243 1139 999071119
1441 3242 607
223 2090 10
71 412 1240
1635 3784 1144
134 545 1029
840 1683 128
2585 2554 669
2446 2596 999954985
534 632 841
128 4633 999987754
1015 813 997872745
2340 1745 466
1759 283 1180
2277 2930 983576266
1318 3091 441
1549 4663 1744
2152 5076 1006
1301 1649 999027324
733 2502 999900870
2170 2120 999094068
247 434 249
1930 1755 676
724 5091 568
933 3698 1556
822 1729 984
480 4357 1812
1445 1073 999962327
1182 4293 1733
307 175 999933948
2673 4845 999635562
2548 1681 998763180
2166 862 998801986
75 3945 999296556
2330 3089 1410
411 5113 994705567
593 3980 985240792
1918 4689 999697333
2538 2203 929
1775 2078 1594
1462 1442 851296484
1845 2736 917477786
1932 4731 999776833
1960 1802 607
1663 1786 988051227
454 4205 182
7 457 901563118
1121 2664 980320219
382 2710 998043576
2018 233 1740
1159 4894 1112
2042 4212 999979559
2190 462 633
1300 1559 1139
151 4199 998946943
420 3372 999841206
1156 4425 1223
687 431 998277751
2187 4566 390
812 5128 999978387
1592 1835 999009235
1303 2905 902
2213 1548 999985078
1501 450 828
2153 1942 998925750
2138 3849 1615
1546 3227 999937106
1919 1226 979550520
536 4264 987807202
878 3536 998044129
2694 3566 997454697
2438 5462 701
1998 173 999964519
2625 1554 1939
1579 3211 999138927
818 1609 346
1371 4144 1020
978 4536 999922634
547 2831 803
1090 4542 999895396
726 4080 397
1912 3210 992353612
379 2242 999461937
794 2202 999999449
1951 3022 221
2674 1791 993553988
727 4496 459
1338 488 997665048
940 209 1517
2151 566 387
2591 2395 369
1719 4017 1910
529 1636 345
2239 3444 999894781
2286 1310 927
108 1661 999983251
926 4920 999998182
2200 1629 998403381
564 145 999879293
2305 2423 1169
135 3677 793
299 3022 256
460 1583 166
2422 5081 1100
1522 5153 1662
1106 4376 652
179 3097 1231
2537 5286 999484402
1298 2592 1186
2511 3142 1219
1914 2016 973
1584 2894 1713
1732 3833 1190
1393 3328 1634
331 2845 999609134
22 4539 996594369
1209 1499 1199
1968 3975 999794623
507 1415 579
1848 2233 635
1723 1337 278
2334 4497 259
353 3523 999625413
2560 4850 990819436
2321 909 999631469
117 891 989409176
683 3035 1166
1929 2599 999871694
645 583 999634345
1157 3872 959637299
1831 3550 907
2338 5203 647
2212 1427 999982930
2557 79 999999766
804 1331 999960909
2593 1685 999048454
1289 1966 798
1087 5226 999832313
2314 1899 988208063
1356 2054 995993547
2640 1867 1400
823 1717 254
1624 1574 14
375 3644 905
160 1652 1543
2609 3246 999316792
2054 4273 999620164
848 583 999929162
2624 2623 964551114
1272 4848 999862964
699 1469 999959755
481 1148 999877117
1870 1672 711
1036 600 999958068
1541 647 965499231
449 592 1492
2539 2522 994348872
415 5108 746
2051 1354 1545
173 2013 1734
111 4353 999782115
1492 63 995551467
2255 4553 1677
977 4929 601
1395 299 990103396
187 66 999903189
282 3602 999989638
1022 1492 998357604
1196 1108 732
2362 107 819147946
225 2337 245
1999 5025 1770
1410 1522 1288
1450 3130 1503
2656 76 1690
1564 4225 969
2590 3372 923
2718 4838 999946682
2114 3704 999757030
993 3533 1529
5 461 999460766
1916 1398 976461631
2452 5377 1437
1716 3066 1978
2306 5454 1487
2618 1454 684
1008 583 1009
443 2278 1874
1730 3191 1542
972 919 518
1826 2798 416
1742 4232 1607
1886 419 997661355
1414 3027 999888654
1223 1524 427
824 235 1120
1065 337 498
1787 4869 286
1887 4871 995805193
2076 5432 1705
2369 1981 542
2355 2143 999606201
1267 3748 1892
4 2983 996173571
893 999 999351443
1510 1875 992514543
966 1087 999542712
1444 2112 401
970 2451 999679390
2396 204 997353218
1098 2414 522
955 4036 986675119
524 5104 999888175
1402 5139 999838478
2082 245 996802181
1104 4296 999946505
322 1212 977534776
2001 776 848
246 3797 998956534
1870 3545 970674289
570 2274 996912658
993 5406 999480443
2173 3721 182
1802 5019 1780
703 968 931
28 3688 240
2350 3139 638
18 118 1692
1154 1749 1188
2701 5182 999704878
1226 2287 1764
2161 5401 999523777
892 1712 733
886 4354 1520
2696 4082 1152
1216 4427 148
1116 4060 620
999 3345 999865922
574 1831 680
710 4841 1840
1822 293 178
2334 870 991507641
301 1554 848
2655 2944 821
195 1746 999173859
1219 2910 1460
1900 1554 999997929
1941 3731 1630
1280 99 999429844
716 2481 999681978
2578 540 477
2625 3427 998273713
308 2705 999860282
1 820 991954765
2651 2125 999257318
38 3332 1765
2505 559 1951
826 2047 1792
1163 1705 999586139
1656 2303 1342
1367 1047 1112
39 4699 998110159
753 1425 233
121 1992 260
2210 637 713
2063 2707 988223499
141 902 987043474
1528 5129 998730486
1705 1971 930035040
303 3380 17
1531 5325 999999082
1327 4257 963033319
1418 4137 1801
1486 5149 999088271
2739 2944 998978832
1111 262 999274947
2645 1954 999410544
1406 4669 999733164
2371 3909 1125
2081 2007 1101
2599 3282 1996
830 843 1463
2732 5414 1431
1838 4480 999712342
1513 2197 316
2360 3319 995818301
2339 1712 997767673
2642 4910 992730521
1997 1269 999590627
1659 3072 999970350
1669 5120 991609233
120 3846 999781812
806 2804 1156
526 4917 973311099
1593 2706 998658597
222 184 998080807
1759 2156 999977657
252 2300 996294493
2465 4522 986954336
2313 904 433
1650 2174 1972
1066 2091 1895
732 3277 267
2178 3584 1089
426 2228 1455
1677 4383 279
2065 960 998301535
1591 1822 895
1837 5349 1925
2407 270 1789
1423 5436 725
396 1835 999843838
2740 1378 886491605
94 810 999806403
2172 1620 958060044
2666 5340 999770940
1042 3193 989092461
240 4588 460
1852 109 997955377
1339 3256 986937519
2333 4898 544
1029 2241 1479
2208 2584 993429029
2336 2057 1120
385 237 995400072
2043 5137 1669
2103 511 999999826
1287 4101 1016
1296 3500 995873996
1016 1582 998779631
729 2779 1251
1606 2698 1503
2478 4181 1422
1727 2707 58
2703 4926 1099
1411 3066 999999881
1356 181 628
2121 3352 999368446
1166 2315 998731512
960 5493 999568740
2424 2152 985413039
1825 255 987282668
1206 4308 1514
245 2986 977556111
875 709 997866775
355 1399 412
842 3856 1384
2550 5062 990709141
230 2872 102
2353 1903 1439
161 1625 999928107
1202 561 1377
1153 4225 891
1361 740 994058730
943 5067 781
1108 2190 1721
1394 4066 1160
1069 2301 999603068
1179 5202 1552
1257 2341 341
630 3775 914760534
2532 3472 993605928
2434 1686 995905579
1897 973 992754785
1639 916 547
1683 2589 964365581
633 1124 1239
1842 5467 1328
1889 1678 996287749
1638 3742 137
1717 3121 91
1247 2086 999942326
2479 2749 406
1575 1453 992368533
1547 2299 999996556
918 3957 1502
1557 4812 472
913 3079 995968748
446 1234 999813418
155 791 990736901
2066 3473 301
224 2185 892
2068 5323 1234
1113 2350 999731791
2418 2088 999696124
2261 1619 1107
2310 4489 1114
1287 474 998290940
1476 471 999919719
333 2619 999091507
1022 5119 961
1336 613 688
1952 2991 998879458
2443 2894 990229590
664 5398 1395
2301 1944 893
1347 2154 999995249
471 3069 156
1506 2383 999561939
1992 4180 998372197
229 660 1527
255 3619 944388762
250 431 549
2459 1905 999992841
2404 5081 1061
159 687 998775110
1727 4580 999162802
1073 2241 1685
2450 1204 998560113
308 832 604
2663 1650 1481
2215 3657 999879133
1991 4248 999969579
1002 157 1228
2628 3502 1942
1084 4521 997587190
1387 1796 1563
1458 4776 1032
2637 4161 1773
1397 645 468
1744 866 999998686
214 4238 980961576
1445 4700 429
1546 1354 1420
2009 3311 967422404
533 1980 995625697
919 3373 1930
403 3685 999959574
921 2242 989801228
2039 4435 1032
921 369 151
2333 1271 999637891
1518 3119 974098553
1467 1367 981835695
1185 247 1972
1180 624 999776505
354 3354 83
486 635 1671
1029 4114 999840031
2488 582 631
2389 2466 998164452
2242 268 985341097
1795 4061 999701280
179 4970 939638197
1581 2584 999735837
1026 4945 1056
137 685 1336
385 3864 38
2345 4762 996300942
242 351 972414354
1800 1169 1568
825 1625 729
1237 5027 997633040
1888 4914 585
2126 3962 1357
1712 503 998817718
26 2356 1343
1802 1392 995674840
1235 3528 1864
1319 5041 1501
260 868 739
1344 4302 1675
1738 3664 999896612
2027 3291 999335563
1865 348 877
1667 4046 999869568
1234 2189 1127
2124 4398 28
1970 3360 423
983 2336 999918155
155 4418 1188
1455 4679 999732024
107 3667 1835
1491 2733 877361772
2699 2910 1111
760 4076 999720439
1290 378 999627557
2436 2428 945
688 279 1386
1067 245 999995132
1043 4938 996914616
634 2406 1081
1553 4923 995120433
2293 4568 994608057
855 177 1284
1541 4274 250
2118 4460 1815
334 699 994526704
522 4696 43
922 4299 74
1772 2937 998297258
2164 598 999757341
2546 4524 998868143
2307 3551 997740424
1245 1889 994934402
772 5335 1970
1731 1251 1536
2418 215 1112
1115 5333 236
1184 2020 999508459
2559 2890 1710
488 1606 994159887
1884 1939 962393016
969 795 1120
2711 2146 480
744 3900 999988134
2689 5424 995133598
138 46 999999489
2261 3492 999999685
2116 2701 999857808
1506 510 1400
1746 781 937
819 2409 1693
782 5056 992817579
596 4713 822
1887 2998 746
1462 5069 182
2390 3896 998394650
1514 2240 999722912
2095 3893 1986
2167 3945 1578
2095 266 989128718
116 23 999729103
2244 3566 1014
1096 4637 999629299
1769 1077 466
307 3802 1499
987 3044 999999080
765 1629 1204
1251 470 1184
1711 1898 1810
311 5461 132
947 1395 998941346
2616 5111 999876112
2083 2222 458
790 3440 994345447
2285 950 136
95 805 999924854
1973 602 998577641
1176 1538 996463630
2170 247 1589
1329 1181 1134
2311 2507 764
1139 751 984606587
293 5206 999997604
2588 4712 150
2500 934 1774
642 308 994799572
1790 3963 983669819
2608 3633 999237505
805 249 999915017
2147 230 1318
568 1534 999529179
1162 5044 998778201
2715 4587 275
1754 3183 1045
762 3548 999886477
165 594 1641
1468 2022 1103
980 3052 999939473
2080 1750 1454
1019 2491 999962044
1866 1078 1508
1068 5432 230
1958 1173 999385796
868 4049 696
60 2232 999499489
2564 306 1096
1168 1334 519
2247 3820 509
197 5487 999937993
777 3837 998874520
804 4958 980
1616 965 711
1010 5330 982593352
2608 1760 1366
2703 1299 999240319
302 1540 453
2688 1033 466
1904 2268 999993570
1304 11 256
2366 3984 925261795
2191 5053 955746990
405 2952 999997997
1310 721 999351850
1169 1006 1670
2247 193 999839354
2580 264 682
1672 3431 1853
464 5227 895855273
714 3413 999742673
873 1642 219
492 249 1921
382 837 117
1374 2765 993848124
1627 1028 981486942
132 2856 251
2539 649 1932
83 2578 970830053
1701 758 1309
437 5199 999922870
403 1812 961
778 2265 976837212
1679 5128 999925593
2630 3658 288
2263 3359 996033040
1013 577 993102827
766 3908 994638384
1710 2291 999999795
2634 922 996070910
2380 604 1408
2270 1396 999954480
1671 1229 112
1134 4824 1417
1211 3885 735
498 3589 990494471
603 835 998112799
2250 345 994893923
696 1895 999868914
2362 3734 350
161 5252 143
1933 4404 767
2401 5264 100
1519 2488 1249
341 2496 360
2713 3762 1359
1129 4539 999693125
2624 750 830
2323 163 274
740 2545 1959
42 2518 1859
220 2596 1319
755 2904 999691906
1158 4872 999214826
491 500 724
2023 1775 1272
601 3636 994711174
1774 739 956
1124 3355 999973959
1646 4377 999757658
2080 3623 999999604
1516 1212 856
578 3193 999260574
1637 2381 1287
1524 3130 998507091
2291 760 999902648
2238 2696 994636609
2585 4427 995702206
546 2610 1867
2086 2899 498
2377 1751 932810544
2721 1444 996869771
327 2030 1989
1743 4096 998153030
31 4185 887
166 2852 982285055
381 2806 1478
2671 2057 1562
2365 1807 994969607
976 2079 993116160
244 1075 1525
182 4692 999107986
847 3571 1271
1782 1547 256
1533 4159 556
858 508 1599
1177 202 997893196
399 1620 93
988 5242 1254
2372 1753 1818
644 2054 976138834
915 1877 1822
1037 880 1724
599 783 1418
1608 3991 1721
426 4101 999999394
2657 3878 958285615
2002 3636 896059588
2453 710 999959841
330 4802 386
969 2668 999565922
2340 3618 735497974
974 282 1415
1689 841 600
626 1524 996597661
1854 1910 999999939
1194 4959 1988
2006 1072 999613722
76 616 1183
292 466 1609
1134 1197 999700349
606 3555 1512
40 3671 359
1501 2323 999819678
2465 2649 28
2297 1752 1204
1800 3042 999161301
1920 679 999545084
235 2493 170
964 3431 487
2498 2353 999784231
1928 5238 994587014
1525 2335 982
1424 85 996450884
1544 3303 999268669
2102 3082 886
1533 532 972562776
2484 3660 1299
1728 1150 999831459
2109 1654 999733036
1834 4749 997876589
263 1794 999839525
1833 4876 980564890
1668 1942 996323200
706 5238 998264846
2716 3627 927
2431 1037 1358
813 2692 999793626
759 1489 986672434
1879 5150 740
1449 3852 998102722
271 882 995365064
1087 3353 1194
215 2559 1344
1978 799 1424
2663 3523 983354207
1232 5102 986332927
15 2344 1181
68 1193 999575349
2052 2936 996228659
1875 2180 926726333
1595 380 999999074
1385 1908 846
1699 1149 999572933
2599 5155 967220109
2691 5014 1953
2733 1060 999979784
1254 2994 999992139
2358 3846 996695812
2288 2130 161
927 3576 314
239 2998 999990354
269 4544 999874688
657 5350 997583297
1935 3724 1246
38 5205 999742321
1957 4154 983963618
1966 902 989317499
310 3681 999891243
1088 3676 1555
33 1115 1560
1824 2215 997321657
956 1956 999592331
614 1701 965655813
2632 4916 982407804
2214 4434 998459101
577 3835 222
2105 2170 130
573 3510 1170
1181 2407 345
2089 2650 999999302
2230 4178 999789770
1285 982 1630
1979 1234 999958208
1722 3716 1885
1517 5003 999999792
624 332 57
2106 2496 991474085
677 2328 999907387
387 3494 981524983
428 3862 1392
1438 4032 1
566 5118 509
2141 4831 1275
589 1143 1524
1485 2496 647
1918 2816 582
1446 216 999585943
874 892 425
2186 4891 999946827
1466 2183 998831182
2423 383 753
2688 2906 999826844
591 4474 1056
458 2572 1055
1812 4635 1354
1566 3280 746
268 5467 991610393
1698 6 996437216
2296 4692 986049234
108 5288 1943
2008 1843 1298
830 2716 999790203
294 795 985346148
1204 3002 1588
1481 4485 978601551
1851 3021 982496250
1702 5091 999863699
846 5463 999900240
2367 4132 1343
2709 5364 619
1798 2265 998911616
2207 652 598
2010 4660 999634188
1944 2211 999944028
1969 2219 999053766
325 4734 81
559 3131 992807010
2038 2744 999901457
627 5188 999044092
1913 1884 1464
1627 4655 29
1877 549 115
2543 4913 999190744
2677 2465 999982384
1711 3771 981021230
2211 5217 664
1638 115 999072186
2244 5439 999852237
66 2690 609
893 4626 1574
1732 206 998211000
989 442 497
2353 3776 971256610
1628 2270 1886
1621 4644 1451
1690 4144 992007456
1813 3237 571
1542 2417 999580155
1142 3214 1389
1722 89 999815950
2492 2604 995968729
2570 5349 1527
282 1729 1725
176 2433 994997901
1621 1017 999770099
203 4097 1497
551 3558 999948061
297 121 954335579
623 4046 1046
731 4202 999996912
2181 4289 999891112
2238 823 1558
2169 3989 997621692
118 945 1443
188 3325 943937396
1291 3715 957297777
1152 4889 505
577 208 990662209
2388 2434 1607
2298 4837 996
2193 2727 983808373
1435 4423 1859
1837 1722 997472210
2713 135 992731152
237 4288 176
2214 2561 1239
2288 4003 996826061
791 4099 1764
669 2238 876
2385 2523 999997864
1531 3452 78
762 1675 359
961 4783 440
2696 455 997867705
2402 2868 999154322
2727 5445 1125
294 4422 41
2042 2339 1105
872 2636 1241
2529 3974 997751625
88 2432 999998448
1352 135 1929
1375 4802 999893898
2320 4670 1756
1171 40 998740756
973 1034 1264
1963 2482 998007198
2602 2236 1015
374 1446 984556544
2432 2634 1896
1794 5144 71
1265 1645 991325477
2265 4340 998907678
2013 2767 950276820
1497 273 858
310 1808 1998
2236 4373 1418
1579 1338 1663
2039 808 995371305
2009 1438 1501
1707 3846 1146
1313 3723 999963699
2126 335 993277814
2466 964 999977429
831 2390 609
223 3963 999914594
1288 3569 1396
641 1926 33
1525 4208 989590304
377 1442 969437836
2543 3040 1351
666 1674 163
2705 3012 999998713
2197 1108 999459614
2162 4494 998826411
561 1847 997616022
2523 4584 999606761
1891 2315 847
63 4765 1737
663 1579 1747
413 5052 999301468
1493 3390 748
1733 214 963568357
1724 1307 548
2234 539 993312483
1436 244 460
1850 293 1673
823 3590 999791459
1377 306 1618
1939 2748 1505
694 5318 1388
1845 863 101
314 3804 1791
1630 5337 1443
2157 170 527
2533 350 989097639
898 5280 999988968
864 1194 994475697
372 4326 59
2644 3135 506
995 5281 998932209
28 61 999925582
2535 2368 141
36 2279 1219
1124 1482 1508
1688 2350 1000
2724 837 790
97 1889 995564121
1846 1122 999995136
178 3880 996666172
1664 5364 583
2728 2611 990
448 4631 996732636
1559 973 743
2568 914 935
2224 2705 1217
1793 122 1321
973 2907 999682964
1347 281 207
2650 2901 996429519
721 331 857
2250 3972 166
1449 1979 151
2260 4215 999904456
2133 2446 651
572 703 995358493
1391 4130 227
937 3414 439
1355 240 999522977
2160 2972 1692
59 3723 308
364 2777 546
1131 1114 983671853
2101 1792 960792759
1524 1257 1166
1239 2026 997108767
2483 93 993
569 1306 998957481
1213 3169 999289700
1896 4987 999944621
84 2671 1492
1582 2153 992535023
596 1086 999948502
1296 1627 356
628 5169 991039631
480 730 957120882
212 2168 572
2623 2164 1096
494 2891 99
290 3029 998635534
1295 170 999750916
2163 5341 997323583
1708 3511 999948075
1784 580 756
2097 5126 998688430
269 2671 811
30 3401 916
2445 1553 989098892
1379 2478 986304906
305 1040 1521
552 1745 1311
2419 4503 999975341
1511 2689 685
1186 1629 1099
549 2194 939271631
1876 625 999783983
495 4075 998897380
1491 860 1216
1420 1681 469
1963 609 1196
2292 4642 549
607 3143 999878929
2366 2111 37
1703 1174 478
1451 4730 46
904 4422 729
814 4811 971963308
302 3413 999757519
1555 1219 999989221
147 4935 1112
337 3578 949692250
1004 5304 1954
2619 3789 998351250
84 4544 993940837
1926 2151 999365223
817 3259 1904
1047 3926 999997483
2597 4681 1306
2020 1856 999674719
500 253 998740966
2194 1896 912327203
1095 895 999986447
205 983 998174160
1414 1154 917
1212 4808 248
616 3153 943
2701 3309 1548
928 3986 1983
1494 492 1542
284 4363 998219479
278 3836 116
2555 970 1643
535 1453 574
1581 711 1991
1208 805 451
1113 477 374
287 4427 999709985
474 2932 833
92 1189 213
2462 2496 997775288
1507 3130 1032
915 3750 994881619
2069 3447 994976202
79 212 1641
2622 311 658
1469 1592 153
288 2952 999375801
2160 4845 999399871
2411 4776 797
736 2813 998282928
1062 2447 1761
2737 799 1168
562 5091 953
1560 3676 998236318
1611 2244 649
2161 3528 541
2710 5173 999901466
1270 1573 1722
1924 1823 999332265
2264 4580 1924
2412 2285 1476
415 1481 972482062
767 2713 1830
2658 1100 1190
1689 2714 999260699
2056 327 999520858
1715 4098 307
404 1045 1288
1391 503 999037696
2709 1737 999819121
1684 4211 993100777
1611 4117 952204713
349 4301 989965416
380 306 1390
1737 2039 481
2559 4763 998529851
2659 2092 998923221
1942 827 1271
1193 432 996160164
2493 1139 523
1698 3633 1827
1968 2102 1490
2229 1675 1889
160 3525 998124133
2318 3692 946494031
79 2085 999700632
789 803 1533
1640 4714 141
2304 4732 1098
1567 2767 1732
2661 2809 993793412
2149 2398 805
674 983 722
593 2107 1513
481 4775 1022
360 718 998035779
2294 1198 969775403
2522 3252 999999680
1565 2650 995205124
881 676 994892203
537 1532 743
2090 3795 991773148
91 1765 999834793
901 305 993836461
1182 666 999765996
143 2901 255
693 465 974158313
2498 480 1930
1061 439 999868810
1903 1634 998734492
2736 2269 999938771
12 4624 579
624 2205 999408734
2213 5175 181
2669 2886 1657
1337 2417 999953409
2563 3582 708
62 1641 632
364 4650 989925236
490 5334 1546
2235 3065 999989125
616 5026 994659741
1150 4973 994285903
277 4862 988279657
1209 3372 999085748
1434 2059 1703
2660 4 994936895
2597 1054 999783933
2024 4854 997627983
2176 4290 427
1448 1946 89
1198 1776 1832
298 4931 1315
962 2993 985929304
768 1559 496
2569 105 999934427
29 1459 1272
932 5275 916
618 1669 1172
1370 5098 1482
376 2296 999872346
1801 40 286
1512 5417 999823689
2679 4804 996775754
78 1407 997902670
1922 1948 999806119
787 3992 999445779
2232 86 1597
352 841 999996246
1118 3261 994060316
707 5341 140
2110 2598 1818
1643 5463 999885738
2172 5247 1998
2287 3950 997477168
1586 919 996146877
2615 1345 864
1230 1336 1281
1504 202 992725005
1416 2419 1140
1056 4642 990358225
622 1350 929
942 4912 141
2420 76 985318776
2725 2507 996411755
2212 5054 970
2509 3634 997194798
1379 605 294
470 4507 999983976
1625 4313 1361
2699 4783 999931405
2050 4877 998357359
99 5481 73
1474 4526 1832
2174 4198 950
1464 682 999477194
2441 3944 63
259 4672 995415149
965 3258 999984769
81 946 535
2174 571 997495918
2590 5245 999555239
1357 4248 991204782
1925 979 278
1843 4535 807
543 548 508
2495 3290 1269
1399 2941 999615376
1042 1320 793
1300 3432 991281537
2363 5320 997944164
1493 5263 998780967
929 3922 999283586
2428 5382 997650306
866 5167 501
2463 2628 1635
2636 5302 1657
2596 576 981051603
860 1896 997356046
665 1145 201
2473 2306 999523197
2611 1465 999797240
880 3721 1429
1819 2718 999992935
270 2975 947
2041 3893 999939623
582 2472 995031261
412 4817 709
1923 2754 761
1542 544 148
1242 4327 880
2698 220 1762
2520 3968 993807591
2303 3843 996549181
2293 2695 55
1561 529 998769218
85 4156 814
406 4807 955647542
2228 808 173
1610 4168 997345081
1239 153 1251
1913 3757 999988628
243 4766 1353
1614 2203 992751972
1099 524 940555477
1966 4529 1525
2512 5280 999177010
1173 3457 986061807
751 736 1112
487 2913 999953669
840 3556 999996796
1156 798 997775030
2203 3677 1665
2529 2101 1292
1530 2549 996216960
13 3653 999950012
60 359 940
2393 3191 954352679
1534 2004 1342
796 445 999945427
496 4772 998557388
1943 2745 977745123
1219 4783 999871229
888 5355 1022
1012 1824 996667913
1988 2975 35
2000 3768 983048642
73 3744 1932
2480 3969 521
2275 1606 35
1695 3008 59
1725 416 1584
962 1120 258
1337 544 837
737 4435 997238627
1247 213 1356
1901 4561 999197610
1474 899 999914859
650 1710 978203126
1827 2867 1382
254 259 948
344 599 998123415
767 4586 999780253
447 1290 999920557
1695 4881 999192344
1842 1840 985386463
125 4702 102
1676 5348 999937254
883 161 1812
1020 2112 999135970
218 1158 956826170
1877 2422 998848372
2415 3019 1543
1832 1616 884
1114 5398 959056422
2002 1763 1166
1676 3475 1830
2352 4687 991256237
14 5379 759
2459 32 896
2403 4717 1561
2520 2095 368
2290 3810 1638
1502 1423 1346
2102 4955 997134144
2014 4750 360
61 4159 633
109 871 999602369
2382 226 1746
1700 528 1141
2314 26 917
2048 1674 977419752
718 1545 1120
1927 1139 992381103
1503 1697 999949055
2561 3575 373
293 3333 307
1789 949 1963
1527 1696 999901806
2148 111 999878125
1880 474 994955489
1810 4664 999968683
2305 4296 999066417
262 1065 93
477 4521 994690440
2491 147 466
73 117 998022833
1373 3598 841
2371 282 926110762
2548 5308 1464
1660 727 977
564 3772 1965
825 3498 974675450
127 1340 388
2575 5094 1323
1764 306 863
2220 1742 1586
2248 3423 987404315
2285 2823 999431418
2064 230 1141
857 584 999907364
1955 1183 999846821
653 4242 1489
2031 2859 1189
65 2961 1588
2419 2630 1166
1995 4233 1278
372 699 999985868
1971 794 649
276 376 994111610
2304 1105 999990875
524 3231 1845
2217 2835 990392216
1692 5417 1477
1556 727 999938075
1598 1234 964539665
690 3470 999467030
1811 2564 998349249
2123 4901 962245620
2155 3695 1635
423 1371 999998464
1485 4369 997530065
2026 209 999966369
2522 1379 619
2197 4735 1573
1133 2388 999998797
286 4148 1989
2085 2040 997698028
867 1933 986099620
202 4224 999956123
2613 4099 999651011
1587 40 999990419
1146 4070 999750076
646 4579 1983
1967 1687 74
175 4727 117
378 819 999063733
941 3186 999989038
2186 3018 1508
1149 5290 1883
730 4911 996973546
1470 2677 969768721
241 5401 999977106
2132 5140 579
854 4573 1489
1283 2165 757
1101 3239 999721404
1600 5142 129
2156 466 978551421
1914 3889 999853602
41 2282 999998534
540 160 982411051
511 3178 999658394
658 4336 997460032
236 831 998617094
809 3863 998745674
2235 1192 650
1331 3942 442
1378 4797 999821266
2278 1243 997021206
2201 1352 751
520 5190 1279
2281 4525 470
500 3880 425
133 930 562
356 4476 834
2534 5280 998884200
368 5378 594
483 2687 999825922
156 3953 232
2410 91 996520163
202 2351 1529
111 2480 870
361 866 993027518
1976 908 1549
1995 606 999870510
2377 5378 775
429 2982 283
594 2672 1299
2551 2521 886
330 1175 998207468
1666 2945 1630
539 191 999602703
2093 372 999339200
987 1171 1319
2482 4851 998632887
1494 2365 999997500
1126 5286 1940
1779 3509 264
1037 2753 999995562
190 3960 995701892
1970 5233 990155402
207 1107 189
181 1747 999915453
505 4621 512
2026 3836 561
1231 1876 768
580 940 999119767
493 5174 195
1857 893 999936232
2653 5400 258
2565 1618 999993963
1447 3452 975575038
144 3417 178
2714 4468 349
2144 1142 763
1390 2886 575
1813 5110 999710802
902 4566 689
1578 4540 1331
1568 1822 997207919
695 1485 995839267
1294 5444 1243
1572 1408 1066
1267 121 999533349
1145 3376 999942054
1349 693 999594352
447 4917 1348
1320 3663 343
394 4564 999920243
528 2762 1638
2128 2121 999892602
198 1564 1062
2538 4076 999996235
1349 4320 645
89 84 368
1692 1790 999999860
166 979 56
399 3493 992486432
1768 3377 999437800
2632 3043 596
1856 2091 1534
2572 2221 998708887
532 2775 999686055
1729 5372 996
436 3042 998904380
1285 2855 975206252
345 2089 1085
1075 1253 999700302
726 453 999749548
1985 1730 3
478 3419 721
1458 1149 988414476
2506 3089 1862
2686 2478 767
2741 3161 999984616
579 2522 1666
954 1213 997463348
1847 1716 211
2282 41 999872674
712 2497 999669695
2139 834 1258
2749 821 990190885
650 5337 1097
1034 747 999993568
609 4462 998219336
905 497 1009
1721 1721 992374688
22 2666 1505
627 3315 951
1902 3044 998972770
2674 5418 1137
2572 348 1959
1858 3160 722
1403 4524 998618951
2464 4786 999994122
740 4418 999982336
588 670 969445509
46 1875 1598
1084 2648 885
2617 904 999895067
851 3555 267
2399 4846 932
1217 1451 996860540
2712 3684 1995
746 3218 725
2727 1818 999746536
1118 1388 691
325 1107 993608593
306 3359 999402142
1123 2187 986654065
1236 492 96
1377 2179 999978190
2331 2569 776
2196 5246 990877435
700 5016 603
1434 3932 998128542
2201 3225 996368037
2327 2340 1364
2355 270 1047
2111 3318 1671
299 4895 999452510
163 1931 978509019
445 2932 238
1589 4612 882
2057 3079 997654596
1365 1145 930404152
2442 1938 997336048
2490 5232 180
1693 3681 758
1717 4994 988908432
1569 2359 629
2231 4786 947991922
2378 4380 999904135
1307 976 999712869
1293 296 1695
2406 4508 42
2079 837 1104
1343 5255 999768765
1492 3690 506
2295 1031 987605884
613 4623 621
1799 584 634
37 1373 999986042
2356 4283 986033564
2018 2106 956898872
2704 2895 1233
2369 3854 989445766
625 4575 1306
238 3556 999841531
2332 5415 1815
2283 1057 1818
2040 3927 999628907
997 3961 999754084
871 4781 949509712
811 240 121
2075 4145 999791330
1549 1036 999423050
2286 3183 999397384
976 206 804
1673 5474 996086647
1522 1526 972620463
1272 2975 432
912 3478 593
1498 4883 999
955 2163 1725
1668 69 365
2675 3541 990815145
1740 4957 20
2737 2672 996221678
1623 352 848
1302 828 1590
822 3602 993267331
506 3899 999542377
1720 1628 997890567
2612 765 838
1868 2794 984712387
1674 3535 841
2402 995 703
274 176 998446569
1386 3938 975310203
1475 3369 422
1734 940 999938284
1362 1653 999999963
1079 167 913655159
2603 4069 1871
2143 958 995477248
548 765 545
30 5274 999996898
951 5122 999506576
1760 4789 999482106
2621 3379 814
2494 5013 990569343
362 2520 1595
2273 5337 998367017
1536 2724 608
292 2339 981265283
697 1434 660
956 83 1101
1046 2026 155
668 5304 977777745
2092 1329 473
1734 4567 101
935 188 297
1003 905 999658836
191 4899 991992658
2033 1847 997504962
2444 1353 999934620
391 425 969605305
1567 4640 999971833
186 3470 1890
2586 986 809
2686 4351 993904263
2586 2859 999649776
1188 2533 1696
1024 2824 94
224 4058 999774939
2346 1458 1293
1228 4069 777
1739 74 1184
1879 1523 996908332
306 1486 1408
2717 2126 1763
2132 1513 999796535
1874 742 1806
1894 3735 999982435
720 133 1126
119 2090 1340
1200 2687 994639249
1851 1148 1487
1052 1861 999796912
1101 1366 1175
1770 2331 902803448
777 1964 1285
2528 2738 1889
2655 4817 997835025
715 5114 985086407
682 3474 1762
1235 5401 999987627
2558 5433 993754671
803 5017 126
1962 246 1267
574 3704 995437734
2023 3648 998923359
2725 634 210
2367 505 999260847
1967 3560 990437500
1786 4514 878
2556 442 1015
87 936 987352425
1278 1300 555
15 4217 999166831
304 4205 999550721
1265 5272 1913
780 2623 1803
637 2437 1970
1257 4214 999812573
124 4556 999983687
488 5233 100
48 2817 999823456
1311 2440 1383
1559 2846 999857921
1183 4430 1902
2386 2822 999995181
213 4283 999403021
42 4391 997915962
860 23 1236
1876 4252 85
1788 4196 998987195
1898 2370 1828
466 2090 994130807
1815 3046 1103
556 3748 760
2409 3804 1333
567 589 1563
1815 4919 998958864
2158 3517 995720808
1509 701 361
1268 2948 1213
2262 1346 1334
1295 3797 759
1671 3102 980017923
187 3693 1534
2221 481 1791
1243 2061 975546311
1394 439 999965454
1765 410 706
254 2132 997916582
157 4152 999118642
414 821 312
1306 4130 501
2395 1631 987109076
3 4606 1363
2259 3227 683
661 4083 999075179
1665 5420 367
1575 5080 400
2016 344 974675415
2505 2432 995820086
1277 5117 132
1421 232 999530657
2562 3744 1149
1086 1347 997458547
2423 2256 999963425
1190 1497 1142
563 4243 675
452 277 999045385
260 2741 999952660
143 4774 994291362
694 1691 999997489
984 5419 991667308
2435 4837 1640
1018 2257 1460
2033 5474 1795
2447 1764 1039
1980 2495 911760079
635 1988 999487370
1716 4939 999373177
1088 49 995292015
2317 3964 1919
2408 1071 358
1144 545 999726258
1736 648 996243754
2600 3170 998584364
501 3703 1802
576 3721 480
906 826 63
1907 1307 999883462
2500 2807 997570692
1089 3545 999436579
1576 4145 1127
714 1540 1787
2024 2981 1969
780 4496 999923409
1009 4334 115
541 4844 1957
2292 1015 999979459
2558 3560 472
640 4720 1721
2415 4892 997765814
1946 3467 1844
1881 691 469
1145 1503 281
2328 2800 262
2316 2537 1414
1388 5047 998
1634 5070 998334343
2526 2513 993958023
392 2005 998613396
72 1297 111
146 2197 1696
1598 4861 1448
1539 5139 998161451
914 1174 999899768
704 2407 999110330
2654 1745 372
2715 960 986793406
1619 1350 999945396
946 853 220
1005 5264 661
538 1974 990968481
2437 4395 1640
470 2634 1219
2391 1342 980627757
169 642 652
2507 4915 995424087
1672 5304 999884757
2151 2439 999269744
267 3404 999739095
21 2286 999824975
1710 418 1819
537 3405 999766633
1323 3600 514
2109 5281 1157
2641 2715 991587701
2591 4268 999935002
1753 5164 999125349
2054 2400 1000
652 3744 904
339 907 316
2444 4980 1065
526 3044 1662
949 3540 410
583 1259 1518
1416 4292 992497613
1554 2993 803
2284 4939 999940029
337 1705 1885
575 3413 79
1290 4005 611
397 305 717
1617 2447 924481097
1987 235 997122990
381 4679 988288916
1706 994 999375207
1220 799 999009845
1438 405 994977668
1476 4098 55
603 4462 817
434 2556 989
1185 2120 960909030
1132 4387 1576
1555 4846 223
2627 5360 51
2059 74 983841443
2491 2020 999971368
90 1711 1122
810 3375 999674853
326 4005 1221
41 409 498
899 3412 999991328
807 5363 1287
212 4041 999233754
1902 1171 1007
1959 939 999999989
1027 3973 574
387 1621 433
1002 2030 999956936
1679 3255 906
1752 2409 999959300
1479 4724 999911103
1312 703 964
226 2285 1561
2485 878 423
2476 4285 999919247
2612 2638 999764389
201 3920 1879
2370 4564 848
1466 310 1638
509 1026 978946965
708 2396 1892
2519 3224 996687886
1916 5025 1323
2092 3202 996637056
906 2699 999634325
2185 5250 999976652
1085 4864 985065824
774 5045 995230654
776 1311 998271818
121 3865 999999918
1821 2331 999069497
936 2636 998951478
421 1971 1903
487 1040 1218
1441 5115 968829566
907 2560 999958798
618 3542 999999814
147 1308 999997699
1439 2060 1499
942 1285 994326439
1920 4306 932
2473 433 1535
1364 3259 998430182
419 3146 999866742
421 3844 998861894
1443 2461 1300
2689 3551 1843
1427 391 997732994
277 2989 1407
1807 3613 1473
2316 4410 953257865
1076 4738 808
1059 1628 1974
1987 3862 1461
2227 2953 964554934
2734 3047 1837
1252 4023 305
625 948 998118892
459 973 608
455 1705 999726224
2497 1160 998290310
453 3288 160
2318 1819 570
459 2846 999210176
2011 2030 1399
329 4756 998299622
1577 1299 501
1835 344 1405
895 2281 999970568
2031 4732 999996662
400 855 999817499
1532 944 999808373
1603 365 1560
484 2813 1421
592 2621 991846992
1554 4866 977126923
806 4677 998062850
77 4174 999908406
749 3901 49
2457 4989 999959211
918 330 999579675
1753 3291 1217
1950 205 1742
2111 5191 993165026
1673 3601 1860
1836 1327 1552
848 4210 1716
1777 668 1084
1174 4967 999976155
2433 1318 411
566 1491 999869282
1248 566 995621772
2576 868 674
1358 22 999110707
1255 4922 1914
363 2325 999995111
1746 2654 997132568
2532 1599 1896
1275 4177 721
1707 219 998901735
742 1448 1326
440 4459 999959602
1572 3281 999181384
687 4058 779
2053 74 995355428
841 3978 1205
2354 3866 999999083
1836 3200 999403253
2718 2965 1663
565 115 1915
335 4769 296
809 1990 310
249 4378 1723
2650 1028 549
2169 2116 389
342 1310 982735720
2620 803 116
749 274 990721196
2324 1296 1833
2398 5034 999480754
1691 2153 997220682
1794 1517 987124080
1031 4726 898
1305 4289 892
759 5116 1709
1170 4519 359
2413 3573 1142
2521 2359 1108
309 4855 888
2104 3615 109
612 1961 1743
666 3547 999744401
250 2304 972118640
1263 4432 999999720
1205 854 998227191
786 1198 999999905
1309 2443 999931128
1529 743 994364498
1620 1928 1711
1675 5157 1710
944 1407 93
497 3644 943326627
2601 3804 1973
1927 4766 1191
708 4269 995481267
843 3666 999789852
795 3901 978569103
2094 692 998204261
2629 2567 974679718
2058 921 999986652
114 1029 1822
2517 5234 995017523
1519 4361 999760684
709 2860 747
1222 2699 998583176
2336 3930 999970627
2633 2841 999934621
1990 3672 988490826
266 4401 948550394
1207 3988 996234413
829 3070 1780
1829 5415 986963154
1590 1990 993533220
433 372 999001367
1505 2048 999994704
2115 2385 1132
215 4432 994384286
2370 937 999944248
165 2467 967124443
2231 2913 1950
360 4345 1893
2205 2796 992339000
1682 2494 999427763
1421 3859 948
2104 5488 942361383
1077 592 4
1451 1103 998973474
2384 409 809507526
754 5390 999925667
242 3978 120
1033 2286 225
839 454 308
1030 477 997601058
2525 4926 932417800
979 55 165
2410 3718 1943
457 779 999853691
990 141 88
2504 2207 787
674 2856 999247992
2176 663 999722160
2233 4906 56
841 351 994523113
54 622 952676757
758 4051 402
2150 1686 1545
1998 3800 1861
2063 834 1511
2439 3983 996737877
514 1195 1764
496 2899 871
598 4249 907
2331 4442 999166226
1704 4907 1213
1896 3114 468
1693 54 993947540
965 1385 686
1000 3465 674
2269 1185 137
2517 3361 384
764 5095 995241356
2150 3559 999919538
2668 23 999976146
1697 1578 999147026
2463 4501 999821740
135 50 996708599
617 184 1231
863 1646 509
644 181 465
1934 1245 989886449
475 1969 1110
1482 965 1016
2113 245 999793717
1649 3917 999704945
348 961 992286942
843 1793 504
93 3974 926
2464 2913 203
190 2087 1933
2684 1399 997380906
1901 2688 357
2746 560 34
25 2232 1301
286 521 998224908
1330 1782 1375
430 565 940
1135 4901 873944704
1931 3857 840
1326 4606 809
1218 4642 999939158
701 3069 999696853
2125 5115 999946561
208 2312 994452064
1354 1323 999767316
1336 2486 990477353
49 2460 999812244
1130 2455 996666052
462 572 1903
401 4678 605
2015 3749 999982681
280 176 1348
2034 1254 862
383 191 1112
1389 1374 999712597
1969 346 677
816 2163 999135447
2307 1678 888
96 5364 792
2414 954 1033
1776 2686 1580
2119 2140 999039345
613 996 999548326
100 4276 1229
630 1902 949
199 2751 368
605 3514 715
450 3618 1004
1158 2999 218
145 5298 999971835
986 456 998329479
1378 2924 1861
2693 714 267
1558 262 1707
2312 84 998224838
96 1737 999967324
2010 2787 1914
393 3443 999999745
226 4158 997602749
1951 4895 991564432
2461 4559 872
413 3179 871
1612 2232 495
588 4297 294
2636 1675 998972218
652 117 999926685
2394 4720 981697114
1011 3602 1831
2692 5278 214
1039 2399 1836
1973 4229 754
1351 597 999995701
2483 1966 999874165
2108 2906 977911637
519 2474 1681
2368 2791 999988961
799 2862 1155
491 2373 998794089
2549 5250 1216
395 3365 201
1749 4930 1939
2376 5046 997052802
1001 3629 999686042
1374 892 585
1304 1884 999994377
265 4375 893
1061 4066 1508
300 4276 998031297
898 3407 655
170 574 269
673 4122 994835109
2536 1478 1036
553 1915 1420
1999 1398 999806917
2670 4153 486
1058 3991 999995693
1582 280 1888
641 3799 990969295
949 5413 987598745
688 2152 999257667
392 132 1759
229 2533 999988401
1032 3877 993315973
2578 2413 996729697
2189 3306 203
2028 3738 990248819
2078 1666 91
662 2549 999872518
798 2513 999705772
2061 4005 1510
926 3047 1244
734 2505 1738
2165 4611 947545811
120 1973 1803
638 2754 997646452
9 1500 1807
2749 4448 896
2620 2676 999406796
889 1458 1918
2234 4166 1529
847 5444 998435098
684 4292 999964573
1681 2642 999926672
445 4805 994033642
834 5457 985343212
2693 2587 997858696
2411 1149 974233749
2454 1001 999893823
206 3272 1703
1537 3845 1032
334 4326 912
2202 138 891465082
32 4826 1612
560 4126 159
2433 3191 999974632
1774 2612 999930127
2603 442 991775224
2056 3954 1647
861 3929 929
35 3541 1313
2480 342 996812327
1817 2867 997551060
2530 153 993503375
1164 66 999999751
2680 2590 997411833
1074 3483 844
1822 2166 996728320
738 1114 1735
1958 4800 1772
1055 4852 674
2726 5052 1201
1561 4156 1269
1866 2951 999439555
794 329 88
1108 4063 997800049
2579 1358 1764
935 2061 999935233
2560 2977 1893
1984 3222 754
1230 3209 992615761
1785 5051 996840939
185 4565 667
1152 1262 943506071
2514 1457 999941602
1586 4546 1019
201 293 998869758
2332 1788 999937976
324 273 1778
2676 5342 1514
1897 4600 1273
2254 279 999771874
312 3556 1995
126 612 1693
2085 167 973
89 1957 998725523
1981 2630 780
1255 1295 999761140
904 795 996600644
1890 4292 1203
1455 2806 405
1687 2916 29
876 5293 995256544
1686 3517 1973
1750 4946 886
828 2395 999973509
1989 197 959546800
1952 1118 1034
1563 1715 1436
2302 579 975921818
257 327 1648
1628 4143 999952838
355 3272 988120961
151 2326 73
1762 1983 484
1830 2638 999820077
1161 4186 998341023
236 4458 1912
795 2028 315
643 4016 641
1632 5200 1325
2554 774 999342335
2071 3960 1782
303 5253 973033191
462 2445 999575741
2440 4618 862
1038 883 999737254
1875 307 548
2311 4380 999491413
479 2600 1976
2387 1529 664
1823 4409 972584254
1828 955 956
2486 3691 1947
992 5156 1307
2035 3821 999836476
513 394 1488
783 1665 354
101 530 999990338
1615 4970 998590067
768 3432 998848935
1919 4853 1447
2188 1063 116
998 4724 78
1074 5356 999972152
936 763 73
2027 1418 1110
846 3590 548
2187 939 999959560
2099 496 999998172
1793 1995 999843504
1035 1908 174
2209 3895 999618189
2298 1210 998214397
186 5343 969598399
635 115 70
718 3418 999950653
1147 2934 999565734
453 5161 999996762
1314 3854 1691
1281 2712 1491
2542 2721 999272331
883 2034 999981230
2066 5346 999634604
2146 4369 999803509
2621 5252 999589446
1111 3889 1900
1799 2457 990820955
2516 5255 1240
1249 6 999921648
1192 1723 993021340
2404 1454 990236623
16 3732 999688392
2518 194 999343929
1332 4289 981773965
2623 4037 999549653
1387 3669 988795340
1917 434 540
138 3673 1973
1949 1839 607
78 5034 1823
1244 710 999315066
1520 2274 1656
432 2951 997106552
2011 3903 999834072
45 5381 999591322
686 968 298
1935 97 999842996
2257 4252 999259514
272 4025 246
1558 2135 986595103
1661 3184 999583524
1196 2981 999872850
2576 2741 994712157
2346 3331 998077425
2081 3880 994030463
1649 2044 1575
24 4624 999324689
367 5444 1685
572 4330 135
237 661 995212640
8 1753 993826254
1787 1242 999606708
469 1147 999997791
834 3584 667
1904 395 1866
947 5022 233
417 315 1816
1840 4129 997832894
338 2811 998157901
234 2178 270
2652 3806 999601364
2309 5017 530
957 1642 999999502
2202 3765 841
2019 372 999999963
514 3068 999999909
316 332 486
1446 3843 1986
1652 1486 35
129 868 999964542
1872 3522 349
894 1622 1240
2541 569 1295
1809 565 999670874
476 4162 997954338
272 398 973553762
951 3249 1138
2479 4622 996001643
1294 1817 992653441
1953 4043 1633
2719 3960 970700506
104 1456 1035
461 3564 998970472
1921 5313 990492003
2750 2031 553
1200 814 985
2347 2919 999702075
695 5112 1964
1770 458 1086
2152 1449 999138270
1480 2306 999242038
891 2940 1075
2460 2248 999195761
1382 5316 994121248
1227 1526 995192015
1218 2769 1308
1947 3809 60
857 4211 628
748 4247 999697670
1270 3446 966448083
1738 1791 506
1184 147 575
1222 826 1044
2049 5302 338
1467 4994 1554
1864 5218 992988138
476 2289 1784
562 1464 993646008
856 236 999864264
646 952 997734010
2164 4225 1689
992 1529 996352482
116 3650 116
1191 4670 949794551
1908 917 1756
2215 1784 1008
959 2517 1760
590 5420 990
1000 5338 990685455
2474 2709 996552386
164 2461 996499153
2219 4701 146
656 2274 999942651
451 3159 998960054
2739 1071 550
53 2558 839
1495 91 998273361
2708 2825 999185099
2 940 998870447
1608 364 984606573
1244 4337 473
1690 2271 1734
1080 4842 999987705
267 1531 121
370 1065 1442
218 4785 611
632 23 999076602
391 4052 890
1811 691 945
1892 5461 999999410
1712 4130 465
1539 3266 1457
517 4804 999584722
2262 3219 993764004
1206 681 996103352
2494 3140 427
264 5108 1325
1412 2628 284
701 1196 267
2457 3116 755
1372 4853 299
460 3456 999681594
2687 939 1142
1839 4302 581
483 814 752
1801 1913 999838987
1273 1414 999731397
2317 337 991203227
2584 1153 992286245
1630 1710 999928259
2330 4962 984892812
2697 4335 999996981
2712 57 999813751
816 290 1995
1189 686 30
56 4806 998718340
1014 4476 990709946
192 3691 999988463
139 501 997047192
1856 3964 999905795
820 4121 995234289
474 4805 999939224
210 324 999926246
675 5049 986502949
1078 259 971667173
2503 15 999980692
668 3431 1528
925 2324 744
667 2925 999631421
281 1426 998792873
2179 4787 547
2322 1062 143
511 1305 1381
5 4088 249
351 1858 527
114 2902 998796193
859 1850 1990
796 4072 1336
516 1902 991406034
2451 3387 431
2145 912 1454
2171 31 897
1057 2559 999911027
1324 491 999730588
2324 3169 995153242
964 5304 999999993
851 5428 999728294
2349 3742 997027076
1049 288 921
844 2305 813
1985 3603 999963115
289 1791 837
1291 1842 966
2429 988 995057246
2435 1210 998866413
353 1650 521
2044 1686 1189
422 4604 999181343
2528 4611 997956691
1538 3465 827
2659 219 1706
1202 2434 995776710
2496 276 1998
220 4469 996074865
2129 4129 1755
1480 433 121
2222 2866 999746255
2484 33 999455069
1906 5201 1251
1749 1303 999975984
1617 574 1933
2329 2753 1071
2487 2811 999993531
62 3514 999788696
2144 3015 996750314
1143 5078 685
1081 3649 999939383
790 1567 776
1036 4227 246
1314 227 992811129
2456 2901 834
1843 908 959089429
737 2562 1858
1403 2651 674
2567 4749 1852
219 4014 996887548
891 4813 978999458
787 2119 1708
1657 4085 998712523
1508 3941 1069
2745 4698 216
728 5441 1413
1411 1193 360
2004 3503 1248
1535 1035 999609756
2668 3650 1079
1626 1641 999964814
1432 4222 1141
2221 2354 999333323
33 2988 999485951
1495 3718 1772
985 5294 999907667
2401 1637 999975497
317 4813 1619
315 485 998656779
505 994 999659918
1841 746 997701513
1786 887 999921379
3 979 999604003
1827 4740 996531135
570 401 1683
1150 3100 1542
345 3962 999893160
436 1169 1354
2107 3407 999957044
2062 4728 995481646
595 3866 981527670
1011 5475 995798520
259 2799 1900
870 4831 999999982
1395 3926 987
677 455 1461
1665 1793 999992038
2098 338 1836
57 4380 726
778 392 72
895 408 1806
910 305 999624307
651 4781 4
1017 457 999236534
1006 4077 617
1719 390 986788324
498 1716 182
441 278 997021299
1075 4880 1019
2502 3650 985470029
1861 89 1814
1839 675 999279426
2153 69 1739
783 3538 999993333
948 942 1422
1878 374 1337
56 2933 720
1700 2401 796579257
1772 1064 685
590 1793 999824548
1317 2882 1387
1508 314 999989381
1016 5209 629
2129 502 999778153
2030 3606 649
2437 768 999995948
2400 2342 993434674
1975 4254 185
1067 3872 664
359 1735 989554315
1941 104 999035609
1930 3628 999997001
2148 3738 427
1465 4224 988450627
2424 279 1193
1659 1199 1337
290 1156 1276
149 4072 994542747
2698 2093 996868053
1840 2256 504
2547 1427 998991255
2373 997 995341974
2587 4764 976
779 1949 275
1191 2797 910
1708 1638 1729
713 674 969120891
2036 4839 994393431
1640 1087 953426554
547 4704 995649631
271 4509 570
900 5304 999765852
698 3299 570
164 588 917
2025 5467 1541
2122 3824 999692249
1685 3786 993125980
1743 2223 1525
1975 627 999932161
2507 3042 1762
1778 5240 1273
2514 5084 203
2030 5479 996894094
2045 742 1299
1452 202 998780954
1137 5414 998844512
917 420 353
600 1059 1804
523 3304 999855209
2392 1270 989817415
2106 623 566
2408 2944 999761188
351 3731 998037716
845 2228 167
253 4533 1682
1741 481 608
1890 665 998886721
542 5369 999742844
1352 2008 999445548
2276 3200 953
2273 3464 770
251 1714 29
1419 4957 737
2589 2025 124
112 5351 1282
2114 1831 975
1180 4251 1242
1401 5073 143
12 997 997075476
675 3176 1707
2112 468 998935241
2157 2043 991186471
1517 3130 1667
1335 2410 999966814
2648 1839 1064
1382 3443 1013
1076 1111 999843050
9 3373 997028364
2706 4887 997666545
2569 3732 1306
903 4168 999975700
852 544 986411170
136 4555 652
273 4938 1859
486 2508 976960384
1342 1818 985348737
584 1482 997427437
174 181 1789
672 4628 991891307
831 4263 999964679
2501 5376 1098
1225 1030 932
1370 1471 964691763
274 3803 1130
1321 5059 896447134
2352 2814 389
2566 2951 456
2265 2467 1102
1633 359 456
67 2455 706
642 3935 1748
1838 2607 1592
2422 1454 999683060
902 939 999918237
102 4498 993724927
1871 3301 1650
1095 4522 1333
1910 589 1435
2615 3218 981510599
2136 1489 684
23 991 1420
752 1937 1494
1226 4160 999412922
2593 5312 1569
704 534 516
2196 3373 1717
478 5292 999945306
1989 3824 458
1641 724 999498026
2062 2855 1884
540 3787 1123
1883 2717 1957
1301 5276 1476
832 461 974351603
2014 1123 999999781
897 550 426
1046 3899 999999614
1513 4070 967375219
420 1499 1943
2605 4478 996162177
1758 989 998768922
2719 2087 926
1201 5336 999997214
1635 157 995973080
2544 3503 999109672
2492 731 560
966 4714 340
2628 5375 977746893
542 3496 1979
838 51 990569691
1784 2453 999964862
670 297 174
875 4336 1837
118 2818 999887256
482 1837 94
1463 1450 906
1420 3554 999337460
17 2602 999451855
1860 4371 986787892
1573 4133 999072944
776 4938 1897
2243 2456 1512
1251 2343 999795919
1988 4848 988241460
896 5007 724
424 2258 95
2644 5008 999318183
464 3354 37
1490 1116 232
2158 1644 1161
468 2941 867
567 2462 992743961
1725 2289 997113625
2499 558 998975576
849 2218 171
2405 1740 991350662
2425 3124 889620618
1885 2903 1914
1655 41 1061
1874 2615 998271058
1231 3749 991645295
1823 2536 157
2326 4389 998797415
1609 3652 1632
868 422 999690724
200 3706 237
997 2088 1688
432 1078 618
1262 1068 997101387
1615 3097 286
1771 1655 914
433 3999 789
2392 4897 382
2685 5240 986222491
2321 4536 1372
1148 4825 998053539
1299 1853 1583
923 3614 998779014
2190 2335 940658298
88 559 1247
2434 5313 855
1773 5351 999576089
1208 2678 992867422
1829 3542 9
2341 2732 1092
2574 3970 1111
1102 811 996285734
2057 1206 1396
1982 488 998958307
1325 693 675
1198 3649 998939156
2077 4538 999838282
1862 5056 997889266
2573 1148 997439063
1752 536 1225
2455 894 284
1380 4834 976663018
2518 3821 510
2003 5078 991675679
194 3498 999674367
2695 4603 1998
1025 3184 998575259
722 4001 999336527
348 4588 1481
1137 3541 249
2275 3479 998076486
2552 1597 969974188
1566 5153 999892314
561 5474 1851
1548 5293 990830585
1008 2456 996818868
2481 5047 1850
213 2410 69
171 1983 998024181
856 3863 562
209 1115 510
1346 2233 1491
739 1894 996975146
658 2463 333
1728 4777 1644
1646 2504 1100
1128 876 218
2251 1771 997630455
766 2035 771
410 5034 968
2297 3625 999999935
321 3578 977667700
502 2222 1348
1334 831 999626216
1269 4745 999722928
1740 1330 999922252
1654 2511 999690319
2746 2433 983586412
2350 5012 997177098
2171 1904 998831204
1453 3413 999100285
1307 4603 691
2007 2858 378
2199 2182 791
112 1724 999897037
527 420 999827676
2180 3113 1291
1260 827 998994540
1457 1777 766
2614 2573 998419379
1344 675 999840900
1685 1913 224
2672 2983 999858391
1750 1319 998733049
285 279 996150583
1739 1947 999413351
621 2209 998096886
1119 1792 999985908
347 241 997459935
1906 1574 992007141
1596 3182 999875548
530 4167 997569512
1602 166 999990499
575 5286 981133266
648 3411 90
373 1218 1135
66 4563 995679483
1925 2852 999971614
1735 4281 1907
2168 106 846
1155 2817 974139070
1648 4218 197
538 101 1509
1057 686 1302
1248 4193 1083
1263 2559 537
2040 2054 1859
2610 4303 990231214
1720 5255 532
2414 2827 999928096
2228 2681 998955209
2107 1534 1979
1537 218 998918960
1460 5309 433
1606 4571 999945060
1404 172 510
501 76 999214489
115 758 657
2651 252 54
1427 4018 834
175 1100 999783131
1942 2700 994299479
2690 174 1903
730 3038 274
376 423 195
43 5233 165
2589 3898 987108552
919 5246 997810722
2723 5156 999152112
2583 4530 955827363
1284 3838 999785574
490 1707 998247428
1564 598 999881677
2116 828 242
1882 4842 1683
181 5374 1275
2567 1122 999363234
2290 183 999620152
1430 3347 999628288
1584 4767 999546467
2327 4213 999894388
772 1708 999981099
836 2431 210
553 3788 999657685
1530 676 1594
313 1274 999852721
1895 2169 1795
200 79 998944565
1199 5321 1168
2074 4594 999753994
2142 3130 999403196
728 1814 999965595
611 5343 1756
2748 4407 999578081
2641 842 1537
820 2248 1824
217 382 988532266
2204 3371 1061
2301 3817 997864943
2582 1127 150
2113 3872 344
763 5122 986895042
1348 2515 997839823
2267 1112 364
2470 4365 1449
1498 1256 999996816
1450 5003 999797722
2564 2179 999481247
2051 3227 997075379
2226 809 999204652
579 4395 999550685
1306 503 999624504
219 2141 610
2574 343 987950822
586 5434 1818
869 1402 999999811
1282 188 1402
2488 2455 976198886
1944 338 1654
2216 230 998032381
2438 1835 998653187
2055 715 631
2147 2103 999977820
1005 1637 998949653
2635 1073 999685153
1312 2576 999187336
1051 736 664
1026 1318 999905410
2342 3034 634
985 3421 718
516 29 537
770 20 998973481
2707 4105 4
231 4287 999327372
775 423 1186
48 944 488
1713 4401 995044298
2242 3895 529
2389 593 1392
1515 3811 1678
865 4944 1242
1938 4541 1028
311 1834 985283518
1271 1919 999214590
2007 4731 994514737
146 4070 998328724
424 4131 944670734
1100 2310 1763
2300 803 1334
901 3932 1013
905 2370 997861845
356 849 999033184
230 4745 999997579
2035 1948 85
1992 2307 541
40 44 994707288
1647 1494 1934
1286 4 773
1214 4091 994038189
253 906 999376755
933 71 999331117
939 3074 873
1065 2210 956643453
2046 1335 1257
638 881 1649
636 3816 1557
2613 2226 1566
1199 1694 999303265
1160 1219 997620976
605 5387 999978959
167 2660 566
608 2271 997587883
878 1663 932
1340 3107 1059
2361 1342 999382556
550 803 998394926
463 3643 999999888
2217 962 688
845 4101 953694115
2374 4074 1414
1590 117 1466
994 4411 999997430
94 4437 704
1997 4896 1983
1286 1877 999890030
858 2381 992782048
139 4128 1376
2469 1243 1824
1245 16 463
2093 3999 373
2013 894 132
518 2118 999757766
2648 3712 993663815
775 2296 999718114
2110 4471 999868256
32 1199 999946457
1028 3216 716
59 96 999983601
2175 4829 999633655
680 3599 878
1381 5397 999181186
2385 650 933
1807 5486 998777119
31 558 999594914
2090 1922 1507
406 2934 1825
2742 1482 232
876 3420 692
2575 1467 997302839
2257 2379 1492
1302 2701 994483825
2020 5483 1986
994 2538 65
2361 4969 510
130 4646 534
2060 1404 998592386
1289 3839 999999991
1405 208 999936405
1410 3395 991545535
258 2618 998
1430 1474 1601
239 1125 780
1025 1311 1004
2583 2657 376
2622 2184 999195557
2678 1630 990523957
1820 2455 999975890
1224 4216 996423231
106 2491 22
1656 4176 927062426
129 4495 610
924 1594 556
748 2374 688
2729 2157 948
1308 2566 191
1509 2574 997609871
2022 4968 997006380
123 4971 913
119 3963 946032419
198 3437 999999770
127 3213 996265782
2744 894 1289
2637 534 999423782
2417 2842 994701438
1961 1544 322
232 2160 313
1709 563 999814704
93 347 976528774
1461 316 999968051
2344 5437 1868
315 4112 936
1502 3296 991150452
1706 4621 1876
879 615 999996628
1405 3835 545
105 4167 1715
61 532 999653276
1523 1549 999997778
760 2203 92
366 2591 1045
791 472 999875674
1867 4450 999268594
283 5120 983869091
1 4447 1135
1469 3465 993358820
2678 5257 212
2380 2477 999966740
1258 5100 1505
136 928 999411399
234 4051 991488277
1127 3913 1329
1543 2002 999983352
1824 342 763
82 2543 966909674
1600 1515 999997017
370 2938 999880308
2441 317 996275115
1039 4272 998224176
1940 2693 1530
1082 4332 995090073
617 2057 912917699
2159 3434 379
1834 2876 668
597 2492 245
2631 1959 514
2677 592 55
2123 3028 1233
409 3652 988070238
684 2419 322
1536 4597 991116007
1756 5222 993693554
1433 2025 999710422
1112 1160 1325
1122 2829 999903201
2516 1628 999945244
1072 5118 1215
2594 3505 533
1128 2749 996257738
2185 3377 831
2266 5275 1967
245 1113 312
1994 1303 564
53 4431 990589087
812 3255 210
158 3398 1170
888 1728 997271882
890 1085 989676448
2140 3727 1964
1475 5242 997029989
1293 2169 998178203
1709 4190 1083
2022 3095 1716
662 676 765
276 4003 1991
1275 550 994494747
163 58 1792
2312 3711 1393
1389 5001 928
418 1279 998733378
1083 132 1032
2240 1423 999906259
2580 2137 999670750
1945 2677 999999161
1831 5423 997873457
416 4441 1073
598 622 999998699
318 313 988576394
1023 3421 832
532 902 950
892 3585 999770854
1595 4007 1065
1443 4334 999818162
1570 1171 1771
2428 3509 707
2003 3205 993
499 244 928
1125 2003 1758
656 401 1950
1195 4228 68
86 4064 1156
800 3829 999992534
1817 994 1766
807 1736 995181607
1499 14 511
920 847 1892
773 5196 1478
2272 57 999952136
615 4927 998684551
1683 716 935
1626 5268 791
1399 1068 601
991 725 999651955
1215 5302 994856988
1197 823 999437676
472 1675 999554201
340 632 998236416
1636 159 60
576 94 999808721
80 1073 1238
283 3247 140
1121 791 789
2287 2077 1262
2587 1137 967582973
2343 259 996795085
877 2487 515
1362 5280 1985
2348 1893 590
191 3026 24
879 4242 1373
975 2115 1823
1311 4313 984551560
1680 3423 207
320 1654 659
1677 756 998421093
1256 1750 1488
2557 3706 1464
2556 2315 999963581
2721 5071 99
1470 804 1161
2055 2588 999997381
2268 3454 945300342
82 670 20
409 1779 1800
1669 3247 1575
1741 2354 999913219
2130 605 210
1132 760 983769399
1816 420 981798122
793 4034 999919470
1426 2327 995100863
1761 220 1557
473 4018 999637487
1748 1687 1533
2239 1571 679
2029 594 963722287
1696 4502 999161531
1833 3003 977
1721 5348 1948
1872 5395 999108523
2034 3127 999322430
1756 3349 743
2685 3367 551
1102 4438 66
2439 2110 1340
864 4821 919
374 5073 920
1136 3721 274
756 3661 999660008
1205 4481 1528
468 4814 998372612
68 4820 407
156 326 995875702
792 2465 1590
1960 3675 999999983
1078 3886 340
440 2586 758
1982 4115 50
1548 3420 1127
159 4314 530
1253 1166 1405
2270 5023 887
2359 3572 994277351
326 378 996876953
209 2988 996732026
1911 1669 130
2222 993 1401
916 3388 999751252
1484 2396 998009703
1917 2307 987853359
824 2108 967721163
2454 4628 251
1964 3630 120
909 4352 111
1496 2295 998746458
128 2760 28
2052 1063 1224
2605 2605 1541
336 4422 321
753 3298 999503178
750 4726 350
2477 3212 1287
1551 5204 1101
1479 2851 298
2711 4019 995501875
1091 23 313
1601 3919 259
2745 1071 999053515
296 104 712
2735 5078 999248321
2455 2767 999191931
1428 1510 999884228
1064 532 999988015
323 1696 1867
1175 4092 999975988
357 4484 999840394
2124 771 999881472
2436 4301 999935364
2429 4615 1206
279 1773 999007016
452 3904 1576
1386 2065 1892
1310 4348 318
178 2007 67
600 2932 999957116
1292 4051 701
705 3442 999892081
184 1379 596
1981 4503 975147940
2577 4810 150
1167 4905 1885
1210 3948 994979833
2329 4626 999756524
2351 5449 999229803
2204 5244 998475540
67 4328 999629973
938 4611 1482
1909 1327 1810
1253 3039 999859105
493 1547 999958665
64 1916 999919618
475 3842 992504071
2490 1605 999961503
449 2465 998344250
377 5069 1920
1232 3229 1604
2679 2931 1289
2515 4355 999419012
2100 1356 999783228
1261 3757 997829918
1654 638 932
1899 127 999878093
545 3080 997979438
2021 1869 595
1932 2858 810
2232 1959 965700686
1400 2648 46
1972 87 997922140
503 3518 999910227
1465 2351 1208
1425 726 942126929
1642 3008 1144
2660 3631 536
55 3302 992994229
802 4615 822
1915 2022 999997939
2178 5457 999934638
781 1103 961026367
1066 3964 999301442
1398 188 962674618
2177 1335 350
20 4121 999946564
2662 174 999165210
743 2146 999015082
1943 872 1740
126 2485 999309450
946 2726 999776272
1667 2173 267
2502 1777 1614
2274 906 647
1576 518 999931055
1764 2179 999952405
850 1475 18
1094 5465 974305395
1400 4521 998828555
2382 2099 984303351
1650 4047 996571230
1588 1916 996556029
1107 3900 272
2156 4093 375
362 4393 951571300
1165 4818 172
2635 4700 1781
1653 4905 1858
1266 1458 1298
189 3137 1869
960 3620 604
2570 1722 993311551
1413 4446 999998160
1534 3877 999731033
2315 1567 496
19 2056 993185546
996 4280 1347
2687 2812 997575233
1819 845 238
2581 841 999968869
2347 1046 1039
343 4368 1669
920 2720 999998232
827 90 893513520
1166 442 1077
295 3469 1692
2143 4585 948
717 1651 993746521
1444 3985 999705586
425 2857 999985284
2012 2606 998657372
2667 5479 994491264
954 4840 1452
1229 3903 1383
1023 5294 963882305
1892 3588 1414
20 2248 1118
1532 4571 664
1197 4450 935
174 2054 999786145
407 3201 1271
1883 4590 998615903
1335 537 1746
50 3637 1209
2400 469 1239
1369 1346 980629263
1103 1510 344
2337 2925 992269679
2108 1033 1972
899 1539 669
982 5339 1746
1855 3363 971535410
745 4596 1524
1972 3714 1632
725 4230 79
1477 2482 976364010
1957 2281 1519
142 2647 999834780
504 5130 999519077
371 1550 994199160
1923 4627 998824149
827 3717 1462
2241 1033 989365849
793 2161 1676
1783 4352 983029660
2279 1637 1538
808 2763 999851747
444 3767 1551
835 299 1222
2654 3618 998039355
2496 2149 999975850
691 388 999999983
1439 3933 999158241
610 3177 997028921
683 4908 992483994
764 3222 566
1440 1863 992010122
2738 461 729
1751 4825 176
660 365 999950528
1763 3304 990546880
2025 1840 999159993
172 1592 999683535
518 245 1815
1033 4159 996264015
1757 337 687
2735 3205 14
1658 84 1670
1385 3781 999990518
47 4873 15
65 4834 990699147
74 4587 1888
1170 892 999950586
1262 4695 1009
2289 177 999990223
359 5362 1976
1030 4104 269
2354 1993 250
110 4498 654
196 1945 996257814
258 4491 992849373
558 43 999847219
1550 1110 997592886
950 470 148
2661 936 680
2357 146 1578
1216 800 999490405
1993 1016 755
1376 5221 948799488
1489 3744 998852076
104 3329 999720303
2117 4777 998117447
72 3170 997625914
2047 3857 750
1457 3650 999350411
1154 3622 999585663
494 4764 996622710
248 3656 79
2740 5005 1173
2681 2297 484
423 4998 834
619 3153 997615475
1487 3074 999834073
2600 1297 280
2531 285 595
319 2102 999856575
837 3440 997905170
978 2663 84
1172 1818 998924329
958 5086 999980967
1521 5250 1075
1965 1780 995438942
231 2414 1968
970 578 1961
913 1206 1826
1278 3173 990545409
1796 2777 900
963 1636 936
249 751 996618030
338 938 926
100 649 996559409
2036 2966 239
1100 4183 999574908
2345 2889 927
1781 1583 997623263
2037 4613 999984850
408 2789 998339647
1436 2117 983587505
43 1606 999991213
1007 137 1056
1699 4776 1619
320 3527 995524303
1242 700 985539257
1702 3218 912
639 3538 999475150
1607 2209 982925586
2497 4787 35
1745 2627 999129197
1691 280 1669
592 748 621
1991 2375 332
1853 2807 998081545
697 3307 995730306
557 3082 992951146
1054 1065 999954506
1686 5390 994529214
6 4771 999752834
591 847 961223697
180 938 1820
2001 2649 999851783
911 1961 994579647
801 1775 29
1633 2232 991788008
1545 126 187
685 3295 535
1939 4621 993908573
2611 5092 891
1777 2541 999535390
1697 5205 1802
2582 3000 999978735
1624 3447 999783520
1447 1579 1875
69 2389 374
2357 2019 994145829
1592 5462 495
1745 754 1364
943 1440 994274727
1050 686 250
1292 424 938572077
1165 1191 995843705
228 3690 1918
786 4825 1988
1040 5350 1180
1869 5447 999975388
2037 2740 906
2416 4307 1487
916 1515 1602
1599 3661 998538566
2360 1446 105
397 2178 999831255
582 599 1043
1983 2804 999788162
1744 4493 1271
862 4663 999996055
284 2490 98
1884 66 1088
285 3906 1122
1950 2078 998469189
1044 4682 637
484 4686 999848677
295 5342 996151572
1929 726 1027
2246 3515 998806959
2165 2738 1140
2729 4030 989075436
1056 2769 1482
2398 3161 837
2268 1581 1983
2162 2621 769
2177 3208 991041775
1857 4520 1599
622 3223 999540988
604 953 109
747 1682 117
