5500 74 5500
72 4720 329156619
23 2964 658110492
6 2490 937332651
25 731 41846570
25 4327 661612568
36 999 370377287
23 4211 256323737
57 4522 64623341
9 3952 772812651
53 5177 81911003
12 2441 37154544
63 1511 451900804
59 3619 234171755
61 2898 662637246
46 3273 411268317
10 3126 176064999
35 2997 718367188
42 1615 589858308
59 3450 844452245
48 2016 46021607
4 1014 305837711
21 787 549286442
58 4889 666985359
71 3842 146389531
74 4781 209863619
71 921 590859581
24 1492 679113525
11 136 914484671
25 681 899567193
47 735 708051864
42 4907 83144965
68 1662 185576405
50 2396 45262095
52 2561 268935115
59 1496 640990346
26 2030 770152093
25 3652 907674254
62 2540 541952847
43 4952 444731642
15 2766 80340863
31 4633 407508460
34 3969 354218598
52 36 878421121
30 1239 558786960
27 2337 713462627
1 4382 982367160
51 3744 782189713
58 4167 91980332
14 5300 288927989
44 5158 297891310
35 3879 99967804
65 2783 131751927
13 285 333814529
21 4245 627195150
56 1843 737797219
55 2433 389198596
45 1763 256075728
9 1374 130952949
17 5042 612706589
72 5421 480926153
68 2847 377958323
64 4069 559464574
28 1537 215123842
9 5415 778800996
49 2964 384096498
3 2297 457545486
21 5213 801970543
74 4365 207006459
47 5470 765288421
19 3485 440068212
19 3350 417606966
68 2785 252775059
50 3583 346171761
54 2368 19412468
71 2309 59846755
30 735 660514563
14 4649 8590334
70 1939 509960357
38 131 410332529
3 2628 623075216
40 1790 694791947
55 2805 628680055
65 1373 68270398
10 2904 140819071
27 4459 403840589
37 899 462336702
60 969 433539001
12 2711 88153296
32 1268 210744192
28 4487 876043110
30 1555 432828397
26 4437 190364123
61 1545 658286727
48 575 637762642
16 1539 959014080
22 4622 541411201
38 1590 677653704
5 1328 559974183
47 1124 858644717
24 2786 560927904
50 1197 997611107
60 5420 703626886
37 2784 558091373
50 4135 330077673
36 5174 504861073
3 858 356456037
33 2981 865048524
9 4176 1866377
32 1568 401233508
26 4354 970704310
40 287 843355865
69 1162 663660880
45 2872 441049469
3 1532 849777572
28 4457 164715184
72 5327 78998497
57 4047 714222210
44 886 192585604
38 1643 967958619
65 5077 573997201
5 5369 242562721
5 3885 764956342
19 3254 245025247
10 679 55846287
25 2571 584367710
44 4285 889434510
7 2953 410841327
42 403 937095216
6 1201 104126991
18 1875 615966926
37 4681 61837405
10 3901 401607587
35 4004 388755046
45 1554 126093050
71 744 786054053
22 4981 725592871
59 560 183096247
45 5205 202002599
44 3037 852389754
58 2684 565315709
37 3111 951496260
38 3426 900889000
49 4356 350292017
53 323 404896381
65 4957 571523897
40 2711 991785047
74 325 100092269
39 4726 855682153
41 2477 905142181
64 4866 788757375
72 1399 881727395
32 3661 96167116
10 1350 937145707
19 339 369905167
64 1541 573691924
40 1731 92779629
47 4581 226012068
28 888 539229177
16 2486 311083999
25 2795 265745240
28 2166 27622485
61 4504 459403982
37 2662 342980315
28 4688 544371746
9 1749 130752495
33 4136 394780976
8 4861 570059925
64 3789 69828706
50 3755 390906356
67 2136 137447513
53 2387 475344193
46 1544 237638128
61 4251 118743019
24 4894 668454677
3 3283 17808682
67 328 28446239
74 3593 408147998
61 3922 13323725
16 2746 673124028
65 2803 703806735
18 4567 776999748
29 165 703209215
16 5004 849152201
26 3123 896587431
27 236 537271744
50 4711 296542666
3 585 528478824
16 2564 242970545
41 1652 196797780
28 4763 715238106
40 5255 623536369
14 358 14399615
49 4841 674118566
12 1148 591598642
44 1286 74421642
73 4430 671952615
67 2606 631858970
60 2811 252124997
15 2304 101525348
64 3487 551602536
68 3750 720562496
4 2364 662606468
40 2510 944751977
7 2546 584469061
28 1181 227398635
42 1831 29148787
21 2048 218886313
57 4367 175707382
26 2659 669523655
10 3609 97089686
36 1910 936580057
20 4304 634850942
71 2652 728903512
64 1861 261123514
19 325 780633738
10 499 256790073
52 584 532302078
39 3560 540511283
51 3640 392681275
63 1482 855804722
52 2443 234947311
62 4127 962525720
9 2401 949149642
69 2322 437180441
29 5341 514152422
1 4061 602555758
24 106 630845210
72 2841 699081302
59 4247 790351979
67 1326 42692513
2 3937 267828294
64 5452 521093239
32 3097 374691969
52 4548 841166580
60 3298 350111359
13 5481 173349251
54 4028 769910181
27 2371 166604715
64 1990 67420129
49 1544 558362406
47 5357 468747585
4 4246 57978697
11 639 406831738
63 536 152846085
64 1432 882668191
70 4799 682107969
68 1421 211990378
74 1464 141138293
58 3967 132949338
22 4623 186496783
70 5308 489809577
15 3984 209406032
12 685 794328260
40 967 835389770
47 2945 649464237
61 1684 463941920
68 2683 58098571
61 892 575076415
1 2391 690861838
9 2118 906714967
54 1517 31477187
28 506 639905049
33 5145 958650080
54 4253 935212239
34 2639 219329101
21 90 419238735
31 1198 747811684
8 3390 121255598
32 1366 446985728
73 3359 984645497
1 4748 683526136
36 131 751776545
12 1138 853192026
53 682 471331372
24 2927 995466963
57 455 2151228
26 5115 652852326
55 2046 725227280
20 2029 236191774
43 1213 26263464
29 4688 787473834
59 1143 131094896
38 4064 137513100
51 3056 64123931
34 4948 413153116
60 357 475809780
6 3959 572638992
53 2853 44855226
46 4535 182818169
30 4780 197232574
57 3007 528487278
5 3624 972011695
41 2804 242579866
51 1854 500670008
41 4640 826846295
27 5289 258172791
11 1541 451495181
54 3346 527202715
58 1983 307974717
3 2947 558276263
30 1321 40399207
46 1466 728518355
72 647 12004254
56 1593 515832072
30 5113 272097119
16 5085 13786712
21 2011 113966482
12 3883 93506161
55 3875 935746917
32 5071 74974647
29 2477 506718536
11 2732 922693579
33 1635 375788522
30 103 314819112
71 5379 152259209
68 299 37588786
74 2814 214487913
72 4311 433740063
25 4252 412929006
42 4533 824029988
6 5039 891506623
22 5349 361469354
29 4204 298680973
59 4333 310128190
45 5161 515803868
61 3637 528882619
44 4898 943117942
74 1714 217891667
46 2371 283105699
38 1151 454153233
43 4803 231056079
72 2017 966099600
51 3363 331502300
26 4017 285088680
40 883 22406236
47 3607 971437484
18 1045 721890215
58 4374 195811494
43 95 959671478
17 5154 58285120
10 2236 222964752
16 2322 13723713
50 3565 884355989
1 4839 906229827
6 582 689686988
17 1236 26517211
31 526 896962316
35 4197 218961826
45 1579 5738813
18 3446 504622460
4 4877 513667710
65 509 257650789
51 2326 376407084
29 3605 992386406
72 4194 8412957
51 1436 423086454
17 5325 499284876
46 1627 824930007
9 1478 575330469
63 2544 580759959
64 4803 742175756
32 3300 722884014
29 615 565280542
36 1537 10509752
40 4938 873123832
60 1597 824737619
34 5230 131881624
68 4591 200488053
49 4214 468522059
17 75 995670910
68 4230 500788917
16 5159 494290555
68 2564 480975046
56 2537 529202349
9 3001 594431982
22 967 524452822
62 1844 357183132
60 363 371212246
16 4864 78260170
49 1124 299659717
16 358 306395750
30 5458 734768234
74 2932 34586394
68 4356 765820550
13 5348 137669314
44 3633 25496178
59 3114 338471537
39 4521 680272243
9 4206 602465051
24 4749 624326274
2 5388 85384691
21 1349 10275387
50 219 435046965
47 1091 610180644
47 2303 297875163
42 1910 934761502
24 2546 313987148
47 4507 888967781
11 5323 66379836
71 2746 459986742
21 1427 704817193
33 2376 890233055
43 4890 728225180
26 2282 245672408
70 1721 304396752
71 2664 606972230
40 1893 466996986
5 2610 884730495
57 476 660263761
62 2581 891024191
67 4949 368971209
24 2169 360043643
39 1567 257113798
43 1556 171216855
32 1628 684940628
24 1584 84593751
31 1626 944860437
38 394 882671247
27 1366 411599835
10 3455 476361241
69 59 144485950
44 4947 660400594
58 4188 828995913
3 1284 434852341
17 1407 869561174
2 1744 351473118
20 2124 37729962
46 4225 549747285
70 25 298127836
6 3526 799647346
68 3297 434375008
30 2380 11568231
10 1959 198945256
23 1007 569975010
72 4423 691181505
58 3934 464680340
64 2583 182342020
40 315 586962965
65 3705 298282633
16 2319 539679631
34 1827 883122456
9 729 148183895
30 2889 371698540
34 2684 900744873
58 2299 833865396
71 2812 194924810
42 4263 92769997
50 4540 654818324
10 4669 522067881
37 3890 365199441
57 5376 364035456
33 1458 110260126
35 4817 238848863
60 3956 747944128
38 963 390052798
2 2666 987514723
2 4802 228333024
50 4572 245888120
59 2385 782589208
13 839 743311283
19 5387 770603956
23 3185 118927061
60 1675 26189809
2 708 399384355
18 3326 107344792
10 886 549566147
4 4370 273376093
1 1633 115692188
9 2693 898142204
61 4064 626591831
34 4730 206949433
74 2709 761989450
30 1998 835410846
34 2640 455383485
10 2032 769316313
1 1847 96613465
54 4881 178512438
2 4252 240063884
11 4091 353592207
11 1510 117504281
17 2396 35297734
38 600 297069126
36 5080 80646513
27 3563 473195327
21 3805 881398736
20 2721 27244531
72 2987 944847657
46 5350 45156086
61 3646 740013304
42 4442 1139336
31 2119 768814894
2 185 287948489
52 4750 173832125
64 2838 776405373
28 1412 246684407
74 576 107671590
51 880 230848206
64 2318 693102364
66 1710 958989300
52 606 269622504
60 400 977019970
27 4738 771787666
68 1025 661722771
58 1317 111522592
48 3265 413049564
55 4172 554370256
72 1092 611926831
43 4939 678361585
36 3262 482309936
48 1892 412603
24 2822 248602995
56 3857 346353402
12 3792 120590152
12 748 191322288
55 3982 17617397
10 3478 793025171
3 4685 831388429
33 2244 900845274
36 5133 816109240
25 1684 755055936
36 4748 794789178
6 1445 378220130
74 5366 317646103
63 5235 760777350
37 1449 959449087
25 727 604438708
11 3803 16657257
1 5021 282683024
38 2188 14683238
21 3736 38993718
9 1626 442260629
8 2211 161134276
22 2683 713642996
4 1939 439388585
65 2750 641950859
61 2355 263337102
33 2437 842447041
11 2101 398870240
46 5104 994515361
74 5151 780395220
65 5016 795001380
33 2875 26366063
24 2690 380650683
4 1622 537729382
16 712 886661002
65 1755 479875844
73 2620 195918577
61 1878 7314962
32 4623 949993459
14 2918 57317958
21 4102 41209306
18 4283 168677091
63 5494 430134399
60 2566 107654795
43 1665 66158288
27 3670 497994208
73 3989 716556689
51 2464 52886531
68 3064 562877344
16 4862 300296979
43 813 597927457
35 3686 402630530
21 1939 56317791
22 4003 819866099
12 441 830342135
14 976 433463358
20 2485 854858760
28 3692 260468806
19 5294 443851138
31 3176 833652621
21 1089 99518838
28 5142 310540399
70 3469 800024090
65 3142 683274787
14 2338 15441077
60 4688 985605030
40 3031 940149695
33 5353 794518498
47 3190 792419504
48 4033 895967873
7 2705 979694545
23 1954 972748045
1 478 272506900
17 3666 105167707
19 4021 264287598
39 81 191896297
42 4886 593857397
39 3035 160220670
67 5413 327600295
41 2495 446792471
7 3412 13823677
48 5237 23905996
38 168 400246700
2 4884 23723863
74 4356 72485646
10 4005 702548221
71 5373 207517541
29 2182 898841073
35 4468 87739746
38 3805 563948659
60 4966 841091440
61 3115 577240665
40 270 676062888
8 2611 948482386
55 5215 55489708
60 2211 938008606
36 3941 955522774
37 4121 153872342
66 5084 543839970
24 2995 687367228
52 1814 734724214
37 2979 958419487
27 1393 858623455
48 1369 432819674
34 4512 892968478
47 3514 236329408
14 1004 199434844
52 5500 843355431
12 3989 832613222
46 944 515440988
23 4568 791093693
70 1144 331021997
35 1617 644738024
41 3321 689888106
52 2103 416613354
26 5491 541479416
72 663 779639483
74 3086 824970454
52 4737 350539775
44 1858 504657404
74 3838 768584625
44 2571 591410305
33 5017 870198206
18 5437 692342125
28 4427 882793089
31 5227 364701524
24 4589 984983871
57 727 352819323
55 2990 440221679
61 199 222548138
34 1908 546589290
74 1700 984451724
12 341 221255881
45 2608 702421544
49 1345 129727918
51 3722 5182036
43 4604 979771028
59 3480 618384915
49 5185 4143431
20 3324 804939004
63 1573 588571072
53 235 890917016
59 74 171838161
33 3103 5683358
67 732 474958640
67 4629 677104652
34 2396 453675574
60 2751 63145526
46 804 127727
6 5324 754696436
31 3313 984930243
30 1942 890076020
59 1213 251785519
74 4460 538021623
34 417 328631779
60 3979 616466997
41 4141 836867122
63 5144 794771633
53 4908 363952238
33 2328 985119999
17 3196 248450907
68 4496 650115381
17 2081 115168432
19 2252 286652009
10 2781 192479420
32 4837 455599083
38 4247 654476425
37 5257 561952038
41 5484 271861163
40 1986 234139103
9 3017 672893773
35 3947 323478486
12 4533 337189187
40 1520 573050853
6 3010 848612469
6 2215 759583533
21 1171 304356684
50 359 714955136
53 491 918705700
17 1692 5873914
6 949 359459918
61 2962 787821039
67 4896 527117707
16 2749 889151323
67 4118 315594192
23 2803 351781519
43 4525 647830710
35 4005 286466240
12 4725 592477457
65 613 609837541
47 2494 325011328
33 895 204672954
65 5194 296240784
41 707 494136666
20 1487 626880269
72 3343 780202833
38 3528 681323900
23 1315 696612993
24 4081 325631746
73 1195 743771277
44 4273 738715978
30 3450 69192803
46 4619 869786557
47 2773 449159497
33 3842 563024402
26 3428 40084834
45 1166 279784751
55 2299 783979183
4 3303 51321128
34 3676 49977774
45 669 538200061
34 1442 519402867
32 975 811972038
16 344 887685472
47 5060 974215839
17 5483 340958965
17 2573 554323081
6 1848 480798134
64 3751 82339240
12 2393 477194961
9 971 603093343
14 2471 581989916
45 989 535893166
57 1971 273356729
49 1101 558083763
20 764 160176895
68 722 446593671
16 1754 169904716
25 4645 616534718
27 4120 624629197
44 676 680748183
26 3914 170075045
2 383 75212847
21 1977 122662145
36 2662 622337714
49 3603 72374329
10 3298 485772507
74 1015 28794580
53 4377 145361072
11 3391 11728651
54 1781 399919576
67 1925 531269759
26 301 924119023
29 2380 39800513
47 4569 37283384
1 4944 630757653
7 5195 704393389
57 3738 1205228
37 1896 896225057
12 1990 133156973
3 664 311737128
11 4777 183249120
31 5408 129158712
20 4910 294019710
8 2998 118717738
13 4392 16216124
53 746 46066429
47 2683 262727590
54 2650 378302692
36 3223 643989535
14 2212 31868617
50 1439 962606847
72 4926 131719858
34 253 687932324
2 5079 569111811
13 5118 340193662
65 2837 665666233
54 3226 971900890
22 4410 287155450
50 4343 310769664
16 3435 593295653
53 764 43375614
2 5446 490321256
35 5242 140885688
21 1011 699439033
50 2245 492916399
27 4982 994819668
54 3130 686841188
64 4131 933174799
48 2990 517613071
42 3841 623861265
2 94 460265205
63 377 894419659
59 14 367464877
7 1742 701488991
47 1796 412947240
66 60 325831472
2 4532 720511943
46 1499 173476326
33 3652 409597221
51 1189 55403289
12 4192 902875086
32 4021 629725458
44 3960 112849920
5 286 736037607
53 3939 583594101
39 1850 815212725
47 2186 720313702
56 2158 323649699
8 890 543797604
43 1476 264155642
6 777 153500484
9 80 273180615
57 2165 555579925
73 4715 58676806
2 410 76128664
71 4505 101837569
13 3259 556716312
50 1679 676414005
20 461 934174480
50 5269 374924443
46 472 2177877
46 3422 206672353
71 2929 843640795
8 5252 803598097
60 924 832939616
39 158 114720911
56 4664 585711752
5 4901 80350252
23 2887 70886148
39 1691 178089680
58 4388 277414016
73 5281 409505181
7 2308 711471136
68 3533 574182524
7 366 264627988
40 2326 830208953
51 3365 281240340
41 3992 34041563
17 2583 2083728
31 4464 20633171
44 1054 798796219
18 1923 5841382
26 3844 438886508
41 2945 110759119
63 5442 709602903
8 904 280813143
7 3143 455900082
58 3123 713539462
24 3017 159577830
13 3858 147139401
30 1033 442206725
9 3617 545825787
53 3802 754758732
67 2982 121818885
73 326 211765339
74 2584 585687298
13 3205 350726117
17 2928 72569848
58 2012 73889053
53 2110 296060656
14 1551 724196319
57 3669 192793412
12 2420 380613616
71 1875 802899786
2 2188 297901507
46 1765 613395118
3 1836 411483642
14 3733 111982340
56 3656 628458600
46 3334 767097419
50 3547 673427541
73 3709 761867572
15 3199 272373356
60 2862 851093159
62 2876 504575400
42 4152 567950576
72 572 502939799
61 457 669598580
1 5151 273213392
30 3263 745156421
41 4128 767738043
46 2765 884999430
61 1825 150375646
55 4525 757380777
57 3656 924165834
64 1345 13049953
27 1838 204466412
18 3763 747619022
10 992 620115615
24 755 698149962
31 4185 854588374
35 3430 814613910
49 3466 938788865
12 1579 562961374
31 2402 536059029
51 4671 229435825
18 3001 79330607
38 4617 229466921
7 4350 604181034
59 3902 10335223
35 478 806976276
26 3661 77418124
59 1744 314949724
2 4971 790337383
74 4578 87667810
72 1789 592076035
9 1209 665478867
23 602 6371609
37 24 977321301
61 5201 190504743
29 2851 579286466
7 5227 713493346
51 3303 112156194
17 392 498757778
63 210 231944707
64 4155 193784692
21 635 178257535
53 3447 74651348
17 697 277467721
50 4209 849555622
64 2491 657333961
66 2201 165261917
34 2536 622123084
28 2166 730356029
60 2667 274927302
37 3443 782809637
12 1699 216968252
72 1522 258025943
74 5032 396360292
35 1454 250719208
68 4510 469777040
60 800 977782402
69 1165 355190524
40 1763 332380460
2 1399 197711999
20 5256 168879257
47 1357 356651435
74 1701 325427878
34 2302 411608535
13 58 483111799
23 780 360404975
65 2436 241306022
58 1605 32158301
34 3463 539774621
73 130 842243538
30 4340 311106281
50 2953 493613374
69 929 118988838
67 3329 68001998
19 3576 926450412
8 3970 836812585
73 1364 879442236
17 2862 396416687
5 2434 788965699
53 2036 582652819
31 3496 997277365
23 2185 942475620
15 4501 649776720
72 1619 993368503
73 2420 23462228
6 3116 271256134
32 3184 978785219
35 1208 806889186
57 2196 266292815
68 3147 513933732
38 4295 799718497
50 3619 143409405
26 2437 174301669
57 3932 237518650
70 3016 175455586
18 5227 421259066
40 1704 40214948
39 2835 569216188
8 3324 198075452
7 564 463364709
36 4743 110257839
60 420 115406402
8 4994 407207555
6 5273 663243943
18 1756 677059328
65 117 920859140
58 2198 410795226
25 4606 253856401
35 2503 240892002
43 3856 257607734
24 2850 842033917
22 3604 204865926
14 1446 783493777
43 2814 348038995
49 4208 605664516
74 1696 117068328
25 3037 461770727
64 4495 506468099
35 1092 325832733
23 2654 952480481
16 1702 104364610
26 742 952820688
56 285 249388834
54 4579 430330438
36 3474 993943242
32 2556 292882274
61 3048 935317785
28 94 328558993
41 1923 239885883
51 446 223745280
42 312 427033169
55 3267 553705923
61 4709 421780085
37 3193 291009522
29 1227 546898565
19 2272 119092682
14 1664 223090314
69 1191 540548153
8 3419 340576336
28 4965 668286840
58 3873 11623336
37 4381 137676763
7 2009 802639474
10 3321 714424808
2 700 242185742
16 2308 314207028
42 371 294588039
22 238 294288986
43 4644 647057303
70 2391 712735796
22 1459 430024780
72 1182 157999697
26 5220 174391448
63 4400 61119098
58 4891 584690806
74 834 195351181
9 2206 589346828
68 558 958431142
2 5108 16056758
57 515 321516
72 2473 954076199
51 3895 836278855
49 3443 659868438
14 90 134156718
60 2093 413715497
23 3970 267519992
28 1845 827342183
55 3838 283076854
21 494 362531714
20 5214 410284680
16 1963 174811966
67 5451 763571881
17 1793 805354746
67 4869 124628298
35 2720 478529671
16 1759 455801544
65 5463 732226542
47 3037 140752185
36 1836 783189849
61 1796 770894250
39 2582 998821694
33 3499 102415031
45 2686 912878364
2 268 128961826
19 3591 985399754
18 1130 311827301
39 2745 453923976
63 4798 93978469
69 5079 36676287
41 2453 4629787
47 177 55170998
60 2437 892600365
20 4507 176864573
11 3918 822622190
50 4167 219178354
32 115 57593704
52 1691 751887905
41 3746 799145238
60 28 414357148
27 1071 886167575
13 3942 877225875
13 685 236590719
70 4815 3060839
3 395 155688717
51 164 501865100
73 3420 133766314
24 2919 205540680
43 4102 132386065
29 4764 955388761
46 3919 816331593
8 3611 756664878
47 3541 230223751
28 4166 28031888
2 350 619235716
40 1058 839548477
72 2736 70774893
72 334 187001453
46 2232 291307760
25 4527 463641627
66 2842 838201571
20 2232 353764731
38 4418 603829466
46 2968 596969445
70 2059 354231165
46 4868 489409439
1 1398 244696758
37 3375 10023112
26 1779 813696498
60 1481 630559514
72 3553 48447762
15 5275 387941907
73 5141 539837840
69 2809 565917242
64 1787 68184103
8 5107 812066060
71 1951 127172073
34 5226 147216288
67 1681 830212686
25 3168 762884901
31 366 45710508
8 1005 448548027
1 2183 913405105
39 3353 224370668
36 1120 96175509
70 5210 189298473
4 2719 588121102
13 3656 878550478
8 255 117370233
32 999 22014964
5 3410 475703920
46 772 694192391
70 2816 577970324
60 3771 451026996
22 4677 159420258
18 5210 450568998
55 4844 875013350
28 3173 125260187
66 891 442163902
56 1622 231368536
14 4561 46915091
8 3132 580520858
71 3685 380348626
62 4506 206029596
74 322 82482934
42 104 894007884
21 2309 472217776
7 2155 763008119
69 193 899868406
60 1048 108284313
2 1411 936911119
25 4541 258135344
71 4887 384289452
20 820 482069675
35 1807 502877029
1 4763 860118145
39 4328 875583609
65 4092 395158300
13 2689 84780554
21 1116 73933192
70 108 176793664
28 1294 180388239
54 1482 97239333
35 3445 181904725
16 4735 233139353
27 5367 290764870
1 2621 923088582
68 49 306598598
56 1147 490184157
29 3805 733851241
43 2465 15360542
21 1185 995415883
48 3399 527677243
65 960 638724577
73 1874 487542663
58 1276 856259858
40 1234 176515943
19 2803 156026440
28 5171 764362457
16 678 307206650
64 4299 305795876
23 201 423846347
31 1911 714998720
57 3405 809727580
4 2359 694048975
13 2958 419778677
22 4768 908143730
36 1134 445250185
73 5479 115427138
24 5360 691774953
65 1903 473480014
57 1138 555926791
53 1623 887159583
55 5066 318649230
46 2544 577299131
17 2661 232392199
49 4286 206165635
26 3297 477694328
71 49 706440649
19 971 288358535
5 2365 688446006
51 1734 358534834
56 574 348292921
67 151 392834214
29 4121 101071359
70 4376 733416571
32 4571 337606901
33 2855 93313178
42 3935 73127412
74 4255 277731551
8 2207 428237040
31 1013 711742497
15 4214 678324169
2 3942 561381349
70 3862 93648213
30 2612 552827141
38 466 4963063
27 5382 605558356
72 277 713491577
21 3323 769635309
72 4474 467981259
72 3421 769875808
14 1872 227665122
68 4771 962513717
73 3872 738306851
53 5153 60439931
57 2772 421830578
23 1567 621209664
33 730 496231033
1 3077 838625990
43 4671 334544001
17 2971 911739824
38 5055 771627032
50 2980 348496632
72 1453 263991134
33 3299 849663644
73 2480 721172795
64 226 876685789
17 4809 704232081
18 5178 553829253
29 546 227633767
39 526 902225071
9 1846 877261998
6 4265 296261850
18 5245 135095331
70 2826 521617179
70 2367 80363148
59 95 179684689
13 3469 174541477
56 4287 73422829
71 2658 815233127
12 4697 615763347
45 4336 966926269
36 4202 640618750
14 4651 134240111
43 2732 717385834
45 4933 616552589
67 4204 380936601
33 3829 567916877
46 5038 920376666
54 1070 704271281
34 1590 818753893
72 4542 765790512
33 1420 408701158
65 4751 675947929
30 5127 518583030
33 426 249837822
39 3285 28131947
53 3121 423899874
3 2297 244336604
25 4168 76568296
71 942 449840033
2 447 455895469
31 1398 540357144
66 1930 236333121
74 1239 711161721
36 470 948624978
7 2761 981861706
17 3061 264438241
6 5196 196682120
30 3270 37205039
33 2881 116817475
4 1251 102798200
34 4326 878589720
11 4277 114991249
15 3379 919172186
55 3307 240422276
59 1666 919293613
29 4218 637099186
34 4862 248136902
43 3549 205757941
39 1342 508165512
5 2665 589303484
6 3584 856628608
5 1431 184825249
43 2671 31101420
51 398 10730706
70 4301 815089440
70 1426 877750870
22 4597 91249685
24 1552 233748798
52 5247 33691129
39 4553 328903339
71 258 403664698
14 5399 833924395
16 1380 816632058
41 882 200890167
47 4254 814394051
18 4903 836169161
10 387 269611152
68 892 683364222
64 2963 303271962
67 1250 126675978
32 1249 55553466
30 2884 353134897
36 677 425095808
4 1704 861618432
59 1867 576813908
50 2467 409428293
64 5020 173162633
48 534 348685706
48 5497 57881441
41 697 627012715
11 2468 239678973
53 5090 932246753
69 2286 818870657
72 3211 36954266
29 2168 153598962
72 317 957295459
69 3974 108569811
49 1606 4894898
53 3178 545758914
73 415 433811655
64 4417 567343115
36 4813 972742255
61 4320 981773058
70 4543 636328693
32 1756 637534513
69 244 238589758
52 1717 558810489
37 4775 226509266
72 5102 704050199
16 2236 8221747
56 147 586002164
6 3242 528885959
33 656 216627798
63 578 104929510
57 1863 344778412
65 4920 609821723
34 1946 172115286
42 731 161246237
64 3287 695380420
66 4679 227794921
49 2286 819470273
42 694 629302870
25 5341 908436108
53 929 747075186
24 4450 258028342
30 2648 101508451
15 2477 213308117
44 601 830054321
56 4910 732506368
68 4158 510480236
30 4507 926628612
33 3514 390529112
10 1960 195150279
55 1429 814266072
68 3692 298579335
22 3604 595828958
70 1531 860709391
18 5455 920509744
53 4167 937603612
67 2331 14127930
8 3347 669434555
12 2686 848276217
33 3543 241596159
52 4494 779153159
46 127 252500586
1 2113 678715571
8 2587 404210584
73 4156 343962813
16 1859 370471547
9 1894 913833910
26 4777 298905157
72 2885 731064538
37 4793 338616313
21 2774 530602826
16 4977 42565776
25 5269 825288788
40 4953 589947690
46 1809 463980632
36 3229 605603332
20 2800 812021459
67 699 553980896
24 1331 359144285
74 211 481422301
60 4011 434686223
49 2989 387381577
55 2355 497877803
20 4106 209256342
11 1220 522265339
5 153 116107998
51 818 627963766
62 450 350626512
1 1228 407134620
17 3311 809603916
13 1774 648247149
70 4890 503370424
32 4327 31833261
58 3692 321202752
47 3687 634080351
9 704 835136369
35 403 324481916
37 4172 968016260
63 187 612019346
26 2158 230914570
67 4172 789294277
60 321 90291251
68 1759 858743435
70 4263 185903930
17 1241 895814796
15 4229 113161568
42 3017 851001308
6 1687 155193733
31 4939 514330124
56 2276 954434873
26 1600 429439913
60 211 900732886
62 1619 20301979
35 5063 900145525
67 2847 362455856
53 2688 598700661
31 1410 67641508
42 5379 263285817
67 2768 599500494
42 460 210674226
40 4222 124670600
52 1258 217636250
74 107 475986218
16 1744 830053303
18 4345 873798447
53 5416 2380403
41 911 44386576
53 3904 573083169
34 4126 882331853
12 2905 189290782
8 2221 110381719
25 2281 605400528
39 4820 703251661
74 56 84224929
61 1286 791849769
2 957 339611742
36 1178 948517108
36 4557 458987236
54 3558 334123713
60 2282 816041047
22 883 823087236
6 2793 873671889
7 4218 190245906
36 2186 199985048
41 5409 60117580
59 2842 316160371
30 1755 284972083
40 4059 973390308
58 755 817073986
16 4542 69193012
32 58 351707589
55 4895 481116143
66 1048 7547661
41 1322 650275312
48 3814 740882949
47 1217 680446964
74 4741 375934815
19 2201 896939127
66 3319 206842537
50 1309 469982410
70 2818 289010876
67 143 455338400
18 3877 125856706
23 5380 140792658
74 92 114616853
49 2671 278495925
8 3119 552495730
2 4467 354409933
26 227 935293720
56 1498 1098180
38 2347 407081415
74 4374 163309745
3 5428 906732135
6 2357 344378976
13 796 595798708
73 2369 223047918
72 2687 113420719
21 4654 75732246
10 123 604739244
25 1806 778880803
48 1773 50404523
41 600 754773494
37 3548 231490614
57 1426 515489072
25 4168 534934543
65 3480 879323647
3 5474 564159154
60 40 311078812
37 719 803867923
9 655 140237776
18 3745 106530657
61 983 895539170
59 2388 813100235
54 813 67703829
43 1143 589448331
47 292 103180589
54 2890 704864936
58 4252 623224636
73 853 485480876
58 1567 45824847
46 4585 699508358
28 1645 781479198
26 661 107762665
53 2149 165926961
43 2618 933925455
40 4253 298346065
20 4983 537368452
58 253 200689097
5 919 22021253
39 3175 624037588
4 5242 71549318
74 5430 973523790
72 4999 70678126
34 3284 259350901
14 2137 571713293
70 1311 81897338
74 1382 669396426
63 3553 52343632
9 3708 170003105
27 3995 882114212
6 3844 101632607
13 2973 14071794
28 4438 735993347
72 1514 445735461
36 4863 2229112
50 5455 761840674
43 2833 10666152
26 4696 591695952
13 33 618536627
50 4307 38219952
26 3821 804028429
16 227 15280265
3 1175 270876768
16 1267 244081558
46 4115 762132907
55 2043 303416426
18 4835 317399630
44 4268 147628637
11 3377 168615811
6 2913 872904728
34 170 314316769
10 5267 562566730
59 4160 858968958
46 1500 22959447
27 4817 420356563
34 572 632334316
72 1891 274851811
27 4751 196722780
1 3033 728891947
43 374 817513609
70 2930 52146378
50 1809 575471871
70 252 786917637
49 4020 788400328
47 4991 126136067
22 3740 550620391
33 646 956837573
59 1958 424385281
3 2989 562208618
22 4512 611751880
55 2392 647936447
70 5093 769308332
46 1043 630122281
45 1796 495744302
47 1199 644050364
36 748 989793299
73 1508 517838217
48 3399 639076351
35 4666 675042454
4 1937 261467247
61 114 29145403
67 3645 439723838
10 2313 818590498
47 2280 953529269
44 1666 976032292
61 2090 892248224
37 4501 928594194
6 974 635536351
15 2036 115882657
18 156 119533150
45 45 135870499
41 5450 271484865
65 2172 603092253
46 2813 195112172
14 3616 85566732
10 247 547375281
19 4791 964665824
2 4775 71734991
67 5245 746049245
65 4728 217131370
23 3122 464284653
11 5395 854156523
1 3112 582561454
17 588 535637222
51 1757 27511104
9 522 836564379
59 2121 559027519
4 5193 305689588
53 932 892606929
52 1120 582566851
41 5076 768588113
61 4680 921791654
57 697 735692086
44 1652 556685429
22 3455 853904674
71 5444 911425653
31 166 4345914
51 988 877045677
59 1245 41175942
14 3831 837936691
66 5026 243225388
32 1570 303594624
38 1132 383609631
7 1141 454528523
71 4269 130231357
44 3110 706073908
43 4759 255048173
12 3718 979681326
63 5480 366795896
4 1866 308874289
63 4363 712344210
34 1420 820419771
67 4606 587243752
41 584 788355536
70 810 992101190
22 4967 39367010
68 3536 430886172
26 4302 454440431
18 3216 326663516
21 326 196990844
10 1196 935247865
48 598 746774104
65 4268 496263094
4 3815 164739975
36 4873 872326797
19 4417 828306674
23 942 251985193
71 5357 755408886
55 1738 654280800
28 4767 342615273
47 3873 520370399
58 2952 745612032
26 1012 690269913
6 5241 270282682
31 4657 350445237
29 1833 566199045
34 973 284176913
49 3562 68303151
58 702 362544054
12 4809 982914120
59 3519 106380039
23 2590 620112739
45 3200 324494263
12 1038 148624310
74 2292 37875381
64 1872 34139423
3 4585 299450824
22 3559 771188952
8 3138 246018
47 3584 120097974
70 981 813817902
25 1962 971018959
1 2874 659476795
26 4868 439467926
67 3864 481044528
38 4629 62610549
37 3285 62015942
2 1502 637718521
17 1376 487958910
61 1170 548985045
29 1475 823364888
69 1004 184025115
57 3343 661221838
34 4867 98690208
22 1432 742629130
4 5419 763808074
17 1863 382445659
26 1837 330107863
54 4001 159337632
38 1194 572847791
67 3600 173587211
4 4756 976809141
64 2412 211274378
35 1873 27449970
31 1654 356743020
62 3802 639116747
53 5172 898565154
55 197 178694685
58 680 597077409
13 2864 24310257
43 1943 861709666
49 867 275551518
66 1386 65252195
22 4753 957943577
39 4285 8175505
47 2405 323559773
17 2622 570265496
47 1497 22823086
27 4614 425308557
16 1785 966363831
38 448 56640473
10 4120 472793898
37 2159 653301108
42 2950 409377045
18 5349 890220950
40 3962 323142394
64 2408 809100194
60 987 128028454
68 2446 940707731
50 180 461560827
64 2024 799757756
16 3732 673823647
68 2987 367925308
22 4564 749219026
50 1034 399684296
55 1619 37854263
16 606 95453623
73 4313 792394027
2 4866 159449300
62 1949 616491079
60 1770 134690702
68 5095 832143570
12 3477 199687161
49 2656 622713049
44 1207 874408974
28 4897 834049029
71 2538 678707764
2 4915 48050909
63 1974 800089265
66 4425 52483358
69 1492 477949863
18 3693 575381813
6 2791 172247189
14 4462 198029383
33 5257 905021930
57 2852 215488486
8 5438 160356605
6 427 449652352
22 2571 928992008
5 3237 571282168
20 4895 7616809
53 2221 459781114
15 362 16812416
66 1139 422861160
23 4843 104772433
5 253 591206248
30 2744 569037662
36 3525 342669819
11 986 749805528
65 3803 536562455
40 4691 246751651
13 3748 961577959
7 3545 873988858
16 1060 295264365
58 2050 425337730
62 517 260824136
47 1133 851816643
43 4406 706532484
11 5166 434294020
33 2147 438494225
37 812 114372959
51 5403 975414281
32 4524 641069662
52 534 481321963
48 2135 508216739
4 4323 399333688
45 1246 165588132
48 1460 383647156
70 1537 652093495
52 526 440710389
11 2660 621741243
30 498 168900928
12 1249 912837369
37 3567 884500995
11 348 355645756
6 1554 927129261
74 4169 801820429
53 24 251460119
8 2170 895679803
22 3252 964879978
30 1256 570163674
3 3747 322713805
44 1199 837353098
59 7 968416956
24 4095 665228195
14 216 737616182
3 3252 866150284
9 2882 831242788
22 2346 779345286
31 5373 566288263
25 4078 576414951
8 5197 573496994
23 5279 211496485
14 2112 242574520
27 1272 971028992
52 2611 187678088
71 2316 631753669
73 4493 870864054
53 4018 270236337
19 3619 894788822
73 5422 552341138
3 2971 37449604
59 3582 136839770
30 2702 933217750
46 1233 448520286
37 4363 804188078
12 3658 458228214
28 1163 985213080
59 5314 502003259
15 3999 941156262
72 3104 592017560
21 548 535186434
70 907 452299605
44 4268 26662172
32 2316 122012370
40 2985 217785867
34 2615 545310280
14 497 260553718
41 4422 805135592
33 1428 67704046
4 1257 332448688
33 2702 205698167
59 5179 809645159
15 3325 955701416
17 47 459705094
62 3717 694339322
63 2034 2818891
44 2450 495223714
24 5400 157934527
35 5369 380612876
41 4594 221741102
41 3484 301317559
7 146 375888862
38 4348 797186766
24 3819 90197144
71 4872 472679054
15 3356 9992340
56 3110 780379816
32 3453 628135695
61 2761 437870875
70 682 506276785
74 597 93803134
23 4663 82115253
52 4705 292090305
6 1725 126236879
24 5200 392750007
48 2955 575966603
60 2703 709833464
73 1580 107382447
31 4662 816064273
65 5275 124642885
2 272 132851605
10 721 520762837
26 4476 674750141
11 5469 357732330
70 281 754008257
34 2213 961230546
53 3275 25918549
3 3454 89933029
58 5286 277269032
66 4235 747773674
28 3904 723707780
53 1793 133897107
70 4277 777126291
10 278 551022359
34 3731 461702616
16 3869 21124437
11 3545 905944967
50 522 481879993
61 1613 91119710
62 118 1457428
68 486 590647522
66 5193 203066899
50 28 972357892
12 2612 783796257
54 2772 295399281
36 1835 233692282
3 3277 340408260
67 5481 259526422
59 2946 986934970
51 1340 995885635
35 1067 141967270
49 5448 490323561
45 3674 450015602
13 4295 796017491
11 552 56946798
65 3268 904807488
26 2894 11648598
49 3824 709904961
59 3582 633678683
18 108 845302425
68 4758 378367886
50 965 405527153
32 1351 852786063
10 5358 934046211
50 939 27178314
46 1663 160876203
6 5366 303811790
32 2613 353760529
72 1056 294088393
51 3035 440928421
15 2281 434785595
28 2020 504746805
14 1005 953521192
68 1286 980481017
72 4489 608924624
7 1734 170741810
46 5310 106703633
15 987 746864701
9 3386 6412834
57 2308 667593838
48 2146 219881380
71 2612 286248394
54 950 851508662
41 4559 703769648
46 5262 329232279
57 4551 785738504
22 3096 332520582
13 2412 324636155
21 2425 765379304
41 3006 436369984
34 4620 71311765
18 2465 843591357
2 2475 819283523
70 2462 331467397
66 865 484009745
31 3714 438304126
10 4981 117573359
37 2186 93708499
17 663 291440677
60 1760 467098280
23 3645 693945177
32 559 953726383
8 2903 295506815
17 2188 64378833
3 3457 766935785
7 3913 839670454
64 3559 734046084
45 3610 829553567
41 1725 98988991
69 1799 941528594
48 1154 126362759
25 3221 560388343
67 2505 954175252
44 4464 428475776
3 4010 588891201
9 3112 10972789
5 3906 109056551
67 3906 5942404
65 1060 798710483
27 4351 358926624
46 2339 343942580
25 1527 775502569
68 1347 969960961
11 1888 140650324
39 3010 685782138
25 2136 6172495
5 4646 629535667
22 540 13658259
68 2857 550812402
35 4143 281151456
15 2978 654926027
51 174 480033291
23 1494 248748027
74 4219 18514031
40 5342 144807198
24 2603 581344611
51 258 974193474
13 4341 705466965
54 395 799824358
25 968 715948099
73 3015 629446158
6 4220 730127588
11 198 99094148
70 121 219462307
49 2642 58033288
22 1791 946091697
21 1633 939333589
32 4365 960533970
9 4003 228860636
22 3615 644340871
25 1021 692721412
56 694 576617095
33 564 31578422
32 2177 146138815
56 1668 886084125
64 5011 937660052
10 1964 122463192
51 3494 237628994
45 3389 171447912
14 2317 501207571
12 644 440991689
7 3077 37163781
8 4644 442197648
26 3862 558341556
65 3894 288744096
46 408 870050156
29 930 478722331
33 3581 57747607
33 2396 2693705
11 3259 982387029
6 3957 179993535
42 1442 500662584
73 1143 764233860
49 1623 117207862
51 3959 250598595
28 3009 357163667
34 2274 429960093
60 2706 828983289
48 2580 517939563
37 1443 260253658
12 2878 285092972
62 2381 569247301
42 3451 963764515
16 575 794132500
41 3900 56284733
2 2841 448369450
3 1952 471773590
24 2419 451965294
74 3777 434488055
47 4787 626948115
10 4868 275263449
8 2269 361731216
68 2758 766055668
63 1975 109214591
11 2429 127587954
53 2294 370591789
17 3856 925633105
51 798 192711952
71 3981 424644956
14 5150 270443036
59 1527 412174559
42 4163 851225727
56 3652 108657694
34 2603 155511075
22 1905 932188824
23 395 658276733
31 1780 180493789
26 1808 93467305
71 142 85274614
62 4121 223202194
71 3558 147769549
17 4523 193696542
38 3994 5706075
61 1648 332182197
11 3342 382597066
10 1931 961756351
42 4039 78191949
53 429 91688775
8 1705 985699825
68 3891 350313168
35 764 375306410
67 1963 830251607
23 1421 277368695
51 3939 136688426
13 2818 468422009
62 3139 814810359
44 3334 765464636
4 1462 788560760
34 2826 98792436
28 2927 367354580
53 1074 719025327
17 518 878642629
10 893 195854773
18 1942 514705709
51 548 157252046
51 1279 966659789
48 1243 451183001
6 1926 980097273
13 102 935065303
49 3016 138501009
26 87 377121767
5 3268 168847976
26 1413 542941687
19 1305 66965482
27 2708 531444155
10 4632 43254276
28 2917 801827333
56 249 288453955
6 3780 653895087
28 4797 350891346
56 715 510515109
27 4287 788722059
35 5350 367586513
11 2117 120108615
20 122 224625221
71 3380 981009145
49 4293 479271697
14 1301 872646503
20 5393 734817935
33 4173 707238793
59 2894 795819928
42 3138 254096945
59 246 551853307
14 1149 528580298
28 4539 955027910
61 3348 619778542
67 3754 43018767
45 4127 267082689
70 1198 540950273
2 2898 493908494
10 3591 516856401
45 4200 945802449
6 366 51407690
37 4217 162285887
64 1152 728119634
6 1590 261146493
35 3208 472408313
43 5471 516825552
70 2938 607469458
37 3153 291642756
3 5436 246924167
1 1139 800158801
32 1171 4831657
10 3026 175470177
52 3000 215397157
49 3130 654883777
52 4610 993650801
49 2916 925660656
55 1359 734844926
35 1384 137414880
15 1403 162668153
7 288 858641962
34 1335 441478205
54 4096 832525715
28 1603 931528293
4 2896 654079806
11 1508 925010485
47 1572 288429007
18 5445 855172961
33 2062 618508958
38 2264 216278976
7 3259 400998840
44 5441 660364256
51 1629 611323357
61 2189 73199210
34 2798 928038156
51 2224 26870495
20 4705 729354219
16 1381 896113964
30 2695 622650700
33 1126 101628899
7 2408 7329232
24 4997 928740181
7 2874 483079719
4 659 834921018
64 2451 59964697
50 153 993587875
37 3069 728234353
39 4964 265799631
21 1229 566842602
53 3628 39625704
11 3403 446770566
12 1232 870223274
3 837 966760679
9 4457 826504171
70 4445 280417494
62 3920 798658362
29 1403 507266214
19 1444 107519442
18 3426 53048858
59 767 685615745
23 1409 724520639
4 4760 330891368
37 2016 313457144
11 1114 973160674
13 423 719541426
11 5452 867662262
41 4923 324015691
54 2678 457177075
59 4092 730754522
39 2663 239566878
12 1064 943343948
62 4814 167478544
43 2132 301152440
27 3663 448345529
71 2149 226880784
21 1929 310414851
58 2980 273191183
42 131 445761823
61 7 854920852
66 4752 2005438
6 3734 862244953
53 3215 172146415
39 3108 650609806
22 5291 266046784
11 3139 204441347
69 4801 72689184
34 442 381214923
50 5148 379675180
29 3366 279182692
66 1288 560394556
60 4286 53660504
70 3199 464933931
24 382 148456778
56 3388 686765938
47 4194 680953438
32 3235 204636685
12 4713 798571563
63 1616 123704279
64 1803 221001188
1 5319 273338473
73 1261 50360527
40 4150 197495011
37 1699 766143844
30 2288 133441054
66 4582 351298538
43 4380 302124944
64 2801 3814195
72 3966 564968918
43 645 785806864
69 4965 131624618
56 4895 2178588
12 768 391364190
67 2227 877866635
69 3424 959207755
70 1851 519644582
62 28 170736414
12 821 491312150
68 2970 516144113
45 2568 401912453
73 4482 280664120
26 926 652761822
32 1113 450603252
68 3637 380292141
39 1628 843711088
54 4158 94145507
31 5324 975177919
49 1656 683395410
31 3914 404001267
39 1139 964850924
74 519 164783775
41 2367 783809485
3 3858 20687621
43 1686 195236766
72 1266 764135233
17 992 105202688
14 5342 787826940
70 3178 483593371
7 1013 170741863
38 5122 703927495
15 3974 210708588
49 5170 369186476
12 1901 903133453
56 5189 842832217
48 2434 452537661
37 4773 438204509
73 271 974326129
59 214 420352151
31 1442 670088649
47 3419 189952876
61 5237 325702650
56 4293 785976013
17 2631 462685667
45 3624 194555062
5 3722 411266419
10 2738 111694404
13 4803 207945655
18 4497 334790429
40 756 685139286
5 425 845488258
15 701 141067508
70 719 141273349
51 5165 961655683
19 4602 836576706
16 4942 628440334
21 1119 848862091
27 1585 195870495
29 301 630154964
15 2210 108044953
60 1835 812953409
43 1169 299013083
13 571 566886213
73 1457 767485686
52 3120 747327872
29 307 399458545
9 1811 957601813
40 2821 485234282
1 2871 877512395
31 2595 124473760
3 4986 68661523
29 2100 726666474
32 5318 407376987
30 2834 591928073
10 4614 837227342
46 2420 492475144
37 860 117623589
41 1554 54906969
47 1330 142415237
4 1093 685880991
49 886 462584443
41 1976 465853362
13 4165 446089894
37 73 721858598
63 3641 957055580
19 2676 865105718
57 5411 669977594
48 5059 501893613
39 4076 237180627
24 5373 992122164
43 1209 289300099
43 4960 808328550
66 358 574302190
73 2472 847282684
20 4357 228426359
46 4927 462925518
32 1091 362327873
41 3313 938274405
62 410 903515122
65 831 482320504
23 2986 46474883
13 1489 27354585
25 2025 805160794
11 3027 234243404
15 5372 663178517
27 1899 278160916
58 1104 241365180
18 1127 686019193
33 3345 954123970
7 3577 624455068
61 72 896556357
13 3447 327698942
70 1434 413147671
52 205 463883706
3 3646 827139908
71 4231 940777935
20 2666 877853254
60 4066 686354504
35 2674 196236407
41 3376 200183913
1 3941 855049518
66 4353 342373662
47 3294 713360878
55 338 1650879
54 1529 37201431
70 4868 612295805
25 582 662739656
30 5052 238031789
22 3572 518004179
39 987 268159109
8 449 969214686
18 1841 259512037
52 5457 335504921
55 4210 738862053
45 1238 100697206
15 2203 417714222
15 1374 582435494
20 4559 816760770
39 2418 496331029
56 1083 212727263
35 1290 332515207
39 3124 904800613
29 3053 631700575
12 725 514169680
20 2651 621888638
40 3327 162961003
60 5305 670439090
16 564 378008490
12 950 63055131
4 1379 692995814
70 2894 686982349
56 2627 969398830
27 4912 298888152
3 1947 807366877
36 84 860024104
53 5049 210258221
45 2317 886961893
44 3214 970674111
29 3015 899003364
50 5457 597826733
9 4210 221660197
37 3369 977530642
46 832 351807955
47 3161 977421690
38 889 904842288
15 3960 783116267
39 482 8151947
66 4325 69647499
59 543 473325288
65 1519 811838935
73 2508 938642603
7 4767 579694788
41 1847 808018407
69 4605 626500927
34 323 623871015
10 1146 369163101
39 1085 368335285
62 3736 919996019
66 1584 879032251
51 4798 510674390
63 4702 22411578
37 3929 441314775
43 4889 54831414
38 848 106877835
11 5258 818046391
65 4755 563186497
13 3928 195707825
59 1378 697355110
36 2189 429293923
8 3810 135696958
58 4757 565468860
60 2417 930994458
39 4931 713512772
21 4005 762387484
50 496 2133492
50 3746 586175487
58 311 861062031
63 45 961360038
35 1041 375167265
53 4697 743165682
12 3025 125926462
38 784 268199743
60 3666 654499879
17 1018 168908559
52 260 538688712
25 2214 594791404
16 820 992864684
16 3499 90969834
34 1398 750280686
31 1757 406843522
30 2157 992360564
22 1558 439584672
33 4625 32940960
32 1817 259222378
47 3276 382986986
49 2022 159246748
32 2784 820124485
71 2047 857003593
40 5268 558845010
5 4656 84695820
50 2766 398301038
32 373 177478969
28 2647 483500133
39 3657 928718495
64 186 395304666
49 2965 33645856
32 1855 602349596
26 362 436369535
26 4852 131865933
35 35 918431034
44 5188 277558183
61 3149 596283572
64 5024 88704969
63 5251 88573370
43 1515 485370296
48 3021 606523486
45 1243 967536677
57 3513 651877729
22 2292 851641388
23 5431 585388370
15 2380 683747518
66 5398 684426957
71 1171 195280364
20 851 838983202
42 5168 854997580
33 588 609448368
26 1322 127428402
71 3394 533289264
50 3976 588305004
72 17 314329200
54 4647 440809877
1 3534 98657948
39 720 842248334
3 1285 899212242
3 2998 666190665
12 1540 542671833
53 1108 517024862
36 472 650689249
73 281 526643518
16 319 301230269
70 948 236973433
16 4513 224727561
35 2282 855429022
44 4215 245257216
73 4529 151512051
48 3664 921160906
70 1075 907521402
50 4767 89379171
23 973 589997556
65 3781 612507711
19 3551 175034310
25 3674 585369325
51 5342 549404513
1 3351 816235824
43 317 164238321
47 2364 190389922
16 1606 175541741
31 3292 13818388
38 2607 704886016
57 2048 94888188
31 4171 607243491
9 5240 615080035
5 4816 106275497
74 3567 429802544
72 2284 836068572
35 2116 306548291
29 3808 840235494
39 1025 247882879
45 1351 562090253
43 1862 874540174
6 3256 778792175
44 2074 799449690
73 3907 768913445
8 4695 137415289
54 4076 985293811
68 3671 964975289
69 2966 391010116
16 1985 435037342
12 62 916455656
16 4226 662338121
59 4966 20595008
4 2119 930636273
1 4065 875534913
26 5444 885314082
32 1765 670280167
62 4635 752480820
28 608 16327176
42 2885 363147476
10 2939 20711554
44 4536 806057172
45 5272 380210326
59 2456 63356995
30 3760 648545567
6 3496 751063933
1 5099 852433511
11 2145 63207196
64 344 328187831
74 3472 727644162
60 3372 224388807
51 669 88537099
63 2851 222486394
53 1654 776363773
36 1678 14551492
57 4956 309931911
22 1658 947600613
60 2418 600532593
37 1435 793123596
57 4185 811781302
45 947 175610095
21 1921 268983210
28 930 749011345
46 626 609675842
65 4313 549831047
63 2601 723363954
19 2686 195145255
32 475 444802031
63 2414 298784839
16 1894 953300528
43 4766 382970882
70 3845 260833133
21 319 246766143
1 1316 64221954
43 3717 213421138
37 195 590966129
44 1888 474004598
25 418 202453999
52 2084 941670976
34 1511 470617338
12 2853 196268002
5 841 763174307
48 1953 742931967
71 4590 253271761
36 878 995516120
6 5353 805888341
28 2521 766071064
23 2707 80392457
43 4589 235404723
66 11 401855586
48 5058 195513111
33 98 569051344
46 426 651704868
40 1429 52627867
38 3859 343172377
62 3375 3427388
63 75 942739325
32 5292 727843077
8 2088 933678499
42 3845 283478179
37 1270 321002317
4 5276 162870569
45 2765 764158194
41 3382 829750542
21 246 875440586
34 1580 317494945
28 2058 491301712
41 3376 450001935
32 1694 500649270
33 4558 846086259
64 5264 558007352
67 5375 613158691
12 5422 136803537
40 206 15971634
41 4711 86437031
39 3436 590661941
48 2444 834032735
56 1666 7533574
61 440 835046633
23 2068 684959651
5 3412 839385839
74 1203 880815696
9 3051 366038670
73 3318 498943289
42 4115 776951778
51 2793 546378062
72 504 89899426
52 1746 903848255
68 2050 655496716
25 501 876304844
48 755 501670053
49 1997 162548488
5 4774 471490984
42 2339 32265446
5 2847 39581371
46 5142 430403918
43 961 304886163
62 4805 818228685
17 437 822711644
63 2788 234393300
51 65 435362065
2 175 920823044
3 3127 490503454
14 3212 599426049
62 3597 679002079
35 1157 671287238
34 1440 263821028
56 4359 664524616
46 4252 333590402
64 1099 473648086
35 2803 400459498
2 2214 631953050
71 406 984568984
3 3609 735272988
38 3993 169853458
21 4317 507348776
48 3210 75843813
55 2570 256034054
9 3266 203321191
48 1093 904342525
14 4954 771297416
43 3227 962127491
9 5493 839393489
23 2801 223124689
31 2456 256891522
17 5413 493992838
57 5044 374530228
13 1241 138927738
70 1901 803412200
7 4714 358127978
28 998 757131734
67 1898 409009339
34 2342 449191181
16 212 562041611
19 1407 423000581
51 3342 995676362
35 2151 80822649
72 1393 452729427
50 5301 987362172
23 281 405073233
46 3767 280919260
69 3223 777114901
52 4759 5616758
55 5278 42395531
8 1812 966571674
25 5094 541629592
42 77 289862100
10 2275 774056161
72 3054 123563540
31 295 111992716
14 1051 825734241
74 518 832126193
27 546 624634772
51 4441 316871378
21 4273 779160810
44 1999 202595821
33 467 467967512
66 2059 935471311
10 3875 218611263
54 3447 425451670
42 3417 517282997
74 688 279787308
38 3098 202516265
20 4038 768805940
56 5063 218434573
56 2414 614006801
47 5150 183204080
73 2380 605730456
72 5383 187366578
64 2102 245770032
27 1278 835339469
45 5246 771099189
72 167 129421647
30 4829 278932115
70 5434 519015902
9 703 623778321
38 3325 835891146
8 3382 984996882
25 1228 402823302
14 4231 207350633
10 703 395456573
42 1365 35812570
45 231 284391984
65 962 802121936
70 3400 663002855
61 2607 173160943
74 356 232938966
23 5495 847870265
31 3388 567216534
28 5071 471507798
73 3638 525605102
17 908 485617848
20 5027 797518979
13 801 64144173
65 106 318370016
74 1593 800604218
5 3372 243606477
63 2971 824661052
49 1587 900489196
26 3622 484771733
2 1339 672897620
55 2862 476083650
31 2740 118733431
56 3498 220666698
27 2515 339492135
28 5459 349925775
37 2777 22132803
50 2556 676848950
29 1131 18150089
63 783 207012213
72 546 158171683
19 1897 176775551
44 1409 139201298
62 1161 584125969
14 112 882538374
63 5009 156380658
69 1551 152391397
52 4207 652592358
12 2012 834341234
11 3973 582767695
70 3026 778969788
26 4125 77685306
19 2004 144877256
15 1494 220184009
71 4984 257013361
25 4304 31351558
4 168 613444581
73 4233 722683855
8 5043 622364422
23 4281 988875116
15 4669 140681214
8 3522 584388312
74 2181 201462813
18 4102 85747367
67 3643 189286609
47 753 809322154
8 188 472104409
73 4214 184424326
72 1720 560951896
26 3202 612490039
67 724 944245247
13 1397 134848365
73 4088 516927792
60 2162 64139314
55 2033 787672341
61 1747 110135539
34 3670 972558927
4 5361 950143489
6 4274 273630082
36 4660 229386031
60 5189 667395284
4 107 596025227
12 2040 580642078
9 2424 893866073
1 2453 552034721
44 2264 728696469
40 3966 285358710
6 4478 523744326
12 3190 469657216
11 3359 328658415
73 5434 338663774
64 4748 800411756
5 438 45213674
23 1516 505033885
54 2466 361547875
24 3744 525566381
4 332 233122991
69 1089 767448421
32 2906 339028063
26 333 459063409
7 4053 988736029
40 3968 970178639
49 5158 320960873
2 2486 203728562
71 4249 535319495
24 3647 86146457
30 4878 20334866
58 1515 116423977
25 5076 148926180
47 5003 179131379
57 2142 86710081
33 906 85152809
69 29 66857219
2 4343 154682456
10 5055 814853489
32 3999 80506276
37 822 552097372
72 222 361074823
42 3781 710189988
32 507 30854366
71 4632 690063641
50 5464 449537371
1 501 738729301
8 1461 39831508
11 4212 945822404
40 1343 382205880
69 1090 896056553
43 199 318642608
69 156 30812750
27 5064 461532208
53 412 144293185
9 5325 160666740
6 699 728103334
5 3150 887446284
68 228 237984987
53 5340 990895777
68 3888 581802034
6 327 937962002
68 2306 213440480
29 3279 110669239
53 5330 321192644
66 1167 477831345
10 3078 241313554
49 1217 634570749
3 4161 633455120
43 2365 687824533
35 5415 906094468
29 1839 550434753
11 2740 144576914
69 3808 977441862
45 461 858790613
32 974 319913324
53 846 91753722
51 2077 274118242
69 561 20834177
63 1446 715234718
10 2661 372084588
20 3076 40278448
43 3823 552663140
31 3115 373802467
28 4063 545215728
15 3065 103727445
43 2017 54934442
36 1638 468751447
5 3289 355898285
4 4611 860813793
9 4229 549502506
54 4303 451771570
22 3361 114062613
53 2942 210453906
57 5143 54849361
52 3562 732528551
4 18 146637390
58 5071 155093485
52 1061 941082392
12 1723 377524008
31 315 654277356
17 2170 225159641
70 2604 584099575
74 2424 662321569
55 1171 453627780
12 3413 352618935
37 1316 14014689
34 973 301778162
20 760 43807546
43 1408 12109678
33 1565 447697001
26 5231 127145019
27 504 311298211
70 4900 113871654
71 2575 65855872
42 4276 264751815
60 5409 710706598
64 2936 715530030
45 4211 338658528
69 3626 997085261
9 4877 173945179
14 4619 472613032
20 2781 8104255
44 886 538566332
36 4097 138858204
10 2192 893796341
22 1927 75975379
72 4301 148985552
15 4211 611722758
9 2508 150210642
11 3896 752658502
47 837 425226866
48 49 609447452
51 2681 921837401
71 1708 833507786
19 4386 619869522
58 2766 886620459
70 3934 256869455
32 232 635975558
45 2323 739583182
54 3758 73228377
2 5011 437140822
32 1127 427958568
52 1542 26486032
50 3975 46177515
1 862 574745794
19 3732 246563623
55 3845 449286167
64 2842 279496181
31 926 852428062
46 3643 988103121
37 2307 210044110
40 5061 854972058
64 4512 768280366
14 2350 919903455
38 3284 808669321
33 2569 251085125
57 4595 622565786
20 1027 366740992
36 4318 281946182
52 4318 32348125
18 59 377764348
2 2564 780622729
43 1600 751986334
28 3297 963343003
63 4572 347794227
21 2632 904597291
23 3371 699577437
36 1833 268871017
55 2923 743293321
61 671 14229154
14 4117 387152980
32 3478 276106863
18 5125 692141367
25 1310 326872710
63 3516 86636717
30 4950 595653306
53 914 598634697
37 1011 103442854
41 3862 230231453
74 1181 390897616
38 5076 411041058
59 2467 354753968
59 3177 571729677
16 499 982866086
6 1568 213104326
34 2906 317117397
30 444 518861644
51 2207 746987602
8 2862 464250322
25 1269 775417944
29 1237 547273042
21 1096 28686977
15 1060 734128303
28 2970 46404147
33 3226 819482866
67 1840 654997554
20 3080 60297333
16 60 12088854
63 3931 962990936
51 4388 435985233
66 4107 218140223
35 4092 23877960
36 4222 287124461
45 183 422668260
41 255 491267279
55 2052 435935217
15 415 132430808
42 1308 866904586
7 551 591597741
18 4096 742809509
4 2896 924830676
70 5483 219871818
43 507 809031450
50 2773 229207106
9 1875 465908684
66 5230 622608935
18 2577 112888804
53 2998 229627802
46 1281 24053284
63 2028 631887269
56 3253 486945333
37 3769 719992523
67 345 758718480
60 3376 743254688
27 1329 339850000
37 2928 541488920
41 5268 717412409
2 4475 48420593
2 1371 767662640
29 1282 19591751
16 2647 537621097
62 602 77690534
26 578 716213832
12 3373 527199744
47 2110 738998417
39 5392 146848297
25 3175 905285327
28 2344 936775316
11 5474 686054830
67 4212 546330416
28 720 650866119
21 1267 956468915
63 853 202471574
35 245 224510161
52 1080 37296867
37 4325 975839852
59 5369 733728453
44 1912 643254023
24 59 347880847
58 2829 194109245
67 3790 667738149
6 467 678188454
4 970 528194565
66 2653 429839672
4 3736 777126035
37 846 90749101
29 3903 455613131
22 2574 313696212
26 5173 151727996
7 591 96786019
32 1467 142035737
59 5360 233137453
48 3361 330373383
5 1066 871095780
23 5252 57595305
22 4061 622038917
3 2142 701825410
20 3761 357619204
72 3206 883736440
4 114 297149639
58 26 966909286
10 1636 190580229
1 2005 345395783
22 933 279382287
20 2637 107338443
1 5295 977577899
2 313 873900488
11 191 60810586
47 3036 409783008
59 87 31533753
38 3661 119392902
2 1028 169096688
28 4120 453412465
73 1900 235545869
24 2987 115260862
74 2478 101910779
2 4898 556402997
11 887 711805760
11 4519 47065475
56 4157 518721001
67 751 573729771
22 5356 605897889
38 2539 722783932
58 5185 215912512
24 781 237260406
59 3117 411340875
59 1138 134224724
36 5200 982000433
11 1622 609196552
44 4754 541769275
73 5386 521475908
72 1716 600306338
13 5359 290038543
38 404 537303883
65 123 625460928
64 851 815616829
30 821 696379510
5 3390 207703522
16 3770 204670164
48 2693 511467322
74 2590 340351290
60 54 372813070
32 3756 505234922
17 5013 357005613
6 3990 308695506
33 982 111351591
58 1190 99896187
51 3838 614963258
15 2624 637541096
32 1828 577094311
53 724 344754764
55 4580 465581263
49 4095 534187950
57 1928 723775460
41 803 293327959
69 4747 888737741
73 62 55076055
1 515 841300329
70 3684 999213860
50 5389 779210902
27 3386 57995320
17 461 233049403
31 2453 761124473
22 4286 980404491
69 2396 159337209
25 2220 842066062
13 4302 635752183
43 3649 640159048
45 4402 47832840
12 3217 581733484
39 622 93582004
26 5232 137978038
19 4962 438334366
35 479 594514513
11 3545 5318215
61 552 666004388
64 4939 59325814
72 1163 903348010
34 1500 562509565
25 2475 876857276
2 176 193932434
55 2759 277498780
26 402 915751892
71 3697 245047642
16 3846 863546573
63 4971 807933707
13 3379 314254460
58 2707 789640100
52 2078 125142735
57 5202 445744243
28 5007 111312456
20 1706 128681945
12 4991 360481089
28 1851 243413607
60 4259 576051753
10 1156 701923662
61 4555 148122971
62 570 775285539
56 5469 987698257
59 905 329400469
16 172 503917414
19 3465 637690
17 2133 302167464
65 4431 499033322
51 5303 166997262
11 1664 27975750
58 1072 340235245
42 2490 483074818
43 254 285275904
20 3900 167005783
35 3553 56442761
50 4390 653433082
64 339 288655837
67 5432 41513322
57 3969 196410284
57 3376 614405155
55 3483 941423497
6 3341 912620502
66 2653 512230804
11 1025 799243640
11 1989 175410
27 2288 382805686
14 1278 166764863
19 2491 942580707
60 4463 120851267
69 3678 56500255
8 319 525543722
26 2189 312106312
62 4843 882459362
36 3633 828242624
66 4807 188137878
24 4195 161753480
41 2259 8749228
50 1564 708262891
20 4933 927949149
15 4587 969085451
12 3001 242228902
68 3794 126183269
63 3538 836305855
17 3217 394713146
4 655 727690909
30 3207 358433898
13 2301 233609481
7 4505 276261818
45 1948 382649606
23 1802 204746469
55 4942 782046079
16 55 695497761
42 3388 139572504
16 1840 612599433
27 2039 412254131
34 855 140363811
55 4717 501911614
57 712 316287660
71 1905 595278556
16 3612 4610585
44 4178 253639413
38 3045 697592021
5 1830 293448904
19 4864 280228826
33 3697 244691958
35 3800 553714452
59 4497 82717324
7 213 913586233
53 2953 397013471
32 3573 776998478
10 2499 331082547
10 1285 240284631
64 515 861856350
72 1217 622435001
67 879 732283629
64 2604 614768633
2 574 111700311
18 3016 861656754
64 1734 293465390
38 2736 696448156
20 4807 104826513
73 4714 96276414
49 3007 410250120
5 188 846854108
33 3373 161294433
40 3142 802733909
17 1266 543016899
37 3140 672940105
72 4329 575012500
70 3150 341947912
13 2019 96765175
65 15 992656129
32 2220 763586322
41 4218 429564252
55 817 700062090
15 4905 869624753
43 5360 501962073
17 4033 680219978
47 3705 951354229
4 5370 689031023
51 2140 454363003
18 3908 673441397
52 2778 648644251
2 99 271693037
19 3391 384580850
4 5178 216006538
33 3121 399794897
49 1499 976858609
19 5302 643451440
50 3230 305437516
42 621 221056671
20 3602 249035396
69 4520 958616658
72 646 865862263
21 4615 775871710
7 2327 12412934
44 1547 522294770
20 4013 957515794
27 720 363713506
18 3475 819513275
51 2927 229862946
55 3236 926127427
47 5030 491564617
68 3233 287232286
30 3374 132458380
38 392 369116548
65 1325 857357101
42 4854 262627438
34 2009 639584478
51 4639 160486042
70 4225 710124177
25 2067 147858355
12 4423 298325675
39 2183 630390713
39 1679 131783537
59 187 361329048
60 3763 676553108
51 3489 704945959
26 3858 37277646
46 5007 692686228
52 4240 745023798
8 4533 413413985
17 4529 751534767
9 4045 610312905
27 4860 860494150
23 536 114743741
7 3584 234298175
7 3286 103114521
59 2737 925261800
37 1045 999546728
46 3460 339039277
4 2466 396518642
60 5417 679006755
8 1247 324781989
29 460 427159297
16 2348 974753070
29 1608 399767098
45 3136 67207896
29 2940 67610767
54 999 160437177
12 4571 386041489
29 2365 957784128
29 3797 58122107
37 4484 962963683
65 1534 761622709
57 2740 247757036
34 1312 367693631
69 2400 680221763
55 2292 801418779
22 3416 922111295
37 3555 511434038
44 5162 400400590
45 2357 20451333
22 726 92240325
64 875 155734141
65 2538 549714436
32 306 285310641
34 5174 841886609
7 3102 522984454
21 5107 601107434
65 2978 452596579
60 2999 218290875
71 1154 997600681
11 3109 654117736
36 3327 477041146
58 4736 308560313
53 1324 209024970
41 109 812696082
12 5387 761720049
67 131 189816620
44 3528 72437553
66 2240 939565281
43 1254 375029322
28 5091 140009298
43 4355 74185336
20 4307 849452856
15 4154 91141874
5 269 203715878
41 5463 553295732
21 4732 94061867
3 4037 636148583
5 5444 404841483
69 3945 202487059
23 3533 235899834
66 938 22472880
16 1246 273938936
32 209 805077309
29 1186 69593907
45 1479 15780005
36 5474 197251697
53 4036 818295811
8 736 83165228
71 3248 998543322
20 5436 427123700
29 2270 39886214
6 3407 91587291
9 1238 166219779
73 3518 949084055
51 4924 575800747
34 5309 110007015
39 964 470497966
1 4 292283422
56 1416 125060085
34 1450 511814174
18 4320 973884868
28 3754 828389857
6 3825 11216805
60 4284 992271571
12 4552 576239861
52 1356 530844533
68 5047 485054812
47 3976 879080157
55 1919 952700127
12 810 899448730
73 1718 460103530
25 4674 242598405
67 1375 717497182
23 4442 65938053
31 377 45146823
34 5151 409141910
8 2861 591481061
30 2137 178418121
60 5356 483720260
36 3205 654905806
23 5419 675381323
16 4976 635252943
42 508 588015105
42 5201 844669273
47 2593 677072695
70 5057 398064249
7 5141 11537513
68 320 274568459
74 696 408047854
63 5396 513420504
33 5331 16548511
36 44 61643658
46 871 366891594
71 1743 262399992
40 2075 436601541
49 4198 657237528
54 3602 536311879
43 5194 505294153
15 5216 469224517
54 682 75828210
24 4770 320453891
45 2667 393747001
48 1948 371167968
44 3777 477912170
47 2002 405703943
25 4880 103501625
57 4310 189978686
5 2647 656209517
36 245 932343839
21 1218 752500228
23 4480 826168952
67 3639 952384378
73 647 314725663
72 3372 537700475
14 4185 778043790
66 5229 848302088
1 2402 676427106
45 3341 799237591
20 1954 487416933
37 2420 318625867
60 71 281883540
61 4780 96511265
39 5102 911229721
73 3389 746757028
55 2141 144132979
68 4165 97354186
23 1539 99015838
12 2298 819223684
34 2011 155776166
10 4305 695559753
16 457 511106838
16 4951 25578090
55 1498 257664882
23 530 52335474
19 3557 829750147
55 5133 812234576
39 3171 231431489
59 2700 478420527
24 2455 768729631
44 4284 250682021
4 2654 408573617
31 1511 143245760
15 1053 282382336
40 2182 287547731
54 3739 638130036
13 4673 430526244
1 774 789151627
68 3251 955044107
12 4339 313530108
46 3554 69239034
24 2704 971711952
42 1569 827760639
65 3827 489663328
37 4072 318252191
40 4144 893391106
47 1443 896445758
5 3017 832964487
54 2986 171075090
70 4257 760867261
73 1587 969753360
42 5313 572629392
5 3811 909230371
24 987 542104131
56 109 966230653
5 2010 913577775
6 2257 150573755
31 1617 160816539
40 2738 380952406
15 5201 116388018
61 904 466325949
62 522 171893951
7 2896 363017783
28 2592 343180841
8 4183 578737327
55 4705 510461734
47 5334 293991754
25 4190 381720767
13 135 688069535
8 4294 468257732
6 4906 266508005
30 5418 42645479
30 3986 158673267
65 856 479239861
24 1849 628796957
11 2075 514904873
47 4386 574408497
58 4043 862247811
52 2296 114878345
59 1674 608748537
52 2703 229300052
37 2037 296642906
29 3492 837458607
25 2092 80159175
24 2786 523165997
42 4244 359486171
14 700 173060924
52 4963 826280138
74 3802 549579538
6 2734 783925509
56 2642 842653718
11 2141 809535527
25 3385 665121554
72 3496 456328474
43 3706 773075624
12 3464 623646250
58 2825 971270715
38 5050 318397183
32 418 111321385
23 5001 989237873
46 1164 360709676
4 4362 457677352
25 4591 15777502
44 3665 853441080
12 4897 832487771
73 4358 96442075
51 4887 73590277
39 2819 953329074
68 2488 216095749
14 4246 8215007
15 1911 272327163
37 2170 722742428
58 3620 590871543
5 5047 815798775
6 2040 164148563
58 3583 519084606
57 2699 501231815
19 2948 503256427
72 3205 905064190
55 1145 180228963
51 751 913450108
22 4173 225126496
34 739 409989838
74 4420 974019176
14 377 650879564
74 4853 75044923
33 4483 147549525
64 455 677144793
57 1868 158706963
48 3078 673315409
13 2607 948497508
67 5025 809875751
6 2022 174630093
36 3746 122188983
55 4294 609305768
65 2372 854612571
35 2585 667549220
10 3690 449565132
1 2671 52296112
21 1707 829679737
14 5053 967749386
59 1267 421403073
3 2548 504564728
50 1821 452872754
46 103 273461942
37 4880 533041758
21 5408 919364099
66 973 716142865
56 4711 446288434
28 1208 84139119
49 2594 239999568
56 3944 212253548
52 5336 241673326
17 5451 758671694
25 898 291024976
61 4630 43868317
1 2772 125754667
72 281 997098718
2 2457 482905947
48 1123 978447524
42 1528 763623035
44 2160 462286465
42 3907 416253083
22 5254 81347467
12 3531 745974530
15 695 170656814
22 3061 493655416
57 1751 451044869
67 1920 965055005
59 201 736262488
12 2563 964743563
51 4133 648071317
59 5479 113955290
49 4864 268579457
47 2446 60166656
49 1208 337079725
60 5064 423407056
28 1270 449638697
22 4471 267269795
71 4802 991212071
47 3123 561304909
11 4572 26430715
4 3171 392832813
41 3786 173552593
54 4075 412266612
72 1544 242706873
47 4033 580500027
9 986 452333995
8 2474 57733477
46 630 586675398
24 2132 48601943
16 3245 549355676
2 4780 804511339
66 4724 623359749
36 1775 87734803
70 345 858542338
14 3036 232212382
28 3047 253014922
47 4108 9571021
50 2888 351035139
33 1803 717913480
61 557 726813936
24 3765 27270471
56 336 605853619
22 2953 993441185
22 4078 914129498
7 1323 246697865
63 2527 790824122
9 3874 82510451
21 2609 152485448
14 2871 978908186
18 2276 433915784
50 1329 590031782
29 3473 330861827
18 4374 183753350
8 211 872820469
12 2698 65443546
3 3666 282896664
29 2492 344504908
15 628 95251937
39 817 837793112
64 4043 572823438
74 853 571045393
18 5216 454698964
59 4558 106655360
40 3751 853440453
43 142 937185293
45 4217 33291500
59 3704 521627977
18 3822 81892071
50 5147 446342893
39 162 662347993
48 3865 228899023
22 3814 154770766
40 1979 547328933
54 2845 434405798
16 1636 526859631
8 3961 86413581
50 405 361839958
45 1939 386122595
4 3990 806027628
30 1982 137110938
1 1090 310590237
1 5354 619927361
45 707 409221120
44 4434 466135884
6 140 256850662
46 2277 561395381
54 1487 878815285
22 1896 959016014
60 5482 3560183
33 97 451311912
44 2631 522379182
16 3034 372482157
56 1457 212127382
72 3448 766478804
1 5065 626218457
52 2208 434814901
54 770 809904720
59 884 691559370
19 5474 153831383
35 5440 361871649
66 3139 4627832
62 4292 861736685
56 5138 625055834
60 453 512473712
5 604 678897607
26 663 649469614
21 703 807430226
4 656 185325578
27 4389 45449797
61 868 857106468
28 484 168040423
14 4157 597923934
10 1554 731925558
42 15 257059698
57 4830 109805086
12 5471 385990124
41 5464 576015007
37 4611 765271776
17 4193 810914602
50 1909 635011727
3 528 213757865
21 209 433104021
60 5061 623356909
40 4169 781606558
5 4085 621911292
61 3221 788328767
62 5034 31495372
9 2934 180823699
58 1899 873368233
5 2330 174301471
18 4343 323124948
39 4395 452626022
7 452 291584598
52 1067 298389698
32 2713 74393325
29 4789 370479658
47 2692 194001836
7 3224 727063468
66 2957 142634282
56 1428 250913587
52 5110 282874157
55 780 207729577
68 1872 758662764
15 3665 987731957
14 3828 808639634
49 4727 356363855
67 2452 183336885
71 651 827746529
46 5127 485251657
4 2484 346191383
52 1001 279443277
11 365 490928007
33 3716 357860652
18 1509 25449673
73 278 675267872
22 2053 211129304
72 1434 933823934
17 5306 276199850
66 2324 449476693
8 2654 246214011
47 4460 250664732
30 925 573759908
28 840 170668348
23 5159 887493863
13 1353 816422181
58 1576 765356315
55 2064 727447987
9 1595 205645286
53 782 7556634
54 1579 844581571
65 2609 309930017
56 4818 786626317
29 5117 721012660
20 1218 249888552
36 1161 701516236
26 2573 228645689
42 1673 381886000
33 5484 811706358
5 2390 931200283
8 39 977373405
14 4927 158392719
2 3273 365996118
49 3741 924720123
14 5152 360113554
69 303 348781394
4 4122 654946059
4 2625 229564255
12 567 274021916
63 2522 427190453
64 304 11752496
64 411 290759142
55 4401 401249484
51 1685 354012823
41 1084 854586041
63 1292 130770230
37 1108 786724859
7 2827 516827507
27 4096 912420064
44 5014 630069357
39 3515 921574122
33 1260 489023107
58 504 639616410
25 714 918811830
43 1129 407015153
44 2564 54599057
48 4289 260638081
67 1357 693727758
54 2488 773101800
73 4246 933492762
9 2145 473290074
50 4606 864489554
24 5310 124997114
44 3132 639560891
17 2220 897655489
62 1786 765062146
49 4422 391166339
30 884 148103300
57 610 53173935
72 3367 861253318
30 3267 711231932
6 2945 930470886
33 177 290359298
66 349 166824800
47 1121 374992459
67 281 981079347
34 3649 588735759
4 95 869422466
66 3585 317312342
58 2347 134860554
27 1209 309465702
14 4040 795504853
46 4075 987779820
23 1782 719649773
46 1286 135092951
19 3462 186525771
27 3416 965001835
74 855 29982332
69 1461 266762980
73 407 21418594
35 1934 235491057
8 3483 702024943
51 2361 70057302
27 4967 33301255
65 5270 333394558
73 421 607799508
20 4512 576570561
23 4592 674201413
64 3512 597380404
40 1303 509301941
49 5222 207567672
12 2631 604758520
26 3783 452626374
48 1631 818296302
62 4999 470006597
23 212 240989276
37 4927 122293047
2 4988 4070353
4 5377 221362375
3 324 487687896
2 3664 355492308
50 3153 161112286
59 1502 197029487
58 3948 574932460
26 1382 882342513
33 4554 185401041
55 2852 753826959
9 4839 61615393
32 3302 830101426
50 392 177099641
8 3367 590532045
6 731 289477099
50 598 953652316
46 3542 52068247
23 227 507291071
41 5406 689922027
22 3640 756809465
27 3764 456982294
31 1085 155302032
28 3569 507947726
35 1547 20207581
47 4993 174082845
39 5438 333794554
42 4364 117972855
11 2427 686208073
41 3937 752641566
8 73 807513219
14 235 306898475
10 2202 432671076
71 4766 141850926
2 1731 554705256
68 2609 234501238
18 1614 550279998
41 757 245689693
71 2223 322338038
16 3169 44247736
37 1634 917266406
48 4001 277368620
17 4981 794856095
34 1544 664673358
26 2309 246732236
48 750 237519821
16 352 747392564
33 1767 48141272
64 1569 911961639
15 4478 517880026
42 850 282239955
2 3679 483280120
51 4694 202719197
73 5252 209238251
29 4027 683532767
49 2724 512006511
66 882 432893990
16 2260 92682001
74 5212 628736219
20 786 109976979
38 3198 658960758
3 591 183695617
70 3968 807206231
28 4983 349001944
63 2237 150167170
9 3103 597481520
32 4325 364300785
64 1915 181090149
22 174 827403931
18 1767 107375971
5 2240 27474173
18 4551 975791232
59 2039 994096895
62 5482 750629219
25 2895 299950963
55 1359 587348626
9 950 448669673
58 2596 125234203
27 5083 138730671
69 4705 721233317
7 1322 968625731
33 3992 835665847
37 1222 91803739
64 4721 278473089
18 5019 277645286
21 891 722801928
6 3996 882717476
35 4238 610847873
68 2560 304436634
40 3304 545200744
17 3936 53736952
26 4353 980473977
2 5229 878878923
20 4444 545628285
67 4873 503472735
46 5480 947978074
4 1334 438513599
2 784 390589941
69 5169 186535553
70 1365 686360984
59 574 586085595
42 3979 638320447
55 4785 613732504
68 1691 797591610
5 1470 97018244
14 3105 147374042
57 1858 148313167
38 649 830982974
41 617 578008287
37 1891 736638371
72 4514 241771764
31 2620 341259614
55 3479 592368777
45 1054 257920863
71 4104 849305740
73 5035 744559331
55 3216 377789311
40 133 529341512
5 1193 386614404
74 3228 391964128
60 2153 111829756
28 3413 52375423
17 2944 891131436
34 1147 279312580
66 4669 161970669
32 219 223437061
19 4314 164017135
4 4723 524710175
17 3188 290194412
73 2184 489685871
56 4873 375111109
21 5286 575991642
34 2947 97320966
32 1759 738258043
6 3650 731785578
64 4908 530485763
69 1857 98695940
25 459 988405644
6 4231 770497363
72 1342 860444358
74 3648 508306065
27 436 305317060
46 100 814777634
3 2672 46816829
45 4044 759074831
50 1562 356883556
48 44 145111991
5 978 135538775
52 1396 400911049
51 5188 618079838
74 1304 631445674
31 1674 41340891
41 5176 533615054
35 4 302028594
62 2818 498923316
27 1309 20702133
38 2908 186120503
13 4146 874156668
11 3468 206154367
22 2654 120697250
28 309 269357786
72 5034 106690519
6 1655 199514285
9 1566 988973488
59 37 954148484
13 1183 9807657
49 5299 192088637
18 1904 657883259
35 4374 670489229
55 1128 817586356
37 2517 698213456
64 4849 596857971
12 2912 201155149
57 713 816347798
15 4809 973955077
63 3421 374613125
44 1921 666446316
1 4999 77241013
19 3296 334152354
56 4012 192498450
61 678 813893016
5 1514 346514273
74 4911 202943352
2 3623 910160797
5 1057 563194310
10 992 963813988
73 4803 692637029
60 3475 561306327
57 4621 233947164
34 4915 137474249
4 352 283988022
40 810 691970609
13 4606 485524000
69 4585 389571831
45 5148 396911645
51 4078 167719440
20 4470 863788242
6 4700 865981426
3 2717 798398793
59 310 337490266
48 4515 68646944
3 3222 933652622
68 4938 293737726
6 3776 514582023
55 3567 589023887
72 1353 710817738
1 2207 609975839
29 1098 338671582
59 942 301738400
17 2886 567700871
3 2204 163916602
24 3301 376131271
37 1719 99632180
68 3379 148679983
55 3870 775676995
5 59 447973708
28 931 975862438
37 1953 689052113
2 361 210132033
54 4400 940119151
33 3114 232876342
27 4315 270182810
57 3072 9314547
57 2692 151792517
22 2221 257767809
69 4788 181853773
46 1355 888054382
38 4253 604859610
41 1782 233861494
10 5098 238943003
60 4625 186845453
50 2415 310386767
18 2677 991044145
21 2215 868804337
69 124 255141099
62 5345 283169808
65 3041 185427941
16 1160 359818856
66 2049 978280745
38 2708 905777515
33 778 39605805
52 4186 318892358
49 1003 265819434
7 4413 111773241
38 3452 791403234
59 4649 196687255
56 5036 162261581
45 408 547249176
35 2706 172387748
7 1089 949961357
13 2823 627658842
22 2330 133956713
5 2624 28108035
5 1968 593029572
12 4996 289436317
13 4590 704458762
16 5199 956330946
11 15 687728924
27 2917 738919798
17 1485 42455880
21 3733 394393937
28 3000 20233178
13 3290 865863325
6 2730 972060880
26 86 648428407
17 2000 279098908
19 1563 31474706
64 2259 874143846
47 1155 599137240
56 4255 960325844
20 431 396982449
74 3782 814527103
13 869 431055844
31 2125 313485582
5 3069 3825059
13 4242 777749470
58 1741 292958571
34 3076 606809841
19 5293 832072581
34 2049 308690868
23 1555 767285810
55 2692 704234483
35 2224 933471024
67 992 384732330
9 4354 388186426
67 4504 148645454
36 4730 692674298
32 283 281543417
62 317 210138380
47 2420 703971483
39 1994 492340866
44 4437 755143938
60 3276 231286431
2 4429 564811384
47 3353 742001431
36 425 400117065
34 4614 581349008
34 1999 139807062
46 5350 518688486
5 1567 844146167
70 4909 369268772
55 4664 123942393
25 407 596211843
62 4521 430069266
32 4301 618566965
9 3902 415671875
20 5012 781919297
18 988 210632233
47 2125 30043478
47 5014 612140760
40 2291 686391501
55 5343 165787892
69 1468 824618484
65 1216 950975818
66 4552 14078832
3 3085 82500549
7 1831 198928656
71 1732 45992323
42 4994 573881294
40 3921 702366853
61 4411 556325888
43 4457 629940439
69 2403 430085183
17 3635 42546776
8 19 553552656
55 1423 705635681
32 4360 939201466
66 2232 857422519
63 237 681780562
12 602 865953002
39 2132 71135214
53 1452 107531476
39 404 816191042
23 4049 531666536
58 481 813089590
64 2451 314496474
2 2909 139899919
23 2985 436278099
6 4652 292116562
1 4393 116071911
13 3713 658069681
27 4329 646973594
70 3132 875467105
24 389 656837474
67 3175 487118870
63 455 514159815
25 778 972784706
30 3517 453643317
21 27 22911968
65 2740 242897950
3 2317 532480379
22 1753 470839307
13 5254 948972256
1 2203 653650843
4 972 971576093
54 2890 376133303
64 237 716437518
42 2726 887532383
48 676 950409267
21 156 897303944
51 2181 499518817
8 1975 528481166
16 790 846509576
50 2896 425995152
55 549 278744182
8 3613 958380124
30 3441 904909186
67 1768 260783231
6 755 158014375
7 1839 76625124
50 5302 355750925
27 4703 73710762
58 3134 917491179
47 3529 617051626
59 1023 751413154
18 4739 362360001
56 3042 630774422
63 1719 473420959
36 2784 777588510
40 296 941580884
38 497 824365357
37 5315 712529721
39 270 583158323
23 4884 536142468
23 1824 915860937
35 4918 200428342
4 4924 112578565
67 547 226529785
6 4390 233735572
7 265 511522257
68 3999 878239008
33 4361 206794769
10 5170 390756261
24 307 483385566
5 2531 20311473
58 3947 49229295
27 5220 22963408
67 3806 639831158
43 2714 93292854
41 1161 63168048
53 5113 329158960
26 3598 310339118
6 1641 485607741
57 2556 32219686
50 2576 515138872
23 5114 232972840
25 886 855276284
51 2992 903392380
3 5062 705098190
58 3742 713461666
54 149 616867604
30 2133 674624457
32 2989 483297987
12 4231 300540572
68 2186 564736339
2 74 37469690
59 984 158772522
60 5500 930901153
64 58 576199184
45 2259 465849836
57 3888 252879677
61 2277 867252817
35 3745 65252926
29 1228 515103263
68 2948 389507293
26 2285 677850956
58 1123 712357371
17 3490 437442084
68 2088 504281934
58 924 640735829
43 615 54544721
39 956 872366506
43 2075 421130843
6 4667 927916810
56 3684 528457991
42 181 334026892
31 3834 199045025
13 2489 895731550
65 4755 83645277
18 3628 230960073
4 491 267605358
10 3463 345619308
71 4567 836917802
67 2295 750776992
8 5053 61280424
27 2381 578087369
1 4787 176111055
56 3682 10862294
1 2263 180057809
64 916 44504071
58 1496 919329813
69 4525 795921376
23 5408 831272771
4 887 21041068
67 4653 505147685
51 3840 826662311
56 4947 24836950
28 3582 750922388
22 528 728835556
23 2060 106296796
48 3324 958429680
25 2036 323320633
11 2219 159041903
41 2002 356673142
3 1393 675234489
19 3885 46653976
34 231 352492851
48 4120 561182404
10 2133 306067901
1 2937 692376694
62 3392 29411125
16 4827 513408080
38 5191 744540329
30 5164 431503711
47 2878 403227375
8 4119 388615466
26 4697 20459124
11 4259 933482063
15 1180 644463469
6 986 536292942
70 447 131624132
62 3945 707709832
73 354 282525356
59 3399 377448644
48 4122 405097704
22 2375 166723700
7 2587 860894892
58 3579 559920809
65 2307 353939151
28 2117 390926601
52 107 986679957
34 163 967695918
55 1034 262888309
33 4552 915051684
73 440 234975897
38 4134 341421368
33 1493 109622546
69 3358 142367546
44 2438 304039141
68 604 358388164
56 3666 964128329
37 308 930338777
63 4880 182323836
33 1465 5276445
46 628 850862292
26 2977 900490953
35 2515 37976551
67 423 88554523
51 3063 694433893
46 2465 810208180
30 3845 276348145
46 1120 461184462
30 2656 445000235
69 1791 75187746
56 737 611151207
21 4761 784589710
14 4386 37779440
68 4793 221175141
53 265 553642038
67 5257 364948308
21 2096 488630632
12 1990 631310786
59 2598 30711394
24 1935 744833150
47 2721 29993674
38 252 311989637
69 2339 404938939
3 13 625851500
36 1036 111469581
31 4723 252105839
3 1743 708366303
51 2622 117284339
72 272 953401816
69 833 88478391
52 698 239011669
52 5427 489636206
19 19 626986627
1 1477 732810520
21 2219 30736649
50 4549 322632327
36 3687 283929639
72 1759 260315775
28 4364 216935356
54 1588 227711689
58 3214 26737303
32 2596 452289293
54 105 74420660
66 1501 709984965
26 5259 780593690
73 3427 333433952
31 4348 333058820
44 5212 744681572
58 3766 231401573
19 95 643789565
70 1158 172000844
71 747 759231780
14 3565 743371367
34 390 733918046
7 4325 591035387
18 1924 264903928
32 3684 551704533
65 4338 657034582
21 4559 233601990
27 3427 323402722
34 1384 17844514
45 3187 88430893
5 4365 236983816
67 4105 146840688
8 2577 227422445
56 2411 65023970
20 3993 631162410
32 4474 111443698
55 3715 580407207
69 1770 649933684
49 3072 185959057
30 1291 113115529
49 1340 370664182
3 554 399629162
31 1513 654249973
13 1991 405942566
68 1829 133957706
55 3754 169398176
1 2897 346975463
66 4782 340488245
25 602 584074026
36 4183 784694344
5 1747 489279309
17 5392 124074985
73 2268 614057378
17 4984 724329222
19 2392 307276744
63 2371 357317720
28 5482 31924754
57 3550 192440399
22 3699 130196901
33 1137 607291970
4 2530 645469515
48 4277 619906577
59 2940 377891511
9 618 269016184
11 811 640503992
24 75 236607918
40 2720 195737249
70 4913 554497622
10 4179 306698522
58 1884 233859633
56 1256 50815673
44 5423 550444642
21 5132 27126217
19 2295 533238551
26 4240 223402396
17 3733 329380957
36 2962 110874278
58 2394 214286987
73 5166 16600630
27 3966 17711040
1 4674 986827578
54 1092 717670192
66 4487 164392600
52 1039 708245938
25 3356 702703434
12 4100 204698891
63 2363 630249554
60 4882 981556891
53 3427 323458534
38 3585 691479450
34 3315 57943102
63 4278 678836882
35 4075 747607947
43 1871 854103063
64 3025 338323249
68 4453 52571971
29 3548 835029173
5 4597 682870760
7 2523 624024545
48 4386 545980609
49 1822 777492090
39 848 944615230
62 5271 275073387
60 1978 679558515
73 1639 953724027
38 3208 665760096
32 2972 869361611
38 3948 809342045
45 432 675694130
62 5371 297868019
37 517 102769635
29 3379 602710803
63 2763 489445477
2 3663 232230213
20 1535 962882161
24 4213 869079924
20 1490 778543302
30 2368 426190715
1 4681 519267100
43 2258 651878485
29 1704 765114687
52 1513 346336600
38 52 296708996
31 2198 905060270
67 4470 364255962
56 2955 672173082
52 5393 468021571
62 3371 866075199
40 4804 67353681
64 1026 190354627
51 2534 594513823
35 4381 185931885
3 3838 582301035
6 137 777032331
49 3394 213249087
38 3065 952209588
8 3280 457048769
37 2441 535662046
32 5427 455894069
27 324 937674316
37 366 929082349
52 4176 431365795
25 1136 10286324
45 5145 72467456
35 500 346868151
1 1444 193908367
12 4208 973442186
27 4202 893198134
42 5260 87697991
64 339 246036135
20 258 47832575
36 4029 630775116
28 1793 353310511
24 4505 306046236
61 823 742526340
8 342 238671396
54 2945 38149732
43 4775 391605497
8 1851 486803761
34 1817 718105904
73 5186 834085505
8 2647 177276974
25 2715 342786822
42 4681 195935587
37 3590 181579547
56 5008 175075891
60 1365 150302486
51 4647 118449981
16 2719 724644420
72 2840 654378325
60 5454 192052190
6 1752 993313466
19 1968 478037335
6 4527 168058505
4 2807 558816282
62 692 530389657
15 3595 514319981
4 2229 453679266
55 2027 316688033
25 2761 23831697
51 4273 626835365
66 4430 162162420
27 936 636677792
38 2704 627696226
53 4813 765459350
40 1146 130658184
8 3585 773609760
17 3361 84535391
11 4549 111180064
56 4191 362361618
74 744 756750217
32 2012 475824905
66 3462 534431610
13 4663 679654335
58 2164 57476501
60 2047 738844280
27 4295 829879631
39 2299 127183644
4 5321 83977762
68 2950 867881834
55 1864 512134713
55 739 875221461
6 1679 391897
43 272 637979903
23 3448 372165021
18 5278 174041061
24 5043 882426479
15 3420 122033997
48 642 660509256
14 4858 953288029
5 1647 760984545
58 359 16792058
63 2997 870303227
9 904 377870931
53 2275 902199753
21 1165 759948755
69 5243 705685236
30 568 687691040
11 1482 179473803
2 2811 417959071
46 1850 627314185
42 4916 780628399
66 4960 305394005
64 3119 909576019
67 604 818783460
52 1799 411021610
39 4441 217021604
71 30 225764804
51 2804 438763161
50 4326 538639214
6 486 549271386
31 4579 409745292
19 1380 567397602
22 4772 683061646
38 4638 15526571
43 2515 49293797
40 711 478286994
58 5020 715165348
65 607 797517523
45 304 201722765
3 3611 811721477
57 3921 939289546
38 1633 437988832
65 1069 518343830
6 3293 666077998
42 5068 238666105
45 3937 110949667
3 1710 70198828
61 5160 79102934
42 4728 504263588
41 1084 473865383
60 2919 97663329
71 885 693229065
17 3860 515094343
31 1431 648549864
54 4810 698800151
70 3023 406752685
36 3350 417003266
72 2821 560375140
67 963 136433269
33 534 341004229
43 3983 253472281
5 2004 279843954
30 5346 22444073
51 722 321249737
61 300 736423764
22 1529 902968907
13 4087 74459571
42 1392 107957512
17 595 656705344
9 483 54500377
9 3369 788375247
21 1692 918966258
7 883 748259885
17 3548 372228195
63 2249 222647137
39 4549 833402311
37 4467 981532042
9 173 540253736
49 1388 200317989
47 3573 154040725
8 5293 670855843
13 3214 956611081
17 666 975110441
2 2319 443183130
69 3418 438618122
47 5391 932290445
71 5266 644730685
67 319 443156758
49 2018 3567301
16 4674 180555959
59 1558 43042143
64 1262 162213926
41 3466 133070595
21 4105 884657197
12 1645 636665490
50 3958 781198137
54 1249 871703555
54 2135 360245333
28 1040 433176865
17 1628 610369647
65 1511 920694372
27 1551 716687053
37 4971 730567342
45 1175 301786785
54 4986 368452717
67 4575 131079025
18 4519 296594942
49 4511 477163740
41 1665 441024872
47 2334 847585632
63 1425 458772557
39 2291 59909977
38 1638 97166380
47 38 949893784
32 945 139239647
4 5250 282206967
42 3591 549195819
11 2782 913149789
44 5050 644609967
57 4326 295734095
66 46 501358473
29 321 56471918
12 5258 50480488
66 2082 182443012
46 994 903664400
20 524 932458522
59 81 64922593
49 2812 895942549
38 2426 556989578
29 4550 820126510
13 3044 851985818
13 4470 72376645
36 871 543631813
17 2847 823383509
30 2403 155216577
35 4749 4812054
34 3135 265413576
35 3028 412654219
33 4705 196593506
39 3087 886464492
6 3016 179957207
36 3919 674357201
55 3335 937180166
14 3112 607641787
6 197 907255090
43 1507 140454798
25 3952 853355798
9 4569 217983392
3 2877 994139647
65 2108 991910286
10 178 693682970
1 373 832489304
44 3770 384999720
6 1931 687690731
51 1515 124070239
9 517 460287136
31 1063 889923059
51 2232 277881865
51 1393 248264181
29 1128 808985987
43 2582 546167560
60 3677 850554932
65 280 122937354
47 184 857033233
55 1764 124026975
62 143 677408965
50 1235 902425051
57 204 954192182
70 38 93043021
9 3025 773075873
71 1063 721275482
38 3584 269853961
43 2845 614409277
46 1004 112353963
14 2334 141799741
22 2741 816279574
55 3286 908870733
33 4794 42284620
42 2157 948329885
15 4253 661183236
45 4632 383948538
54 5025 942466884
7 21 127099518
59 4501 143760625
48 4630 996438709
13 2153 827711415
74 4064 944601657
21 2392 792740928
37 590 489167645
64 4376 890602568
19 5295 135019911
19 5256 102373850
34 4123 821850817
45 2982 665711392
4 4416 136782917
42 4258 133189310
28 901 379310417
51 1920 382945165
53 4033 409071523
23 5379 513474308
69 310 31551980
7 1562 980990250
58 4090 537458106
5 1843 271408791
7 2705 653118114
61 1364 683040073
45 168 746437588
69 4948 655479882
28 1270 655920460
43 2304 942089358
27 4879 323114395
33 4492 11838262
5 919 294920289
29 5483 662165296
36 5352 581615390
17 2444 7855326
62 514 927547863
12 4437 50561041
22 3437 153537858
17 3821 734455260
55 1872 508563794
61 1650 115905526
21 1366 425701043
29 54 318628039
59 1344 664821844
26 486 150082943
73 303 952093350
7 841 156376960
51 5073 23668890
61 9 120124067
27 1437 146241864
48 3394 701658293
11 3110 417428817
22 56 40693081
18 1931 878971728
8 2099 761605113
36 807 343513021
61 1207 227717569
52 1653 241008902
16 4983 538965914
21 4207 241232590
51 4539 663769592
32 186 788832435
51 237 879882267
8 2224 935310055
3 4756 484021694
32 257 53646810
38 2298 993501551
54 5030 750142721
62 3884 598441397
12 3255 573473191
43 1638 913096968
71 2508 827126490
28 4451 7170958
63 4862 766494963
37 3606 779066772
17 4276 304569284
49 1882 390909271
25 768 665791628
66 1061 133945655
58 4327 35739650
2 3823 702542207
28 4465 916917015
54 532 481079497
72 1752 888677437
72 1259 754475146
22 4399 656624093
4 5019 44259921
6 5299 51977851
2 1320 473945744
71 4488 832372818
36 1693 991279544
14 359 50538728
20 2441 9710278
1 1503 974601319
46 2668 760920947
67 1800 126108520
36 1171 387174578
71 1460 71261671
39 800 906950698
28 1012 93719393
46 2607 560099243
48 3255 114477634
30 487 485266214
69 3623 877355226
19 2900 551303725
16 2237 437120029
11 349 186219843
24 3530 91295077
56 3517 498292760
38 384 959149882
8 3663 70511896
57 4824 245304810
64 2609 793240479
63 4921 181356794
35 287 696647752
2 4281 101228397
33 2003 959094051
73 3760 920289972
31 4331 247506335
45 4882 388069753
14 4543 469782914
54 2344 97417067
25 833 46937348
22 2827 156441618
38 246 450497182
12 51 165771273
40 2993 620528878
20 1120 524098286
18 3506 326092080
49 4080 336164061
57 700 562220550
29 873 920314305
41 3720 545523947
14 1582 761531706
68 3201 742748825
1 334 77998777
19 567 196779023
18 5493 789738044
69 2565 205525524
68 2186 182921538
46 2968 547651281
73 1095 64324808
37 2585 221173424
16 2688 159350047
22 3298 404544977
21 881 636441439
20 1013 672853878
12 1627 443593100
64 2798 976755137
60 713 207525773
7 1103 120099072
59 1474 688004924
64 1817 777922368
34 3880 539786872
29 3241 252287900
6 4920 706334212
25 1393 238033301
40 2947 382588383
56 925 520777182
6 2798 823364511
36 2349 71953777
66 1693 38097805
13 1733 401641784
71 5153 15087626
16 2766 229011832
5 5309 535910799
12 3437 961294902
5 1993 531842735
54 3364 738933949
4 1766 34653803
69 3263 715365930
45 3737 400022792
27 1773 560110693
1 3753 643914423
44 2106 447548941
65 2194 492440119
35 428 38143370
36 208 395702657
16 3230 610678159
2 3451 917322699
1 4409 797757162
27 3581 74532375
59 5468 756474544
3 1144 76339569
53 1241 479129395
39 709 344197120
74 2453 593069192
56 1860 97999900
69 1273 913263151
41 5292 247914810
15 4317 857380055
5 1435 495755162
3 4972 843476338
71 529 140939844
67 2537 2922315
74 1642 849840291
13 3968 285654455
41 4651 493094814
51 802 184921098
26 4598 781684889
58 2020 263779582
63 4928 682288071
51 4681 219266466
74 4693 713315410
35 3649 232054049
33 5139 61043795
36 5095 81212588
73 1891 41025401
26 1331 549985486
49 403 726867373
32 2675 992267608
7 4605 269778605
71 3358 18816454
55 3098 991271111
57 2743 142573299
20 2829 544703289
51 3045 411447808
74 4619 199701491
45 223 486971275
62 3594 77807238
74 2514 700435403
48 5495 654985970
7 2009 541711992
69 2895 16739168
29 4523 163725502
29 5162 925831520
56 424 402079947
72 3052 915033574
67 851 99457377
61 4992 458380223
38 1465 662429806
64 1462 882639928
72 467 863985364
11 3677 49485210
45 2198 913803881
4 390 347903459
35 1667 608405124
60 1055 66616823
46 4213 867862949
14 2375 885684779
8 17 664144212
53 1614 663236202
38 1206 588868886
73 1856 89401242
61 4154 513055107
11 1412 4131184
25 824 58604364
59 2552 178671719
46 290 477421734
5 2218 419834903
42 5191 812575166
13 3003 810853605
46 127 702794187
36 2346 434833231
31 4246 256818044
4 5102 997153603
32 4406 298960132
56 4436 658596221
54 3367 349583835
73 1990 239797600
29 655 806394131
43 2535 434432378
17 4211 640889914
32 1843 576254660
61 3285 486128567
50 1249 737694532
49 4728 804691165
50 637 615312616
69 908 615279439
65 842 553798091
74 1440 656615743
17 1459 304699655
15 2859 205410340
59 484 534751088
6 172 420400385
17 757 514392539
34 2948 936759566
66 927 120725031
34 2003 488697428
70 2814 81548285
2 2966 842192071
30 805 515582912
67 4654 722619251
63 2351 442876005
65 3809 400511722
41 5074 870705061
42 3110 88858619
12 473 879129941
70 788 613628078
34 5234 465323866
40 892 974124475
10 4828 171018460
48 4437 255925996
4 23 293691932
23 5163 718236312
56 5224 493312775
43 258 493837488
9 3748 345887594
48 3500 613344493
50 1597 216040964
55 991 60795639
47 15 212867961
65 452 627840213
41 5157 290874061
56 2758 358451951
26 3680 284105883
15 3926 295552906
44 2669 372648883
67 2965 740638564
9 1507 539614721
55 716 653683703
47 3151 233623107
39 572 288575696
69 875 936802203
2 1112 575162442
63 2026 781177036
15 4685 415563133
58 3643 25852006
29 4031 446952528
22 1941 615786726
62 4796 203342389
19 141 202289182
44 747 249007368
63 1319 895838006
40 2193 107960791
13 2362 60258223
73 5461 156637400
61 4887 763846357
34 808 549101005
31 731 411429139
64 3669 92386856
24 2074 265766098
2 4146 280088544
24 364 281288805
30 4218 406692255
6 999 823045239
5 3033 920418926
1 1220 711654899
32 4599 507649729
28 261 893020867
72 631 8834063
7 128 728603746
59 3336 450028817
37 566 154280075
66 1815 153025797
55 1750 363214996
58 4385 588506570
26 1441 713806068
48 4017 670261924
23 208 528530396
58 2685 308243271
8 2995 718385875
25 4431 155635564
20 5347 410879193
51 3383 152145748
66 705 29082379
23 1287 228512787
29 2077 784724011
34 2913 34984870
69 1067 969363525
29 1547 210056008
66 445 922213373
72 5130 154606490
22 967 39014571
44 3181 956102007
63 5441 627701180
48 4051 586439995
50 2621 273746220
53 1378 149999168
45 981 540790653
15 2039 814153281
7 89 522763831
8 4854 85296114
24 1741 602820217
29 2074 695903822
40 1662 493530511
39 4963 732417836
2 4656 638391293
17 1596 262924211
42 5118 695190924
47 2556 602805223
70 5117 596857707
63 1069 459334445
56 1069 112672863
43 3026 324275317
32 3160 240193883
42 1706 902641077
72 5444 834969918
44 5091 909444605
72 83 51583483
43 5386 645570359
43 3324 401244140
1 1839 799697650
21 3082 604129957
73 3955 183627440
71 4233 959892224
53 4522 814299111
71 3972 259566040
8 3348 495454355
43 4185 966385277
11 4779 153513571
30 5199 556030004
38 357 444894956
18 2284 727271274
68 3903 557853952
44 5432 132851867
14 2313 743210067
10 3743 796591318
54 1746 490790616
54 1655 205567536
52 4081 118354204
45 1161 382209330
31 1689 687015955
70 4041 725127077
25 3188 72600583
53 2284 117563594
52 1860 963257280
19 3894 122727717
59 3780 947110773
16 4791 162949737
15 2076 267211532
9 4685 435300609
43 2575 445479084
12 5348 108280479
67 4271 165868252
17 475 816465876
22 4927 324348811
27 2463 318886000
16 3620 220134637
25 2754 893570954
38 4501 347495755
34 558 87388778
16 5462 310991
72 2381 516445634
56 3980 220380962
10 1130 331221128
60 3480 52890265
47 5220 140102242
4 1997 440185721
48 4741 23910377
42 774 133648376
22 1317 433054369
36 3275 951102606
4 1174 242924660
42 5405 521731796
49 5450 179385188
10 5368 368532198
7 1619 54826689
39 3416 68362324
66 830 165391079
26 3123 484386379
58 1549 552773850
22 284 985598932
21 3802 782633951
71 757 11579479
54 4158 649110717
44 553 47495397
9 4548 927933062
28 4992 980282236
4 4547 27925152
24 5149 871971341
29 925 207494640
35 4835 783340687
57 2907 499572257
12 431 228871326
34 3342 30262437
45 4939 393753330
32 3508 117112831
74 5384 870439073
11 746 593538116
61 392 294246842
28 4113 50051753
12 2241 602891530
33 1956 745084116
21 1967 97010386
63 239 83969439
33 5343 517596471
58 1621 176228878
17 4600 634299292
72 2048 414133785
5 2214 362921867
12 5031 574989210
25 3666 467727460
44 928 229606745
74 2811 21262971
48 3279 900090978
64 5028 924558862
39 781 621558539
65 245 983796676
38 2202 681837609
8 577 295398151
36 2424 331449772
52 2161 185218040
19 4212 289150005
23 4823 419135789
37 1818 419237177
35 5451 580743594
22 1883 90888980
13 4445 46600415
63 444 524471974
67 4273 159594302
61 4427 643391734
56 4273 667648469
69 955 227266002
70 2239 938243972
38 1271 189644251
42 4913 319215122
69 1176 280784643
63 1800 552367467
44 4190 921072975
66 271 825219950
61 3578 168162418
9 2290 234951417
19 968 192064286
47 4417 842149781
13 2629 643747309
36 3434 846977553
35 4964 673307941
24 2827 377686661
61 5316 985176888
34 1377 252930727
45 2914 359603012
8 3851 240438356
60 510 42848204
10 2021 366139125
63 1431 752163746
64 3236 515880499
17 5050 980264614
73 5486 329310792
71 3191 197454119
20 4551 901246160
61 4695 682428541
67 1871 996829763
20 4171 264905875
57 21 680083060
52 5460 999701027
31 1399 252469678
29 3441 984792810
72 1832 6372960
15 1254 927741984
32 3950 405506747
11 1796 646774770
45 1599 683114904
59 3750 244187130
33 3252 256865941
17 2561 256673909
68 5030 291690504
63 146 722867757
56 3987 454304149
68 5263 559630902
41 4620 881259145
7 5306 418942050
44 3627 254836874
69 999 837154981
7 5370 459280185
11 283 245705757
49 4353 104612196
52 3296 469485794
63 1370 415433356
74 1993 70654763
30 1140 742334236
12 3412 227732535
17 1259 521344000
9 3129 978520181
43 4898 387385820
43 2175 488458945
40 1338 434622069
63 1244 613913899
7 4513 28383054
3 3673 294738577
29 3666 519008474
26 3180 189601257
55 276 441141129
17 1190 522553427
59 3086 197434006
41 5091 197397638
48 2646 638762608
51 4005 669930833
17 4817 549227634
57 1280 42880604
56 4919 114365131
48 4902 905534185
65 3052 151362799
22 2876 965692426
25 3677 668238566
10 1692 270303428
25 2861 38303194
22 899 383345768
8 3792 490498126
11 3569 492941164
52 4805 380536671
45 4750 396001898
3 3272 782076172
5 4177 954502732
9 824 136209876
17 3393 56446541
3 1533 756996169
27 3780 367465963
23 3635 249315168
12 2791 216178020
63 5451 275187323
1 2493 113719767
20 1863 336183252
25 2224 374732882
59 1675 164324594
73 766 973160158
62 1234 731457310
2 5201 641633342
57 1757 265292791
40 2066 860395497
42 691 257092992
65 721 113851895
68 898 282255319
67 4021 325389244
63 54 696938319
18 4703 619252088
30 4105 207000500
16 3890 943916151
18 2940 260931108
48 8 222900613
59 1286 196926990
24 2427 197689368
65 3704 590867878
2 5442 234822237
18 1153 238457403
48 3044 966367908
42 4258 493681676
60 5248 694963821
35 3698 907519763
24 687 956386224
5 162 71655230
55 3402 67662491
4 4559 844530778
1 2993 328858951
2 2604 960846696
46 414 206936088
2 4908 21054915
53 5265 160365150
38 5095 140730134
66 2315 36535148
61 1319 373650203
25 4286 194654531
56 14 561369451
74 347 42225696
52 898 6117870
43 400 947309883
26 527 327137046
36 2353 244862800
49 4893 986946658
33 46 741954879
54 5142 670189449
10 567 102174111
56 1050 965945261
55 3940 145201205
66 1105 267736538
33 3565 796274972
54 2042 566279448
58 3328 75312915
32 1300 834679661
58 4293 117237426
57 3561 620116978
48 2227 791202722
57 3977 233504774
70 2728 574675154
24 4656 295292600
45 3457 214952352
16 1183 355254810
40 948 200497745
1 2162 148105911
14 5080 880730747
39 3450 321539998
46 2949 603190732
12 4250 182882380
32 4023 543201162
34 4973 815221407
20 1441 375102530
24 2829 209863537
41 1049 488445547
61 1873 629911138
70 2763 2447505
60 3453 89656282
1 4249 736776813
10 1938 936387448
15 1171 557075286
34 4412 504874484
58 5437 620533977
43 1010 407996492
23 1473 375954494
43 4605 130571965
29 2448 348196690
42 2564 39833050
66 2735 777042692
1 4129 535484467
42 3817 997613119
59 2630 922492339
70 764 273402080
24 2519 681078436
7 1025 576983078
8 3922 299486859
4 1292 743217268
41 4438 361462420
17 39 729571522
38 828 571736856
23 1817 645534846
34 3941 913424214
44 507 434278420
57 569 677532879
19 4769 69523063
51 4224 114104345
29 1147 163023955
41 472 540009007
18 334 221694580
46 5297 413602952
7 1541 134834540
47 1618 645209583
7 1392 590090771
45 4853 55439468
56 5477 72682066
4 2051 784061300
8 3250 499358673
7 5339 366996149
14 2720 692305362
53 2703 263387742
44 1597 105601637
28 5178 268577902
65 1027 751447000
15 2100 624680040
43 776 876796029
30 2269 380175353
26 1856 217947472
37 669 797181538
28 2480 965766606
36 5488 235840128
32 4529 655667288
15 1306 909416625
23 84 584387011
15 2440 54790655
16 1578 196797990
28 1165 175607964
19 3804 287283649
60 2988 133590400
72 3736 775507842
60 2268 885407534
16 3088 439737661
71 2850 532822665
19 3228 80448446
16 1874 826248757
72 4838 419899421
35 5246 607581866
57 1703 612800124
