5500 5470 5499
1129 3046 27
2669 5198 118
1701 3616 155
1262 4938 156
5163 1974 39
4981 2075 284
5094 2798 153
2507 3442 42
4861 95 81
4312 3805 54
1782 5220 183
1164 1106 203
2782 1754 202
2631 837 237
2970 1583 40
1524 3214 132
720 775 143
4903 432 227
419 3905 289
260 757 121
2192 2270 158
4859 2043 268
2952 4138 165
3932 969 44
1378 4415 81
3781 28 163
2986 5116 21
3083 3612 77
96 4707 258
3543 2551 227
4786 5072 61
1037 2897 299
2745 2667 95
3611 2520 142
2980 4410 270
4000 4154 209
4920 1411 33
3309 810 65
512 4687 103
2019 5315 285
396 2625 198
277 1532 169
3887 2802 254
4952 4571 57
4257 1074 137
3988 325 168
1108 3343 205
1241 1855 68
1646 5227 153
2727 666 255
1566 3270 269
1730 3202 143
1246 4064 218
483 903 290
4917 4044 121
4770 822 149
677 3312 257
2343 1992 55
4337 1959 82
3631 3152 156
3837 3249 92
2619 4933 134
3322 3605 175
2142 3739 277
3067 5073 22
2193 2355 119
5455 1833 243
3383 4538 47
2433 3244 288
520 953 163
1261 2582 111
343 1678 153
5362 4528 5
3479 1454 166
491 1170 252
3038 2219 117
1448 3375 33
869 4822 137
1813 455 65
2919 572 36
3889 4355 229
2549 3678 188
90 3025 225
1725 2648 80
107 4321 288
16 2938 174
3848 5323 83
4689 3495 175
4256 2881 63
2344 1446 223
797 2613 15
434 715 120
5279 4854 90
1114 1013 299
1649 4082 245
1983 4115 7
3174 278 194
5149 1615 242
1920 612 8
3247 2802 142
2204 2860 75
2454 5068 56
1353 4844 56
3920 1737 288
4030 4731 62
1732 2013 80
173 2229 5
3572 4455 56
3073 3601 17
3639 4050 47
567 1202 124
1396 659 14
2133 1623 38
1866 4648 289
609 2796 170
139 4337 51
67 616 87
598 2147 162
4722 1246 11
1668 2361 83
3171 3804 174
3860 3707 212
4782 239 36
97 4601 258
5281 1751 105
4383 1759 189
2138 2762 43
4478 2370 123
630 5077 29
3956 1317 132
4741 2456 38
4875 4791 139
2780 981 56
2620 652 179
3280 1853 213
3324 80 108
1853 4752 198
1769 3251 185
2059 576 215
1927 2269 173
3024 3876 112
3126 670 117
4442 1208 11
5047 2210 23
5333 129 173
4961 5305 221
1559 2786 253
4778 4923 236
3513 4 142
2704 1542 131
43 3727 169
2921 1784 32
2608 538 217
4113 4916 15
144 1451 263
4199 1447 182
693 1658 122
2247 1558 67
1603 5048 127
1458 2690 165
1128 2174 143
2788 3341 131
2510 555 226
1719 2786 267
5392 5366 58
1964 5184 53
2437 524 222
3985 5428 257
3452 2328 23
5330 1423 38
5145 609 88
2975 3232 49
2369 768 178
4488 2494 245
1569 936 277
4098 4797 61
4536 2309 183
475 1002 293
1485 1897 39
3886 3277 94
2926 4403 294
4938 2050 113
404 1001 300
3181 4336 80
5218 5292 221
2990 453 34
2832 4124 81
1372 378 64
5380 5078 9
2651 5225 76
3227 2048 188
1397 578 285
1937 5157 34
844 2586 293
1912 3114 270
3557 1512 298
885 4459 236
1758 4264 294
5464 1194 141
5397 4184 140
1112 4721 273
2274 401 203
4199 2263 998583880
4403 1523 109
455 4119 244
4833 3676 1
3036 595 161
2790 445 223
661 2944 234
1460 2109 235
4860 2624 121
5040 2681 143
5396 384 27
1021 4246 78
559 1735 57
2145 1611 40
1290 4517 174
1258 981 236
577 851 180
1779 348 47
1621 2363 234
4422 2375 276
1172 123 82
2612 1320 134
1588 400 298
2078 555 11
1340 4544 9
3147 131 123
4352 4956 126
291 2070 62
1371 4711 292
223 1802 93
1244 2454 240
3833 2190 26
4852 3844 2
4406 1894 43
2428 5277 994461188
119 2577 29
4380 1583 61
3261 5242 192
2052 5080 54
793 1388 64
5239 2943 30
2950 3647 97
4252 766 65
4531 4597 208
3701 348 135
1475 3934 300
2182 2749 116
2539 1581 296
945 1016 32
1228 3660 268
2355 3834 7
4554 5174 176
1870 2850 55
582 340 15
4258 4071 103
4717 3966 133
918 4458 72
2966 590 247
2602 128 181
591 4812 97
2934 5123 225
4179 1802 49
2557 2757 284
640 3584 48
3593 2320 255
507 3402 196
537 2122 25
32 2082 48
3031 5058 204
1231 2830 114
3353 542 295
478 2052 174
4056 2108 282
4943 725 180
842 1614 259
479 4610 148
4738 3700 165
2648 182 174
1233 2454 108
2884 1799 25
3400 1676 248
755 399 23
425 3519 250
4901 994 74
4253 1484 239
1656 1578 136
682 3682 192
4278 3931 81
110 71 219
2714 429 71
13 3575 27
2147 38 227
608 734 61
4062 2794 109
566 819 30
999 1896 292
1076 2624 178
2460 5283 260
3388 5485 102
2996 2776 88
3792 3029 135
2645 5406 283
1494 3770 143
2044 4398 258
3743 527 60
1432 2293 50
2293 8 58
3698 3373 223
3394 416 114
2896 4895 244
3904 5288 253
1692 4907 294
2421 4892 6
1503 817 71
4279 5151 174
4902 2102 261
5387 762 79
1763 5395 280
3814 1573 100
3667 3478 15
3734 3309 225
3663 595 268
127 1157 25
3007 3174 273
3670 810 189
4922 2696 248
635 3357 18
3269 4720 29
5173 1424 45
14 300 300
95 3767 272
4230 3983 181
3403 3018 267
4400 5396 164
3136 221 284
3212 3250 298
3975 5370 115
2722 1793 152
424 1184 249
783 2931 33
2479 4233 232
3668 4430 255
2959 4107 279
3373 3436 243
457 3721 177
2099 351 78
1437 276 30
1267 2744 254
1674 1770 300
5112 2934 219
453 4877 210
4325 3562 90
2105 5483 156
76 5456 246
1660 4997 70
299 2858 175
2519 3984 195
3708 2108 295
4670 5148 287
2843 1523 66
3211 956 288
2318 3835 290
4959 4857 12
160 5227 206
3508 3515 188
1856 3565 254
5315 1558 70
1430 3224 255
4723 1961 123
5237 1900 215
2270 199 180
2405 3327 153
1604 4673 75
3602 4481 256
645 4831 231
238 1844 98
854 421 14
165 2328 186
3972 1974 103
4112 1473 16
4468 2290 94
4510 821 169
5063 364 172
2547 5399 45
1080 4135 133
2741 3436 297
5141 595 238
3619 458 23
1662 3729 62
948 4129 78
2998 4495 139
2858 4156 130
4490 4543 73
2013 749 89
324 4261 175
1547 1250 53
5365 1532 176
66 4486 59
5310 2358 152
2809 1389 20
4017 1350 116
2931 2006 272
3961 4296 87
1601 54 113
2802 4577 88
1784 4766 35
711 2413 177
1911 5178 232
1890 5496 153
865 3126 268
5439 5293 117
967 1890 208
833 1798 203
259 5169 100
5274 3722 134
715 1006 54
4783 5067 130
4660 4265 278
124 4668 129
3657 899 134
2026 1419 295
140 2639 118
4649 5152 69
4580 1053 203
1245 1443 35
1690 4334 277
2924 66 187
3635 3878 6
1500 1767 40
1145 1022 5
1479 1466 103
653 4420 250
1374 2357 259
5204 2357 20
5343 782 42
509 2332 258
662 31 89
3997 3323 105
1818 3427 147
5119 3888 187
4198 1080 264
1581 2567 23
5068 3344 130
1506 882 96
4306 4380 121
1533 4132 177
2528 2295 160
1722 3255 124
4303 2057 256
2947 2876 264
744 2033 295
2840 3941 223
3799 5337 220
3195 4848 229
4076 1099 157
2635 170 231
329 4623 36
2234 5303 104
2337 4808 81
3740 1052 263
142 1843 198
4976 1592 195
4269 3818 81
2246 4815 79
2577 2656 133
28 3841 153
947 607 168
829 403 42
3051 4022 194
1013 699 203
2655 5456 111
3132 5013 80
3679 119 46
1428 2781 101
2898 4022 244
2565 1086 157
3989 3900 83
5272 3811 121
2258 5126 112
2943 2008 143
4645 411 292
5057 1782 30
4180 5267 15
20 1378 226
4019 5185 277
2476 969 146
5194 1435 42
3529 5101 136
902 762 46
4653 2159 1
5025 3193 53
4034 5293 116
363 4537 226
3164 1801 183
4565 967 198
2633 22 54
2432 1310 94
1642 1381 264
423 3965 183
226 1853 175
2584 205 111
1869 2478 22
2081 4263 221
1766 2404 262
4170 4793 291
3267 4973 237
3979 1722 255
712 2224 45
686 710 64
5465 998 267
4848 4129 132
346 5457 234
3129 697 113
3361 1105 299
1848 1534 283
2079 148 93
658 4615 70
1689 1821 259
4744 5093 296
3114 2048 86
2562 4890 153
5019 2907 199
2516 1256 70
3937 3709 157
5078 121 111
29 5384 102
4244 5021 68
4840 1309 216
1931 2204 7
4693 5098 28
3625 3886 124
2472 5181 57
152 2370 224
1641 1001 203
860 2711 289
3358 3718 53
1510 207 132
4997 4229 91
3127 1126 295
3113 4161 249
957 1406 197
3268 1161 43
2468 894 292
858 3044 44
2542 2714 53
2028 514 87
4290 4590 51
4080 1717 256
1648 2255 116
2708 1939 132
5433 859 111
4789 2970 151
3165 1251 84
3281 4939 255
3650 1312 109
4598 2667 156
5450 1599 104
2558 3685 297
85 1499 169
1487 5407 72
3178 2919 59
217 3446 288
390 5236 235
3813 4003 273
2062 3623 65
498 1915 49
4053 1371 119
3369 1796 199
1636 2805 121
2836 2061 207
290 4940 97
5469 2124 143
190 748 216
1433 2875 218
1094 5213 252
4038 1276 210
3703 2266 16
4266 3857 249
3688 2243 39
772 4621 74
2899 1886 37
4514 4753 91
3771 2824 7
1850 4129 285
1451 3588 3
1874 2246 207
1471 4677 222
1924 4320 255
1130 4412 281
4638 4766 254
3118 13 272
2353 5355 8
2781 2238 8
4701 5217 209
1558 2716 45
3581 4006 50
3553 2992 247
284 3585 167
2930 2856 271
1625 1836 249
2341 1174 99
540 4945 30
453 194 999767330
2798 3865 135
279 3872 50
4343 2532 7
527 3864 263
4125 2942 59
2166 1149 163
1486 3044 203
4327 3770 55
1863 4357 79
361 4166 144
1158 4115 272
1867 4840 184
4291 3649 239
5049 3701 95
2649 557 48
2381 1539 290
3857 4590 231
5314 3356 140
135 10 41
4659 3572 41
293 2293 293
5223 140 173
5404 1761 278
1762 957 5
4794 4924 264
1489 559 167
2504 114 199
5368 4184 23
2503 622 189
2718 177 65
1191 246 122
4007 966 164
2156 5478 233
121 31 276
2838 1632 256
1446 872 256
1399 5499 253
4588 624 126
2102 5089 122
21 4786 138
3981 3914 235
3480 497 222
2170 3252 299
2793 198 286
4759 4326 261
3056 3257 240
1865 3117 176
2636 2632 274
364 162 131
2957 2095 272
1729 4148 45
3243 2804 103
979 4659 161
2652 4662 225
1320 1789 193
4628 3562 142
2196 4146 184
3146 5086 81
1366 1184 2
1332 3754 242
1043 4987 259
5038 3826 32
3824 883 215
494 2366 254
4758 3558 256
623 2078 103
551 4891 225
3518 1332 20
1631 255 138
3489 382 2
760 380 11
1726 1991 60
3443 4085 138
330 5277 136
386 4220 284
2605 2751 78
1839 2732 109
3205 2235 105
2910 3643 218
5357 311 7
1385 3335 152
383 196 100
3873 5390 179
3463 3750 51
255 2149 192
1232 2144 232
484 3739 151
387 2238 39
4773 1885 253
1824 297 245
1251 3580 107
4559 3915 128
3575 123 219
819 3195 122
3786 818 45
5246 3293 236
2739 5054 261
673 287 216
1310 2526 233
1545 796 85
4877 4740 201
1098 307 221
4154 2067 22
388 856 279
526 4101 64
2161 3161 180
2132 2165 212
4528 3330 73
4318 5428 135
3229 3559 261
4714 4870 232
3660 2610 74
2634 1644 125
1997 3673 286
4788 168 283
738 5278 69
676 580 243
4574 4187 293
3068 4062 253
647 2196 101
109 3409 268
3172 894 1
646 1506 287
5045 1142 38
1400 1189 44
2321 2043 286
4086 2351 155
3260 926 207
5325 79 229
4356 4195 264
808 1307 145
235 5499 267
4370 665 55
584 5369 172
692 2282 246
2096 4416 241
5024 2525 44
982 3695 194
4992 404 288
2686 961 250
2526 493 210
1512 4887 142
2744 968 127
1004 4523 243
5286 1790 120
562 3189 154
4742 1068 142
3987 3473 100
569 3276 30
3216 447 291
3514 315 72
2159 2407 229
4647 2178 228
2731 5342 156
2929 5476 259
710 2842 14
3279 734 25
4876 1086 97
3680 1099 187
3525 4063 266
3351 493 52
2992 1689 2
1837 1159 201
5436 3497 141
2150 2227 247
2269 3304 61
2712 2362 251
4512 2131 3
430 655 163
1772 829 279
128 2946 223
2762 3971 298
2863 2067 207
286 933 194
5463 1339 228
564 819 210
298 4728 147
665 3863 272
1676 2328 224
1825 5257 214
1564 4177 198
590 4998 241
516 218 177
4446 4653 215
24 5364 180
2690 3150 23
265 3183 92
3197 2383 167
4397 1664 59
499 409 27
2220 4709 104
1756 1004 25
3312 325 269
1055 842 122
4732 1633 211
1624 204 183
78 2093 186
3454 681 44
2638 2563 104
3764 2509 199
1986 665 90
3131 3227 129
599 1555 283
2897 169 258
3367 3865 230
1197 5036 149
4217 303 50
2364 2637 30
534 3046 194
4336 3167 172
2165 1638 134
2582 3535 38
4857 5391 232
2444 715 11
1844 1731 266
2474 3972 74
3238 2862 39
3078 4488 55
4661 3275 223
1519 953 108
4105 4852 157
2082 1604 131
5437 1387 126
543 4080 156
3752 360 115
1139 2974 159
2373 2596 226
5072 5111 150
1695 4407 132
282 5127 247
2412 3030 48
474 33 130
3192 1317 192
2173 103 285
4564 140 282
2829 1613 240
4533 4756 120
5284 5166 155
1791 419 228
5353 4713 134
1942 1591 200
4338 2204 14
993 2378 93
5383 2013 274
3706 2173 84
1212 2118 117
2458 296 160
729 4815 256
3154 2551 271
4287 3704 297
3435 1651 178
5143 5438 29
1973 4458 249
3739 4065 235
4242 962 241
5313 5319 24
2077 2450 172
1781 5370 284
3966 5352 44
4109 714 63
2238 2076 119
2720 4083 182
3775 373 9
5308 3309 98
1710 238 213
2852 4737 229
468 3501 161
5428 16 192
5394 2847 271
2489 3285 51
4407 4822 43
4530 1735 83
597 5171 68
1351 4470 262
1122 5267 64
2839 1098 70
5367 4746 291
5317 3265 32
5323 3510 149
687 3071 71
3731 4761 180
1117 4482 210
1058 1518 10
2935 2207 295
4129 5154 247
4994 2251 297
395 2916 79
5046 2201 219
4812 2054 223
94 3256 16
3540 537 252
1574 2849 292
3827 3155 246
4595 2665 104
4845 4985 152
1808 472 237
4453 4379 67
2575 4593 65
3365 3305 152
1880 3783 2
1580 2616 265
1067 1013 216
3201 5008 271
4151 1403 13
4125 3758 998594683
3702 1007 130
2662 3041 279
1684 1649 120
4420 2139 64
2003 312 107
2154 4331 128
4950 1092 116
643 1600 194
5167 2472 78
3964 2290 285
4863 2533 300
3188 2833 67
4991 531 208
4427 2463 119
4989 331 81
3843 3702 15
4139 2556 995129810
3754 141 181
3846 3074 214
5088 2257 238
3384 404 168
3692 2769 201
1010 2751 121
5058 2893 34
355 4691 269
1702 2327 247
3910 4429 197
2637 2913 105
1107 4237 159
751 1209 163
834 2362 187
3922 4695 268
5393 2072 15
207 1461 169
2375 276 256
1081 1018 171
3798 2743 18
5100 3608 171
634 4097 27
4388 5355 83
3655 4467 289
3334 3128 252
3342 3678 13
309 523 131
5244 4043 9
3278 2420 16
3305 2709 225
1476 1832 144
2747 132 261
3497 1250 94
2752 3235 102
4225 3520 122
2016 2549 244
3085 1601 197
2035 652 291
4535 4364 75
3072 961 113
963 4097 132
3605 2404 180
5350 336 102
4571 366 236
968 4291 133
3143 1399 73
4316 4074 278
2540 3375 75
3326 4313 218
1283 4106 72
4014 5108 156
31 2249 212
4450 4039 23
4622 3107 113
323 1603 178
973 3657 93
3337 1952 65
3034 4504 242
2630 395 201
3218 2956 140
68 5227 192
5293 5406 296
3206 5330 261
5381 3774 29
1452 1713 149
3481 265 266
2012 1442 275
1084 3677 286
4529 5417 88
5414 3946 157
2988 4572 121
588 5007 244
4275 5232 101
3550 5010 76
2319 2383 155
2438 2686 161
2339 940 187
325 1819 271
4206 2261 112
2906 4869 261
5220 5407 183
1916 890 129
3152 3802 266
3391 32 184
3077 4754 169
1819 2270 220
1436 2042 7
4511 1942 103
40 5109 16
5000 1734 250
2174 1707 54
5261 2483 231
1308 1856 10
3526 455 127
1654 4691 264
4906 109 124
5154 4685 234
3914 3957 93
4153 3466 290
1148 39 41
1391 2497 179
4505 358 242
2127 1374 152
1342 5054 72
4423 1566 195
1099 2867 134
965 3163 86
4222 1634 229
2379 646 133
42 3173 208
1523 2530 127
1463 4681 230
4438 3580 89
4428 3806 167
1921 3132 173
2773 598 8
4414 75 151
2621 4986 37
3884 1072 106
3289 1270 156
4654 3496 7
2404 4007 245
1629 3092 133
3317 5071 15
4962 4719 112
1925 3394 236
3869 1034 8
1023 1397 97
4858 2688 189
4894 4680 156
4561 92 73
2813 5363 120
4005 1130 195
5016 2130 276
814 1343 136
4990 1839 134
4006 1255 221
853 4544 215
1176 2280 20
333 5056 111
5191 4036 204
873 3346 81
2496 4577 165
1154 1295 213
4474 1460 197
1548 5341 2
5299 4815 236
4931 1976 221
101 969 216
2418 4558 171
2290 4055 236
344 3940 220
1738 1435 179
518 4622 57
2357 1914 68
2854 5471 209
4235 2909 89
392 1938 80
4092 2711 235
445 1292 20
2325 378 239
714 5379 227
5273 498 171
3231 3339 197
2164 1510 172
5316 2892 65
1970 175 114
3636 133 298
1647 3625 133
2136 4581 299
334 1820 173
5453 4701 179
4973 2305 198
2383 5159 29
5132 1613 11
4500 4238 284
4616 629 274
5360 4566 238
2194 317 58
4304 4464 241
4177 3682 147
2272 3371 240
4551 1050 181
2528 3111 992991228
5435 669 14
824 3446 280
5037 3172 124
5002 133 38
4753 1357 44
382 5319 33
3286 1006 233
4065 5188 30
5295 2341 21
1711 5116 193
4557 1519 28
4276 1615 235
5337 3794 242
1318 3335 87
1645 2863 231
2689 5398 5
2415 323 160
3032 390 78
3790 1854 95
2746 1798 32
3062 2784 77
3556 1233 63
3713 2051 149
4823 4088 188
3371 4493 27
3811 618 124
2073 3103 97
3274 2939 266
809 3695 130
832 5045 68
5451 1112 19
2650 3379 268
4204 1557 182
1888 1907 118
2228 2806 99
2118 421 261
3414 3037 189
5372 339 296
596 1290 187
353 2716 138
831 5364 41
2834 5149 85
3588 2571 9
1224 445 144
252 17 22
4362 1421 129
3761 5021 127
3978 1365 285
3822 1237 252
3106 3643 64
4329 4515 109
1892 2048 275
2579 1234 64
2941 3732 240
5384 4266 54
836 5109 56
1599 2886 94
3562 2019 289
3999 5056 75
2410 4318 260
5233 2978 200
4889 3601 211
2377 25 40
4205 678 72
1665 4789 155
359 1134 57
3788 813 9
2240 5339 153
5226 2325 107
1742 3854 298
3167 3810 257
366 3853 43
4767 106 48
949 4269 227
2525 309 52
1120 397 48
1059 525 50
911 5348 203
2913 1169 201
994 2637 229
4682 2111 120
2152 2469 5
2441 298 243
533 4789 136
275 1405 266
389 3906 136
4077 1437 243
4003 5199 69
5243 2841 247
4489 5069 161
2362 4646 60
4739 2282 223
706 4328 149
4974 1110 72
3633 547 296
3823 3084 185
5345 3936 49
3791 697 16
1008 2277 143
3861 4524 8
929 4056 255
2765 5329 18
5429 555 163
196 4456 179
4839 2709 236
4915 2735 96
2774 1365 166
1828 1200 281
3133 5351 170
3496 3237 127
433 2014 248
5460 2803 67
405 5486 116
1027 576 52
2892 2936 175
1945 508 104
3228 2464 26
4683 983 201
303 1975 170
456 1578 217
3156 354 224
4108 1014 87
2671 3303 252
1610 4759 274
1491 2238 137
958 1428 288
2198 4472 68
2819 3402 175
3521 4310 124
4273 768 108
503 2479 230
5440 3306 219
1089 396 167
1136 5172 112
4692 787 266
3719 3901 291
4967 2010 261
2251 2603 119
1628 3267 217
2064 1303 214
4314 833 52
3551 2731 285
1932 3317 73
1585 5454 218
3076 87 140
130 3654 252
4075 3008 207
5157 1798 199
1402 1218 91
538 400 140
185 2579 63
702 3066 282
1478 1936 216
3542 2459 259
1085 5104 111
4679 3536 144
2253 1947 217
921 2278 150
178 985 258
3285 4880 269
5161 4665 177
3927 4131 242
4599 3636 132
399 25 284
3492 2562 183
2674 148 269
3221 5219 228
4709 4019 232
4764 1049 37
2900 4813 101
1797 622 35
5255 472 137
3184 2739 149
1761 999 269
2423 5383 235
5352 2959 132
758 3940 274
3187 1544 239
147 1073 263
5407 2564 253
3742 1143 110
1804 1664 164
2283 581 126
3150 2281 52
2297 3053 278
5099 2452 246
674 3391 68
3161 2028 291
981 2243 59
1330 2752 135
5098 3558 205
4550 841 241
4517 3866 10
5248 4325 156
4063 1992 283
1324 4168 94
2276 5169 285
4856 176 120
4043 1777 224
756 3881 186
1357 1627 231
2912 3176 233
5425 1080 5
3582 4149 270
2672 1308 32
149 3989 181
5329 3924 128
1007 609 60
1600 1159 166
3807 3547 91
4524 4987 257
5128 4316 94
3890 86 160
143 5084 234
594 1456 218
1673 895 226
3396 122 15
1563 4193 133
2664 3342 138
1939 2373 39
4642 2453 222
3500 5144 101
5131 2556 73
4629 1620 132
2987 1064 104
3249 5447 1
969 314 75
1363 3435 240
261 2542 230
3180 2481 999177678
2139 2447 98
5420 2544 218
4133 5407 255
2387 2528 59
610 870 293
145 4725 74
2583 3941 98
3066 4639 278
2388 5038 16
3343 4167 111
73 2030 53
2160 4230 146
1565 5407 133
3772 2869 239
621 5480 47
938 3615 74
1020 2747 149
2010 278 75
1923 2972 54
295 2201 154
1872 4625 59
2599 818 38
835 929 207
5090 5405 256
2427 4035 196
345 3722 126
1708 1122 139
4203 4216 48
4521 4576 288
5401 5099 51
4549 5204 209
409 2968 284
3673 803 36
697 4237 289
2826 1072 150
2157 3933 52
4260 3123 280
1381 14 296
4419 3185 72
2784 3358 112
2478 507 107
4224 2757 9
3315 5417 27
3207 3588 31
1935 3519 209
5181 2198 17
1639 5325 153
1633 578 157
342 4403 71
624 3313 89
5041 1032 139
2107 1942 216
2067 4219 193
3954 311 214
1546 145 279
2111 2119 119
64 260 34
4618 3541 30
857 5337 256
2292 2277 261
4010 4129 284
1123 1680 204
1507 1182 110
2367 1151 59
2948 6 211
5267 4153 82
1974 3425 208
3125 1773 61
454 5493 264
3123 2140 71
406 396 26
4124 89 30
1992 1244 17
1348 4540 294
1720 953 189
3587 4342 42
2151 2263 140
4610 2212 203
5265 1487 165
3705 4568 21
1093 3127 204
4369 4129 66
3728 1355 106
2467 1785 181
1952 3760 133
5305 1145 188
92 2660 79
2916 4439 114
2925 4751 264
5208 3672 82
675 4502 248
689 2913 77
296 1072 129
2822 2350 193
523 1599 161
3176 4177 62
3354 2980 177
2670 10 39
2370 1053 62
2872 4505 268
4267 394 999999715
5082 4644 55
4386 4119 115
4310 69 232
1754 4699 224
1373 1199 156
2830 892 130
2135 4499 278
3691 1211 183
2039 148 107
4506 4164 227
5091 677 176
3532 3720 46
2518 1903 196
986 5474 250
3881 1163 97
5069 1149 247
5217 3771 28
971 4515 279
2407 4424 233
3808 2218 225
4608 2948 270
4780 1753 261
2187 202 125
5377 5291 94
984 4270 23
625 2884 47
1901 4312 41
717 1729 191
2459 2112 60
2291 4535 122
198 4358 63
441 2952 172
3272 1058 47
34 869 272
752 3425 264
1379 592 182
3820 4010 95
308 5401 172
4988 5309 38
2347 2320 140
5231 4853 278
4245 1387 283
1999 4154 193
4294 4349 122
1715 825 190
4781 4658 207
4228 1685 88
2017 2414 137
2709 358 222
2216 3428 190
2328 384 232
2908 892 263
358 2057 270
4605 5478 203
1682 1251 68
4334 799 136
5446 5089 111
1248 5290 82
2396 2939 252
3046 4474 175
3086 2865 1
5354 734 262
5020 3217 297
4455 4894 5
3467 4824 22
668 2104 193
4346 5309 198
3420 4767 96
449 1929 46
4202 2927 204
4999 4042 201
1511 4197 74
3806 5355 154
1776 3631 149
2723 481 188
141 5362 32
1040 5465 149
2430 1335 288
1389 364 270
3092 1457 42
3020 3809 60
2678 2697 162
461 4861 274
4568 4223 35
1102 1069 12
2869 2113 254
820 3793 125
4051 5223 33
46 1383 18
1898 5433 105
1260 3205 171
3926 1677 80
4650 3208 54
5412 3462 258
3294 2589 193
4663 2817 219
4146 5353 277
3745 3525 16
2282 675 142
5138 4568 75
1882 128 86
2962 2436 269
1681 168 300
1441 3290 251
573 2548 121
4578 3271 103
5190 4820 232
1387 5349 104
5064 3269 30
3241 3158 128
4797 2976 134
1313 2588 223
4957 283 224
4918 4483 172
1827 1407 292
628 5474 221
2048 4157 296
283 581 228
576 1946 206
3765 2047 235
2169 926 76
626 4555 193
4560 1479 240
1860 2035 141
5236 3619 127
1194 1307 256
779 4343 281
44 1521 223
891 4949 96
3406 4608 289
2436 472 96
3838 4171 150
2791 4297 196
2068 5368 267
5296 4125 109
1367 1161 197
5254 5065 55
2395 2963 16
2380 5325 212
2439 5278 84
2524 4389 51
1602 4710 243
4232 3500 132
1184 3975 115
2163 368 296
1205 3005 15
4392 4201 89
3517 2499 296
81 1872 52
1470 1644 68
3686 7 194
683 2649 165
384 5358 178
3878 2233 122
45 807 175
1019 944 285
4330 14 141
352 3634 150
5355 3700 213
4831 959 30
489 5150 95
4592 4148 119
3567 1323 36
2266 510 101
1365 2641 218
895 3523 180
4708 3282 274
328 2845 52
2893 4224 256
2023 2027 291
5213 1687 266
3794 1146 1
5230 3343 251
1520 3620 28
4556 3920 17
3490 5226 202
4110 969 144
4850 883 233
3304 1045 269
3022 2433 122
4911 3108 79
216 246 225
5341 3296 90
2420 1417 71
234 4091 163
830 5487 25
2045 952 95
2749 5157 70
1140 1243 268
2835 4572 56
4948 3447 252
985 1524 84
4384 1547 136
3907 1463 148
1731 3177 99
1369 4494 212
2917 3916 31
1449 4575 104
4690 3421 230
4630 2758 250
4487 1344 48
1356 2807 39
4572 4769 260
867 3724 7
4816 370 137
787 4894 63
2564 2669 110
4083 141 226
3715 4652 234
5035 2940 190
1537 977 175
926 5033 10
1238 542 254
3262 4685 113
1390 5342 171
3590 152 177
2356 3558 69
4910 2069 172
4084 724 162
4801 1575 237
1800 3817 6
5300 431 33
3379 4505 228
3725 5334 36
4097 3922 187
4558 3831 186
1832 797 81
2860 5091 207
1377 606 144
168 3614 46
1971 626 124
2927 488 192
200 4809 141
2051 4056 15
3215 2925 143
5089 1156 165
1240 3661 39
3364 1736 141
2552 937 7
2786 4104 40
3424 964 204
530 4022 159
4849 3057 37
3202 3300 168
4042 4482 8
1617 1930 124
932 764 262
1938 1363 211
1253 2336 234
1417 2033 207
2329 1735 244
2968 5399 41
447 5404 233
39 5181 181
3709 4755 114
4357 5039 212
4667 4526 249
4927 5182 163
448 2937 212
3366 4124 166
927 1912 294
3872 939 58
407 4299 221
1991 4268 151
5410 5358 69
4835 2938 280
3030 1792 18
400 5413 52
2632 3959 215
3962 4938 294
884 1285 40
480 1189 144
3923 3170 288
2894 1288 154
5054 2600 286
2442 5486 9
1845 440 51
163 4346 132
438 4288 268
3055 3940 169
1464 4432 43
3840 4662 56
849 3718 47
3330 501 49
493 1498 132
4326 5370 42
650 3010 216
1858 2780 173
888 4491 233
3134 1562 260
3801 3231 287
5417 4094 145
1083 5161 291
1404 798 169
403 1133 143
1265 1924 74
613 4177 45
264 1791 206
992 553 242
3084 1315 91
4752 3682 61
5012 2359 192
1990 4786 236
318 4883 57
1515 2845 47
3296 1124 141
465 1228 193
695 4396 112
116 1835 197
4765 1604 221
5334 1120 134
1905 237 272
4579 2590 68
228 5284 208
1562 3049 92
3951 241 80
415 736 25
3372 1439 194
181 1915 16
3103 1572 83
4443 4703 157
4672 1782 201
436 873 102
3498 457 188
4082 5128 173
3656 4259 7
4274 3357 106
74 3534 137
2086 1894 102
3074 2342 274
1555 3206 164
414 2343 272
571 5281 237
313 115 275
5085 3176 68
2597 3866 207
184 335 5
1273 4469 250
4456 5375 290
3023 1481 260
2425 4453 195
4869 1778 90
2984 5267 181
5369 1120 162
5391 2772 171
2965 2954 242
1815 2259 285
3912 2207 126
4286 3732 152
5197 36 209
1706 340 189
955 1226 205
868 1648 233
718 2226 85
4378 5037 52
3852 4897 166
2617 27 172
1135 951 191
3040 1454 209
3302 2348 183
2532 2953 76
3984 4308 188
975 2351 70
966 4753 163
2231 3986 116
2257 4700 137
1771 127 177
1113 579 173
876 3206 95
4280 2723 187
195 1918 139
3847 1983 228
4606 4992 6
4032 2602 82
69 4769 252
897 1451 299
469 4156 186
2629 4836 155
1346 2164 115
1794 4573 153
5229 1242 128
2616 4152 108
3244 1685 114
3948 2528 116
2915 3260 200
2766 985 134
3802 433 82
4926 5397 84
996 72 26
3115 4317 186
3671 4421 178
1996 4104 176
2334 1414 187
4158 5181 225
2870 1336 61
4333 411 13
2911 5159 3
892 2666 98
1069 3330 101
4747 3057 105
2703 86 997371505
1906 2430 284
1000 5142 277
2024 2901 251
998 5322 13
4853 1062 252
2886 921 300
1694 2164 267
3797 3593 64
4405 412 172
4099 3432 237
1006 4788 169
1902 1523 190
2215 3835 68
4755 1273 224
5146 1944 231
4365 183 256
586 4855 299
1431 3697 61
1159 4035 47
3577 4687 282
607 2480 173
3375 3268 72
5096 3800 138
3336 5254 28
1508 1747 7
2256 4068 292
3946 3350 265
4518 2168 133
3487 4039 123
2873 5468 213
1110 3860 272
4250 3626 33
4041 1829 44
3179 814 142
1578 94 194
4363 370 6
3196 4808 113
4484 1810 107
4212 2693 100
2431 103 141
3298 1251 267
3271 885 253
1634 786 169
167 3247 223
2087 2532 149
4509 1785 234
3061 4161 250
2414 413 266
4340 1598 195
5001 289 73
2592 2731 111
1876 4415 171
2667 745 100
555 5275 87
1256 1666 238
1274 3528 59
1051 2116 256
707 1205 285
2262 1261 161
1691 3304 219
3842 3325 6
2550 4382 237
2868 1088 283
2753 4103 64
2302 1398 64
1909 5344 267
349 4468 96
3185 2491 222
2515 2408 145
4787 3176 85
1042 3382 2
4358 2606 198
903 3613 242
1513 2283 227
3163 5465 137
2116 2400 133
3018 4230 26
3328 1292 58
4460 2114 240
4964 1354 172
4769 2144 186
1438 2811 155
98 1956 155
2560 2697 210
3597 3379 267
3566 4233 233
952 299 172
4301 4476 119
4749 2120 150
1677 4574 36
497 3250 150
4594 3934 174
3259 519 297
4526 467 246
2697 1496 261
285 5075 51
614 1626 42
2999 444 125
3992 228 93
4447 2215 31
4545 5145 146
4176 2019 250
606 3083 191
3253 3092 135
4382 2071 121
1410 3256 7
1836 2203 1
3010 5199 170
3177 3454 99
2140 4175 252
2009 2079 175
2267 2295 222
5199 4950 235
2938 91 261
1035 4048 254
5232 4903 194
4951 352 231
1963 4447 114
4737 4370 270
4300 5008 288
2175 234 235
2021 1217 46
4393 4474 226
2040 5367 196
5459 5258 224
550 2751 46
1540 1878 296
3477 62 264
5039 3296 255
3520 3148 238
4854 2091 131
5117 2758 159
1734 3459 124
1944 4603 153
379 2515 149
3723 3642 5
4971 4721 238
2227 574 268
1181 5196 24
4623 3226 156
172 2679 216
3149 4464 284
5159 1278 283
1408 431 28
4851 981 56
2250 4919 126
4900 4615 85
2484 103 296
4844 1254 244
716 3015 58
2310 4254 109
3444 66 119
1770 656 165
2675 787 997917144
705 898 198
2743 2556 79
1746 300 36
3080 848 37
2522 2831 136
4130 325 256
501 4724 166
4548 2125 236
1306 1983 100
4401 897 90
4569 217 204
4376 3938 140
1962 4209 288
1948 2845 158
1088 3451 293
2429 2062 127
4809 2418 44
804 3143 196
1573 1208 180
2482 3316 281
1049 1303 194
757 2560 190
2883 2826 64
3392 4861 15
3021 3423 28
1167 1935 220
2201 2970 107
488 834 182
1301 1849 180
1074 2704 293
91 3493 251
4200 3582 206
374 2054 170
2551 2609 13
1841 3550 999978987
2130 2977 104
2006 4344 193
2534 1668 999999292
2706 4549 186
3434 3962 264
2376 1190 130
4415 1303 204
724 4892 217
151 1851 36
2736 3535 226
5080 2828 63
3501 5075 237
251 4975 146
1454 5272 58
3468 4764 189
4562 1766 125
2115 2509 36
4394 5254 214
1981 4112 164
4047 4903 138
201 2901 160
1505 5349 110
370 1768 298
1795 4729 208
3617 1716 284
5108 367 35
4762 1143 95
3107 1438 19
5102 5252 19
4182 2663 289
3908 5191 87
2732 2448 70
3996 2016 222
5166 4758 91
1737 333 294
2569 3924 203
4139 1740 192
391 280 231
627 1866 93
459 1688 229
3545 5138 127
775 2402 209
2495 1376 49
1028 5122 68
5423 4781 182
1528 1638 253
5109 3231 252
2180 796 216
4729 5062 183
4142 3256 22
5207 4770 103
451 2387 54
114 3822 272
2848 1203 7
2494 3557 216
3099 4755 186
3672 4168 247
1616 5375 158
3669 631 54
2214 4595 267
2475 5101 163
1252 3177 273
1309 3106 41
2470 4862 47
3871 2221 188
5219 230 115
385 1050 209
1057 884 212
4939 4995 276
1653 4197 194
4492 1339 162
1914 3919 176
3512 1019 249
4435 2999 188
3110 3449 121
5266 3860 183
970 1828 248
2725 5489 63
3953 2889 187
3977 318 48
3933 3208 193
4715 1563 82
694 5098 40
104 3462 244
1147 1514 18
2944 2087 53
3475 2338 215
2029 4228 194
704 1330 143
1082 1866 160
5228 4155 116
1364 418 148
1173 4731 239
3915 4221 163
2203 1625 203
4584 5453 47
4841 2755 284
351 280 222
4824 3301 260
3306 551 187
2795 2787 99
2456 1430 32
1926 2646 283
4908 2790 115
5042 1827 209
4266 4673 999915269
1807 5318 227
1339 3341 291
552 3354 94
1465 4365 10
4746 3434 178
1165 807 163
922 4584 64
4685 4871 255
3284 1415 149
1484 4116 232
5395 2833 250
3610 245 6
2661 3081 106
3430 816 6
5170 3573 104
826 2823 143
2646 5070 99
2589 359 52
4855 736 28
71 102 23
3736 1920 180
381 2018 274
4016 2921 98
4499 3405 242
5249 3666 206
3418 1024 36
4868 874 283
1143 2299 131
1522 68 126
5448 3763 32
2208 3050 258
3662 846 13
2895 4933 261
3139 4556 208
4532 4887 43
5079 2362 224
1466 1000 284
615 5359 209
2601 215 277
4806 3403 116
1111 2393 117
5288 4167 131
3301 1000 109
893 5330 13
65 1539 194
4 2467 109
1812 3775 287
2322 1569 296
2072 2269 179
4697 1801 94
4221 847 293
4323 3314 253
2698 818 93
1014 3851 123
1686 239 7
3628 4289 160
2663 1816 208
5285 3437 151
4941 2575 48
4355 4829 7
4727 3735 280
4491 4846 183
2469 2596 267
3270 2232 254
924 4867 117
5209 1209 171
3494 3837 213
4513 1170 109
3048 1219 205
5280 5433 83
1424 3683 58
1328 1323 261
398 2908 26
3116 3257 168
3065 4562 214
4195 577 168
1601 870 998845359
1104 1148 185
3598 3423 101
4354 4578 14
3455 2573 37
1352 3960 12
2047 2915 256
166 326 300
1395 3693 293
1638 4068 162
2385 3544 258
4155 1941 229
1210 2898 154
1525 3432 90
4734 465 79
1457 3349 42
3109 2987 159
1606 1439 40
2902 2855 46
1666 4668 287
1700 1902 172
1133 699 43
4864 4387 112
3710 110 253
5443 4894 187
3696 766 26
3845 809 120
2371 829 114
4165 4224 102
910 26 272
83 3449 223
5268 3381 219
4430 1945 215
4371 5183 84
4885 235 192
5263 4038 113
1724 776 227
2259 1493 116
2020 2392 286
3902 5449 208
176 1171 93
5444 44 293
2865 1582 198
2464 584 35
4317 3559 183
3917 1877 106
1611 306 46
4575 3840 58
1889 2254 159
3925 2942 24
5245 4880 145
3135 4410 177
136 3196 288
2446 4102 151
3831 1612 234
2134 1360 223
1896 4341 53
5390 5119 247
3632 2145 204
1750 3509 194
89 733 59
3594 2692 109
3465 1087 268
1182 2661 231
821 617 3
2807 5044 70
2128 4418 75
4832 1078 31
2823 3981 198
4431 509 149
2057 1958 78
2296 4436 257
1225 2660 251
2544 4226 205
254 2566 246
4637 5289 275
2275 4649 191
4620 211 80
5060 3674 111
180 3300 95
315 4317 289
3385 1128 262
4736 4979 206
5269 423 82
1284 4122 217
1768 2575 174
3858 5140 106
822 1752 272
1539 588 294
84 4664 282
4884 240 31
3478 3526 211
2578 5474 157
939 2062 78
1861 4117 105
1278 3120 278
3952 1929 69
336 3629 101
2031 4044 158
3816 4540 235
4669 4650 127
690 1452 126
3049 4441 76
3774 1090 91
3377 4389 296
1255 616 131
4246 5193 268
5235 1307 205
3592 4788 208
273 2155 286
402 1104 287
5027 2451 255
4081 121 259
2241 3973 193
5151 3701 64
4932 2099 46
1235 2796 263
1765 3242 67
93 5087 196
1857 4250 210
2901 2955 258
2881 5479 24
213 1001 166
739 2494 28
880 2373 240
3649 2556 36
485 4242 185
696 3883 113
4135 5095 139
4696 2394 20
2657 3891 246
2771 1140 29
1335 2237 269
412 98 228
278 3676 140
4064 2649 10
3495 4576 230
146 4205 171
4982 280 155
960 2339 4
5247 1963 25
1153 3484 97
1151 4868 236
3404 4604 264
2084 1355 183
728 959 260
3096 3513 223
5290 3068 151
3803 1653 134
524 5075 2
4402 1533 120
4470 1775 251
1688 2235 139
2197 3483 267
794 2712 146
37 1978 36
2178 4174 187
5168 5022 187
5358 1979 33
4399 324 205
2761 2257 218
2399 4468 137
4666 3919 245
3505 2965 297
1041 306 61
1557 1821 144
211 2031 55
3621 4096 54
3995 2636 117
1608 2191 220
3928 3300 211
2112 5017 201
1755 3839 269
417 289 209
1 824 158
2264 1795 212
442 2937 258
2517 3010 117
5205 1119 184
1913 4061 229
1236 2882 232
659 2482 98
708 353 172
2209 3410 147
1950 5353 25
3921 580 238
1685 628 162
2520 5181 118
5312 1611 292
1852 5109 138
311 953 2
3082 4354 213
4934 1991 289
5196 2283 199
3288 3212 35
1650 1538 286
2351 1531 96
2452 750 290
4341 5248 124
1180 2817 173
2123 3634 87
4643 1298 288
1977 902 204
2143 2456 253
5234 1881 115
1842 1705 294
183 4050 166
2861 1833 63
2053 3924 250
4898 939 235
1415 1871 264
393 2762 47
1707 4058 228
977 3317 164
1218 4521 75
709 5114 37
1799 2619 265
3609 5496 32
1294 426 225
4977 5233 113
5121 4257 298
204 289 260
3303 4007 185
1998 1322 283
4008 3861 16
3449 4097 139
3419 2987 33
156 523 149
1640 1700 212
1427 2999 165
1413 4445 122
1048 260 293
3437 3362 145
53 4734 282
825 415 79
1862 4234 64
3319 2351 152
2168 4648 167
4566 2712 140
25 698 268
2014 71 201
3796 209 92
2276 486 998313622
3507 2420 157
2493 2359 8
222 4365 245
4748 760 138
52 319 281
1936 3015 199
762 3131 56
5144 3137 168
220 2168 73
3647 467 189
736 1714 112
3462 1041 211
1091 4870 211
2867 563 70
5413 1293 106
3200 368 227
1967 1539 214
4342 3351 251
2591 3821 41
4416 4073 156
2979 4763 22
3809 3339 57
980 1912 155
2626 1778 193
688 1202 12
4302 5068 81
3885 3368 294
1823 786 152
2038 1340 183
4364 1082 263
225 663 105
4283 552 195
218 2607 57
1039 3369 110
371 310 112
2063 53 229
432 5255 291
4891 3316 163
1360 3707 69
2939 245 46
2733 5025 23
5155 2577 131
4813 1035 247
3568 3768 296
3836 570 192
3563 3193 228
4968 5092 87
3389 5218 42
2129 4243 166
1259 342 84
5216 2404 71
3648 1010 250
3949 2396 243
3421 4956 275
2058 4296 195
2114 4109 295
5032 4589 129
3091 1969 229
3169 121 68
4249 2264 223
818 2511 176
3735 3575 180
3045 3243 157
2751 1158 278
2386 1480 9
462 2650 237
721 1917 5
2954 1078 142
5458 3971 134
5364 246 152
177 33 1
2853 3679 273
1017 279 32
778 2547 86
3138 5263 59
2625 3990 189
4093 4556 20
638 3172 153
354 4598 251
5174 626 164
1517 1665 64
2701 5390 45
5030 3833 232
2286 2402 91
440 335 113
241 2452 199
3864 250 87
1988 5357 133
1586 1960 3
4928 2056 112
4398 4435 21
3893 1210 292
38 1500 208
5366 3644 23
1956 1854 219
1987 5458 160
1780 4279 26
373 2635 157
823 4127 179
4156 4514 72
3352 3109 26
4299 485 38
236 525 116
1211 3663 156
1393 4781 269
812 2794 3
4267 5077 281
1156 3584 101
3574 2559 233
1321 1446 1
5309 2947 50
2777 3284 242
2320 5338 98
3690 3303 209
4218 2614 201
3014 141 8
19 2590 296
2447 1758 151
463 3562 206
3939 5459 191
4498 3856 75
522 1436 274
5130 4967 61
866 3799 27
1316 3041 265
4704 2730 239
4223 5024 151
1239 4270 270
2692 531 231
2904 3308 120
914 3418 242
1405 4042 290
5454 92 249
208 381 33
1298 420 98
2207 1000 178
4265 3510 299
4236 609 27
3466 1254 178
2606 2175 52
1584 3940 98
2850 201 122
2821 1506 299
4879 1166 154
1078 2049 271
1929 1000 279
4779 4567 176
118 97 139
863 5254 46
4309 4794 222
3749 3631 295
1070 4140 294
1434 5228 105
2595 3263 131
4947 3801 263
3785 4583 223
3141 5182 268
2299 5369 155
1900 3755 6
3363 5246 60
2500 1786 135
2085 5496 230
4243 442 182
1632 2268 141
4665 5458 156
4140 735 86
1193 4128 93
2572 3872 141
4131 3790 118
3720 4983 298
5419 310 123
3955 4784 120
4375 2952 192
2588 2959 290
2801 3406 109
5050 2145 159
4720 22 95
2721 3385 152
1705 3555 188
4664 861 266
3528 1479 153
2260 2002 155
1249 865 62
3629 3449 108
2408 2978 184
2942 1464 205
747 4054 210
4655 5475 142
2768 2912 40
3338 3534 64
2859 5045 174
3275 2199 92
4289 2686 209
3783 405 14
2756 4705 40
5292 254 97
525 2775 183
769 3356 106
2694 2200 178
3346 3933 106
1386 5439 71
4725 2168 143
3751 3261 236
1100 5035 38
3944 3609 214
3643 4915 287
5148 5173 263
1789 4197 172
106 1819 240
4819 4167 37
1941 3253 72
3591 2344 179
3674 4176 42
4495 4857 235
2874 5441 76
1571 2313 155
3488 1202 42
1878 3702 123
271 3923 94
2359 2690 208
2212 3609 17
950 3925 64
191 1644 185
5222 3210 131
4255 4257 233
4882 3201 189
3234 1459 40
4164 2499 86
307 2897 76
3219 1156 124
2195 4235 223
1480 844 90
2304 5284 258
2113 5481 151
2034 932 144
1716 3978 164
3615 3484 217
2406 4820 60
12 1259 29
4811 1441 227
2179 1879 206
1609 121 95
3769 1329 198
5150 193 235
2973 2543 182
3894 2471 292
2717 4837 247
3291 4759 228
506 312 26
1002 3585 221
1590 3248 99
4867 5013 73
2666 763 293
1134 466 114
1886 2211 178
47 1475 122
2390 5207 252
2333 2303 216
5351 4435 174
1030 4019 86
4061 1492 51
505 1295 188
2907 1082 33
1296 4135 16
5434 5450 144
2471 3602 15
1583 2669 126
776 4250 284
4570 5014 262
841 4375 118
3411 776 212
749 734 219
4543 3315 257
593 4152 272
3722 1193 110
5044 443 293
5326 1695 179
3213 194 168
3763 3831 119
3140 3596 121
2121 4321 143
5127 4568 260
48 2464 32
3876 2476 65
3277 331 252
5139 3173 35
3862 1381 85
539 3707 289
2313 527 164
545 1009 236
1651 3923 263
3766 3463 74
5122 1553 273
3287 478 65
1786 4264 54
2049 2708 94
5385 2795 55
4410 4450 110
5302 793 183
928 3155 997628663
1664 3657 119
314 426 298
1951 1735 131
2125 1096 106
774 22 24
2221 1711 285
3541 514 162
3237 4301 25
2326 2685 190
3037 1582 213
51 2272 160
1696 2091 18
2574 2176 253
5153 570 194
3942 223 234
4497 5125 63
4044 4589 57
212 1700 143
4724 2717 206
1482 3439 248
5348 1747 176
1269 3400 8
2000 2116 171
3314 3779 242
5331 961 130
1817 3158 24
1830 3714 146
2523 4498 47
4821 1864 25
5251 3730 38
508 2026 139
2183 1418 202
3559 1929 220
171 19 265
1743 1176 106
2382 1085 258
1447 4719 223
4993 740 10
300 3109 206
4631 3712 121
2596 4736 228
3248 1910 140
4060 4502 57
3859 989 270
943 1301 235
1227 3224 110
4022 2634 259
1698 167 208
4191 4865 12
3898 5416 209
5340 3784 194
2046 4547 92
2237 288 32
1949 3044 208
4070 2001 75
1473 5183 132
4750 1466 113
3295 3204 203
18 3702 66
1577 1322 34
2825 1740 261
2983 1936 266
4694 5194 290
2330 2798 181
1242 1036 5
153 460 75
2555 5410 114
1317 3730 110
2563 4067 2
3442 756 24
1359 114 113
4439 1467 24
4282 2193 34
2684 3389 134
5416 3646 151
3522 3112 269
2288 3329 82
1293 2239 7
1337 422 161
1044 955 33
3255 4874 128
1012 1037 232
3464 1948 186
2611 4675 10
3446 603 157
233 459 77
1792 2564 134
4483 618 91
974 3450 224
210 2676 146
3856 4698 280
2796 1963 71
4348 3979 220
3033 2755 226
3721 4250 107
589 484 266
907 2418 300
1036 2476 195
5468 1923 174
4272 172 177
1146 1038 51
3640 3353 8
2508 4203 248
8 3285 202
727 3279 273
3395 1901 47
2541 314 15
641 1847 81
2877 4519 290
3245 653 136
5126 2305 165
473 1321 253
5431 1783 181
3460 1532 41
4527 5007 75
1416 3127 96
170 362 216
2783 3019 220
3866 1507 112
418 3873 25
1285 4823 179
5011 3947 249
5252 1347 164
1468 3377 275
2205 288 288
5135 321 299
872 1051 196
5184 2084 61
4465 3589 208
572 5476 240
4285 486 188
3276 5132 188
5389 4995 129
1380 4666 272
1532 1312 114
4434 2874 246
1592 4220 81
1270 3098 102
4745 299 39
2668 3039 93
2389 5265 214
347 5413 249
3417 2475 155
1056 645 199
4677 1922 28
5188 4149 92
4700 2131 241
350 1576 63
2699 2822 233
368 3513 114
3456 3144 226
878 3056 11
3579 2523 172
5137 4752 6
4247 2746 150
1046 463 251
1409 5115 74
2799 5304 172
2191 4624 72
5187 1295 212
2772 587 87
1934 4221 8
1579 3055 59
429 4345 279
4162 5088 59
2186 2031 64
4785 5255 205
4883 1754 181
1103 838 114
242 3103 185
742 470 174
2682 279 113
2738 4726 7
3589 18 253
1331 4083 282
5319 3680 33
1394 1555 276
4775 752 36
3283 4246 74
3193 363 235
2146 4962 255
4473 4231 140
4687 5311 143
4237 1674 221
1064 4616 106
4624 905 16
1576 348 287
2298 1743 110
1834 3404 140
3491 58 76
2384 3342 200
332 286 78
4441 1082 39
3493 1658 126
205 3538 199
1984 1439 28
3360 1756 221
3128 3934 17
2972 176 54
1467 4293 195
2295 4148 58
2007 2147 193
3534 5370 92
3737 1255 158
4281 70 146
2598 2453 286
452 3075 121
4703 1559 288
4754 3629 106
1171 586 224
4208 710 122
3310 867 76
2324 1848 44
2148 2340 117
2450 3456 229
595 3069 60
732 3950 57
4457 1707 164
2172 694 271
2124 4327 64
3683 4290 140
2453 4250 266
280 1379 269
5335 4320 167
1820 148 46
2422 1561 104
3155 2491 191
1079 3275 7
1477 1363 177
4636 3882 98
4161 2408 214
3758 2073 233
3393 1025 169
3630 455 248
987 3294 31
2501 2211 26
2249 1047 212
15 627 53
1946 1513 276
1757 4283 29
1453 540 182
4141 344 281
4866 2439 258
2932 2951 2
3254 2397 270
2490 3344 175
4288 3179 284
2372 336 14
4074 955 134
2335 2257 60
269 4395 175
3251 601 28
725 4818 298
4710 3065 176
3209 1266 226
2758 3952 191
4347 1925 129
5158 3081 24
4768 4821 72
1292 1021 265
3401 183 294
55 1571 271
4021 3233 25
1615 4962 25
4095 4876 139
4804 1206 151
3329 4814 162
5189 5179 269
4259 927 156
1613 5491 192
1753 5287 239
4045 4969 137
4107 27 146
4688 3279 119
3098 3773 137
528 1280 72
3011 804 45
1481 3232 283
883 3790 95
2462 4148 150
372 3089 93
1121 4688 21
274 4759 160
219 1664 280
2428 4461 286
4025 3139 113
1899 5366 100
3583 3403 23
88 2421 257
113 3315 284
956 630 72
1461 4184 96
3308 1882 293
4730 40 269
2933 4139 126
2995 1130 186
2188 2858 255
2071 918 258
435 3000 292
3189 2499 221
199 2387 226
1969 2796 260
192 3414 84
4463 5067 68
4485 1996 110
3687 2333 2
843 87 250
1157 2182 119
2994 3556 216
437 770 66
5118 4608 255
4305 5240 7
287 2719 99
815 733 202
1001 5399 46
788 4905 217
3307 2523 294
1333 3968 119
3003 133 170
4639 2292 278
4799 375 192
877 5296 222
4987 4612 79
603 1583 237
4842 3821 94
990 942 229
2363 3460 190
5133 682 121
3368 2176 102
2928 2011 115
1883 2799 69
730 4644 20
5406 3185 111
2167 1409 135
5021 4848 49
4185 4974 88
3318 1425 252
4590 822 161
1305 3685 295
944 1040 95
3071 1559 37
5065 4787 119
2978 2544 140
666 5020 215
5140 4763 231
5073 4814 298
1149 2704 268
798 4922 169
1806 500 52
443 842 214
2846 1493 153
5039 4112 998409848
4888 1921 125
5307 549 110
2394 209 140
3035 2313 15
848 1406 158
1213 2421 61
3225 372 254
4012 2186 41
1495 1898 72
3971 1100 218
3224 1327 191
4542 3740 99
605 2151 181
1287 1741 171
4979 93 165
3738 1610 250
5421 1052 69
2654 4595 8
1178 1680 198
3484 1122 271
2818 5172 223
129 2087 197
2769 2008 70
5214 871 166
1704 2163 183
3652 471 154
1560 1004 197
792 460 211
2042 3673 141
4128 4923 287
4229 650 153
2 3934 999999933
619 2075 212
2419 2735 25
3047 2997 52
2005 3985 9
3960 2016 147
1933 3409 21
4632 2537 248
5103 3810 106
4297 1364 233
2755 69 5
2365 2365 118
846 425 3
2820 3726 249
4188 2747 224
2199 707 130
5324 157 75
4174 4111 126
4609 30 48
5077 1626 225
2069 1712 267
5056 307 171
3186 502 121
2306 1199 129
3009 4301 220
557 5478 134
5086 3442 24
2531 4329 287
3776 3204 283
4970 2038 76
4169 1165 39
4937 3692 133
840 2419 101
1097 94 278
1527 2027 160
87 3311 173
4576 4034 213
1733 4656 228
1237 4214 281
1582 3826 223
4183 1824 43
4458 2799 145
186 609 201
1016 2531 169
2233 3629 254
5067 1279 80
4448 1470 226
4656 3652 234
3246 2298 217
1185 1662 248
3453 2916 223
2909 2135 202
4270 2255 187
3780 4052 141
5318 4788 79
2287 1412 152
1168 5448 224
870 4346 167
369 3315 288
4020 4603 227
2554 1046 43
617 417 255
913 1950 219
1727 5063 112
935 2059 198
4544 5270 37
1189 701 120
1907 1269 57
2361 2332 295
1980 539 174
4818 3294 108
2 3118 267
2066 1096 159
743 353 123
2098 3532 129
1125 998 178
310 2165 155
2144 5013 213
3026 1413 181
444 98 75
2391 3922 133
2958 676 247
1273 5285 998757637
272 1694 270
3969 429 266
2514 3910 250
4644 3703 225
86 5048 67
2991 4363 273
270 1285 274
681 4937 225
4886 895 180
187 1131 182
5115 3817 2
4826 2375 59
2679 169 90
2878 2912 85
1740 842 35
3104 1929 31
2126 1408 112
5129 2789 67
4603 4231 132
4836 295 206
3144 4497 216
82 2729 149
3732 4095 26
1216 523 127
2642 5407 196
117 255 72
3097 1884 117
622 2790 133
2348 1686 256
2025 759 271
4026 1128 254
4464 3264 14
3641 476 128
1026 73 86
817 3030 258
1915 5007 296
2976 4878 8
103 2978 91
4040 2454 68
4936 3855 155
4308 510 196
4998 4294 264
239 2793 37
4429 4492 112
2985 3936 292
3506 3266 294
3746 901 51
547 1216 123
811 4938 286
4596 3303 232
4277 2551 67
2624 3245 150
3175 4490 154
3258 4669 246
735 4601 276
3168 4153 9
2882 5403 36
514 4544 222
1087 2219 74
5036 5253 200
5215 2744 19
5182 2693 240
916 2041 280
5418 1310 83
2785 1708 196
1887 347 279
4445 1097 232
4591 725 216
1644 4517 89
1368 3415 29
3659 2658 194
3089 18 58
1739 5456 261
549 1783 296
243 1620 235
3386 3114 183
3151 2334 8
3457 1322 204
3558 1000 188
1966 1566 205
1300 1268 89
3819 2497 141
1749 346 283
4412 2009 264
203 3407 16
1947 4301 291
3533 463 220
5105 4184 214
2268 2744 280
3564 774 204
2702 1214 160
2603 2095 87
5382 14 2
2213 5298 131
1531 3602 286
637 145 114
4411 1982 60
2492 3406 191
1388 2438 218
1254 4384 195
3930 5229 290
3851 3722 221
268 2572 153
4377 3872 131
3087 4878 112
341 72 255
2748 911 102
1068 1667 269
237 2911 169
1419 1996 149
3600 2686 234
4220 4007 130
3239 4435 18
4079 11 208
753 1381 121
3120 18 123
1843 2832 277
2397 1994 158
1976 3836 269
1426 1541 78
2778 4780 233
600 735 132
428 4990 131
3616 1620 129
1903 604 234
1247 5104 156
604 738 198
5221 4103 116
2018 1948 269
1622 4933 142
2083 862 77
1954 3431 243
1626 2443 252
4589 2073 51
2305 3175 37
4582 2383 218
3402 2819 176
4792 2075 31
2787 2446 286
420 2050 290
4980 3471 97
616 573 242
780 1562 279
1591 4383 63
5031 3980 189
262 5438 163
3958 209 64
2483 825 24
1045 4570 141
4349 2766 47
108 3478 225
2862 3962 37
2675 5470 173
3094 1135 286
4120 1353 142
2265 782 260
2095 5153 177
578 5464 98
3834 2519 78
4507 4008 225
3290 3162 70
995 5007 284
4187 2046 199
777 4718 232
2770 974 270
2488 2952 145
3509 3531 283
4379 21 208
2171 3981 222
3081 1576 145
2989 1067 212
4871 5289 204
426 4853 16
1488 4706 121
1289 3696 58
1831 1643 124
179 908 218
698 5381 172
5338 704 136
901 3351 38
4733 1467 192
231 527 170
5408 246 16
5083 4232 232
2817 3612 157
3841 4836 252
1174 4391 108
2424 3599 116
1207 4894 50
2457 1635 47
771 2660 66
3059 707 111
1854 5172 164
4059 4834 97
4321 933 52
3233 2168 77
5409 5217 228
1783 2011 93
671 2459 273
2546 4040 267
4719 2299 236
2561 2429 217
1891 574 192
5411 78 93
2681 1212 178
3054 2093 57
2880 302 13
3333 4958 208
548 132 249
2323 5359 154
266 3498 118
2837 5034 229
2855 4830 178
4718 194 213
2845 1167 280
4777 392 34
5124 4358 172
2653 2057 245
768 782 120
890 3898 253
1323 1715 205
1881 990 7
1192 3734 282
5 2574 5
4013 550 104
3634 5434 32
3264 2454 239
1101 39 180
2639 134 134
470 3046 75
3938 4327 193
2851 1144 208
3664 4683 165
2847 2482 158
3101 1099 232
3050 923 170
5241 2679 247
4211 5055 83
5198 1663 167
2734 3752 154
1411 4394 269
2248 4032 4
2705 2486 125
1401 4950 186
894 3544 2
2543 1103 105
2538 2782 263
2449 3772 213
5336 4976 50
4563 1097 46
4073 667 16
3117 1247 296
112 953 999999232
294 1665 228
3753 5116 186
3335 289 37
2951 1077 72
3320 4200 280
1054 4851 258
4705 2452 85
2314 2027 87
5403 2420 158
2434 4976 220
1474 3000 39
1501 1680 33
1928 1708 6
4201 5396 286
1922 4144 261
2585 332 94
4031 4703 133
1183 1074 260
1063 3302 208
3675 475 142
4740 3925 123
3986 5211 244
1526 2027 285
1200 4487 138
3877 1126 138
5461 671 94
105 35 125
3870 4139 77
1643 687 130
4472 3391 220
3867 2803 183
1188 5446 181
536 4235 258
4827 230 294
3756 2878 77
5294 2899 94
1355 2565 134
1811 4853 27
3844 2092 230
3311 3944 150
581 2667 102
983 1316 193
4611 4255 90
5014 2774 150
157 4354 288
1960 3961 85
1450 225 82
2506 5433 185
27 3915 124
2812 2117 197
360 3738 179
4538 2502 289
3578 2485 248
896 1879 147
1873 2931 228
3041 1988 50
5203 2548 225
4651 4490 181
3297 280 216
2477 2659 116
2842 1080 44
1627 3682 134
1194 2123 999826024
3595 2958 226
3153 1605 20
3470 3046 111
719 1923 98
925 3751 233
733 2571 157
1118 4445 188
881 4735 10
1152 3861 202
5210 1624 189
2263 4873 28
2742 967 204
4196 1403 47
546 3817 289
3729 942 163
3527 197 162
2677 4726 289
5142 2748 192
197 3847 193
2505 52 188
4090 5209 269
5297 3198 125
4324 2854 41
2091 4200 24
3805 898 182
1544 4504 28
4486 4401 68
1190 1798 242
1315 4060 267
678 3800 64
5256 3979 145
4163 119 16
1281 302 11
679 524 299
248 4556 5
4055 5059 156
5339 4884 170
1897 4781 151
1329 2439 74
4880 4548 33
2656 801 7
2497 5288 235
202 2240 243
122 4768 229
1877 3717 64
3182 3238 157
174 3510 41
3891 1064 191
2618 3626 228
100 278 226
209 4276 73
1208 1290 23
4621 649 229
4373 4260 206
4711 628 59
1275 3535 166
1459 5433 83
2300 180 22
3880 2072 196
2230 590 91
3810 3307 138
4138 5207 220
1109 2879 126
3760 5033 249
3105 529 44
4613 5079 261
1326 768 296
2480 4183 283
1160 983 159
4353 1346 202
2759 141 203
2696 2471 31
1250 5428 129
2754 2185 136
5278 2713 254
4437 5270 195
4760 1353 54
3965 2941 61
2568 2533 121
3637 3036 82
3380 4094 219
5447 2438 236
1361 3452 57
4892 917 93
3750 1512 91
1652 4424 177
5359 3896 222
3042 2975 16
1871 1874 269
1712 3144 84
3830 1236 49
4847 1054 143
206 3918 141
3770 2613 213
575 316 98
3863 5346 143
3459 6 103
515 3722 8
3554 3534 99
2887 589 37
1440 263 198
2210 955 174
4418 1695 208
1414 4757 53
2309 2506 177
2368 841 208
3571 1725 57
2955 2043 71
3499 151 52
4583 3625 278
2827 3831 75
1787 4390 8
2918 2008 162
487 2778 268
737 3341 185
2033 3920 121
164 4984 233
3088 2127 146
4996 2546 95
5007 1913 157
4233 1631 216
4216 4660 70
4137 4423 285
1032 2604 266
3217 1453 178
1530 3207 117
801 2020 121
335 3772 284
3157 1982 98
5179 4832 275
4547 1293 171
4604 917 241
5165 4840 295
35 33 88
4331 3850 240
3661 4836 7
4440 5002 247
920 1017 236
3931 3205 90
1597 921 240
1849 2814 6
761 2086 209
4552 2687 43
2002 2955 127
3044 304 62
1979 746 7
2615 1913 173
3821 1083 33
3148 1926 38
851 3357 235
611 1609 44
5101 3582 141
583 2674 13
770 1130 59
4345 5172 196
5238 1604 209
2622 5043 281
5180 247 227
5160 155 245
4023 723 184
4067 3792 259
1670 2139 199
3349 5468 235
2137 654 206
2041 678 5
1978 5154 58
496 4273 231
408 4218 239
4684 3030 263
1614 4416 213
458 166 152
5017 4638 88
2879 1117 9
2093 4835 196
1345 129 48
4482 2569 89
5066 3171 249
4147 2368 269
3875 364 239
937 450 43
5402 2689 114
3787 1849 24
4678 5233 13
3451 3648 247
227 3703 58
4088 1103 283
2498 1353 283
112 137 84
3990 2930 90
4254 3561 67
2060 587 14
4436 1402 166
4870 5406 27
899 5449 228
2512 714 146
1230 639 45
570 3234 88
3970 4682 206
3676 3058 134
629 2319 122
807 3074 116
5466 1049 236
4896 5149 78
2149 2633 205
1209 770 88
4625 3784 125
3426 1742 53
1472 1673 211
796 2091 74
5462 59 129
3607 1385 10
2641 201 189
1744 2441 30
3399 1017 262
502 4321 250
3883 71 160
5298 4167 195
1534 2692 175
267 2278 131
3539 2236 14
1186 4794 6
946 3915 235
3230 5450 91
4385 544 228
4597 4265 31
2466 109 288
1344 4479 178
875 3272 76
3273 5476 237
2811 443 97
930 1142 74
2308 3080 297
4481 3034 231
3266 1326 238
1736 4552 79
3504 2639 225
2075 3454 198
5304 348 270
4480 1890 126
1678 2186 160
5195 297 93
4134 1997 201
5250 1791 281
288 1110 78
4159 4238 290
4136 3086 145
5415 4428 162
5004 4058 196
22 710 24
2700 39 196
3727 3360 99
1053 4938 129
3222 2469 11
3697 2161 23
4843 2172 19
2455 4477 64
962 3432 103
3440 3185 244
2953 1524 164
378 3860 50
2206 3268 152
4960 3233 68
3900 5150 54
535 454 26
2440 4885 192
3 5166 253
4640 4456 275
4519 4624 199
3429 4671 38
367 5473 20
4986 764 229
3263 101 163
4292 124 198
951 654 102
1403 1044 9
2737 1431 220
1709 4336 250
532 4419 162
3919 3771 81
4949 1894 109
4157 1064 17
3300 1431 291
495 2084 106
1219 5101 265
450 1148 140
1747 1447 127
4668 5239 223
3934 378 117
5240 1953 257
2559 3990 147
3689 3128 216
4940 3771 46
978 5451 104
2342 647 69
838 3874 202
4810 4426 24
3983 3534 226
1086 5490 245
4167 3264 18
54 1171 12
4796 4361 273
4078 4808 251
3210 4699 130
4186 3851 233
2271 2962 230
3994 3077 172
4652 4089 146
2211 4737 268
3075 4412 185
5171 2189 234
1038 2669 49
5253 1995 6
1462 633 51
1150 1176 167
4893 1458 2
2800 2103 284
2236 203 120
2100 3808 285
3913 3187 33
2056 2078 96
1052 1455 150
1703 4775 191
1816 4052 150
1518 3252 267
3645 2105 179
4449 931 183
4774 3472 204
3362 1221 209
3812 313 8
1243 4886 284
1066 1531 73
5224 136 140
4707 2746 196
5183 629 116
4028 2285 193
3947 409 231
587 3615 7
2914 1644 24
1092 3274 25
3941 346 67
1126 2370 232
3626 2680 124
660 942 281
1764 2056 236
691 4058 37
997 2192 200
4673 3037 280
1280 2041 259
889 1290 216
915 3337 96
861 2736 74
1587 423 289
3350 3190 126
942 1 87
2803 3307 248
2106 1026 156
2219 4696 257
2805 3658 262
77 5035 156
4946 430 122
2660 4324 156
3957 3560 281
4680 4127 254
175 1552 43
1195 5314 282
4175 5440 233
5374 2752 207
1774 966 56
746 2949 2
3502 2348 205
4052 283 194
4830 3669 261
2153 95 12
2610 2542 253
3584 1944 283
1859 3802 150
3405 792 167
618 5260 178
4184 2655 65
427 3620 124
2336 396 189
3561 4763 105
4803 4475 230
1065 4360 180
5172 4879 190
3828 2462 112
57 4167 185
790 1468 217
1179 2271 133
1612 609 112
131 4123 216
3159 4421 230
5287 3030 272
4367 1225 101
3173 4537 79
959 5486 48
56 5161 201
862 365 98
1788 125 13
2331 1949 170
2235 1740 216
3064 1940 216
3892 4168 2
422 851 202
805 2409 166
703 5208 222
148 5254 159
4173 1060 255
3515 2134 15
276 3289 74
989 4149 268
4261 783 70
4475 4786 123
3006 326 99
3854 1560 28
1376 4142 244
882 2107 286
5206 499 82
4213 536 218
244 2183 106
5043 4645 297
3899 2241 31
3569 1311 238
5028 4412 242
4577 2767 109
5087 5002 244
4909 3128 33
4096 5228 16
1383 637 105
3398 5118 238
3008 4331 5
3789 1269 52
3090 4716 11
2587 2917 206
3194 66 135
3121 412 86
954 4170 270
133 4259 256
4728 3304 183
1663 898 147
362 2890 120
789 4506 185
4929 2270 59
1050 1556 250
4372 4317 269
3485 4189 227
1917 3962 187
5264 1558 172
560 316 158
2360 2060 90
3643 232 998974323
904 880 52
1840 76 222
3199 3696 180
3252 2921 52
2871 3015 11
1605 2190 62
4878 4455 244
3882 2367 197
3916 4697 13
1138 1720 192
2486 1398 237
2713 5016 265
1630 4211 291
5386 339 202
4197 2927 116
4335 3135 187
5262 3477 151
1671 1076 111
4344 2095 36
1005 2324 122
3608 4123 165
2092 463 13
4791 1854 118
2185 5189 33
62 2693 163
513 2721 70
1717 3443 170
2726 4080 46
1350 4034 37
3079 2223 195
5445 3135 172
2891 1372 129
1031 5386 221
759 4506 296
2971 1333 226
3345 4577 135
1061 2183 66
3905 3901 274
410 212 249
4389 1625 10
246 4002 267
394 2935 111
2481 1025 90
1095 1679 18
2393 1913 35
1096 4905 64
912 1166 52
2658 2604 190
3757 496 239
1217 1468 110
3976 4732 252
773 25 82
4467 810 52
3214 1223 300
3111 2541 108
4461 5387 173
1940 4901 39
4071 5227 127
3299 791 41
4121 451 61
1062 1225 112
928 2339 5
2202 2225 181
4874 3950 229
1302 5042 249
4118 8 116
3223 1015 257
3069 4530 130
531 1111 5
4585 3062 296
3093 5440 86
5361 4564 9
4614 4125 138
504 1996 237
5076 442 164
2463 691 90
2451 4301 63
1822 3854 185
2545 4048 145
161 3854 201
4432 327 28
799 5013 140
4686 3619 49
3762 167 238
2294 4189 202
301 1441 287
4716 4833 46
1304 523 296
3100 3539 50
2614 4257 195
745 3087 28
1833 4310 101
431 1167 99
2824 3849 212
3825 908 168
155 3249 186
3101 1915 999371109
3390 2969 147
816 3921 227
4617 2124 298
1894 1880 247
1957 2797 53
1439 5371 52
3832 4040 112
5104 5272 299
4890 367 128
4268 2432 175
2527 155 39
1314 5177 206
1777 3565 300
4662 388 86
5470 2776 108
3235 5323 158
317 868 117
4721 1252 134
1443 4990 238
850 2228 96
4106 3205 97
3950 2066 241
5176 1670 286
3699 1431 287
887 1212 176
1418 3757 239
3183 3026 218
1741 2130 31
1561 280 214
4935 3277 148
4089 4872 235
2426 1384 221
1723 942 5
1847 944 1
2074 1170 272
3935 2097 17
3145 284 100
2680 3231 249
4522 67 65
2402 3150 182
2043 2311 53
2141 1701 289
1222 5496 90
413 5468 22
4072 1582 49
4895 5157 293
1943 715 1
1170 2532 169
2222 5447 239
5347 5439 87
3604 2876 136
2724 3154 91
1953 1312 68
726 356 143
2613 902 10
134 160 122
3879 1340 23
1838 4587 111
2224 2593 287
1778 5120 10
257 550 43
339 4667 249
4601 4840 68
1550 1244 204
5061 1041 280
3627 4261 288
4681 4810 9
2993 4450 161
2856 151 72
639 469 249
2004 3337 289
791 5033 134
991 1231 189
3613 358 154
5349 2250 203
2403 73 224
1752 1689 83
5430 4434 141
5162 4462 174
1855 3169 145
30 4981 39
1529 249 96
1444 2948 112
3095 5237 261
397 2332 177
1124 1411 143
182 1252 214
5438 373 187
3450 47 94
602 3798 283
2513 4567 40
2473 4172 79
2104 5171 100
3826 1708 58
1535 3313 9
1735 5142 164
5009 4697 15
906 4317 42
1553 224 202
2831 4099 133
633 1671 232
5320 2899 144
1442 3946 44
4953 2175 257
2864 5247 269
4433 180 109
3936 2229 165
3226 1056 229
2280 4146 272
1375 2806 215
2398 2897 60
767 868 259
2750 2871 230
1575 2808 92
699 4715 97
1803 2546 202
230 4882 7
1263 775 140
421 1894 284
2307 94 206
5177 4628 223
5371 4527 63
3865 559 185
3397 1341 79
2076 3445 30
3316 2422 165
2740 314 262
667 3490 283
1234 1102 166
2609 1830 4
138 2318 150
4322 1474 228
1868 5428 20
3773 1232 276
1693 5478 138
3642 7 52
2278 3809 83
80 1007 74
828 1147 31
4881 4984 250
1851 1354 128
4846 3354 229
5322 3012 296
4166 5215 148
4424 870 91
348 2310 80
1919 605 83
5134 2993 273
3142 1135 76
102 4507 135
4798 1486 192
2487 5172 217
5147 483 194
4152 2681 151
2312 5252 161
4695 1804 218
4239 4633 72
4087 3067 185
1864 2395 44
2828 5173 165
3909 711 241
3476 2337 177
2981 3410 110
4954 2886 179
215 1093 216
1875 2401 154
2521 2990 21
75 2969 163
544 165 215
1657 4751 3
3208 3316 37
292 1074 258
4671 2355 169
5114 2972 104
4298 1663 162
1268 1759 215
2580 5437 262
5075 3991 206
3795 160 182
1455 826 124
1392 5093 199
4037 4756 183
2411 403 230
2876 1350 104
1166 4698 120
1810 4967 210
2529 5369 223
4462 1784 226
3483 1076 91
4296 2968 120
1497 5265 48
4181 3450 66
1965 4744 102
5033 3943 1
3784 3472 201
2691 1692 6
2011 1742 47
2162 4124 271
1502 3744 227
158 952 152
1821 3773 164
3474 4108 111
3929 1062 61
4374 3927 79
5456 2980 223
1767 2206 208
3019 3185 41
1325 711 148
3158 2869 40
2937 3890 99
3015 4254 266
2814 1460 181
3292 135 16
305 3243 79
563 3214 123
1220 2087 204
4315 5126 20
4231 4312 39
340 2013 62
5092 2915 269
4101 4999 133
879 1320 160
2961 3702 175
1272 2852 256
1276 1786 117
1760 4607 65
1801 5221 173
5013 5393 267
4627 4966 120
247 1766 196
3447 1482 91
765 3185 154
2789 3467 98
898 447 108
781 4792 254
1115 1256 241
2061 3661 122
319 4063 241
5008 1875 288
2905 4015 254
1297 2162 207
3724 3063 124
3422 4018 42
4207 3063 65
1423 4721 117
3409 3989 9
2223 3384 86
4540 5262 121
4241 5116 111
1009 1682 115
2244 465 126
2094 5150 33
3839 929 258
4771 4788 286
4123 3287 84
5202 1770 47
1282 5421 41
439 2231 3
2794 4004 287
4048 676 176
4311 4283 120
941 4926 203
3682 1172 286
4984 3302 168
2963 1044 195
2866 3453 203
2252 123 245
320 1958 43
2315 4275 14
33 4001 19
1680 2153 250
1291 4829 43
2816 4619 290
2549 4494 999978505
245 901 184
464 4508 9
4646 5248 295
3651 3019 79
3853 3714 174
4469 2191 9
79 1168 14
2590 3135 37
3058 785 298
3747 2519 54
5363 208 298
4263 3051 278
3348 422 120
4743 3549 277
905 2939 198
4476 2012 166
4612 5447 27
2890 1601 259
2340 4934 42
1198 101 104
4965 1908 169
1623 35 104
3378 3717 209
1697 3610 67
4366 1772 186
4924 1296 44
1572 3934 228
2311 3010 118
2604 3394 118
1382 5366 132
1598 4820 9
401 5031 106
5052 3888 3
3555 1838 280
3220 1859 132
1771 943 998983810
63 4037 85
4471 768 268
2757 4448 120
2345 3661 66
4104 2434 43
2964 4947 218
592 4290 21
1490 4835 187
2566 1484 258
322 329 300
4930 1432 291
4479 1465 273
3546 3406 54
1958 906 139
2716 613 284
4168 313 169
2366 4117 278
1131 1763 294
2715 2213 259
1011 5051 127
3204 1717 119
377 1515 185
1496 3269 78
5332 623 33
1221 748 54
1884 2937 261
3849 2569 8
4805 2932 155
249 3220 81
4226 3790 246
3817 3965 70
2849 3816 201
375 2533 47
316 2210 219
1406 68 259
3025 3527 126
3548 1511 100
2810 1821 144
561 217 64
1119 844 106
302 3640 259
1203 542 29
1141 5071 30
782 921 159
416 1245 91
2378 4553 221
1635 4792 188
4933 2350 234
2465 2630 294
4735 501 288
4189 3001 175
2392 4602 75
3471 4928 99
3190 5441 170
558 882 74
4825 1265 12
5005 4769 102
2358 1897 190
3519 4250 236
321 5019 5
2719 2925 210
1279 2694 105
5432 2792 192
2502 5088 250
1655 1587 120
5379 2211 296
4702 3912 63
169 5368 70
4149 1587 9
1773 4199 69
5123 3345 165
2117 3135 137
3256 921 16
2530 1231 183
4248 1211 298
1499 2554 196
5370 5476 42
3005 5214 96
2570 2108 237
785 587 219
5034 3257 154
4381 3669 151
1492 5364 222
4555 4861 52
3170 3501 4
5192 5297 32
2779 5232 192
4904 3024 103
1199 213 176
786 5017 74
1846 4382 260
856 4252 259
795 631 71
2903 84 135
4800 4338 171
642 2358 297
3323 2525 251
2097 4248 203
2177 678 50
1618 876 77
2888 885 283
3704 2389 221
3943 3967 33
3759 2403 172
5259 3829 236
306 2452 184
467 1277 219
3461 2535 226
5275 4023 206
871 3444 157
150 3213 210
1798 4722 155
1137 1706 91
5048 4347 284
1699 2475 3
250 112 47
1549 2919 172
864 5430 135
1556 3675 203
3070 3938 280
5071 1091 95
1721 671 194
1552 1058 58
1169 2594 194
685 2859 275
1106 1218 134
855 1089 172
3445 5420 282
4699 5055 106
4698 1490 43
3017 3275 61
4546 937 290
4600 2182 81
852 2113 264
4814 2998 288
2711 5001 227
2303 3247 61
4503 3928 222
2122 4344 87
232 203 291
976 2052 170
3122 3511 291
4027 652 63
3982 1803 137
2131 2903 140
2974 1745 299
3339 1409 89
2586 3613 173
3940 3788 252
521 2383 112
4504 3524 41
3620 5008 187
803 924 59
5276 734 12
784 4638 278
4648 4876 104
2027 2705 209
2218 426 133
517 373 250
2844 1769 46
3547 5276 65
1790 3380 138
4899 43 191
3359 4323 214
3779 2540 145
5095 3442 296
2764 982 28
256 5290 121
1989 5047 231
3428 3488 5
4054 3929 225
670 1099 233
2537 307 82
2435 466 9
2687 4240 111
3004 939 286
159 2650 60
1637 2525 160
3565 3695 146
2923 1019 288
2255 4284 242
1425 3171 134
3013 1603 135
931 3697 219
3777 689 187
5378 2440 154
5346 2558 203
3782 657 201
3332 540 187
3331 4625 250
3684 5154 88
1930 2726 199
4955 4963 119
3903 1744 95
5084 1956 140
3530 2021 173
476 5162 227
4127 4543 227
4493 2498 115
4713 4331 130
4978 3597 84
3473 2705 90
3974 3315 182
1589 3794 290
2969 4983 256
1718 2913 56
1435 4633 265
2190 4701 124
4413 755 190
511 2917 34
3531 2366 59
1288 3160 31
2730 2092 85
3850 4770 89
2103 3234 218
36 4974 282
886 1957 152
4808 2534 140
568 1889 67
193 102 15
477 1831 279
3511 2079 276
3325 311 288
4501 2720 31
5070 4999 77
2581 3783 291
4178 1809 6
253 5308 90
1177 5033 135
3448 4724 999993094
3524 3017 278
1155 377 105
4945 2511 247
2332 4644 76
1362 2592 159
229 3087 52
565 1736 12
3968 4897 83
3622 2849 146
2349 1470 240
1596 2172 271
2659 4778 72
1071 4827 245
3818 3481 205
3606 479 192
1567 4165 160
541 2713 66
2448 3500 69
3516 5317 261
3596 208 61
1271 2304 267
2273 1584 272
741 3537 162
1853 69 996532923
2352 582 244
5283 2865 288
2036 5178 238
1538 3137 97
3242 4496 224
5152 4095 263
2982 3041 37
1972 2241 32
3560 5058 83
4541 5196 187
3658 270 224
4872 3849 13
2485 465 8
3012 4708 147
3599 2686 87
5015 3062 71
2808 3795 9
356 4248 145
1187 2089 229
4144 2466 261
1202 3000 110
4210 4268 51
4942 1230 25
1142 4923 262
4004 360 104
2409 1564 199
2571 2556 66
2806 1248 193
1206 4443 47
4116 3336 46
3694 5001 127
3438 4431 235
1286 2543 75
3124 5193 188
5169 4980 72
1407 2557 170
4712 847 51
4691 4841 58
5178 2818 232
3439 2600 168
4516 4228 152
3137 4942 35
50 839 87
5449 189 46
3425 4266 274
2346 2303 206
2600 3446 23
663 742 133
5110 225 148
3327 4675 112
4828 2095 272
380 1702 53
1514 1506 285
5271 1182 194
2644 4093 122
4963 1383 200
5398 2038 220
5242 495 174
4525 2289 181
1303 4855 79
636 447 172
2401 2735 94
4916 1271 128
481 1990 257
2977 5470 224
3755 4278 270
2775 4563 58
4956 1370 250
4581 2286 296
2417 3718 270
4035 3685 92
2949 5359 22
4103 3604 60
4194 1852 249
2628 3970 280
4838 1941 255
4039 2768 14
2374 4529 213
3973 3280 117
4706 2408 256
60 3085 132
9 4669 41
972 3021 256
4494 2415 43
1319 61 129
4834 3305 133
4190 4392 125
810 5420 71
580 3240 98
3408 3146 77
4036 826 235
3039 5336 152
700 1249 182
194 740 91
1835 3582 149
500 4582 224
1521 1726 260
2693 3582 139
827 4285 256
1672 1132 170
4539 4800 206
26 5300 144
1713 3162 281
4417 3554 260
4126 2804 211
5427 697 39
4395 4472 117
1745 4529 251
3357 2987 20
1018 2084 185
648 1284 81
2416 4149 49
2627 1359 53
2144 330 998948972
466 4044 75
1775 3689 26
723 2422 87
3603 3489 36
281 2082 156
731 4301 153
4807 335 149
4085 1063 212
1504 1935 126
813 3933 81
4100 4810 185
2640 106 70
3717 1017 25
1312 5304 251
652 2600 300
3793 2238 85
2226 3220 60
2703 4769 187
5400 1519 106
1570 5346 208
2792 2275 71
2607 3415 34
3644 4530 6
2763 5439 57
3618 1317 136
3601 2881 167
3469 4406 292
1299 576 57
2729 3869 184
5344 4130 135
4914 5452 18
4972 3264 240
3897 5156 167
446 3397 201
5321 3302 124
3482 3491 270
722 3306 258
1509 3289 38
1679 565 276
4502 2392 130
4050 2072 300
3868 1066 49
701 4250 171
5291 782 12
2032 4704 123
4817 4149 269
460 3975 248
3257 5444 83
1542 144 81
162 2856 243
4958 542 80
4390 2618 107
5375 847 262
620 4930 159
1295 3636 277
579 3586 116
3537 719 129
2760 1074 299
3815 1547 137
5260 2312 131
120 4803 25
5053 3897 195
471 5302 14
3804 5006 140
331 4310 170
1594 1501 108
1338 3702 251
2155 2565 10
1047 5084 151
5457 4423 125
1551 185 168
2232 602 72
3614 5216 129
4240 4244 139
3060 1424 139
632 4171 127
4409 3382 209
1469 4284 200
58 4365 48
3510 4414 161
337 1860 77
3993 3329 104
2289 3607 204
649 4145 242
4553 2162 198
2400 3558 268
2070 434 248
327 1715 69
3707 2535 231
4328 2901 199
4508 2672 212
2499 4601 119
3374 773 264
3585 3208 112
3503 3832 241
3321 2577 56
365 3272 44
5164 5089 195
1961 1583 78
3027 4649 297
4626 898 86
4905 875 297
2317 2577 169
2940 15 211
1541 5151 148
2643 4896 1
5156 4287 37
2089 3462 53
1277 3715 142
4181 4266 998488258
2936 4675 101
2857 1165 138
5212 5321 69
2055 4877 296
1793 1671 21
3991 5373 274
3002 53 50
802 679 258
5111 240 297
4009 2496 125
11 1241 192
2511 2592 174
4912 2401 230
5097 1926 236
2008 2247 165
4368 5044 67
3387 5207 61
3895 33 169
3624 3855 273
612 1080 284
1144 4772 161
4361 1289 266
4731 414 128
3874 1801 201
2015 177 59
3410 315 120
1322 4675 188
1669 2174 246
4284 3508 8
4150 5202 119
4923 4671 255
4058 3875 138
3523 978 136
542 567 269
3901 800 250
5093 5092 229
4534 2168 229
1116 1694 140
4459 1323 292
125 1167 28
4633 461 71
3029 5338 2
3552 3531 137
5136 1910 66
4271 2059 217
1456 2148 122
1568 4637 261
519 1860 195
845 1948 52
4837 1268 243
4145 1298 32
188 4082 260
4234 5296 192
2445 2983 83
754 4422 54
3427 400 74
2245 1329 39
1025 279 3
1370 3983 134
3580 2855 110
1659 3797 99
137 4185 156
338 2770 250
2875 1061 201
2536 558 255
2683 2937 156
748 5199 112
3356 1017 3
4795 1300 67
1536 4896 170
2728 2618 235
2354 1350 229
1132 700 102
2189 1519 21
1175 3990 156
3711 3208 117
326 476 265
1607 2063 130
3888 1839 168
2553 690 266
5003 5323 242
4193 534 170
4865 4956 188
1910 3169 47
837 4423 199
3341 4784 163
1347 4642 68
4094 3991 39
3666 4819 49
1785 5273 283
4068 991 297
5006 4345 212
5018 348 183
3536 1962 223
3370 254 258
4119 1377 13
2101 4433 172
2673 1914 277
874 1453 223
357 4515 169
4002 1701 126
806 2322 62
3963 2205 76
5356 483 59
4607 3703 60
4332 839 76
1893 1036 214
126 5276 94
4114 2375 135
4635 4829 22
5200 5320 76
4387 254 99
2119 1304 216
3918 2515 300
5062 539 119
4444 108 258
4995 4518 60
1358 2467 64
4602 880 123
3744 2749 118
953 1432 162
1995 3638 35
2556 1507 273
909 494 271
664 2219 69
3160 1004 47
4219 1477 277
1879 1555 251
5125 3156 260
4452 1732 56
3458 3949 98
5175 1236 114
2443 1171 141
4676 3585 147
5193 4029 159
4295 150 116
1024 4582 34
5010 4847 139
3906 2247 231
1619 1349 188
4966 3884 113
490 1395 163
2594 61 30
2665 4923 58
669 1613 275
839 1134 147
4793 3591 28
764 3861 179
2181 1499 23
2509 3884 20
5059 5082 244
2885 4734 114
5441 1428 207
859 1551 182
4264 5357 243
132 1707 283
1895 353 240
908 1017 209
1105 343 4
5257 2055 80
3967 3942 110
3800 3261 151
3741 59 150
553 2355 116
5185 82 50
123 2068 141
289 2082 93
4066 2549 87
1072 2046 110
3623 5179 171
4320 553 10
3381 4533 162
4172 4087 128
919 5411 170
1959 398 299
3016 1467 48
1034 4957 164
5289 5420 184
1226 5369 77
4907 4234 272
1658 4829 48
1516 531 127
258 2901 259
4925 1202 12
5270 1253 242
2956 965 169
10 3688 23
4262 4015 283
2461 4171 161
2184 2081 228
1162 3360 262
5327 5213 44
2279 3649 34
2889 2520 168
2327 75 199
3767 3757 254
3432 3622 256
2229 4588 238
1918 4719 230
4015 3588 274
492 4920 81
2815 1236 116
5211 1554 67
1161 276 236
4143 2135 281
4567 338 169
1421 490 265
3112 2038 6
1968 3892 31
1343 5303 215
4171 4966 267
4426 2608 152
2050 296 31
4897 4754 39
1429 4764 61
684 1629 268
961 3475 25
1075 391 219
1994 3404 2
3412 1590 72
1266 4604 158
5113 2041 80
2239 3970 198
4122 526 32
2277 2478 35
4132 1270 247
3180 1665 207
1814 4843 227
1687 3891 188
763 3201 208
3240 4 22
1077 1724 134
3716 906 270
4024 2588 283
1412 1750 79
2022 3603 140
3130 3120 41
3712 778 106
214 349 47
1223 5210 44
4674 269 137
1993 2470 238
800 3830 141
3063 3919 146
2120 3253 86
5388 5305 284
1982 3379 230
5422 3251 196
1543 980 70
4018 1383 49
4751 2444 118
1420 4301 45
1422 784 88
3573 1063 145
1354 2266 188
3198 4005 15
2767 2333 33
154 5456 169
1554 1614 167
3376 1995 115
631 70 27
4921 3565 173
4657 1716 176
1215 4011 221
510 3895 57
5022 2576 162
940 4165 160
5442 3464 184
3344 699 226
5055 4761 11
3544 2466 125
7 4943 214
4350 4167 160
5201 4566 4
3612 1597 9
5116 2030 150
4586 792 32
657 2994 197
1311 5198 90
4307 3799 141
1327 2357 174
3700 918 237
3102 3696 281
4214 2880 162
4148 2540 166
5029 4438 291
3748 1059 51
917 3154 277
1498 2745 263
4238 4696 17
4913 1742 162
4675 2062 8
5301 1562 169
2200 4895 282
4091 1385 251
4251 4989 180
1985 3083 221
5405 1091 223
4615 1868 59
2217 3787 153
3347 642 227
5106 5224 146
4215 2324 38
1751 4453 87
3678 4105 215
585 5228 161
1975 1792 211
4192 231 93
1201 3984 174
4339 2443 228
4319 4825 299
3413 442 57
3695 4321 19
1593 5477 15
3000 5146 265
2176 2309 275
3685 1646 3
2001 4784 274
472 4950 238
3441 2673 272
4102 2446 101
1196 4489 32
189 1086 228
3043 4083 51
1033 4162 50
601 1037 210
1003 3433 60
2676 464 99
2922 5295 218
4784 926 254
2088 5276 20
651 1153 67
4359 1605 272
1398 1828 160
934 2564 173
4046 2547 127
2707 1321 186
1384 4605 167
3570 1755 144
4523 561 186
2776 2346 286
1748 1137 200
2573 4593 259
4391 956 99
1334 983 228
3726 2541 22
297 1354 261
3486 1083 102
4111 4012 13
1714 3043 114
2841 3737 128
900 748 262
23 1487 16
2967 3369 176
1683 3428 165
2685 3143 199
3472 2850 49
3250 516 282
656 4520 147
2567 3983 122
766 722 110
4766 984 180
655 4785 236
3829 746 182
5026 4455 265
4756 3185 269
2647 3736 257
115 2792 282
3665 4337 199
1661 4792 102
2350 1340 17
3293 2337 160
2710 2147 168
4115 432 184
1229 2354 139
5074 1603 234
5225 5426 109
3448 3908 92
5424 1691 296
2301 562 124
1955 4522 224
3162 2756 31
1841 2734 89
3835 4664 264
1805 1554 200
4619 1555 144
2285 4626 49
2080 177 260
5186 2960 5
529 4873 282
3959 5399 17
4822 2947 176
3718 3843 252
4975 3462 68
4658 1447 14
1667 1417 177
4726 5460 154
4408 629 76
3282 3120 284
3313 2692 294
1029 1242 211
5328 1328 145
1060 821 42
5051 2728 67
4396 4309 246
3998 3394 66
3653 3268 61
3415 3245 32
2688 3835 1
2833 5102 211
2037 5325 91
5023 3604 266
1336 869 132
2576 210 155
3382 5375 32
3549 1845 26
5342 4071 178
41 2248 203
4820 172 237
3203 2266 18
4117 3792 256
3355 216 190
3265 3918 20
3057 74 44
4983 4938 121
3052 1104 108
4227 1250 65
3053 271 135
2997 4112 247
1349 5059 151
2920 3965 215
1022 1267 39
1015 2029 9
4293 3000 295
4209 2274 290
574 2362 13
1885 2236 267
224 5426 41
933 4637 193
4049 4780 230
4351 1557 116
3028 4299 1
1802 4038 223
59 3555 239
740 3868 250
3433 122 224
6 4846 57
5120 2133 155
5282 1698 293
5373 269 99
1257 4593 75
3646 1 142
4969 2113 196
3001 1916 246
4634 3825 130
4761 2412 169
2316 3725 126
4313 3084 211
1073 779 63
923 5348 31
4802 4684 77
3166 3044 277
4360 41 291
221 2684 91
1904 2242 76
4537 2171 65
3768 1610 228
2797 2719 270
2065 2404 267
5306 1309 38
2225 3873 88
3980 2230 297
2054 4164 240
4815 5344 182
3538 4521 204
4496 4109 115
2281 523 145
4829 4942 90
1826 1255 20
2254 5450 128
61 1881 32
1908 596 261
3108 526 39
4919 4872 51
4069 2425 195
3423 5338 45
2548 1204 177
70 3161 129
1163 760 90
4011 934 175
4763 2655 96
964 5443 72
2158 1712 293
4873 2985 134
3407 2740 259
304 1997 255
4587 3624 213
1675 5007 206
1264 1268 49
4944 5371 150
3733 3967 5
1483 625 36
1341 4293 203
2110 3095 216
4573 4879 194
556 3848 240
1829 912 275
672 2317 27
1620 373 56
4033 4249 197
3677 4280 125
1307 341 136
4421 4535 116
750 476 65
5467 3971 135
3654 4796 203
4425 142 209
5303 2503 74
4057 3484 196
49 2220 145
2535 4581 157
411 2601 202
263 1723 251
1214 2106 47
4477 495 79
4160 4350 140
2804 4773 73
5277 5253 109
5452 1836 254
2960 810 2
680 868 228
644 2823 70
4127 5359 999958165
4454 5356 59
4593 4018 287
2593 381 33
1204 1205 292
2533 4920 299
3730 4958 47
3714 3907 214
5399 700 198
4515 1656 193
1595 2490 185
4985 4659 137
2413 302 110
3416 786 48
4520 1213 287
3778 2164 268
4404 70 51
2623 3497 105
3924 439 86
1090 1006 286
2946 3042 200
99 4120 13
3191 2517 172
988 941 196
3236 4477 117
3431 3513 5
3535 5277 131
2109 2840 175
4001 970 111
240 650 235
1728 4033 221
5376 2343 235
4772 4227 205
654 581 272
4451 2489 12
2030 5357 61
734 2830 233
3586 2215 2
3855 3092 101
5258 4556 286
1809 1390 285
5426 2192 180
4466 4322 195
554 3684 33
72 4157 143
2284 4567 3
4790 2059 249
3911 1705 258
3945 4307 218
1759 812 24
2090 4763 167
3232 1960 288
312 3039 48
2242 3085 134
1796 2443 128
482 25 266
3576 248 115
3638 5069 163
3681 625 297
4887 5339 134
2534 852 231
1127 3259 198
936 5333 148
4029 5126 249
1445 1674 251
2108 4365 280
3896 1524 77
2735 3001 176
2338 3944 283
5081 3431 197
3340 3116 294
4776 309 278
5311 3340 263
2491 3641 62
5107 417 87
4757 1926 54
5227 599 130
847 3105 21
2243 222 243
1493 2738 188
2261 4778 55
376 2616 99
3436 2734 10
3693 3144 43
3119 3748 200
713 2441 76
2945 2361 193
4862 1986 72
17 5198 82
486 3921 276
111 2599 135
4641 5422 183
2695 3104 244
