5085 1 5500
1 3115 347998312
1 3328 620074883
1 3270 773526310
1 5334 149071507
1 3571 352409431
1 3069 74139647
1 3868 707421
1 840 376823954
1 470 441302501
1 4338 266055350
1 4379 849545435
1 2548 641098179
1 4206 721541228
1 4425 998420717
1 2571 413570512
1 5267 120149238
1 4843 231635395
1 5009 625744990
1 218 619642939
1 3071 657582123
1 3646 278230950
1 605 234557663
1 3645 345251507
1 3415 173656804
1 4550 969837682
1 4207 746928490
1 1837 246594703
1 1887 18734325
1 4764 32398609
1 4155 525346248
1 5336 77472570
1 4174 427414244
1 192 888047772
1 4642 956233748
1 4305 254475784
1 2483 157226817
1 3309 794034729
1 3914 119967564
1 4457 268006180
1 2132 731466273
1 2531 328742034
1 2467 633461116
1 2800 402131698
1 3562 202639554
1 3794 60535816
1 2171 348878674
1 643 211257183
1 4578 236297667
1 5174 318269440
1 5075 449919901
1 2107 144618762
1 2327 625292047
1 417 962033823
1 4904 756290835
1 1992 395960088
1 1523 620965055
1 4707 916917736
1 4251 129781767
1 3886 990658160
1 451 569728541
1 3778 424537968
1 3917 763269713
1 2677 225057541
1 4251 736507407
1 5285 396361248
1 3446 25810459
1 4184 92033626
1 4100 281458306
1 4044 977602831
1 2355 376012253
1 2500 15334257
1 441 112975404
1 5352 205352334
1 2818 810401883
1 1844 311851455
1 402 59485410
1 2237 716233297
1 1441 430242639
1 4719 472115257
1 2874 50607295
1 4759 387263084
1 321 455767105
1 1662 476266370
1 4378 345224979
1 4982 811155040
1 3844 433001406
1 1339 424935540
1 3708 229894669
1 3391 599478725
1 4767 456802224
1 4108 546089283
1 4098 862302952
1 4033 115896451
1 4587 772704339
1 911 347029173
1 5056 526032827
1 494 183064262
1 2462 413589197
1 1553 762841944
1 724 670149558
1 3973 334397393
1 4335 5106671
1 2333 266257757
1 4495 24666190
1 5278 13900492
1 1704 950643225
1 642 919370473
1 2600 586267363
1 2751 399762388
1 2380 988923700
1 2732 299601659
1 2928 281416233
1 1045 107122255
1 3627 245905578
1 1249 292681171
1 4131 372368465
1 5340 179427809
1 908 197255822
1 3800 379378626
1 4538 742628614
1 3185 127734287
1 4823 126064665
1 178 274127555
1 2310 552780536
1 3018 377647766
1 4163 748402183
1 2494 502467027
1 2917 893438939
1 1075 274759967
1 2009 489766333
1 1784 538997410
1 771 433764304
1 2579 934759782
1 4534 593357020
1 2278 836608707
1 3888 94367166
1 5363 854847377
1 2780 880531706
1 5089 672319621
1 3213 771233533
1 2778 846275138
1 4945 540643956
1 3139 72752434
1 1600 599110784
1 3238 865148769
1 1964 644381520
1 662 275651928
1 2686 541234531
1 2359 206959294
1 3053 701018375
1 383 152593658
1 2012 758935011
1 4486 913253801
1 2983 842948307
1 4620 703096883
1 4298 714538981
1 3455 880020274
1 2734 596686818
1 2820 603406691
1 1220 675947040
1 1069 732649282
1 5280 393053792
1 2081 244207237
1 86 784168563
1 3699 640354764
1 879 244377198
1 818 261940728
1 4140 983272714
1 5270 418780618
1 37 95748729
1 331 395078904
1 854 61558984
1 2235 985395945
1 3723 47231692
1 5437 353695135
1 2909 444439440
1 2378 197669001
1 1428 756774541
1 335 969104827
1 1871 115167008
1 736 566459618
1 789 473819185
1 4518 273540125
1 2114 461155807
1 5034 145160817
1 3589 78053716
1 3586 583324164
1 68 840597211
1 1398 617406205
1 1085 289670422
1 1076 74041415
1 546 392226471
1 5484 803978569
1 3412 87013068
1 1987 432103152
1 317 722507376
1 452 417875804
1 4937 542371115
1 4271 804525350
1 3203 806024900
1 2929 8170198
1 2725 533271159
1 990 466086158
1 3852 951159020
1 4252 650293087
1 256 268616326
1 4264 199086110
1 5306 613596082
1 2271 357251961
1 2466 176783010
1 963 571878180
1 2383 317870047
1 2684 586931552
1 2897 275397967
1 849 941656698
1 1425 643542999
1 5228 49215957
1 2727 367664893
1 539 318142121
1 3949 710757828
1 3092 434905558
1 5077 322877325
1 2319 921744239
1 905 337225701
1 3784 284710549
1 18 855372190
1 2853 890076888
1 4998 737263598
1 1314 199653664
1 3349 115709406
1 420 676773530
1 1811 310498996
1 1996 845171905
1 5490 352300310
1 4825 709996664
1 1318 574047910
1 105 144395264
1 1633 294706699
1 1588 119921285
1 3 935289363
1 2903 750889914
1 2744 310773211
1 2333 329478304
1 3129 590249813
1 2359 238388413
1 4595 797699446
1 5202 547050022
1 2763 507667279
1 2217 334828874
1 4025 408573805
1 2633 327593834
1 1748 853915228
1 3399 160100569
1 1339 241953303
1 2048 418372321
1 2595 125860296
1 2680 883050801
1 5010 518815023
1 2069 845059878
1 2287 288882628
1 2118 153949908
1 3815 53460501
1 3308 407412128
1 1843 330226193
1 5385 140991716
1 2879 291955249
1 5309 226514764
1 196 250533135
1 3376 230152263
1 2622 840679447
1 1435 556006471
1 5004 543312591
1 741 806764902
1 1433 249777167
1 1707 685662314
1 5079 693822249
1 1782 835586465
1 3427 506883640
1 3270 415591492
1 2495 28430277
1 451 389860193
1 5028 508152200
1 3854 163897158
1 695 412740971
1 4544 429867880
1 4094 940823146
1 4182 959173860
1 3633 820952362
1 454 855224563
1 546 436203302
1 4976 473571248
1 4520 523855362
1 3211 565262904
1 4366 209139981
1 4228 414679380
1 2892 85284381
1 3680 104168869
1 1351 369747711
1 1321 84714329
1 368 97145508
1 2930 185401619
1 299 338409890
1 4225 97881209
1 604 122276561
1 1290 4601094
1 4491 290058575
1 5486 210385084
1 4380 388735973
1 5074 542896357
1 3966 979463991
1 4409 124124842
1 2127 438499825
1 2291 733336342
1 3703 564756857
1 3335 197726121
1 1470 191250824
1 133 359914266
1 3736 443390773
1 3729 848927244
1 3739 34570121
1 5367 946641764
1 14 837719481
1 2872 555448711
1 1642 151216310
1 1760 320281060
1 1488 540025070
1 2670 735394343
1 161 766683383
1 2370 427447424
1 3253 66045438
1 2602 328714460
1 520 585073663
1 539 272332683
1 1664 657868601
1 4209 778944837
1 1182 484972743
1 4706 203983228
1 856 582570256
1 2962 427789758
1 2630 546785068
1 2674 197355745
1 2692 651513300
1 2093 205908112
1 5081 936646269
1 3855 515100285
1 5145 374663287
1 5348 79031208
1 487 940599640
1 3566 949897937
1 5187 784338479
1 2582 120538524
1 3728 650950702
1 2876 319545377
1 792 466997550
1 2898 554283220
1 2494 953160416
1 251 677609735
1 2172 562227469
1 5134 978725639
1 413 448822432
1 2728 585175396
1 4901 605622844
1 3424 801171292
1 4135 187596100
1 3024 17486497
1 857 585584532
1 708 276019221
1 725 855959543
1 5163 219979024
1 3222 945158080
1 3275 62755079
1 1200 702549521
1 1046 133928793
1 3052 48980085
1 105 855729981
1 3310 501721711
1 1381 173034529
1 3194 988445739
1 1106 338609228
1 2924 416292240
1 4369 102512140
1 5003 865827685
1 4995 8718379
1 5264 886176128
1 5134 879493233
1 2766 725291546
1 3001 167832253
1 677 453095548
1 4002 355689054
1 2119 407748008
1 1722 198602760
1 3292 149428117
1 3469 710743651
1 1162 716317147
1 2411 292218507
1 3394 93984013
1 5142 866051530
1 760 1267920
1 1294 874482951
1 839 710883438
1 4997 44948092
1 1545 502150622
1 5427 170092130
1 1924 394046909
1 4661 481641916
1 736 56165265
1 2580 565554318
1 1899 418639469
1 4800 115091908
1 5407 447594641
1 111 792579124
1 482 669007656
1 1726 648081249
1 1373 741995461
1 921 616914924
1 315 38859816
1 2575 847234870
1 2649 889286883
1 531 903520935
1 4115 649483577
1 4822 151330212
1 2271 754521997
1 4063 964157383
1 571 285253011
1 481 872881962
1 2568 392407375
1 5240 439959707
1 2221 578523429
1 4933 782432752
1 258 686116523
1 195 845056212
1 791 209629636
1 4493 911094506
1 1266 92094530
1 3372 83207377
1 1350 870256596
1 5317 971053420
1 3926 220290601
1 4981 179544975
1 5402 168607250
1 4445 581450222
1 403 83652386
1 1980 651995486
1 149 445079878
1 3637 719801625
1 1551 238566076
1 3884 694339143
1 2257 403711726
1 2010 911441405
1 3780 173172393
1 2498 920856038
1 5325 140376776
1 3320 559538601
1 2528 814530388
1 1872 184193456
1 5328 133339664
1 672 378381580
1 277 138319734
1 5358 132871993
1 236 168234082
1 1114 188614444
1 1831 440119946
1 2576 850172940
1 1568 33364466
1 1436 202327023
1 244 241436563
1 5475 759755762
1 3422 550293070
1 4104 314952173
1 2767 639077803
1 3284 794364224
1 1665 588477389
1 1832 30879053
1 3454 505529408
1 2228 85785079
1 1706 525561542
1 994 271673946
1 3710 238975642
1 1519 116324533
1 293 533312738
1 4018 459196885
1 1919 215243228
1 2570 238195357
1 50 603486489
1 291 277730833
1 4501 240890935
1 2895 326590223
1 1118 436104122
1 2577 199025043
1 2772 481486318
1 3217 329122616
1 4547 546214327
1 2772 145047596
1 3451 27043744
1 3858 116069677
1 4831 177922351
1 5407 594153953
1 1581 976909722
1 251 861406035
1 680 212906209
1 3545 540847392
1 5309 713326854
1 1916 438831862
1 3884 714237
1 5230 311128073
1 2034 503152642
1 736 831551386
1 1391 959203010
1 1691 751383094
1 4510 30040983
1 1715 280884458
1 5372 186726626
1 3988 527816988
1 172 583690961
1 3877 916549708
1 5101 405441072
1 230 763469374
1 3986 370597377
1 2270 315431278
1 3308 732870146
1 1343 338947168
1 1096 767007883
1 2404 31537114
1 696 322800186
1 1280 855809553
1 4004 259096279
1 1775 826293969
1 5377 987615814
1 3906 427056317
1 298 217593982
1 811 781491526
1 737 241222536
1 5287 667492014
1 4715 868994891
1 308 700454733
1 3264 304420672
1 1485 738320944
1 4623 187110356
1 3479 882328061
1 1500 849531606
1 3760 815825860
1 3378 298719876
1 1342 910039697
1 5079 757093198
1 5079 343578209
1 5148 906477973
1 4879 92959793
1 303 445230530
1 4958 399922005
1 3594 964541071
1 5395 91468691
1 3018 438887280
1 299 621223091
1 392 184912333
1 5135 345194676
1 1372 730970819
1 1320 572183035
1 414 929767851
1 450 847026311
1 3718 501605804
1 4440 243048963
1 1500 349493349
1 4940 161367826
1 3420 343828569
1 5203 108915443
1 125 232416673
1 886 943190141
1 3735 274125837
1 3744 968480284
1 3433 27712308
1 1913 749943249
1 1598 663664816
1 5331 64722541
1 3094 858185594
1 735 186564031
1 2408 30770523
1 4674 251505051
1 48 289346744
1 5151 708186370
1 3422 363650434
1 1836 251876199
1 5299 551468908
1 3287 380441611
1 3376 480419150
1 4203 450138250
1 5165 162149976
1 4000 159302483
1 3434 230400575
1 5256 83262004
1 4495 831916799
1 1403 174721741
1 4281 92532158
1 3956 948640112
1 799 961607862
1 5214 931576651
1 981 327675319
1 5373 367177099
1 480 606083604
1 3686 450967390
1 3724 401849224
1 2530 459640426
1 1529 366995510
1 1003 277547385
1 2552 328848372
1 5019 214233044
1 5340 454442100
1 832 213599884
1 32 14930266
1 401 735273173
1 64 417157820
1 2537 996786842
1 3046 862502412
1 1111 722650139
1 1951 494489732
1 1457 153067630
1 2142 886808564
1 264 878927184
1 5263 967808668
1 4347 950712584
1 4123 118840758
1 2806 675464535
1 207 418643549
1 3784 335921978
1 4658 175385375
1 268 207455465
1 4620 400373978
1 2282 158828354
1 693 652741985
1 1228 376032899
1 4242 988698128
1 2368 613796556
1 5442 282751811
1 5378 587187330
1 2072 708808573
1 1709 307808018
1 962 856086254
1 2648 383177255
1 4040 650198134
1 1551 168133467
1 4214 809398629
1 2071 482056578
1 3064 1587902
1 3449 764630507
1 145 15864543
1 2950 428639409
1 230 206567568
1 579 269353505
1 4599 264421756
1 2863 725084070
1 107 769397324
1 2937 124023958
1 1143 332370105
1 472 120241275
1 1152 165868576
1 3466 386859203
1 500 120855445
1 92 874862426
1 1263 783194765
1 4241 99541948
1 4988 929569892
1 4280 247821691
1 5454 358482830
1 5261 24724261
1 1708 268827289
1 5401 645398212
1 4159 859959366
1 4500 826096049
1 5272 933325737
1 3853 454770503
1 1265 667103403
1 3092 364680430
1 1611 23461251
1 5477 864641955
1 5337 21112959
1 4281 66107489
1 2541 345140003
1 747 958488962
1 810 119140813
1 4307 797726542
1 3692 283846131
1 5077 643253760
1 3169 720996850
1 4137 927078822
1 189 634987339
1 4319 317791769
1 3322 681015278
1 806 221534839
1 323 926367528
1 1756 296115247
1 2501 741591830
1 5279 9406966
1 4454 172309254
1 5165 403012308
1 5054 379891623
1 2686 468072085
1 1335 487452619
1 2850 489310093
1 2579 872678941
1 2745 499673909
1 5355 438007683
1 4010 937985795
1 4127 749654772
1 309 177371079
1 4213 901536544
1 35 260201795
1 618 283863596
1 4357 321207532
1 1680 782124728
1 4439 334224766
1 4459 733160626
1 484 320854215
1 3365 278764137
1 4462 231954940
1 3881 895388652
1 2413 260498243
1 3810 255126415
1 1842 303973621
1 1001 19919923
1 2567 423390337
1 976 727944177
1 2694 523291986
1 635 979492147
1 1084 967856281
1 3633 926265764
1 4681 500565800
1 2974 407665575
1 731 512326002
1 431 476958571
1 3122 467851719
1 1851 63510570
1 4055 102392841
1 1701 718669781
1 2539 996232862
1 1471 189290883
1 1911 273666742
1 4912 205123956
1 182 610197544
1 4077 219735226
1 4624 67868160
1 608 13815372
1 2588 646518384
1 2669 110223392
1 343 355198594
1 1540 572005712
1 2845 208365363
1 480 43462128
1 3651 372405207
1 3461 345855560
1 1662 560294380
1 2368 792252723
1 4155 168985329
1 3945 273926802
1 1036 134096017
1 232 197795527
1 4379 423337504
1 577 882422927
1 625 63879513
1 3073 795300037
1 1531 483049954
1 2603 559834141
1 4753 64143130
1 757 623465020
1 4594 306156150
1 3012 774229170
1 5201 790570206
1 711 716034414
1 4769 340942367
1 4207 978427476
1 1023 168961628
1 1482 127906074
1 5134 475902372
1 3035 104242113
1 3582 206483471
1 3008 57360467
1 391 300352907
1 2815 115367416
1 2864 340246689
1 1812 451400762
1 54 996631773
1 4859 94488173
1 3280 14405428
1 4255 882108449
1 1760 187754858
1 689 399130620
1 1913 142104387
1 1171 610092624
1 4769 321502878
1 4538 320393065
1 1321 65287182
1 2760 841531226
1 4159 866289455
1 5359 82785562
1 2870 351631989
1 429 134491111
1 3890 364864275
1 529 623901154
1 4194 697367129
1 5398 803157280
1 1917 375215935
1 3195 21833409
1 4380 412339377
1 4447 118078266
1 5064 589564942
1 3814 102520883
1 5275 849113417
1 1810 356921480
1 449 388580113
1 281 56665599
1 932 421856092
1 3678 955977833
1 22 181216104
1 37 83354034
1 2694 478146456
1 3815 5966232
1 4011 429313495
1 447 966187071
1 1769 131358237
1 844 830060819
1 16 432452196
1 2949 109030156
1 491 546608915
1 849 943009752
1 2851 959607799
1 2971 906727438
1 2645 377027259
1 3491 937727555
1 3547 248359958
1 2512 410109453
1 5345 922440066
1 5028 260719018
1 5360 16885912
1 4998 917528015
1 1975 456718465
1 1038 234485251
1 4554 44960096
1 3192 549970681
1 1836 463841456
1 1886 631015237
1 2290 445726471
1 4838 986042524
1 4849 734105406
1 957 357960633
1 829 654582801
1 791 452202886
1 5360 945545353
1 3412 289078494
1 4942 492065131
1 1167 989698501
1 1987 592857479
1 1141 130440538
1 1453 650236169
1 3106 628036294
1 1828 474219634
1 2853 648319258
1 4600 640916417
1 4740 669936462
1 3337 620617284
1 967 382920533
1 2746 908328546
1 525 116068505
1 5360 192975750
1 3896 427378728
1 506 155873596
1 2056 945045641
1 3344 234503668
1 3406 273833331
1 3172 860343300
1 2002 633706796
1 3979 570685529
1 5014 116390645
1 4694 757485691
1 4220 969797197
1 535 235725717
1 3764 228607386
1 1240 897465538
1 4557 228067409
1 2843 12822485
1 3114 374743608
1 2715 527574375
1 3319 740684009
1 2532 923008205
1 4027 68589173
1 839 87572935
1 1885 53562163
1 1213 667245891
1 3166 187125203
1 3047 962448934
1 1544 375552592
1 2646 280149873
1 5168 288028351
1 1128 799920065
1 5373 155658092
1 4637 276895739
1 191 771893664
1 373 505877925
1 4374 841704628
1 1963 93020314
1 1773 902986115
1 720 204939108
1 3886 375844656
1 5022 199409169
1 1113 149720441
1 2650 523784432
1 615 917218867
1 1143 884381663
1 1260 470453494
1 4150 104919543
1 3021 527446089
1 2660 728646033
1 1854 613716164
1 3966 632621525
1 1459 567835533
1 1196 49045285
1 2563 573047605
1 1405 800684896
1 3581 107738274
1 3670 958432097
1 2820 160908036
1 3475 480667672
1 3462 153295982
1 4521 865120271
1 4617 885262610
1 2481 626895640
1 2722 579064179
1 1824 468932388
1 138 171538944
1 2575 986558167
1 1470 342697338
1 814 957076628
1 1406 786494898
1 4898 123723731
1 3607 222806717
1 2180 550482774
1 2075 888546402
1 3250 57860586
1 5439 744690420
1 4740 190157674
1 1644 982813988
1 2293 219795346
1 1895 883970539
1 2513 883674818
1 2355 718937110
1 282 68595638
1 1447 39755817
1 3178 967895280
1 3082 844267776
1 4680 853618456
1 4140 264330827
1 4526 533921981
1 4840 137508730
1 4683 155509672
1 2783 43177179
1 5455 349128095
1 1759 221986685
1 3160 217782309
1 5210 183833011
1 27 104766404
1 2193 116870122
1 2146 394926329
1 2448 339597620
1 1512 42874277
1 4368 347113301
1 3703 770047017
1 3851 38180561
1 2201 970364709
1 112 386884161
1 3791 366000752
1 4269 692874354
1 5035 492570399
1 3667 274565581
1 2627 666899492
1 2804 532025025
1 3517 671866951
1 215 183648417
1 392 314586622
1 1646 910828594
1 3818 354541920
1 3261 936117511
1 5390 961892717
1 2068 202747742
1 3441 382514137
1 2440 989391832
1 1489 519273068
1 1640 546612406
1 965 962348794
1 3023 441295363
1 4103 565900305
1 4862 87980410
1 2640 54350750
1 2390 782852909
1 4210 85497316
1 628 983904286
1 5132 16818237
1 4087 1270742
1 4395 977857006
1 2062 79146044
1 1325 165483333
1 1196 44481809
1 4890 356587998
1 1167 173573116
1 5103 598634497
1 4391 808597669
1 1664 120163311
1 4005 860370640
1 4636 442003580
1 2828 511962977
1 4304 126198637
1 5281 326997558
1 243 879949928
1 4683 442390966
1 3771 646151259
1 3063 439090671
1 3795 793716021
1 1077 135769217
1 2955 219776894
1 4746 852452520
1 5017 778465705
1 199 287510895
1 4936 752406776
1 510 616832886
1 3541 728510466
1 1361 55593851
1 2164 790939388
1 1161 407294639
1 4038 587410430
1 2173 884686607
1 962 965697301
1 3573 601419082
1 726 795553480
1 1967 285371181
1 3500 174109836
1 2875 515463044
1 5345 917169728
1 78 248393135
1 4515 510084259
1 2132 50032033
1 1799 225747826
1 2869 647717496
1 5463 780219840
1 5253 200884145
1 3527 456536193
1 1985 318732631
1 4782 361763679
1 1106 233020025
1 3170 204204684
1 4381 252025019
1 4133 656892112
1 3541 683694950
1 4241 243214798
1 5330 5403265
1 3621 168190505
1 751 87526147
1 1733 290334525
1 3755 311814524
1 2665 992561396
1 2819 996750651
1 4330 758157348
1 847 213163483
1 4277 988283904
1 4573 670743521
1 3951 361641130
1 867 72661538
1 3280 40916830
1 4817 28269861
1 3820 269818734
1 4045 67918291
1 798 180832304
1 479 231530270
1 1298 7229081
1 3986 309137600
1 3904 660590357
1 3788 55853373
1 5338 178996914
1 3335 778295468
1 2268 300003341
1 946 15144382
1 3055 327583612
1 1432 494039408
1 1796 747957199
1 1787 483160056
1 5452 152355289
1 3232 158803512
1 3094 119367409
1 4889 484302685
1 311 608796194
1 4823 296524882
1 1331 559430005
1 353 581088205
1 1279 565056743
1 488 609947964
1 4501 419388453
1 1464 351391635
1 32 405843286
1 3192 60326609
1 3695 935683496
1 1122 757200827
1 4969 372504340
1 4237 833828497
1 4056 757784062
1 4631 576527372
1 5218 340082253
1 3256 729485379
1 4853 591544731
1 3799 496833124
1 2796 823378654
1 4506 389844741
1 2985 685824642
1 2249 488922524
1 592 7874217
1 3165 268589647
1 3306 794779856
1 2814 397554180
1 1261 262675611
1 1684 310270270
1 441 973776286
1 2072 754472362
1 4804 947486256
1 738 984785681
1 2138 193489522
1 1906 551475188
1 4971 673853643
1 687 274381284
1 1654 404303923
1 631 916603499
1 3318 920953930
1 298 159943841
1 1659 903719944
1 928 999914691
1 607 409015014
1 5424 674076367
1 5294 935808717
1 3778 652971839
1 292 671720666
1 948 427263827
1 4206 188052865
1 2169 841034224
1 110 6362528
1 4136 829755833
1 3388 320694351
1 1108 882692101
1 5211 52151797
1 3183 928671806
1 1022 333801149
1 1501 715204335
1 1769 443780180
1 1861 487239845
1 4403 545678273
1 2830 923360054
1 4319 3830041
1 5405 222856669
1 806 983997314
1 1730 492013445
1 4723 226668650
1 1270 808194078
1 4005 76063724
1 3978 437983746
1 1617 719979691
1 3108 977723426
1 2738 494923580
1 1201 31926066
1 5464 544375420
1 4128 899995523
1 2286 951486788
1 4860 751453891
1 355 72317709
1 4071 91739355
1 3093 422593213
1 1632 82136317
1 4105 125382824
1 4514 84822124
1 691 947473827
1 2757 145535135
1 2336 485503602
1 3781 523187365
1 1819 306315780
1 4589 484195665
1 1922 348394177
1 4861 192899176
1 4072 935328411
1 4733 153058767
1 49 234419367
1 773 836526330
1 5280 684976437
1 1251 215026094
1 3729 851863248
1 3820 445667869
1 3226 215133624
1 678 398450869
1 1581 325651828
1 4102 52299173
1 5359 351231840
1 2261 431081851
1 4461 26673854
1 3759 42018663
1 3319 556885169
1 2199 987706440
1 5298 270639204
1 1148 86474157
1 4403 108259732
1 405 592349736
1 1309 682225603
1 5066 755327782
1 1907 352084711
1 3632 361680295
1 5428 100193559
1 5092 930152308
1 2124 393296342
1 3606 689579909
1 3065 501524626
1 4861 235462014
1 690 794882927
1 2380 407509016
1 922 205093166
1 3045 272594184
1 1637 494399277
1 2990 268078997
1 2985 999824061
1 555 822051449
1 4644 729070594
1 402 260423313
1 1452 821396580
1 1064 158691125
1 2079 881126152
1 3602 167043723
1 737 458244879
1 1507 49547214
1 4411 327988688
1 5196 933368564
1 1121 904875316
1 316 127628581
1 1245 156844534
1 1181 434850020
1 669 741395619
1 4906 205853993
1 1524 325147330
1 2817 379658816
1 961 260875336
1 3487 971415259
1 3525 411234943
1 3728 983542581
1 3470 691531297
1 3782 705245853
1 452 88811701
1 3548 80422983
1 5242 210773609
1 1930 939915084
1 5420 793976919
1 809 878515605
1 3939 230802869
1 4163 144744320
1 4841 746484488
1 2506 841726080
1 2581 51703620
1 3188 460798916
1 804 445176555
1 2440 578518006
1 4798 687276129
1 47 813460057
1 3110 176309275
1 2950 298563163
1 3306 944500936
1 1988 628821502
1 4576 465963522
1 2283 164935568
1 4274 678953371
1 3448 689675918
1 3709 384643471
1 4897 677615629
1 1865 200309026
1 5220 985252474
1 3748 396904464
1 4058 927573569
1 3518 318633226
1 710 400578528
1 2931 39558799
1 644 142400243
1 2607 473699914
1 4105 498262172
1 4521 177310903
1 4974 884098041
1 1659 104288534
1 1633 142611734
1 4833 234253877
1 3500 431959564
1 1914 25200843
1 1566 977487430
1 2667 495979579
1 755 420917001
1 5397 627841757
1 2796 216699934
1 1713 68296056
1 2699 671017884
1 1530 307893633
1 940 830930812
1 2787 176623051
1 1671 48844139
1 2762 45150725
1 1316 98376195
1 1810 789485118
1 8 484988766
1 1710 107751826
1 684 988740762
1 2389 880115595
1 310 17889195
1 4747 873903959
1 1191 496169664
1 782 602723945
1 1738 532321408
1 586 240707087
1 231 713035127
1 3127 198365736
1 4883 599527614
1 3259 991868629
1 1223 495157751
1 296 903069256
1 2552 110313478
1 1351 71925668
1 2527 45164562
1 1490 898544460
1 1911 627040572
1 1614 41809038
1 4144 507696689
1 1216 48654347
1 87 181880318
1 2517 746495320
1 3324 458811705
1 5105 819544046
1 4097 293292833
1 5344 727200944
1 5480 785991008
1 4007 212063095
1 2576 41681139
1 1422 376217404
1 51 656536999
1 193 471776940
1 1649 516849269
1 1567 84301186
1 1689 297523372
1 4576 501149620
1 4937 20267707
1 2497 789306876
1 2498 747391102
1 3136 207934333
1 769 417837421
1 1638 618575615
1 2774 779232374
1 891 33903293
1 3421 795498128
1 1472 604349038
1 4465 327618198
1 3975 707058909
1 5030 23739017
1 3097 859033737
1 3728 501202188
1 1264 851430001
1 798 695604026
1 3428 712071997
1 4157 714142438
1 3059 787787514
1 1325 202076983
1 2127 692307077
1 2474 812116310
1 168 952915489
1 1753 190074757
1 2512 642995137
1 2742 855941651
1 2018 219495736
1 5194 467286615
1 3088 804463108
1 5450 757143748
1 4160 611797479
1 647 120644959
1 658 842955999
1 2050 182690131
1 1002 96669670
1 2547 440738868
1 1580 513998723
1 130 257848958
1 3345 242688408
1 810 997636178
1 3308 96482328
1 4817 374505761
1 466 887528603
1 906 44626933
1 2877 228734504
1 4426 764641417
1 3090 145741141
1 3433 886159470
1 427 388987014
1 2938 269781679
1 2505 283994260
1 2623 663884741
1 2563 996162254
1 526 472065036
1 5406 449719219
1 3449 285936346
1 267 463461773
1 4739 337705059
1 486 437244556
1 4984 328156075
1 2153 596465159
1 360 460831981
1 1710 275713881
1 568 485132548
1 1831 287345144
1 1855 470707334
1 1981 979814493
1 13 113753400
1 1133 59489560
1 3284 47967913
1 2573 151110303
1 4950 333544141
1 4715 943746790
1 2076 190500804
1 126 265316987
1 1603 210998314
1 3319 54658292
1 3593 415195896
1 4631 473692415
1 2103 26211971
1 5449 560067343
1 2432 207169294
1 1685 20728434
1 125 294930417
1 2669 364155539
1 591 364699575
1 4961 741009823
1 3830 705853637
1 1525 541054307
1 3948 458063112
1 2404 151244911
1 1274 701491090
1 1219 60265016
1 2310 67522339
1 2776 14086277
1 4171 806879208
1 1386 442326601
1 4962 678786163
1 1155 390686048
1 65 205908918
1 3915 153818333
1 4892 612698301
1 2063 532075058
1 5363 822040883
1 174 480002130
1 4911 669665775
1 3440 400012042
1 2365 184015043
1 3553 916694186
1 185 484778747
1 3802 936397668
1 1478 940277841
1 3665 754162059
1 4112 9032971
1 337 990801665
1 487 313389957
1 809 440190686
1 3862 232990169
1 3634 684075518
1 2497 540078841
1 3500 421904207
1 2931 670560368
1 5169 472180232
1 2245 987177011
1 3917 881332233
1 1564 567602761
1 241 911943317
1 4530 611163813
1 4413 793507501
1 655 139499557
1 4935 628108258
1 998 545341971
1 200 673690462
1 1624 208615112
1 5225 78755831
1 1999 126740974
1 4522 417367433
1 3174 942146722
1 625 863589645
1 5200 383651217
1 5294 773752093
1 2229 114579786
1 3411 723233193
1 107 23180487
1 1225 213182154
1 723 946390637
1 714 500865863
1 2868 436498435
1 208 108210402
1 5300 523340793
1 4145 610212378
1 2176 351179127
1 2779 155792117
1 1241 1401746
1 5398 768836915
1 676 45723826
1 1930 72423151
1 4209 192712040
1 4862 931894236
1 3668 988301951
1 2790 268820883
1 4103 955583291
1 1621 739524666
1 5186 569837028
1 2349 164796041
1 331 926557395
1 3930 321320682
1 3157 342589782
1 3425 885610476
1 5243 105271439
1 5339 159607915
1 2829 878513153
1 3458 354908133
1 4277 550820120
1 1016 577077655
1 5109 236721218
1 4336 140277879
1 3278 599329080
1 516 184161833
1 3425 474067454
1 4237 649852483
1 5266 458334553
1 2557 582059097
1 4204 617967177
1 2940 263474700
1 670 475802193
1 4545 779012887
1 4618 838888589
1 1303 760689540
1 96 301657659
1 2773 655469857
1 1456 321127907
1 5290 28994737
1 1888 415459244
1 4883 215308250
1 1395 540371986
1 3220 66945368
1 4168 938688140
1 5421 323936868
1 1992 167930189
1 875 97550458
1 2249 852359581
1 3544 981355872
1 3837 414389598
1 4507 728450075
1 3674 126469497
1 2143 48459642
1 4442 869327358
1 4230 158356403
1 4001 320321013
1 2903 586929998
1 4092 953468492
1 4525 168963409
1 5421 266385190
1 555 19927519
1 4105 849491315
1 4567 698978374
1 3065 940281562
1 4668 564206681
1 1891 225176296
1 1410 506197009
1 4972 400110410
1 3055 988698541
1 4764 980490927
1 4024 163723897
1 235 483717985
1 1113 765113360
1 2943 235324847
1 1511 766143009
1 2918 960904743
1 5383 251620673
1 4674 107014064
1 2312 120853579
1 4035 77888422
1 1129 884911564
1 4700 265503104
1 3026 478177451
1 2388 57364547
1 4214 15074085
1 3291 358955691
1 3238 673182119
1 1060 39024545
1 2910 17638009
1 569 850210322
1 4874 959777534
1 1886 453594033
1 663 160071187
1 5140 937256765
1 2540 715005597
1 1266 320854158
1 1690 595202637
1 2407 557035545
1 1990 315483799
1 306 957093054
1 2137 352974864
1 5189 637313863
1 3546 552564870
1 3335 910835513
1 2949 304453484
1 3149 441710905
1 4322 570804499
1 1451 307989557
1 3376 489614807
1 2158 369702876
1 5154 444423149
1 2227 293376347
1 1770 742844646
1 2965 650776543
1 1305 13911053
1 255 411602491
1 3002 62627877
1 3752 846570179
1 3112 842066187
1 802 571435813
1 2929 471214588
1 1194 337467361
1 1294 13253751
1 1531 310605026
1 2141 683072406
1 105 31024622
1 1619 668655838
1 5061 801857607
1 825 839921348
1 223 70737999
1 61 495211337
1 3532 745907921
1 2773 492274316
1 3519 137895988
1 4610 439535890
1 4001 190251809
1 2159 963259254
1 2809 649737989
1 3284 24179404
1 569 559935933
1 5310 195519841
1 455 918480962
1 2290 935854194
1 533 558930789
1 1618 928630496
1 566 663737074
1 2089 237050131
1 2039 811799673
1 2290 187919864
1 2388 35246110
1 1715 837863176
1 5320 842520793
1 525 503949331
1 4822 383441949
1 2655 502315585
1 2901 729176678
1 3892 424866979
1 504 287847464
1 352 680337482
1 1610 519250619
1 917 899676950
1 3066 406104926
1 1825 937857061
1 431 822108820
1 3856 850386875
1 58 339829347
1 5404 804670284
1 2885 942489671
1 3834 750942989
1 3158 843391685
1 1215 133538210
1 3356 967830087
1 3979 75572384
1 3287 352858821
1 3065 739187240
1 1212 152669876
1 1535 678630786
1 3899 42328711
1 3497 893006683
1 488 10986876
1 758 621932053
1 1796 102260527
1 607 282028179
1 3862 955883288
1 3169 849276207
1 1003 695606695
1 2821 710187550
1 2149 77005604
1 3157 422021883
1 1722 866949325
1 4869 745723065
1 4042 925943706
1 2777 293592745
1 5407 306209101
1 4744 77830421
1 579 731176995
1 3742 362783200
1 4371 990825043
1 3271 970140993
1 3450 501970365
1 892 368973675
1 4377 655154165
1 1114 817233521
1 568 24534159
1 3841 147736887
1 4141 718351177
1 4143 15832008
1 1011 611535229
1 203 647085300
1 4974 9124991
1 1499 120416387
1 3552 997743477
1 2560 836537831
1 978 851951260
1 1225 662529478
1 558 215706249
1 2456 418593328
1 4634 349325580
1 3745 12175196
1 2415 13002928
1 4312 637137226
1 959 941906630
1 3607 41591721
1 2109 687427820
1 2023 143487576
1 2668 333062291
1 2395 766981165
1 2292 576112552
1 736 970041402
1 5010 734646966
1 145 492791122
1 73 931458092
1 4716 935093216
1 2509 261306101
1 668 586775004
1 5076 109176407
1 4146 195280156
1 3966 245483079
1 4484 307284316
1 3199 285219242
1 297 41748487
1 3053 461209013
1 518 853707794
1 155 981371151
1 5287 107543564
1 2001 18428016
1 123 643646941
1 1595 291197313
1 1859 69035034
1 1171 239955019
1 706 310486340
1 2454 850047377
1 2885 182597388
1 504 621295747
1 840 315578583
1 3783 415556005
1 1779 69791867
1 456 567022402
1 273 808924364
1 5340 663625601
1 1300 99208360
1 4920 841020376
1 3494 441908511
1 3681 476092632
1 356 266364631
1 3637 93509618
1 257 121363688
1 3751 309164114
1 4977 190244344
1 2030 166722243
1 3173 126133813
1 152 160742918
1 289 326411677
1 1263 863476066
1 99 246927982
1 3002 206572407
1 2537 681493301
1 959 152842605
1 1955 542923407
1 3255 428343936
1 954 689606313
1 2950 957860422
1 4250 157628535
1 1964 205524385
1 593 488609569
1 5189 705056271
1 466 635816892
1 109 905805104
1 3460 610646440
1 3816 495422402
1 613 48852093
1 4224 290353956
1 3226 918757841
1 4043 273535001
1 4293 804925304
1 5263 541145473
1 1180 138779942
1 7 591735248
1 4674 277484468
1 289 550986511
1 385 355320060
1 3186 325484854
1 2931 714988869
1 1850 535044652
1 4027 670289375
1 2330 429663916
1 869 598457012
1 4348 383731562
1 1282 583167076
1 4592 18719504
1 5416 68312470
1 5067 333242737
1 4099 616371766
1 4781 233349190
1 1128 647221916
1 4816 262019094
1 1551 466226373
1 1483 186395345
1 3856 423151020
1 3599 470419616
1 1746 700162086
1 1998 744221848
1 5494 193041664
1 4101 71720966
1 3163 271038910
1 3774 407826453
1 2562 97362721
1 1739 168503101
1 3945 325272409
1 1796 995071712
1 22 884857842
1 2271 621995234
1 2562 814568507
1 4293 241487345
1 864 757794666
1 2489 958844307
1 878 755559962
1 1491 14527160
1 655 821020221
1 4266 841671233
1 674 742211453
1 3070 454417251
1 1413 942731288
1 2208 939308662
1 4413 810170523
1 1000 133025647
1 1769 875586563
1 1206 384116570
1 3564 990248126
1 2525 572522386
1 4908 730831241
1 5322 174574860
1 1621 502676410
1 3905 561810005
1 3293 399391718
1 2225 561453619
1 4020 391628132
1 5332 120859986
1 5106 58246016
1 3204 939417989
1 3878 752593121
1 4593 217931366
1 3130 654271208
1 529 526232704
1 912 302565155
1 3985 885633211
1 3166 783858195
1 941 68406718
1 3419 178207794
1 1298 562709713
1 5435 130906118
1 5214 885169423
1 1968 42096745
1 4211 966579904
1 1855 100938736
1 3889 135095904
1 2797 39746292
1 3544 594815907
1 3198 499214821
1 1401 271082587
1 5203 40715086
1 1490 797469433
1 3185 258026389
1 1776 849038753
1 4196 819560665
1 2082 47594900
1 1777 844495701
1 988 680120511
1 315 802340929
1 3074 784526816
1 3827 630896175
1 3165 722474817
1 3635 338939713
1 112 281901468
1 1653 16947111
1 407 536620151
1 5011 414425444
1 2734 502830024
1 199 673502101
1 1166 44698556
1 351 746091134
1 2271 126286606
1 4775 76762005
1 1725 215878052
1 40 365543251
1 426 885656225
1 392 121052548
1 5474 83406057
1 1003 844094897
1 2180 116675770
1 2900 50351423
1 1408 976579505
1 1672 288312264
1 2384 382839193
1 2462 274347895
1 267 954369159
1 4180 362706113
1 2143 931622148
1 2648 287350302
1 4656 47397804
1 1391 410054897
1 2530 197487081
1 4761 339235239
1 4360 258256716
1 591 396770306
1 2601 18737388
1 564 445532438
1 2044 32532027
1 1000 226985124
1 2240 86028662
1 70 257801902
1 3991 888589031
1 1722 94940609
1 3117 126226991
1 4206 549098180
1 3469 940112411
1 4309 849277615
1 2541 425145397
1 3179 110546537
1 3331 553596328
1 3848 12697837
1 3747 231323304
1 663 964545463
1 3780 245837416
1 2307 68733817
1 4088 303969275
1 3888 24615936
1 1616 743683211
1 2654 518167842
1 5143 69458321
1 929 522777031
1 152 81542646
1 4056 85219972
1 4836 807563408
1 3677 479174713
1 3898 877617125
1 3737 47021894
1 785 921237592
1 4512 737441268
1 497 987311814
1 3525 429020432
1 1733 424455105
1 3879 288177049
1 214 960010565
1 256 276650900
1 361 155233227
1 3493 938841047
1 4677 910389224
1 2020 53873210
1 600 418864034
1 5441 337495456
1 5262 460429245
1 5107 582992985
1 320 18227821
1 5089 90475918
1 135 963383098
1 5144 62173742
1 3898 477820520
1 4397 66205259
1 5200 150839817
1 5066 140054768
1 4429 520882063
1 199 294655592
1 1159 826449088
1 3131 966161719
1 419 888591321
1 4167 52280001
1 2660 345944477
1 2684 86374550
1 2926 545059550
1 1633 650506173
1 4388 100270759
1 746 183135539
1 1531 226880089
1 1352 442228113
1 1955 532628046
1 2860 937850272
1 4631 405139891
1 3833 825052407
1 1146 798108347
1 1399 145533231
1 1932 642437125
1 4659 630199997
1 474 815310179
1 5350 607740051
1 1171 609670299
1 5433 590497528
1 2763 419740189
1 3388 75815660
1 1516 519501807
1 3178 581855136
1 5389 512026663
1 3660 918785353
1 4344 180493899
1 144 742873441
1 3996 257878187
1 1615 55957828
1 4069 972503602
1 3317 858192797
1 4654 140526718
1 3987 981717194
1 5224 302651011
1 1758 679156180
1 5442 465625625
1 4591 548506753
1 2436 70198936
1 5269 563723706
1 4289 375006948
1 5141 195749592
1 3819 201170731
1 3679 212265994
1 3310 60951994
1 4787 784688032
1 2580 889082248
1 322 561886401
1 258 633002232
1 498 466628603
1 3452 470973016
1 547 951212993
1 2495 182391394
1 2289 121181432
1 1282 580188069
1 5319 322807583
1 4497 643164111
1 3057 820201128
1 3650 142617656
1 4108 896223163
1 2432 997405318
1 4596 109261906
1 1503 804635466
1 2059 886247764
1 941 323315693
1 1564 780100718
1 3969 829028447
1 5332 456693664
1 2250 720095407
1 1623 1383737
1 3852 760363834
1 3490 705365285
1 1064 957771642
1 2209 181159987
1 956 728308845
1 2074 724255112
1 4949 759310374
1 745 117952540
1 2584 568798004
1 5123 125712133
1 2618 954592701
1 3286 153753295
1 4164 534953601
1 5023 56513653
1 4139 316339560
1 5265 54221231
1 4870 112595958
1 1445 155982160
1 2846 132022088
1 4462 956557675
1 2731 706428240
1 827 683843833
1 1082 518420564
1 1862 817286606
1 1542 718170129
1 470 68647706
1 4898 696590363
1 3168 205814433
1 1361 136581057
1 1977 366924042
1 4483 650577383
1 2013 486109568
1 4289 207408749
1 3822 87153729
1 3700 146833108
1 4858 861982953
1 746 838571387
1 3961 640163707
1 2394 104743772
1 3641 72842083
1 113 986682483
1 4434 497606259
1 3545 632507198
1 61 923965670
1 1926 407013337
1 611 392715201
1 723 476106742
1 3685 909281917
1 4991 309923096
1 4881 955361615
1 3480 795574106
1 1676 892424807
1 5265 973274630
1 848 223260583
1 3127 897701280
1 192 444770219
1 4916 651617281
1 1678 962833799
1 1054 538680311
1 5222 721250793
1 4010 908598076
1 4241 838458412
1 223 422746749
1 4537 280351382
1 3179 412814410
1 2582 118870507
1 142 208499394
1 5013 541974256
1 2698 91555486
1 1203 946675271
1 4986 111434339
1 2957 22388995
1 4347 464416146
1 4146 914945788
1 326 778486216
1 2302 541644839
1 4856 820793274
1 4244 339382698
1 5171 821456810
1 2467 281833524
1 3608 368192378
1 2119 987471147
1 3745 435089488
1 2575 788075606
1 608 645633762
1 2492 807409741
1 2807 605092775
1 4230 271426055
1 1804 15075932
1 3689 367490187
1 2010 400424534
1 2287 883855170
1 999 969656159
1 3108 849035191
1 667 514355828
1 2336 638362028
1 2516 486198954
1 1843 510830726
1 4051 587358381
1 1605 498014698
1 2465 127077255
1 3413 551597050
1 4798 197437802
1 4414 699076149
1 4740 614957740
1 655 531492909
1 3494 216610240
1 2664 7993870
1 2604 325563704
1 754 535466784
1 1650 974085135
1 4789 719189065
1 1436 417858782
1 1305 332278844
1 4984 173558482
1 3131 289309779
1 5266 717343488
1 3530 23988844
1 4287 559178302
1 3412 403841878
1 1585 57505922
1 2236 478986094
1 4587 338964107
1 3670 635578895
1 3017 867506395
1 206 576523946
1 5280 53564499
1 65 582055089
1 3527 796767202
1 5353 542784459
1 3182 69395620
1 3253 287589603
1 1362 919475818
1 2852 968605612
1 5165 585570281
1 925 803514133
1 1958 477070775
1 2856 21846734
1 4807 854778511
1 494 530714597
1 3725 288681368
1 613 385182231
1 3124 915729999
1 1046 17718446
1 5020 733842404
1 4724 126926622
1 5279 581213356
1 1174 718718453
1 1832 317484469
1 903 654482338
1 2512 172810642
1 780 501164250
1 3824 308785385
1 2456 765284137
1 2705 227744418
1 4872 605533444
1 1000 615748075
1 550 221714798
1 4085 615935509
1 1623 148900585
1 35 164733522
1 913 639734463
1 4474 833503953
1 2264 816179196
1 3188 932559183
1 2671 717505353
1 645 896848166
1 2142 764280586
1 552 642564028
1 3792 293305216
1 4637 137750040
1 3538 555970470
1 5212 354208964
1 1607 157912097
1 3073 49970003
1 4221 455742641
1 602 991773407
1 4580 944733170
1 43 953436326
1 3202 607692519
1 269 281556528
1 3642 520910975
1 5198 862640308
1 2753 288781908
1 2965 20189127
1 3049 669594625
1 506 560093391
1 2460 128793116
1 1205 104331371
1 3788 501152933
1 1957 185652755
1 410 205448698
1 736 773436642
1 1052 136636797
1 2211 836380757
1 2136 89888029
1 3629 175943899
1 1501 751685378
1 411 310019386
1 5112 491576073
1 213 805225383
1 5158 688379930
1 1752 883191899
1 4116 662247793
1 1149 672432460
1 4281 323316004
1 1119 797975292
1 650 83248183
1 3833 26323429
1 4807 558612036
1 3709 208918268
1 2067 808480212
1 872 901535355
1 4854 110497581
1 2836 168293530
1 861 346470668
1 4350 170936985
1 298 891594307
1 568 942701829
1 2232 541538463
1 3438 124250519
1 4233 378187197
1 2915 274997056
1 5158 829689609
1 1199 84373065
1 1299 948080864
1 4182 925727377
1 5493 183979569
1 5118 671238347
1 13 200604560
1 566 814977650
1 4262 9801384
1 3089 159345305
1 2741 81231254
1 2556 294543956
1 5260 485759912
1 244 974758448
1 3943 245533450
1 5162 830998054
1 2396 172461039
1 4786 152526254
1 5180 819476926
1 4356 376565623
1 3959 860127686
1 4825 411853118
1 3446 350192876
1 2195 332610809
1 1342 37659435
1 2759 313782504
1 2209 932183467
1 2542 372398490
1 4905 121466860
1 3693 582893289
1 635 820427173
1 3889 104714586
1 3191 421335322
1 2644 512816307
1 303 532281818
1 4043 989767299
1 2954 83742435
1 2953 444797847
1 4063 329622953
1 3532 477874762
1 26 79988217
1 5405 830103535
1 2509 695028981
1 865 177505475
1 657 865784118
1 1565 932266300
1 3632 720769346
1 2303 411294224
1 4199 215424038
1 5256 111527373
1 113 8773352
1 60 4980738
1 2539 789469143
1 107 301657911
1 2795 422371198
1 426 149895743
1 3327 626985797
1 82 168091162
1 3373 408816400
1 2934 72163537
1 569 576135079
1 3964 596193297
1 2707 361662642
1 1791 421233068
1 1112 69361863
1 635 280402785
1 1097 764757203
1 4044 178456625
1 2103 531228742
1 5451 70281564
1 5010 723946107
1 4135 424931278
1 2872 907725684
1 4524 128002906
1 1273 409004893
1 1005 787091203
1 3767 525277375
1 3632 733874744
1 1696 586461710
1 1827 985438014
1 5110 66506234
1 31 891646084
1 4052 475582776
1 2863 880259806
1 1951 684173726
1 768 42189172
1 5238 774961611
1 2912 688285850
1 5161 383340762
1 1186 133112477
1 1373 86719855
1 150 318685117
1 419 175877247
1 115 100712984
1 3391 930582181
1 955 846927200
1 3854 733977982
1 4387 220450270
1 4823 505513561
1 653 319348207
1 1954 851260538
1 1993 280640442
1 129 82477675
1 4812 39575243
1 3261 766423758
1 13 25379484
1 3252 678864427
1 4497 282848988
1 871 93143437
1 1571 922240635
1 825 267642030
1 3262 229925529
1 5476 787723454
1 647 563314605
1 5106 529275950
1 3823 454202511
1 4239 337803389
1 3215 211796268
1 3029 247205284
1 4619 592001111
1 5278 71745374
1 3019 390851963
1 3638 572776515
1 326 724737406
1 2368 861832
1 353 830103792
1 491 555481966
1 4221 170993461
1 3988 226004172
1 3131 406867142
1 528 352342929
1 2682 249348683
1 4542 731339451
1 2327 157727417
1 3075 104202037
1 2942 432117275
1 1845 338083648
1 3481 476275747
1 450 201595775
1 1276 90068525
1 3591 757634641
1 2985 890902001
1 741 497795113
1 203 28915377
1 5465 808056663
1 2111 864604906
1 3397 678551461
1 287 992060098
1 210 596728203
1 994 229722502
1 1895 357685189
1 3780 350422546
1 199 101818320
1 3527 690845258
1 4566 39814400
1 5171 588705752
1 1342 431912370
1 5429 26105877
1 1861 940160691
1 3311 550687834
1 4872 175443266
1 3623 487298728
1 1514 908981663
1 1109 95005112
1 1008 53173746
1 1248 793654905
1 2155 67436094
1 1619 418133643
1 1302 638389552
1 2827 998585500
1 1859 461003474
1 2959 271731395
1 467 241031415
1 4915 224506466
1 3007 877775470
1 4741 88450921
1 3347 376998116
1 2176 49736481
1 403 894431101
1 996 319844573
1 1104 95560578
1 5083 286712642
1 640 813835070
1 3859 552836630
1 1547 452293652
1 96 981784605
1 1499 601150270
1 1464 322568796
1 3182 525497116
1 627 738416037
1 2622 436254724
1 3486 978274052
1 473 30006934
1 4623 427715653
1 2393 129724909
1 1754 136176016
1 5249 456196000
1 2105 80033406
1 3952 829962021
1 2983 993111146
1 4118 59538135
1 2285 271764008
1 490 93296917
1 1648 348997331
1 1671 969753347
1 4595 193432378
1 3999 746873023
1 3114 776832259
1 2347 761252117
1 5443 156150628
1 1505 29758961
1 4584 860342850
1 888 321166179
1 3275 800981951
1 5080 857242527
1 2018 592464358
1 4241 126825919
1 1471 108965649
1 3730 871881285
1 2674 436791360
1 2889 679453223
1 160 444929152
1 1537 240162462
1 4684 795982824
1 4635 551274084
1 1 371682187
1 3572 987936738
1 5019 527775977
1 3907 673229993
1 4380 881501141
1 3077 501393287
1 2232 406603464
1 669 999522954
1 5469 38362533
1 5246 357881081
1 2912 556684345
1 3343 57387922
1 2173 63784518
1 1276 178321588
1 3175 303231940
1 3441 886557305
1 1620 6308933
1 4245 897604739
1 1596 172587299
1 4036 194937316
1 1569 708300123
1 4128 412621638
1 2927 995244817
1 3606 946343414
1 4029 165800791
1 897 802811315
1 3533 791648128
1 4391 388808350
1 2675 430551530
1 4774 333888048
1 4297 265190435
1 345 347797477
1 3533 92737039
1 701 391705511
1 2907 38199814
1 2097 702415491
1 2475 705367712
1 3721 844455561
1 4262 249858549
1 3422 392888967
1 120 531897264
1 212 638075137
1 2861 448544013
1 4670 783544117
1 2131 291368335
1 2928 66697756
1 4165 890307077
1 3025 719615119
1 3773 742179855
1 3245 680767825
1 3785 711231967
1 2854 972706165
1 2553 60652660
1 919 944341658
1 62 147132488
1 4549 338515036
1 2501 271328761
1 4598 743108417
1 2338 566611378
1 5194 91371147
1 3059 77582306
1 802 467357484
1 3979 159976224
1 1441 638440917
1 3069 375253925
1 4241 837433626
1 2196 116454910
1 1266 255548698
1 2515 817759610
1 2251 682309265
1 4405 107318175
1 3196 589223501
1 4900 382392197
1 4659 337797257
1 2821 10908152
1 4935 60716367
1 115 694885028
1 1635 326746968
1 226 787423059
1 3586 685311352
1 1246 196314997
1 3570 922105970
1 1028 810408786
1 2251 117770080
1 2049 945425722
1 1957 140598809
1 2255 445120000
1 2274 476374641
1 4506 516712988
1 1770 173815163
1 2626 276126403
1 2609 295813128
1 3782 175197244
1 3254 860990044
1 1505 156275672
1 3465 943764334
1 4961 296289510
1 5101 346637013
1 4483 21588352
1 373 135410955
1 4621 836050844
1 2544 527425817
1 124 303800337
1 1216 991693463
1 1002 157287481
1 3566 262361627
1 4542 728586843
1 868 303132513
1 2174 724824807
1 3690 760156836
1 4243 294341056
1 847 865571536
1 4779 839031534
1 5235 29228188
1 5077 561453120
1 3443 235369948
1 5102 152469982
1 2148 382325864
1 3411 980440622
1 2779 55974616
1 39 681011641
1 2867 551196202
1 2511 783652798
1 152 778515977
1 1011 456098542
1 4775 436653133
1 2110 368475427
1 981 283925305
1 369 565539613
1 221 769402499
1 3211 981133992
1 1691 578761486
1 5325 91613225
1 5300 112484979
1 5383 377711912
1 320 130503735
1 938 149328498
1 3060 960604014
1 137 159448858
1 331 444617714
1 3934 923650146
1 2552 571952878
1 1907 931456151
1 4261 105000573
1 1232 445832549
1 4246 353839810
1 1058 598764770
1 727 866699143
1 1514 637093216
1 17 936426279
1 1015 202810362
1 2637 737460544
1 4665 880375682
1 4059 934840768
1 648 221688303
1 17 74704445
1 355 77346783
1 4923 488572566
1 3725 522306457
1 1710 12661268
1 875 875950434
1 4300 387941009
1 220 415673499
1 3733 243595985
1 4139 402419765
1 2302 989090018
1 1216 506236458
1 2487 693046125
1 3432 65166702
1 4347 839223893
1 3802 235839202
1 4436 116796254
1 4714 398185830
1 407 504407337
1 5269 460847468
1 1754 875163791
1 2459 828883730
1 5023 813183176
1 3436 587412185
1 3873 948935110
1 335 251710251
1 2511 593583167
1 2896 751728138
1 932 957754248
1 56 95572959
1 5448 13754308
1 4291 474264831
1 295 564524607
1 2306 253346519
1 1303 929426490
1 2963 243774366
1 3329 651852485
1 2772 741702909
1 4036 185594295
1 1845 75023015
1 207 396093729
1 2747 756602172
1 4257 522704147
1 948 310989869
1 392 665082911
1 4171 404863538
1 2175 855489038
1 3227 933669366
1 1178 121362728
1 1340 968684234
1 809 851940937
1 2674 748550457
1 4877 372286741
1 328 120299607
1 1938 38375985
1 3128 322516094
1 522 262379915
1 796 534295443
1 2380 115032772
1 826 386141953
1 40 497283889
1 4986 950487295
1 1978 793191789
1 2100 732862324
1 4863 729154558
1 1697 771155362
1 2342 126258669
1 4108 594727143
1 3084 805665304
1 3895 619746057
1 2978 420618187
1 1591 836590420
1 4398 755687675
1 684 960102263
1 554 481397286
1 3675 215227141
1 4529 894593098
1 834 593565508
1 2535 892919199
1 3011 869309610
1 3110 995267664
1 2528 36083476
1 586 480147375
1 4465 796917579
1 2030 457891617
1 1732 919511211
1 5107 149855651
1 2386 927550608
1 3665 902985967
1 4279 647506241
1 259 466261278
1 3167 742628373
1 3141 124510106
1 2999 540038671
1 1614 466837415
1 2578 642962286
1 3562 963648636
1 290 128503313
1 4964 823990252
1 844 608474841
1 5214 549550394
1 3652 421324622
1 5129 204353745
1 5270 611422603
1 888 127912186
1 4104 914173607
1 2140 143668845
1 2417 515250535
1 1465 125480061
1 1472 309937229
1 2651 81161347
1 622 113481621
1 1309 483278508
1 4209 222362323
1 591 233615460
1 2152 720610088
1 3089 962028891
1 986 195798151
1 345 208247858
1 3756 374893854
1 2463 138651479
1 2520 767687512
1 3975 556645582
1 4053 70684907
1 587 789214260
1 1357 953160957
1 1135 642092595
1 1248 483662324
1 4926 51968137
1 48 869513406
1 3352 86540699
1 4448 904979264
1 2139 741586808
1 39 592543402
1 2065 950591526
1 5004 779080402
1 48 534214968
1 2967 719820109
1 1835 519427065
1 1374 41978273
1 509 907645205
1 1809 667164200
1 4037 366086901
1 5456 970978604
1 1895 711273047
1 2347 262621470
1 4082 226921350
1 1576 686376034
1 2470 134470608
1 3033 176257956
1 218 448234161
1 4747 658491961
1 5086 884071229
1 307 558827651
1 1179 971824620
1 2210 159522321
1 38 512173567
1 381 398465159
1 3901 259101666
1 92 112309495
1 3589 252927773
1 3369 235587499
1 3571 452263576
1 2018 220230728
1 1915 65245624
1 60 310430282
1 2903 741607341
1 1006 8230941
1 1307 954036669
1 5332 418875644
1 2202 715973666
1 5327 933228356
1 3322 320768428
1 799 312287126
1 4726 703384678
1 4576 204102808
1 2476 701960320
1 3533 484961102
1 5198 724636292
1 760 108046718
1 4745 627851932
1 1768 440210844
1 1102 434613562
1 3921 909337229
1 1027 89413181
1 2147 168038163
1 4922 847323555
1 4978 599858448
1 252 64559069
1 3776 848824217
1 834 816111877
1 3967 678934834
1 3362 943717434
1 1370 484270788
1 1316 999251932
1 2429 590570791
1 1062 841558050
1 4212 107116506
1 4980 373734848
1 1103 314631475
1 5398 928766048
1 891 506118577
1 4297 217678178
1 2757 219098059
1 3875 539762377
1 969 278848023
1 870 96021164
1 2676 602872185
1 100 33291630
1 1927 683107846
1 3496 47140326
1 4803 160196110
1 3994 46555813
1 3439 389889676
1 1403 240984183
1 2761 158810665
1 5098 487039311
1 21 559224189
1 687 507472553
1 4040 722567853
1 1163 208422180
1 4496 688823734
1 2761 143419833
1 4398 203474115
1 5285 44502002
1 371 372338112
1 3253 626580180
1 4176 350771415
1 1280 171996668
1 2555 792607129
1 4513 581396425
1 1311 295394049
1 2844 185225887
1 3133 107717249
1 3730 11720281
1 1507 956175179
1 4691 806045720
1 5354 908998774
1 2830 288629907
1 4131 206544779
1 4200 42820039
1 3970 540751152
1 1348 804094318
1 1874 996192845
1 4010 754835550
1 3002 397877805
1 827 527592934
1 717 212445840
1 854 303091495
1 1091 429295149
1 4205 22834834
1 4883 607153612
1 2962 309312965
1 2950 222281897
1 2298 300485675
1 3789 273583804
1 4178 140866063
1 1901 423369039
1 3939 667051900
1 4408 536376345
1 2907 558187106
1 2008 163120365
1 1069 183023171
1 307 142277785
1 4202 863219448
1 2121 141821001
1 4121 782250939
1 2563 201479852
1 4207 181007927
1 3237 85220880
1 2814 411050537
1 2490 780987208
1 4794 420292909
1 1132 567692792
1 648 882904928
1 804 292435346
1 1274 488733135
1 2859 534557378
1 3584 51568194
1 3698 366359433
1 4960 460761039
1 1882 673007223
1 4904 98087001
1 4154 540732643
1 1853 422451587
1 3937 826465249
1 1573 198791226
1 4853 675660966
1 2720 442303097
1 3001 590634751
1 3285 769292096
1 4218 155533483
1 5091 270890500
1 1940 610805214
1 4326 427813859
1 5406 680485123
1 4090 420653431
1 4328 931374161
1 406 169783749
1 578 174143109
1 2299 561962011
1 5479 768174018
1 606 633813453
1 3267 376735202
1 316 493816823
1 3335 15044283
1 2075 708515253
1 1970 19081893
1 4612 336545074
1 1613 121403615
1 1237 285645423
1 5338 540540714
1 1035 119099817
1 5143 636416922
1 1596 464982523
1 1551 810364101
1 2849 803692355
1 461 814046438
1 588 706190225
1 2962 175215024
1 293 182805162
1 1756 624404124
1 559 910320257
1 1006 31610767
1 516 915938260
1 483 598365046
1 1395 607846101
1 5172 894091184
1 5108 987676099
1 2739 251542678
1 2691 866796353
1 3998 987508990
1 394 463417406
1 5266 565430249
1 4904 638491599
1 298 128805150
1 2271 28993884
1 3137 430397372
1 221 972021709
1 292 265934141
1 1553 19775827
1 3303 939840131
1 626 41669857
1 3701 424238187
1 586 537663780
1 1562 425722564
1 1759 227268540
1 4423 956610802
1 2762 440174816
1 615 460101187
1 4284 929865393
1 4126 11059765
1 3068 448818621
1 4502 294554055
1 1455 964378147
1 473 333792193
1 5245 421404025
1 1684 195305358
1 3153 822895662
1 1935 286247762
1 1949 503860845
1 3106 206539348
1 5317 241968881
1 256 810616149
1 4480 475250915
1 693 284874636
1 1756 579503745
1 4821 537256511
1 2866 423221866
1 4001 360118845
1 4168 581765242
1 2952 760146142
1 4820 786166999
1 989 525151204
1 3783 713525818
1 3816 873075897
1 5291 4084459
1 5450 265127554
1 139 899803503
1 1662 887550752
1 2688 954984636
1 1845 984760544
1 4558 816530942
1 5307 604015031
1 2373 276287942
1 2779 46706321
1 4846 279173267
1 936 478915176
1 4436 173113035
1 1749 12600020
1 3239 144779203
1 2227 487040212
1 3201 380501673
1 2187 726448214
1 1608 672309958
1 3380 74818632
1 241 975228196
1 3750 462865181
1 2061 664206158
1 653 565654952
1 2578 937984956
1 5337 986498966
1 2021 83662351
1 2615 747065053
1 3586 373744788
1 4031 976874971
1 5176 449877587
1 4848 120884456
1 2675 381513694
1 2247 483077816
1 1784 125866115
1 4192 834518392
1 357 140584415
1 4109 515900787
1 2889 544077321
1 2074 606210738
1 2227 403436435
1 5355 411063656
1 1647 366909279
1 468 909919363
1 8 387225621
1 1175 936728158
1 5205 923704751
1 725 790216441
1 3361 758836816
1 3188 197374547
1 3002 151201716
1 2781 805513038
1 2600 542058765
1 2188 318822681
1 671 508536227
1 2082 79156800
1 1067 48713664
1 3739 869074853
1 4081 845103453
1 1061 167116285
1 5489 465776624
1 1079 55865745
1 2182 149197492
1 4121 290761035
1 213 206195640
1 90 606909980
1 681 426111781
1 849 616806088
1 4234 143553145
1 3111 173592591
1 3981 385361159
1 1869 589536842
1 1647 604718142
1 4289 101434876
1 2459 14336650
1 1462 403828156
1 3776 4601808
1 2667 643969671
1 582 851003730
1 4552 31042959
1 5354 562890204
1 75 127146483
1 5393 609299067
1 4889 257069227
1 2939 958685824
1 2165 749270959
1 1461 187481642
1 1713 775407435
1 4445 485245642
1 3512 100281727
1 4232 80302051
1 1135 48617436
1 1932 238866081
1 1432 140216368
1 5177 384374688
1 5107 871418374
1 1623 127117703
1 1689 240494817
1 4086 56085970
1 3399 15415884
1 712 18993710
1 2305 398250720
1 2666 794995095
1 3777 922307265
1 3530 638886511
1 2194 144803363
1 3289 420761309
1 3202 699389650
1 2362 469877414
1 5051 668147439
1 4912 653955540
1 4099 440984861
1 1273 847179207
1 2511 436441631
1 5358 474334361
1 4500 185983665
1 4961 897298454
1 2742 303113484
1 891 333773785
1 5023 62374333
1 5240 979290155
1 3233 95865420
1 4665 656821194
1 833 969909321
1 150 18017225
1 625 154360101
1 4340 201570256
1 433 759199759
1 802 913787894
1 2439 29370531
1 2645 695848932
1 2097 605321487
1 733 192932413
1 5106 590908091
1 492 21175501
1 644 258900780
1 2960 402839674
1 139 128993988
1 1664 897317886
1 1637 949459955
1 5338 297466722
1 756 295768945
1 5295 562707346
1 1663 171539669
1 1105 233396394
1 3904 915398357
1 2575 827815257
1 3400 618472341
1 1783 151061928
1 346 848003580
1 3700 658816859
1 246 245560703
1 1420 957433007
1 1468 633420360
1 4747 771177015
1 2418 885289410
1 4039 966452715
1 4272 451583319
1 1259 638429773
1 4504 748702387
1 2521 871037768
1 1201 6966420
1 1446 431999461
1 340 680673631
1 4255 690328170
1 5096 259107341
1 5387 638848959
1 51 593064563
1 4486 797035424
1 4400 95707711
1 88 676418554
1 242 473979774
1 1775 97837737
1 817 289368546
1 1408 8048827
1 5129 665374063
1 1258 981795676
1 5468 487059939
1 1285 232589501
1 3803 114243930
1 1913 718711767
1 3206 169246430
1 1571 922147348
1 1783 105617691
1 849 850342912
1 2988 514641292
1 4571 402629696
1 4432 787877459
1 260 545113769
1 4384 909214843
1 3332 847143774
1 5121 553517933
1 952 228425933
1 1610 505257438
1 1963 402158254
1 3983 424226694
1 3873 712184590
1 1076 195771837
1 4665 110498131
1 4066 658029832
1 3974 430395650
1 4364 125145162
1 2149 57559565
1 1426 965376036
1 2018 186059448
1 3994 149856573
1 2862 985478163
1 1824 151044866
1 4094 366746964
1 3868 679246157
1 160 764340740
1 4361 800156638
1 1124 492322941
1 2524 82514695
1 3137 31613401
1 3286 686038150
1 803 545100099
1 2059 545821021
1 1163 404838926
1 760 590903268
1 1209 587100825
1 5228 118180803
1 5294 196304588
1 3773 699722354
1 553 617621872
1 3387 187927730
1 3089 570576253
1 2304 770108291
1 3375 532927011
1 21 123252123
1 3623 561336583
1 4846 205953693
1 4186 812682353
1 2724 864232316
1 1677 459283606
1 55 56705760
1 4360 211439829
1 4571 707057512
1 4489 650593979
1 4301 504251869
1 88 757031082
1 4300 717797490
1 3464 774380938
1 1046 937286117
1 1295 538570788
1 1243 855724989
1 4542 484135443
1 4899 418460164
1 1616 936579459
1 2928 401192444
1 4326 778229266
1 3376 405690828
1 16 720193816
1 1038 653999218
1 4863 741987396
1 4809 333452654
1 3022 214166434
1 4765 775226704
1 1257 109433006
1 1445 15243050
1 3097 539615570
1 1973 349703937
1 652 64159359
1 747 240610075
1 2518 3050385
1 4923 236454893
1 4943 456337484
1 157 151290938
1 653 386315133
1 2610 694329296
1 2942 554571000
1 3761 728957499
1 3805 85255533
1 2121 417604478
1 5228 836227433
1 4088 332613255
1 433 462712588
1 874 309678085
1 146 948180078
1 4979 871339599
1 4228 287934
1 4870 133387377
1 165 261624798
1 1855 364017801
1 2526 402337640
1 66 564063624
1 2065 290753686
1 4759 743694325
1 2867 570629906
1 1858 726341381
1 795 669196458
1 870 189215118
1 2238 381916145
1 5092 51381342
1 1266 280911943
1 1988 971223251
1 4612 897676691
1 461 589885079
1 2220 726026452
1 3149 652163599
1 1380 206832188
1 403 854045552
1 3172 178516929
1 607 981559777
1 3553 108893368
1 1370 17011953
1 3816 809727280
1 2655 856678908
1 5474 426648596
1 650 330971189
1 2966 559466359
1 327 681681422
1 4592 15459993
1 4041 889689684
1 4633 117906411
1 3240 281927831
1 489 982002601
1 497 518148914
1 2287 1525037
1 4802 136342512
1 4979 959810224
1 5196 709592914
1 4463 147362310
1 1921 16838731
1 1004 17895075
1 4391 578304541
1 2131 152736865
1 2608 462710477
1 3674 457576805
1 443 916080801
1 2782 378692568
1 3334 720632237
1 3441 100028620
1 1805 220878089
1 684 573254633
1 42 885869812
1 3607 948601932
1 4414 535382535
1 5339 838421317
1 4224 235345108
1 4988 415474300
1 1482 952453068
1 3166 368229965
1 5214 933426876
1 2158 70146147
1 5369 585117605
1 5010 177415044
1 2258 287855793
1 1751 49451565
1 2780 963925772
1 1561 880311140
1 1588 24445195
1 5244 10899703
1 4953 891771945
1 1916 399266623
1 1053 70392629
1 1721 893691371
1 2684 757623398
1 889 97334437
1 3107 229591437
1 5040 264462845
1 2060 641003008
1 1821 771094430
1 3882 208799048
1 1698 807601581
1 2665 4656523
1 3718 863701812
1 1558 404638375
1 3509 915831335
1 2371 875733930
1 3419 463516787
1 171 62367681
1 4478 980882393
1 3687 876996095
1 3068 158543179
1 1643 83647492
1 1319 817741118
1 1084 449794586
1 792 249725268
1 2126 472729683
1 4699 815981276
1 2956 312655511
1 2094 941140013
1 2878 332519171
1 3859 684066839
1 2964 518330332
1 211 196022146
1 4649 323059870
1 4978 937279990
1 436 912086434
1 4586 179044761
1 4201 777212328
1 1979 822801013
1 432 150614908
1 213 277954051
1 5144 361365639
1 715 81696140
1 3064 496486758
1 3356 106394473
1 287 823176973
1 314 223012976
1 2066 550623562
1 3117 963156385
1 3306 750198184
1 3314 943672623
1 2994 896133592
1 4199 383691077
1 5407 429215328
1 3087 154031115
1 1929 202241234
1 4944 271648122
1 1861 305737074
1 2390 683268452
1 315 173633024
1 3511 410599607
1 3018 690592688
1 4792 381465237
1 103 84731824
1 4894 913604369
1 3791 40854822
1 1022 177195929
1 2386 331175582
1 1683 519347209
1 2848 860381630
1 3289 84820021
1 699 164283988
1 3235 972287975
1 3072 261126088
1 5119 639534356
1 1681 569355478
1 599 872901769
1 2123 694888264
1 5351 421589042
1 2217 994307327
1 2384 864681825
1 196 378143580
1 1997 704972759
1 1828 904595857
1 905 664200470
1 1208 981868897
1 4371 813501810
1 1063 393657171
1 3576 666909697
1 1777 534485287
1 1159 192646468
1 5453 253350892
1 3323 601731903
1 3926 17196350
1 2354 779246065
1 125 919088125
1 1133 606569833
1 2475 281773941
1 5208 478990144
1 1370 650888811
1 4604 98681593
1 4161 116960391
1 998 18008804
1 475 539764919
1 2213 548407809
1 4376 38856090
1 4553 885340295
1 749 958530676
1 552 659696461
1 1424 527932404
1 1369 569807460
1 2017 212773509
1 3287 149806269
1 4634 202429059
1 1013 188058616
1 2165 877484309
1 3229 188048407
1 155 183627750
1 5462 60795727
1 898 440348189
1 3433 257863191
1 3917 677748361
1 1563 291020950
1 4281 120860806
1 158 228773877
1 583 136310668
1 624 88893945
1 2503 923939857
1 3931 728194446
1 2564 819855831
1 1906 361542010
1 4914 232041670
1 3436 555490991
1 4060 160914578
1 1816 676627864
1 4062 606724704
1 5424 474624760
1 1546 520223687
1 1257 807994004
1 1346 65085111
1 575 973869141
1 1367 896878465
1 1146 664997616
1 1497 254539549
1 4356 141752918
1 2530 812681061
1 2906 560417184
1 1222 410571430
1 1825 254560964
1 2527 52480100
1 3748 180278352
1 211 755344481
1 5408 246117735
1 2808 47821192
1 3333 640047921
1 3028 82303998
1 4005 151284778
1 3656 87998757
1 126 263913785
1 3850 389023267
1 3678 740475189
1 2020 241424483
1 4370 663301130
1 5477 263043643
1 5410 521022901
1 1993 868370677
1 2409 177182992
1 869 500365525
1 2251 223224341
1 4549 864642242
1 3529 582722717
1 2621 866088029
1 2810 927150929
1 4723 544265882
1 3767 701160012
1 2227 181689679
1 105 927683180
1 4957 22040123
1 1603 170191364
1 2487 43324286
1 5467 434948919
1 2038 526585528
1 4942 905632668
1 1362 256163113
1 803 664136690
1 1005 615663175
1 2887 795323933
1 334 477923583
1 1127 329303430
1 4176 740639662
1 4929 622718563
1 2145 211796736
1 2105 49405755
1 893 98348639
1 4101 624117477
1 2320 590163880
1 5491 672194670
1 202 384678216
1 2052 413272198
1 1925 77039833
1 339 732223194
1 1031 148351763
1 201 340193280
1 4434 403766912
1 2561 362346882
1 4841 562703983
1 323 114413024
1 3775 453894800
1 3867 748969471
1 4091 519209831
1 423 651730593
1 3613 941171970
1 2031 914223452
1 5237 953440252
1 913 624826263
1 3655 513793484
1 3631 802811227
1 1296 697807234
1 2527 806835891
1 234 170415091
1 3263 507568167
1 1602 755521047
1 1084 50171816
1 728 256428888
1 1154 827049202
1 6 174951519
1 4061 802706460
1 1602 908152558
1 4495 371353791
1 4965 164254373
1 1952 413419358
1 3684 278818572
1 3352 276335646
1 1766 50442793
1 3965 159213327
1 2498 597406741
1 782 112681393
1 1284 244693951
1 5031 330886115
1 5479 205111187
1 5206 757957549
1 3200 222535142
1 5493 669267887
1 5169 435626743
1 3068 574730627
1 8 99064558
1 5099 539829556
1 2343 244947459
1 5278 290407386
1 1328 701812831
1 672 132356198
1 3297 750425202
1 3942 144675706
1 3318 93528629
1 5469 284823725
1 1857 569960231
1 4322 433848062
1 1441 3601071
1 5403 791986868
1 3453 855792977
1 3919 261723317
1 2549 413251268
1 4489 273133807
1 2621 193315259
1 4005 924075143
1 2060 226889212
1 2168 845344186
1 1633 202326272
1 2355 946236500
1 2320 142343366
1 5156 632178299
1 3678 247830457
1 370 569333915
1 5442 933175248
1 2304 400466554
1 5454 942277257
1 2950 221323949
1 1264 408759182
1 3647 176959467
1 3188 363579609
1 5358 200296545
1 2569 885505536
1 3786 934665204
1 698 980847609
1 2749 141553976
1 5261 450917026
1 4079 729682796
1 1920 690035534
1 4493 75057504
1 3863 481363580
1 697 524227416
1 3916 550030479
1 2742 256416767
1 3347 220159422
1 4640 943312471
1 2224 306875211
1 2091 520697096
1 420 9431458
1 4361 240135383
1 4247 664335737
1 3152 505388771
1 1420 158256787
1 5185 354291255
1 2306 172971183
1 762 870093122
1 3517 909421635
1 1175 215800173
1 3048 36315719
1 605 983392909
1 3619 789093875
1 2865 347739988
1 2144 528700712
1 4149 32591008
1 1673 923210636
1 3449 456063309
1 1134 357591070
1 1365 147355339
1 4149 116337572
1 4585 999293915
1 4589 325235315
1 982 858344973
1 2617 189441412
1 3748 84893354
1 673 518127942
1 2497 41221904
1 581 983377026
1 3191 810170944
1 570 200297727
1 910 415097259
1 484 439584643
1 4441 783087420
1 2460 367277408
1 3638 885331499
1 2346 828927588
1 3406 866236326
1 3442 549167185
1 2760 971504068
1 3528 977168341
1 2764 586350072
1 108 411097256
1 4429 200674994
1 3241 87987210
1 5448 258902437
1 1085 989112743
1 320 756039758
1 1262 291626165
1 1802 432406655
1 135 421293328
1 5057 147550265
1 5058 106830662
1 4105 242528160
1 2655 749608742
1 4890 148643716
1 2747 915623400
1 3026 374410585
1 4978 804318625
1 2771 710790146
1 3310 306379413
1 1203 849005571
1 539 106378286
1 1858 85760944
1 3672 336862950
1 3640 597088132
1 3381 56506612
1 1838 485818783
1 4377 134225189
1 4359 312019303
1 1805 331338130
1 5248 241849226
1 37 822446105
1 3082 247494820
1 5312 16817629
1 3139 642860558
1 4429 814602475
1 5211 691139318
1 1404 991151038
1 2052 466603815
1 3162 295963395
1 2783 503390521
1 5243 314088564
1 3957 746832449
1 5150 52357802
1 1543 75659191
1 3595 941657326
1 1515 288282243
1 2689 679302733
1 3749 475467284
1 1453 136970634
1 3804 771486422
1 4786 685582371
1 1931 776544908
1 526 343341498
1 5021 510980584
1 5063 806803703
1 1683 713713607
1 3462 419969498
1 3379 717847497
1 442 986167112
1 4832 462576506
1 4561 767011504
1 3921 238918086
1 4506 729316225
1 5 846269291
1 3755 996426647
1 738 172297248
1 3428 4936858
1 4263 969587099
1 2611 912803924
1 4594 734681688
1 4536 10345605
1 1561 732471137
1 2968 506774887
1 474 581786634
1 3883 392205804
1 3874 202366656
1 2215 558632291
1 2969 6263875
1 4691 166959513
1 2047 490038587
1 3485 125042623
1 460 711979729
1 3128 366756227
1 2133 760087825
1 4586 659138114
1 3926 450348182
1 1109 89961832
1 4475 463595385
1 1640 279924190
1 1313 50086453
1 1226 95479491
1 1305 981127492
1 1721 454750329
1 2854 921992865
1 2492 166024431
1 5338 234147720
1 1233 224963092
1 5340 663525133
1 3734 287494477
1 2002 446114633
1 1439 49910416
1 3758 40063274
1 4128 697760744
1 3632 270344909
1 2942 34552384
1 3138 56003600
1 3478 80861160
1 1319 819059875
1 3909 940972715
1 3565 104662731
1 588 531788578
1 5188 192394936
1 4649 740811193
1 271 347135571
1 4573 757643077
1 665 149435794
1 3727 73052122
1 5313 327163513
1 4860 115463959
1 2593 3848833
1 4776 499205080
1 4957 856954678
1 5430 829674718
1 2089 291096909
1 4595 888961764
1 4043 530997845
1 1430 152957023
1 4466 802166084
1 1355 324422923
1 4122 738575579
1 1222 774980479
1 3723 696975645
1 4524 17996342
1 484 4844062
1 5311 588079289
1 852 8578581
1 1554 132429813
1 2253 832116448
1 4355 249358161
1 908 277600401
1 2610 240814264
1 1786 540499309
1 4350 957370989
1 3782 157134835
1 4619 558926223
1 912 816948533
1 925 439262864
1 570 381658594
1 2813 794561616
1 4216 12256528
1 1503 229537669
1 2411 178840394
1 826 944859056
1 1458 734176266
1 4653 1266553
1 1167 668252272
1 4774 702335595
1 2581 137188536
1 2270 91622129
1 3740 526455560
1 859 515764637
1 3667 280930377
1 4555 839935271
1 1586 936221730
1 5028 462993494
1 3133 456430230
1 3780 677677626
1 1449 92637036
1 923 671304430
1 4029 739490548
1 1624 637397167
1 2488 622036159
1 4221 126128987
1 399 770618458
1 2997 933276905
1 3934 665778851
1 289 853162184
1 3099 547425834
1 513 572207424
1 5449 445354695
1 4890 731041514
1 4341 16521525
1 5388 185501001
1 3862 307634739
1 757 638803235
1 323 587366839
1 3885 191371220
1 1771 30868000
1 523 926000731
1 1104 575397384
1 1914 628090314
1 5133 115422524
1 1801 570999580
1 597 447801383
1 1620 312265636
1 3098 435199239
1 4767 94427914
1 4568 228653962
1 3838 565536739
1 2179 382303777
1 1496 128972591
1 3449 190881427
1 473 330982911
1 5424 717358044
1 2184 586192457
1 3858 183545724
1 5073 255742968
1 3181 866543661
1 2052 227627009
1 4839 705623320
1 3827 121346707
1 3098 264840010
1 4863 777975098
1 4986 524736844
1 4097 800320247
1 2946 955763800
1 2264 919627678
1 366 535554917
1 1158 756492006
1 1635 33116889
1 3557 218178733
1 119 660610378
1 4260 675386732
1 4711 146336972
1 1408 347169264
1 5094 59210000
1 1928 937407483
1 3722 963277663
1 5396 914183323
1 2205 222368402
1 2568 773400878
1 4266 913806556
1 4678 228393046
1 1565 130062013
1 1360 728987785
1 11 362194944
1 804 510102780
1 200 24055013
1 5266 433088884
1 4824 40113997
1 3226 280466492
1 343 826459205
1 2196 576776746
1 3453 44683698
1 4515 437769993
1 1417 943039195
1 217 415741760
1 1820 47319965
1 4478 843855750
1 4589 728902628
1 2350 915144700
1 2909 157146231
1 4563 442622056
1 5072 621153123
1 4743 311564997
1 1791 86961100
1 3101 341633368
1 3966 126664483
1 3208 724849005
1 3035 737839310
1 4058 171401204
1 1657 553133633
1 924 685917662
1 4366 271825027
1 1364 888815727
1 3242 214496929
1 1140 595613999
1 1400 245057956
1 1747 350992097
1 453 820848980
1 986 139512680
1 3090 716228299
1 678 984580308
1 2800 815859694
1 3563 424778228
1 3909 329536776
1 4979 659382041
1 1268 173309753
1 4835 623615151
1 424 667237808
1 1338 736826886
1 2543 925291709
1 118 360238859
1 144 910386043
1 2810 16026938
1 2246 670279289
1 1934 367542252
1 4153 907610890
1 4189 717076680
1 4943 655901382
1 1439 349375042
1 3524 272741172
1 1980 881021428
1 3937 522760499
1 2123 611772525
1 5250 413067738
1 2885 59434400
1 5271 691163562
1 1008 248194339
1 4459 738136598
1 5444 761172282
1 2632 170180244
1 5099 256684120
1 1129 862764922
1 1989 153084667
1 4741 300387161
1 3715 903890374
1 4800 162364536
1 2185 37412848
1 1028 826326870
1 807 529476908
1 1938 430302351
1 256 787908752
1 4878 351521873
1 1269 361171923
1 824 732020593
1 5038 781000626
1 5185 586590061
1 933 805216799
1 4111 278977148
1 4186 896518120
1 4951 130009595
1 1947 90141189
1 4214 422123874
1 1625 400310022
1 5483 880546014
1 2488 298235905
1 1151 886814059
1 4261 898047728
1 5320 420083159
1 967 421976978
1 4681 630685135
1 3469 854212482
1 3878 946606588
1 5057 167153735
1 2057 923113853
1 1325 884947577
1 854 169972950
1 1573 475224182
1 4718 578513015
1 3263 823205210
1 3284 521058679
1 1633 5016950
1 4631 560691685
1 4881 274856331
1 3321 573920806
1 4979 323986208
1 2878 504112326
1 431 716532608
1 800 782161829
1 5499 327005509
1 4618 127715836
1 1647 246357801
1 1563 53807898
1 4034 115977198
1 994 76532217
1 4651 681163935
1 451 734978193
1 2683 35278940
1 5361 894855447
1 3750 422312432
1 2262 269127874
1 3122 241236048
1 4085 36300694
1 2992 87605608
1 5300 703374838
1 2516 488963817
1 2786 29050791
1 4821 277276214
1 4873 47675241
1 4435 541721739
1 469 272552014
1 1322 584779939
1 2690 154803286
1 457 594322870
1 686 998817385
1 2333 131110710
1 3093 13324590
1 4634 785321441
1 2682 479919763
1 2816 8840710
1 3888 38484056
1 3431 593242764
1 3990 301141364
1 1769 287649096
1 4608 107603079
1 5363 888023667
1 4770 441826157
1 5248 2208042
1 5416 743655223
1 1907 737392738
1 4864 117001353
1 2357 948967498
1 3386 50756403
1 1061 652386950
1 1126 11334801
1 456 369108882
1 5029 186952881
1 4190 231269088
1 4421 237627109
1 5473 600767081
1 4068 624913973
1 5377 456214742
1 5009 347197603
1 3262 327017138
1 377 703556012
1 3325 79601031
1 2528 599411992
1 1677 961502121
1 5497 933858346
1 952 816422118
1 4483 994858625
1 2872 422425437
1 677 532464238
1 4029 878267741
1 3571 865023903
1 2943 149714698
1 3422 910319262
1 3690 276628824
1 3213 57680631
1 2778 451861444
1 4438 191453750
1 1389 367925602
1 2463 802551466
1 4431 422400575
1 235 780483899
1 4839 251501420
1 1185 878293571
1 2895 544442766
1 2099 512928098
1 4912 334444157
1 3261 169329834
1 5423 302323990
1 184 368251822
1 1617 77532771
1 1919 426509458
1 1592 851700053
1 745 383248635
1 2521 775620145
1 4669 637126917
1 3938 809843324
1 5110 272099272
1 4935 480904596
1 881 351699668
1 2657 111325249
1 899 812962305
1 1569 577544393
1 2744 327176877
1 1414 175795928
1 4273 826080411
1 3948 216580646
1 2150 788256431
1 101 532584738
1 298 653460627
1 4389 922011424
1 747 2659087
1 499 698755364
1 2149 382118420
1 2563 378010891
1 2145 794843803
1 3591 920277342
1 3147 736552574
1 3875 188584265
1 1586 474034967
1 1075 480137398
1 800 121559300
1 1150 608421563
1 1542 845749862
1 1365 106405029
1 2796 355608356
1 1827 860952016
1 514 361546745
1 4200 944318918
1 3847 707175964
1 806 819024032
1 2719 710906222
1 123 570271747
1 3349 803827256
1 672 813369495
1 1892 457069011
1 3643 885613158
1 2972 49943892
1 1753 792741556
1 2161 224526385
1 3808 862496084
1 297 13721479
1 3590 912869259
1 3674 918724020
1 5258 474703216
1 4780 55893386
1 790 76979896
1 1979 148446823
1 4883 879760175
1 1297 653177059
1 2471 296130417
1 142 665958498
1 5409 632814771
1 4580 93207452
1 1747 692032559
1 2645 592901198
1 2921 376301586
1 5426 238986559
1 2728 407597604
1 1571 143119979
1 5120 819147189
1 2582 545704726
1 2137 185927007
1 2890 769575433
1 3546 80790917
1 2759 295876686
1 2318 7594330
1 341 674882885
1 899 713667491
1 2037 451346972
1 342 128236752
1 5325 868417127
1 1831 941945285
1 731 499983848
1 2945 988255465
1 3612 920644418
1 1459 235792979
1 3467 858472147
1 4611 64708380
1 1164 755539250
1 2051 26103082
1 2729 292705932
1 159 925323075
1 59 706413353
1 3018 153086874
1 4702 948620042
1 646 398032107
1 4199 650404642
1 2300 198784842
1 4909 614470114
1 2594 42950988
1 4731 891122189
1 2987 527725250
1 3099 636795301
1 1708 197951876
1 3661 573607426
1 768 78169438
1 804 659338397
1 3280 407529050
1 4438 449463678
1 383 88637141
1 5369 698066664
1 1862 314016510
1 1362 593131856
1 1105 419798906
1 671 525027914
1 361 125567866
1 4013 818814453
1 2966 753933973
1 3342 127192425
1 845 504866245
1 3664 30661571
1 4447 613868551
1 363 850904800
1 423 195671543
1 1281 346981799
1 4108 303466132
1 3488 943544341
1 4759 86291491
1 3058 124288263
1 1475 82795877
1 1957 794154926
1 745 948813363
1 4352 402493
1 2518 326961551
1 2471 575763643
1 4708 616504549
1 1278 104777864
1 2569 991934816
1 873 308947039
1 5351 642522370
1 3236 975572865
1 3970 195005529
1 3003 137159260
1 2952 400468429
1 296 422585869
1 3917 388952868
1 4329 265359702
1 2340 984749365
1 322 57615805
1 2892 16844514
1 4994 538341328
1 1796 371850677
1 4638 10554973
1 580 625787860
1 4137 333524424
1 4324 13779321
1 1267 226290964
1 5422 877190443
1 5016 143559261
1 4902 975550078
1 2159 557398423
1 586 431096800
1 2593 546200465
1 4621 629630837
1 3513 262781356
1 4777 150632271
1 1429 428396906
1 771 858778589
1 209 10487074
1 498 798161881
1 3045 569212622
1 4057 384783872
1 2060 967147303
1 2824 662328960
1 955 854200419
1 1408 711585347
1 1908 320245708
1 4314 400585555
1 5182 516012541
1 4897 101567479
1 1458 3412122
1 2701 82797118
1 1086 1219143
1 492 243157413
1 4719 160555789
1 4379 527444103
1 2565 559601591
1 4034 59306997
1 271 549198203
1 1782 952231901
1 1832 39077627
1 4512 657670766
1 4039 990974081
1 85 165123213
1 258 681290288
1 3756 835908996
1 3298 742745908
1 648 645354613
1 3439 505393696
1 4883 892627784
1 283 36986877
1 1782 818182626
1 3965 387694569
1 3813 465238191
1 2254 319025595
1 2027 98267320
1 3008 53518943
1 418 699448962
1 2286 514828607
1 3268 188632589
1 1661 168272765
1 5067 144251095
1 5400 375338399
1 580 689203309
1 1938 379314651
1 122 309552609
1 159 645151015
1 4826 597073180
1 1971 589146641
1 3388 28600998
1 2086 697516915
1 3313 569504187
1 3457 246817237
1 735 690372222
1 771 15829176
1 512 447292472
1 2369 980491371
1 1465 232332645
1 3381 100238472
1 5170 139276898
1 1708 250595237
1 1327 859022500
1 2686 518359735
1 1029 619729514
1 364 550378421
1 1058 199323046
1 4094 3372407
1 4840 223131866
1 4604 391576537
1 4669 735845748
1 2275 57499209
1 1384 236759782
1 2463 366542645
1 27 221562105
1 2298 715568549
1 1034 128195528
1 5403 844027951
1 3242 21789277
1 5225 148173144
1 1736 882738206
1 2547 513322341
1 127 139085132
1 5073 529725502
1 3940 75909318
1 2812 667904405
1 1346 478102272
1 96 410302602
1 111 977380842
1 2637 438348922
1 3692 232722704
1 8 263095821
1 3022 577751556
1 2769 948792149
1 613 112883076
1 989 120355546
1 3067 180849658
1 2518 98191381
1 4038 555268176
1 3241 110947780
1 1339 147097275
1 1493 928114075
1 162 352572960
1 2034 314698860
1 901 42502530
1 745 241070467
1 4884 52077066
1 2228 740328187
1 3690 415137922
1 3560 580043390
1 2715 614116078
1 820 542073088
1 2969 515751972
1 3747 572403915
1 2658 504588400
1 445 544160332
1 4466 970114998
1 4608 772759271
1 321 14965552
1 937 300697221
1 1640 983166210
1 3976 14453564
1 743 437824591
1 4615 180321575
1 3727 816807808
1 3902 414144212
1 5197 890367225
1 4407 173083604
1 3178 433237295
1 1558 272406010
1 1566 451023034
1 15 404980560
1 2034 201183158
1 4730 966455353
1 2484 575667282
1 4815 817414919
1 1181 733614029
1 4331 907906627
1 217 449764458
1 4095 220484440
1 714 761724792
1 4408 707040287
1 2004 238890981
1 2517 725322614
1 3802 199072584
1 2329 655394788
1 1460 19065072
1 1595 157240558
1 956 706385416
1 3304 958318057
1 3884 718950786
1 4039 960657292
1 2988 796875870
1 1782 628699228
1 4811 803129558
1 1222 793533390
1 309 275022299
1 4468 818837262
1 1711 27725767
1 3084 551660276
1 5472 529274526
1 4632 985395122
1 727 527166503
1 226 114940054
1 5307 132923737
1 55 567363601
1 2720 455476563
1 5136 515203935
1 5455 885885999
1 4988 604711185
1 2865 90057837
1 608 91954105
1 551 872561396
1 1479 247996831
1 2823 397757274
1 4689 515640418
1 4704 709400060
1 3179 471686189
1 3947 42856649
1 2644 757841109
1 3071 979933517
1 1700 874980238
1 1444 270540207
1 3815 710988272
1 5443 464364706
1 306 534502146
1 3510 155923743
1 1221 788594794
1 2011 363974468
1 1302 281416800
1 5492 178177875
1 2848 837586725
1 2374 294504373
1 3709 274263287
1 5002 64586132
1 2982 474704028
1 4172 452950124
1 3578 153289722
1 1370 792637217
1 3539 491231778
1 2731 38845206
1 5099 348612044
1 3874 384703255
1 2340 77311397
1 4304 158697537
1 806 560229028
1 2560 264781702
1 495 233722408
1 2334 72544846
1 3603 120743613
1 4160 664898661
1 2492 678726963
1 4544 186127268
1 1070 397806637
1 2302 647958429
1 2596 680310686
1 2770 710033029
1 68 188969355
1 4548 445199718
1 5148 346578718
1 3155 810220282
1 3609 675854738
1 2284 191782897
1 4602 231734933
1 4102 779520899
1 4874 793669464
1 4960 272015562
1 3958 887344005
1 1026 260354475
1 143 328456188
1 2386 805723517
1 612 176527329
1 1217 683648041
1 1176 868369882
1 2150 306193783
1 4861 939580561
1 2139 612131525
1 1854 439529114
1 19 362690401
1 1999 420456027
1 3218 923609949
1 2700 73612884
1 5310 711707913
1 714 40251348
1 691 697966581
1 1290 232893075
1 4996 514530112
1 2798 246183299
1 265 219240315
1 4858 86941772
1 755 965847360
1 921 575006327
1 1306 160132669
1 712 757267423
1 451 822590387
1 2420 865025387
1 4173 999646355
1 252 868164881
1 1879 426835484
1 2128 756338997
1 3435 184007373
1 4166 149171321
1 4863 677063310
1 2112 165080706
1 3906 193729309
1 4186 719244537
1 2249 988985563
1 4399 806760202
1 3198 663793264
1 838 457903287
1 1676 689856520
1 2279 897830703
1 5090 570143602
1 1541 369828076
1 2510 284353965
1 4800 216815562
1 2406 693220571
1 4032 276937277
1 1574 712584596
1 2013 174912772
1 2101 860877322
1 967 252545532
1 1684 208336461
1 2734 33999437
1 39 17775165
1 3763 390097726
1 3022 594807034
1 5067 144240884
1 4894 308080563
1 4515 379706868
1 2718 734076819
1 144 606870015
1 2637 782244074
1 2572 996949325
1 4082 68519286
1 4767 280675479
1 3844 977831431
1 793 524332487
1 3991 900642606
1 3275 204856123
1 739 154411703
1 392 337009373
1 1369 138414123
1 3454 284612599
1 112 657842809
1 1721 825604305
1 3544 736420690
1 5366 440102566
1 4007 936418978
1 4105 255846291
1 4512 64346860
1 2395 446812045
1 984 482873155
1 5342 594132926
1 633 128925550
1 1734 52968981
1 732 508393951
1 649 225610899
1 1410 355177334
1 4039 885150945
1 18 18611571
1 4490 878838272
1 1008 722628468
1 2613 837729138
1 4882 713139876
1 4214 371543566
1 2091 16160427
1 105 753883296
1 1586 712985393
1 891 578865537
1 3201 806538493
1 4174 22383226
1 2658 744375540
1 3459 253054784
1 2491 755745852
1 3817 441055283
1 4507 389500224
1 3780 295870105
1 2419 465854702
1 4938 965570819
1 559 334597733
1 3658 332115244
1 2535 173842367
1 4357 280676137
1 941 63915260
1 1700 317662780
1 255 163812672
1 1869 525750024
1 4964 426274666
1 3749 103160870
1 2421 219058038
1 1128 233060462
1 2553 287018487
1 431 190928887
1 62 337360858
1 106 924104425
1 4763 717282228
1 265 689042940
1 1772 610812334
1 3581 393532675
1 4130 748610957
1 466 514855935
1 3011 229757958
1 3097 795125777
1 817 788814278
1 3391 187794069
1 3362 799813824
1 3465 928921035
1 2758 165009672
1 5314 489376757
1 1768 899072020
1 3526 253585497
1 3842 752424608
1 3843 199011827
1 3198 298878783
1 1034 626132007
1 3242 524026545
1 5122 304845243
1 662 637801971
1 2922 253565184
1 2409 32665136
1 98 501986861
1 4350 754064730
1 1040 134333002
1 4072 296548022
1 4560 553666873
1 3600 256457787
1 2945 793737851
1 2687 795862109
1 1150 115503198
1 3493 333248771
1 3763 793683381
1 4964 181217525
1 1002 459676371
1 4485 658790198
1 2393 528814004
1 4967 133713750
1 3861 305268017
1 1195 333398310
1 3806 555775725
1 3497 659925628
1 1008 701804316
1 505 277002719
1 4881 944850783
1 2843 707049357
1 3546 538773552
1 4773 233066232
1 2980 448639960
1 264 847959017
1 4683 544783765
1 3433 641646975
1 1036 958384955
1 822 951469300
1 1953 745675939
1 2125 592168763
1 458 315328923
1 4195 742445651
1 2161 840801322
1 2878 433614709
1 4015 455418903
1 2677 326789043
1 1500 758242023
1 3200 937661582
1 3426 979159544
1 2525 507933537
1 240 846410112
1 3414 435325067
1 2624 469128282
1 3 480755142
1 252 745290002
1 1127 46551970
1 3108 234823252
1 3191 275816832
1 4625 540884379
1 3993 346153315
1 1793 519681477
1 791 24464817
1 1374 542569498
1 2805 130479278
1 4097 749403544
1 5323 962188651
1 812 46612016
1 3170 184404618
1 3355 475641130
1 4211 671014290
1 2462 360363381
1 766 282657334
1 387 166079221
1 3950 157946616
1 3711 38778504
1 555 790651469
1 1601 561259151
1 3058 675460554
1 5405 68184983
1 1739 254748743
1 4613 263976271
1 2082 126517084
1 5175 656991717
1 4176 704249353
1 1655 371317393
1 3257 75268547
1 1910 861304954
1 3809 226512446
1 2531 854740022
1 4062 891587643
1 2790 29362673
1 4076 513410672
1 3921 717542298
1 4703 289887051
1 2769 617744340
1 4412 720200999
1 909 345356591
1 4596 69126435
1 2904 659077122
1 4495 444742894
1 2116 321309494
1 2569 132674468
1 3767 775007579
1 940 538354633
1 5132 587727595
1 3933 738020929
1 1828 472441654
1 3723 622992730
1 2174 686421902
1 4108 324282540
1 3915 481176257
1 4951 767849181
1 3369 397987802
1 5146 331646572
1 3106 976623897
1 1334 794923887
1 2687 839436617
1 1088 969410931
1 3466 137810247
1 3998 879797233
1 664 944778565
1 2770 935419822
1 2871 702816261
1 1305 838830529
1 3666 865343244
1 1969 725982148
1 1791 244790048
1 160 377353227
1 481 220720749
1 4290 457624990
1 2483 779902796
1 1594 643258170
1 2926 649241891
1 3931 875970011
1 1417 409636448
1 1962 552375202
1 5152 507460524
1 4314 906204237
1 5471 316331839
1 1274 716704126
1 4962 244935007
1 4255 596540192
1 2783 547221817
1 2189 214624313
1 4648 252705489
1 2328 904729325
1 4275 574665486
1 2856 706655690
1 413 35995536
1 4175 639165738
1 2631 175329318
1 180 982168094
1 2552 180626263
1 4240 680293209
1 987 109522495
1 1783 732102974
1 4970 262241359
1 2191 388909635
1 4048 390705453
1 1215 680138327
1 67 239580668
1 4892 193291057
1 5247 660040576
1 1787 420646604
1 986 102225754
1 683 302077706
1 5450 866316818
1 1860 804268626
1 1042 33174433
1 4000 167064246
1 201 39276542
1 689 857362590
1 702 39668671
1 551 79543256
1 1933 247166375
1 3098 677929951
1 1982 734504155
1 1954 247009583
1 1249 598551889
1 354 322112950
1 361 629507249
1 5095 371712042
1 2649 898369194
1 77 627540332
1 1090 228046586
1 4263 117690770
1 3510 29360053
1 5145 494664357
1 2084 697302915
1 4092 385923772
1 1256 772069299
1 1525 852876444
1 5243 359355480
1 5018 593426814
1 1738 142759974
1 5106 4115766
1 3584 797924928
1 4049 437474715
1 3056 713405793
1 3921 175238921
1 4497 915407744
1 5404 42694725
1 4401 786153355
1 3132 486191219
1 327 295580590
1 3359 619392777
1 4321 574854624
1 639 685398951
1 5360 49553055
1 5355 613445676
1 3359 797258604
1 301 431143896
1 1651 827202366
1 2471 761057416
1 5328 798882418
1 960 575667964
1 385 303710313
1 3562 324593017
1 746 998901049
1 3532 163000806
1 441 378624357
1 1199 23766352
1 1888 792344141
1 5169 483398088
1 4364 435318920
1 5466 606595830
1 2965 636875731
1 3181 369166711
1 889 499560016
1 3049 627476052
1 3566 170596607
1 4142 765387461
1 21 490178403
1 828 103722361
1 733 125417736
1 4427 32401657
1 94 794482150
1 4083 397436148
1 1534 662218710
1 3417 288164741
1 842 551546611
1 475 633396621
1 5427 668862412
1 4594 220645106
1 1552 388644497
1 1901 809916368
1 703 319614643
1 3529 134853212
1 480 40595965
1 4996 472287517
1 1666 203156424
1 4072 383497951
1 2408 257666745
1 2464 678155398
1 265 766838878
1 997 611007569
1 2273 177330430
1 1874 117666752
1 1569 355377478
1 2882 126127799
1 1588 297735348
1 2119 712337129
1 1993 800472010
1 2492 115681527
1 1495 989234861
1 4098 136890993
1 1759 530420147
1 4177 83379236
1 5497 631575099
1 1474 504449297
1 4506 37729932
1 4161 310996521
1 3021 668833271
1 2603 212914675
1 1593 496964331
1 2836 153568076
1 145 767031983
1 3030 708566509
1 3571 245711216
1 2864 862727928
1 1412 223355976
1 3535 173771891
1 3039 256853696
1 1981 345276578
1 1174 25657638
1 739 841610864
1 427 388924749
1 4028 771473409
1 1333 446582227
1 2784 67229875
1 5026 266504539
1 1779 723200792
1 1608 239574229
1 4418 583613527
1 535 710595332
1 1024 693030465
1 3929 653831292
1 2959 840556272
1 3782 754869748
1 2093 582361614
1 874 793453029
1 1556 821728174
1 4185 915732609
1 3300 444657724
1 5475 1830720
1 2188 680709352
1 52 16904384
1 1075 383837837
1 833 9596090
1 1388 261580175
1 3674 776999678
1 442 476335415
1 2278 944171879
1 5085 499423469
1 2125 841897673
1 4936 597322024
1 488 93832941
1 671 210252408
1 2698 650463100
1 2678 447280090
1 1591 431036419
1 519 219626395
1 2169 206442325
1 3007 45577979
1 1117 466840107
1 2937 591396554
1 243 597451588
1 3766 235883190
1 829 78549319
1 2788 706849522
1 1466 768134906
1 2901 860293591
1 1579 866975095
1 4237 85811666
1 1339 81174594
1 5128 273035709
1 1767 511439821
1 863 926348816
1 2567 758110554
1 4022 353997637
1 2454 40337471
1 1024 731793892
1 2204 192708336
1 76 215794642
1 579 729426061
1 101 277939760
1 866 984331728
1 238 755383532
1 3279 563954956
1 2064 605830753
1 885 997935224
1 5161 848163088
1 3478 748166035
1 2209 217617968
1 5402 470654535
1 2472 608183103
1 1213 97045552
1 4812 276958569
1 1052 192869722
1 2873 21702208
1 3519 215460055
1 4901 369369387
1 3364 535002679
1 3102 104408563
1 2712 917757089
1 69 555811895
1 2999 398337538
1 3927 386396075
1 3861 776515480
1 1965 415184182
1 3107 350186069
1 1932 192124255
1 4688 160450961
1 3667 803218775
1 2736 319269147
1 3652 410743097
1 1397 439610946
1 1815 127452974
1 772 67150806
1 3669 302419156
1 1725 636909437
1 3503 672038574
1 3019 702281068
