35 1000
31 9
31 19
9 3
9 13
5 31
3 29
13 11
29 23
21 1
23 25
23 25
17 5
1 11
17 21
31 23
13 1
21 9
35 27
15 25
33 27
29 7
13 21
13 21
1 13
9 3
31 21
1 33
13 31
15 7
31 3
7 17
27 29
7 9
23 19
7 1
11 21
15 17
1 19
7 29
21 17
5 23
25 13
21 15
7 5
15 21
31 29
21 11
11 15
33 15
3 35
17 33
7 29
3 13
31 3
9 11
27 23
3 23
31 7
3 1
13 17
35 1
5 35
15 33
33 1
15 17
35 5
15 3
3 13
9 35
19 13
11 7
3 29
17 9
9 7
31 33
9 23
9 33
35 9
15 31
23 9
31 33
3 1
15 1
13 29
33 21
29 25
17 11
21 13
9 35
29 15
9 25
5 1
19 5
3 27
27 19
35 23
3 13
1 15
33 9
15 3
27 9
17 33
23 1
1 13
27 23
23 5
17 13
21 1
15 33
21 5
27 29
1 35
35 11
9 27
35 33
5 31
19 23
27 29
27 23
17 13
9 17
17 5
15 17
11 27
15 9
31 15
21 31
13 7
31 15
5 21
31 25
13 31
17 11
35 3
23 11
15 5
5 27
1 31
23 31
27 17
33 5
7 25
23 21
21 35
11 5
7 1
13 11
13 9
21 35
27 11
15 29
25 19
27 5
9 25
9 33
29 17
25 27
19 23
29 1
7 15
19 5
11 7
25 11
21 1
7 9
19 25
1 33
15 19
7 27
21 9
29 7
9 5
23 13
31 1
21 25
19 11
21 13
31 13
1 21
27 31
29 9
35 31
31 21
19 5
5 27
21 31
27 5
7 9
19 23
19 29
3 19
1 5
19 7
5 13
35 29
5 31
13 11
5 19
9 27
15 35
1 17
27 3
31 19
19 33
9 25
11 19
27 11
1 13
9 5
27 21
3 9
7 1
13 23
7 33
21 19
19 11
27 9
17 11
13 19
33 11
1 31
11 17
9 23
21 29
9 1
11 25
1 27
3 5
27 7
21 5
17 9
35 3
5 33
13 25
23 21
23 1
25 23
15 27
19 35
35 21
23 11
27 13
33 13
27 9
35 1
23 13
31 23
15 31
21 27
27 33
27 19
27 33
1 3
7 31
19 5
33 25
5 3
5 9
17 15
13 15
25 31
21 9
13 17
11 31
21 33
11 5
29 35
13 11
23 17
13 17
17 29
3 11
23 29
13 35
27 31
5 1
31 9
11 13
13 19
7 11
35 27
5 35
29 7
25 1
9 35
17 5
17 29
1 19
33 19
35 21
3 21
1 25
27 19
23 1
17 23
13 25
27 11
33 31
5 11
35 23
9 31
19 3
5 31
33 3
19 23
15 27
27 1
1 21
21 33
25 29
3 23
27 3
17 3
17 23
11 31
23 11
17 1
21 31
13 23
9 1
29 17
23 25
9 35
11 15
25 15
7 11
27 25
35 7
33 35
25 21
17 25
17 29
23 15
11 21
3 23
25 19
5 35
21 33
13 1
9 1
33 7
15 1
17 31
9 15
17 3
21 19
7 13
3 21
11 19
31 27
1 25
19 21
29 9
23 29
31 9
3 13
13 25
15 7
35 31
21 17
15 19
5 3
1 3
33 5
1 29
3 25
9 21
3 9
3 23
11 35
11 23
29 15
19 29
31 11
11 31
23 31
7 9
19 9
11 15
27 21
33 31
11 9
31 1
33 23
11 35
3 5
27 11
19 15
17 19
33 13
1 7
13 5
11 31
5 29
21 3
15 3
9 23
35 19
3 5
3 19
21 3
27 23
3 33
27 21
23 7
29 13
5 1
23 17
7 33
1 23
19 11
27 5
25 13
35 27
27 15
3 5
27 11
15 13
9 17
11 5
17 27
3 27
23 19
3 7
31 27
9 35
7 35
21 33
17 33
21 9
1 17
35 5
11 7
29 21
35 17
1 35
7 3
13 9
5 27
29 21
11 17
13 1
3 13
35 9
13 17
11 33
11 1
19 33
33 11
27 7
11 35
19 11
9 21
13 7
9 15
11 35
31 9
15 1
19 33
17 9
19 15
29 9
7 9
5 1
23 27
5 23
29 5
25 29
31 13
35 25
23 5
17 33
33 9
17 25
35 11
29 31
5 25
15 35
19 35
23 25
33 11
5 1
11 5
5 7
7 15
13 11
11 27
7 11
27 25
9 25
11 5
35 27
27 7
27 19
15 5
1 33
21 17
23 29
33 31
15 31
11 13
5 29
13 15
31 35
5 7
19 23
19 21
17 31
13 27
19 27
21 35
5 17
1 33
3 13
3 5
15 17
15 21
7 13
19 25
17 27
5 33
7 29
1 27
1 35
13 33
23 35
5 15
1 35
25 35
9 23
11 21
7 19
25 29
1 17
5 15
5 31
1 31
29 35
19 31
19 25
25 33
11 17
1 17
5 19
13 29
7 17
1 9
7 33
23 35
1 9
11 17
19 35
3 13
11 27
21 23
13 29
15 17
5 15
13 35
1 27
31 33
7 9
17 19
23 31
17 31
13 23
19 27
13 27
7 11
7 13
9 17
11 19
3 23
29 31
5 25
13 25
19 27
33 35
9 27
7 15
9 11
21 35
3 23
13 15
7 19
1 25
5 27
3 27
9 17
1 9
11 23
23 31
3 23
1 25
11 29
15 25
13 35
17 33
29 35
9 35
25 27
1 15
3 29
9 15
5 17
3 9
15 19
1 31
9 31
1 11
33 35
15 21
1 19
15 21
3 35
1 9
7 17
5 27
7 11
23 27
1 7
7 17
11 13
5 7
3 29
11 29
9 31
27 29
11 23
13 27
9 23
19 21
25 29
3 11
11 29
1 33
21 23
19 21
15 27
15 29
17 33
13 27
1 13
1 21
21 27
7 9
1 5
3 25
7 27
31 35
5 19
15 17
15 17
21 33
5 31
17 23
11 25
23 35
9 21
1 25
19 23
11 31
23 33
5 17
3 27
7 15
5 31
7 17
13 19
7 27
3 29
27 33
17 23
1 29
27 29
11 35
5 17
19 27
5 15
1 15
11 25
25 29
19 25
1 23
23 35
9 35
19 29
3 7
7 17
9 11
3 19
5 23
9 11
19 21
9 15
27 33
17 29
15 27
7 29
23 29
11 25
9 27
19 25
9 13
11 25
19 27
5 35
1 15
11 35
19 33
9 15
1 3
1 9
1 21
7 19
7 11
9 19
9 35
11 27
1 29
15 31
1 3
1 19
3 25
5 9
7 31
3 33
11 19
3 15
13 19
11 27
7 15
7 11
19 35
3 17
17 25
19 21
1 25
29 35
17 21
7 29
7 17
7 33
5 7
3 27
29 31
1 17
3 29
7 21
11 21
15 31
25 35
1 7
11 31
15 19
9 17
7 27
3 13
13 29
13 25
5 21
33 35
17 23
1 23
13 29
15 19
7 31
3 17
1 9
9 35
1 17
5 29
23 27
3 25
23 25
19 21
13 25
15 33
1 33
11 25
25 27
13 17
9 29
1 9
9 29
7 25
15 25
17 19
3 21
17 31
21 35
21 35
11 29
17 25
1 29
27 31
19 29
19 31
7 35
11 31
21 25
3 25
7 25
5 21
9 19
7 21
11 31
13 35
13 15
5 23
15 31
7 33
1 13
5 35
21 35
9 13
7 19
9 21
17 29
3 23
5 31
13 27
17 31
25 33
19 33
5 31
17 31
7 29
7 11
3 25
19 23
9 23
3 29
9 21
15 29
17 35
1 7
33 35
7 33
1 29
7 21
1 33
13 15
7 17
19 31
7 31
21 29
13 31
7 27
15 17
25 33
5 35
9 25
11 15
3 5
9 15
9 23
23 33
5 21
7 29
9 17
11 25
25 31
15 17
3 11
11 27
13 29
31 35
7 15
19 23
3 11
7 15
7 31
5 11
29 31
7 9
11 31
7 17
19 27
5 29
3 9
3 5
25 33
5 33
13 25
1 23
1 15
5 31
13 15
15 27
25 33
25 33
19 23
13 25
7 35
21 35
13 17
17 35
1 21
5 27
7 19
9 33
13 23
25 27
9 35
25 29
25 27
5 21
15 33
13 17
13 25
25 27
3 29
1 25
29 35
5 25
17 25
17 31
15 29
15 25
11 15
15 35
11 15
11 13
1 19
3 19
17 33
7 13
1 13
11 15
1 19
5 29
7 13
1 33
11 35
29 35
7 25
23 33
17 19
7 35
5 7
17 23
29 35
19 31
19 31
17 35
3 5
5 33
11 25
3 17
9 23
11 15
7 27
23 35
3 5
11 29
7 21
25 35
25 33
3 25
17 29
15 35
1 19
11 25
17 21
15 17
19 21
17 33
3 31
13 27
9 19
19 31
15 17
5 9
7 31
5 21
5 29
19 21
23 33
21 25
15 31
9 25
7 19
15 19
3 29
11 17
33 35
1 23
13 29
31 35
3 17
1 11
15 29
3 21
11 35
27 35
13 35
11 27
27 29
17 25
