35 1000
21 6
23 12
30 10
35 22
11 6
34 26
32 27
24 10
33 16
22 8
22 18
32 8
16 5
25 10
11 4
33 30
35 7
23 21
13 12
32 9
16 12
26 5
9 4
30 22
35 7
12 5
31 12
35 15
22 14
30 6
13 7
34 7
31 12
29 11
21 10
31 17
34 17
26 12
12 4
28 9
27 6
32 8
32 29
25 6
15 3
21 18
24 14
15 7
23 22
27 5
29 11
28 10
14 6
32 15
30 19
26 15
15 12
9 4
32 23
20 5
25 14
30 7
35 32
15 5
32 16
30 22
21 15
18 5
29 10
33 29
26 12
30 9
31 7
21 19
26 22
33 10
14 7
33 19
31 18
34 16
27 21
9 7
30 27
16 13
33 6
31 28
27 24
7 5
32 25
28 24
35 12
16 15
15 11
30 17
29 5
32 27
28 26
32 9
16 11
34 19
23 5
32 11
30 19
34 19
11 4
22 13
29 9
33 25
15 5
26 18
10 6
29 21
28 14
21 18
30 4
18 12
19 8
35 24
31 27
30 5
31 10
17 3
25 10
13 8
25 4
27 21
22 10
17 12
33 23
21 8
30 27
26 6
28 20
17 3
31 3
34 26
10 6
15 4
13 7
18 4
34 14
19 17
30 13
13 11
22 8
33 18
23 11
34 33
34 10
20 11
26 10
9 7
35 23
30 12
16 5
22 19
29 27
19 15
30 7
24 21
31 21
14 12
32 9
33 23
22 10
13 8
27 4
29 5
34 11
31 18
29 20
24 15
9 4
16 15
30 7
27 8
34 26
15 13
34 13
26 6
29 13
35 20
33 12
33 29
28 6
9 4
27 25
29 28
28 6
25 4
32 3
17 4
14 7
18 6
25 3
27 16
22 12
32 18
32 8
18 14
24 6
10 9
28 18
34 28
35 14
10 5
23 18
30 28
33 31
31 14
29 20
35 21
14 8
28 9
14 8
17 4
29 4
32 27
22 12
32 21
25 10
28 16
34 23
26 9
32 10
34 22
35 30
22 16
11 9
34 8
27 5
18 13
27 21
17 12
31 9
21 18
27 23
21 15
35 29
32 31
33 4
34 17
31 22
22 5
35 23
20 16
10 5
30 4
34 9
15 10
30 23
32 6
26 19
10 7
35 3
27 23
32 20
16 5
23 6
9 7
7 6
27 24
27 24
16 12
14 12
35 18
20 14
33 26
20 13
24 11
23 6
29 15
34 13
26 11
35 33
20 15
31 21
18 13
35 24
20 15
18 12
5 3
17 3
34 20
7 5
28 7
27 4
25 11
22 12
33 19
28 26
34 21
29 3
33 22
24 3
25 20
23 14
35 3
28 26
28 10
34 6
26 18
13 12
26 5
32 21
22 5
32 21
8 5
27 20
10 5
14 8
13 12
33 26
34 29
33 20
24 23
28 15
35 25
29 12
29 16
33 32
32 13
13 5
16 11
20 4
35 12
11 8
22 9
34 32
28 11
31 12
17 4
29 19
24 3
21 9
33 9
35 33
18 4
12 10
29 19
7 4
12 11
9 4
24 5
25 15
23 15
34 14
25 6
28 22
35 21
25 21
31 28
15 5
25 6
32 21
29 13
34 22
25 12
21 10
24 19
30 5
20 11
11 9
20 10
33 3
27 9
20 15
20 3
7 3
29 21
20 5
16 9
31 8
29 26
13 5
8 6
11 8
32 27
19 5
12 9
19 14
7 5
32 30
24 15
30 26
18 7
27 25
30 23
13 10
24 12
28 22
17 3
34 11
30 23
27 3
17 10
16 14
23 21
13 4
26 25
33 7
11 8
25 21
34 10
30 24
34 21
25 6
35 21
5 4
20 7
21 6
26 11
11 4
23 21
28 6
21 3
25 10
16 7
21 18
22 17
30 14
33 22
24 10
18 12
27 17
32 5
24 20
30 28
15 12
27 3
19 8
13 3
9 8
30 5
35 32
27 22
29 5
34 12
31 30
18 13
30 26
22 4
11 7
32 7
26 10
28 21
31 16
27 5
14 10
19 10
19 16
25 3
14 7
20 17
23 3
23 22
10 5
25 23
30 17
35 20
33 14
26 19
32 6
19 12
25 4
20 16
27 4
30 10
16 8
8 3
32 22
35 9
15 6
32 12
22 12
32 12
17 7
27 3
24 11
19 8
17 10
23 3
20 6
12 10
33 7
29 13
20 13
33 19
26 3
30 15
18 11
26 11
14 11
13 4
14 7
16 5
35 29
34 14
27 3
31 13
20 18
30 17
33 26
28 16
33 5
16 12
29 10
32 23
33 4
11 5
20 5
32 23
16 5
23 22
26 3
17 10
11 9
17 7
29 12
23 22
23 16
32 7
21 16
17 4
18 17
26 6
27 10
27 15
25 7
15 10
31 23
14 12
27 14
16 8
30 15
32 3
20 18
22 21
10 5
30 10
21 7
22 17
9 5
13 9
17 10
24 6
18 17
30 4
15 13
27 8
20 19
32 8
22 14
33 29
32 15
28 19
22 7
25 15
27 13
10 5
21 13
18 5
21 19
25 11
31 5
31 17
33 26
34 8
27 12
27 5
31 25
28 22
14 4
20 4
34 13
33 19
20 16
29 8
9 7
7 6
28 27
32 6
34 22
32 18
31 28
30 6
28 20
29 9
30 18
33 23
33 26
25 8
33 25
7 3
33 11
33 17
31 15
24 22
33 26
13 4
31 8
15 9
25 23
12 7
31 5
25 12
13 5
30 14
4 3
18 6
23 9
28 10
33 6
32 6
17 11
15 14
30 7
27 13
26 18
35 5
12 11
29 28
33 29
27 13
22 20
17 4
19 4
10 3
18 13
26 15
17 16
29 3
27 16
31 15
35 8
15 8
31 30
30 18
23 18
33 16
18 7
26 5
34 6
29 26
28 8
27 17
17 12
14 10
33 6
24 12
16 13
29 22
28 25
22 5
27 8
24 13
27 26
29 26
25 6
30 4
31 3
32 10
26 15
15 13
32 8
30 6
28 8
21 12
21 15
16 6
18 15
24 16
30 29
27 13
23 13
19 12
25 18
30 13
11 6
10 6
11 4
32 14
9 7
26 21
16 7
16 15
22 4
33 8
22 6
24 14
18 3
14 12
13 12
18 4
19 9
35 8
16 4
34 30
25 10
26 10
19 14
22 6
32 4
18 10
34 7
21 9
33 27
27 24
21 18
31 28
20 13
22 9
33 7
34 24
17 12
25 21
31 7
32 27
12 5
28 5
28 14
34 13
19 10
33 3
31 17
34 12
32 30
22 9
9 3
27 8
27 21
14 4
16 11
33 13
29 21
23 14
29 20
31 23
30 5
10 3
34 25
33 9
26 24
13 5
27 15
26 3
33 31
28 26
29 28
28 20
23 10
34 16
30 9
17 12
28 19
28 8
25 16
10 7
33 13
31 12
15 3
33 22
25 13
26 11
31 10
29 26
33 29
34 25
28 8
12 3
32 21
35 8
26 12
32 19
11 7
32 9
14 8
23 6
25 11
32 27
34 30
30 14
20 6
31 19
33 26
26 14
14 12
18 9
25 21
31 19
34 26
10 6
23 20
30 21
30 5
35 15
35 3
16 6
31 16
35 9
34 23
10 6
34 4
35 17
35 22
34 13
21 20
26 18
14 4
32 30
22 8
8 6
19 3
12 5
34 33
6 3
24 16
35 12
30 20
29 28
13 12
33 6
28 17
25 14
34 24
33 28
15 6
27 17
21 17
28 14
24 22
32 12
34 3
15 5
8 6
33 17
14 5
7 3
32 23
27 25
20 4
23 9
20 6
30 16
28 21
32 11
16 12
29 12
23 9
35 13
27 5
21 19
11 9
33 32
19 6
26 12
32 11
35 6
26 7
29 12
30 5
17 3
16 9
32 10
23 21
14 5
27 20
30 3
29 15
17 11
33 12
23 21
26 22
28 14
32 13
35 9
33 26
35 33
10 4
19 4
27 13
17 9
19 10
20 7
35 12
17 6
23 9
17 6
33 27
26 4
34 25
22 19
27 12
35 7
28 24
22 15
18 14
24 5
23 8
26 9
35 28
33 20
18 16
23 6
10 7
16 10
23 7
20 14
8 5
26 6
17 4
15 12
29 26
13 12
21 17
14 10
28 12
26 5
21 17
28 26
22 5
11 10
22 10
25 17
32 16
12 3
25 14
35 34
20 19
29 16
30 16
30 3
30 21
30 9
19 4
30 24
16 8
26 10
15 9
27 17
21 10
13 3
28 22
31 30
23 16
21 4
34 9
16 8
19 12
29 18
33 31
35 9
4 3
31 11
21 17
32 18
34 31
28 26
35 28
35 34
29 13
7 3
26 13
31 9
22 13
32 4
23 9
31 24
23 4
24 10
31 16
34 17
26 18
25 7
28 10
34 6
25 19
19 16
31 18
25 6
27 10
25 19
10 7
19 3
31 6
32 29
16 9
29 22
28 5
29 14
33 32
32 25
32 28
32 11
24 9
35 11
30 11
26 9
10 8
16 14
