35 1000
30 29
31 32
19 18
15 14
33 34
7 6
18 17
30 31
21 20
24 25
24 25
12 13
8 7
2 1
17 16
14 15
28 29
10 11
21 20
22 23
12 11
23 24
34 35
32 33
35 34
4 5
3 2
35 34
8 9
32 33
25 26
33 32
13 14
12 13
23 22
15 16
18 17
25 26
2 3
1 2
24 25
15 16
32 33
1 2
14 15
1 2
14 15
26 27
15 14
27 28
9 8
4 3
11 12
3 4
11 12
12 11
23 22
28 27
2 3
28 27
17 16
31 30
2 1
32 31
23 22
4 5
15 14
35 34
4 5
12 11
25 24
15 16
24 25
22 21
9 8
14 13
20 21
10 9
6 7
12 13
22 23
3 4
26 27
5 6
11 12
34 33
24 25
16 15
32 33
4 3
18 17
13 14
2 1
4 5
25 24
32 33
32 33
3 2
11 12
10 11
23 22
12 13
10 11
10 11
25 24
3 4
25 24
17 18
25 24
11 10
28 27
15 16
33 34
1 2
22 23
14 13
27 26
11 12
29 30
12 13
18 17
24 23
15 14
1 2
18 19
3 2
33 32
24 25
20 21
29 28
18 17
18 19
1 2
12 11
18 19
4 3
25 26
26 25
27 28
2 1
32 31
29 28
2 1
11 12
23 22
34 33
18 19
18 17
20 21
4 5
3 4
27 28
28 27
8 9
2 1
7 8
22 21
6 5
2 3
4 5
1 2
16 15
8 7
16 15
13 14
1 2
13 12
29 30
33 34
10 11
13 12
11 10
22 21
29 28
22 23
5 4
6 5
18 17
31 30
19 18
21 20
35 34
5 4
19 20
20 21
26 25
2 1
32 31
7 8
27 26
17 18
29 30
10 11
14 15
30 29
12 11
23 22
5 4
17 18
31 30
20 21
29 30
5 6
29 30
1 2
14 15
5 4
2 1
29 28
14 15
3 4
13 14
4 5
23 24
4 5
16 17
33 32
35 34
15 16
18 19
5 4
28 27
10 9
22 23
21 22
33 34
27 26
13 14
27 28
29 28
22 21
3 4
20 21
18 17
26 27
5 6
29 28
10 9
3 2
11 10
33 32
4 3
6 5
25 24
26 27
5 6
29 28
20 19
34 35
4 5
26 25
16 15
27 28
8 7
18 19
26 25
24 25
30 29
4 3
30 29
22 23
29 30
34 33
18 17
12 13
25 24
7 6
13 12
15 14
24 25
4 3
31 32
16 15
35 34
29 30
14 13
2 1
27 28
18 19
31 32
26 27
26 25
1 2
25 24
7 6
14 15
5 6
14 15
22 21
24 23
29 28
8 7
19 20
23 22
1 2
11 12
21 20
1 2
24 23
2 1
27 28
23 24
9 8
15 14
25 24
5 6
22 23
25 24
34 33
16 17
16 17
23 24
25 24
26 25
23 24
12 11
26 25
34 35
14 15
26 25
23 24
8 9
7 6
11 12
23 24
34 33
15 14
27 28
26 27
15 14
2 1
14 13
14 15
22 21
11 12
33 34
20 19
10 9
10 9
25 26
4 5
16 15
20 21
19 20
32 33
7 8
22 23
13 12
35 34
3 4
2 1
26 25
23 24
21 20
18 19
33 34
14 15
2 1
31 32
15 14
35 34
29 28
10 9
6 7
30 29
23 22
31 30
13 14
2 1
8 7
9 8
28 29
33 32
1 2
31 30
1 2
12 13
29 28
3 2
4 5
20 19
17 16
18 17
24 23
11 12
23 24
5 6
2 1
10 11
14 13
2 1
1 2
32 33
17 16
34 35
12 11
29 28
23 24
25 24
14 13
32 33
5 6
7 8
17 16
7 6
24 25
21 20
26 25
32 33
19 20
9 8
33 34
19 20
20 19
23 24
5 4
25 24
17 18
31 30
24 23
14 13
33 34
33 34
4 5
28 27
29 28
21 22
25 26
6 7
16 15
13 12
23 24
2 1
17 16
16 17
12 13
26 25
19 18
2 1
29 28
2 1
27 28
17 16
28 29
24 25
17 16
11 12
16 17
27 26
23 22
25 24
10 11
28 29
26 27
14 15
25 26
29 28
17 16
8 7
17 16
27 28
31 30
8 9
6 5
12 13
1 2
23 22
8 9
21 22
27 26
6 7
32 33
16 15
25 26
22 21
13 12
33 34
26 25
9 8
33 32
4 3
30 29
23 24
21 20
34 35
20 19
9 8
30 29
7 8
7 8
32 31
19 18
23 24
24 25
20 19
26 27
20 19
32 31
29 30
22 21
34 33
3 2
2 1
32 33
7 8
8 9
32 31
17 18
29 30
9 10
1 2
13 12
26 27
15 14
13 12
32 31
26 25
2 1
30 29
3 4
3 2
33 34
35 34
28 29
11 12
1 2
5 4
16 15
5 6
14 13
23 24
12 13
25 24
26 25
7 8
31 32
10 9
25 24
13 14
20 21
22 21
28 27
22 21
28 29
33 32
13 12
29 28
28 29
6 7
14 15
11 12
9 8
7 8
4 5
26 25
8 7
4 5
34 35
11 10
10 9
7 6
35 34
1 2
9 8
31 30
29 30
8 7
22 21
27 28
1 2
29 30
30 31
10 9
30 31
32 33
9 10
15 16
30 29
16 17
5 6
1 2
23 22
34 35
33 34
16 17
25 24
2 1
11 10
17 18
28 29
13 14
33 34
35 34
23 24
15 14
24 23
23 24
20 21
18 19
1 2
24 23
22 23
13 14
24 25
24 25
28 27
7 8
30 29
29 30
21 22
10 11
25 26
6 7
29 28
28 29
8 9
1 2
32 33
20 21
34 33
24 25
6 5
2 1
31 30
15 14
2 1
33 32
21 20
14 13
6 5
2 1
13 12
17 18
9 8
27 26
16 15
6 7
18 17
6 5
19 20
3 2
5 6
34 35
8 7
22 23
3 4
25 26
11 10
25 24
11 12
9 8
25 26
14 15
4 3
3 2
10 11
24 23
8 9
10 9
5 4
25 24
22 21
19 18
4 5
31 32
15 14
32 33
6 7
31 32
17 16
17 18
9 10
21 22
2 3
13 14
27 26
31 32
3 2
8 7
15 16
12 13
33 32
6 7
32 33
23 22
17 16
27 28
13 14
4 5
13 12
8 7
23 24
28 27
16 17
33 32
8 9
34 33
21 22
24 23
9 10
25 26
12 11
24 25
22 21
5 4
15 16
13 12
26 25
11 12
22 23
18 19
17 18
28 27
12 11
9 8
26 25
21 22
27 28
20 19
7 8
6 5
6 7
1 2
7 8
13 14
25 26
24 23
24 23
19 20
20 21
13 12
19 20
17 16
26 25
17 16
2 1
31 32
29 28
2 1
27 28
6 5
11 10
28 29
4 5
26 27
26 25
33 34
15 16
29 30
33 32
34 33
4 5
10 11
23 22
8 9
29 28
18 17
32 33
4 3
28 29
9 8
20 19
18 17
35 34
12 11
21 22
32 31
17 16
7 6
6 7
13 14
28 27
10 9
34 35
3 2
8 9
7 8
23 22
1 2
10 9
10 9
5 4
26 27
26 27
23 24
27 26
33 32
6 7
26 25
21 20
14 15
10 11
34 33
23 22
32 31
31 32
10 11
5 4
7 6
21 22
10 9
34 35
11 12
4 3
31 32
7 8
1 2
30 29
33 34
28 29
22 23
12 11
1 2
3 2
3 4
20 19
14 15
7 6
2 3
18 19
2 1
17 18
31 30
33 32
29 28
13 12
11 10
6 7
4 3
22 23
3 4
26 25
26 25
15 16
21 20
24 25
31 30
11 10
17 16
22 23
28 29
26 25
28 29
6 7
30 29
34 33
22 23
16 15
29 30
4 5
19 20
21 20
18 17
31 30
33 32
26 25
31 30
6 5
17 16
6 5
12 11
4 5
34 35
16 17
12 11
14 15
29 28
16 17
35 34
21 20
4 3
8 7
7 8
22 21
13 14
30 29
26 27
29 30
17 18
12 13
26 25
1 2
9 8
32 31
34 33
24 25
2 3
5 4
3 2
13 12
16 15
14 15
24 23
33 34
32 31
7 6
1 2
30 29
26 25
9 8
5 4
9 10
26 27
6 7
16 17
27 28
30 31
4 3
28 27
34 33
11 12
11 10
24 25
23 22
10 9
31 30
13 14
12 13
26 25
11 10
2 3
11 12
29 28
17 18
29 30
21 22
10 11
21 22
7 6
10 9
21 22
31 30
3 4
30 29
11 12
27 26
34 33
23 22
8 9
20 19
6 5
21 20
33 32
32 33
32 33
9 8
18 19
19 18
10 9
11 12
34 33
21 20
4 3
22 23
17 16
29 30
19 18
32 31
31 30
25 26
27 28
26 25
2 3
34 35
7 6
22 23
2 1
1 2
31 32
7 6
9 10
28 27
5 6
20 21
11 12
19 18
34 33
6 7
26 25
6 5
26 25
35 34
16 17
28 29
17 16
17 18
20 19
7 6
9 8
5 6
27 18
15 16
24 21
35 30
27 24
31 18
26 20
5 10
5 8
25 20
