35 1000
33 16
24 17
35 20
20 4
27 14
16 12
31 22
27 23
21 3
9 3
23 11
20 4
15 6
23 9
25 8
14 9
13 11
17 7
24 18
30 26
33 32
24 18
30 19
23 7
12 5
23 19
30 16
32 16
16 8
29 20
32 5
19 7
32 22
33 9
35 7
23 21
23 6
27 24
21 15
35 17
6 3
26 16
17 14
24 9
15 14
33 13
34 27
21 9
33 13
28 13
11 5
21 15
34 21
29 17
28 16
13 5
27 9
16 9
21 8
30 24
26 11
33 22
18 13
24 12
17 4
35 30
20 11
32 12
24 15
19 11
26 20
35 12
35 29
31 9
24 17
22 3
34 20
30 6
30 29
23 5
16 3
27 8
23 22
14 4
11 6
30 19
16 12
26 15
32 9
33 5
22 6
28 18
34 21
10 9
20 6
30 20
21 6
23 12
23 13
20 15
32 16
28 22
14 7
33 10
29 24
27 23
35 8
13 5
25 19
34 4
32 16
34 3
34 20
27 25
26 11
7 5
30 15
35 16
19 12
30 19
34 30
28 16
28 15
33 8
29 8
27 13
20 11
30 19
35 31
32 15
32 17
31 22
35 30
26 4
22 17
12 3
31 19
12 11
30 22
24 19
26 14
28 17
30 4
34 14
33 14
23 14
8 6
29 5
28 27
29 11
10 6
30 23
29 13
29 5
14 7
13 11
16 13
29 13
30 22
28 9
19 7
32 6
15 5
30 11
34 30
24 18
21 17
29 20
31 4
34 27
24 19
5 1
22 18
25 8
35 5
25 24
21 8
27 3
27 22
23 9
10 6
12 6
32 26
20 9
7 3
16 14
30 29
8 6
19 4
32 29
35 24
18 14
30 18
28 13
30 9
30 24
25 13
32 27
6 4
13 5
23 16
8 3
26 16
31 30
32 4
22 21
30 10
13 7
18 6
6 4
7 5
9 6
24 22
22 8
28 19
28 10
35 22
33 16
26 18
18 15
33 31
9 7
16 14
34 8
20 14
9 4
35 14
33 22
19 15
16 7
24 7
35 23
16 9
22 3
30 10
27 11
24 11
35 4
23 17
26 7
24 14
17 3
15 5
14 13
35 6
16 13
22 14
35 10
11 4
32 26
25 19
34 16
35 17
31 23
35 19
32 6
10 6
26 25
31 28
18 7
15 9
5 3
21 10
30 27
27 26
33 7
18 16
19 10
23 4
27 5
23 10
22 20
27 19
35 31
34 19
30 4
12 9
24 4
19 5
22 14
30 25
33 3
28 24
32 10
29 16
26 5
12 4
35 23
17 5
25 7
29 11
22 19
22 6
35 33
22 8
30 29
28 16
26 10
16 11
9 8
22 9
22 20
24 13
30 10
20 10
34 20
19 6
26 12
27 7
34 5
16 10
19 13
7 1
15 12
24 9
23 16
20 5
18 10
7 6
28 4
28 23
26 22
28 21
19 13
23 4
33 27
22 18
25 20
32 31
23 9
13 6
29 22
26 17
32 30
26 12
26 16
31 3
20 8
17 16
35 9
28 10
22 12
30 26
24 17
33 8
14 6
35 17
33 16
17 4
32 10
24 11
34 9
19 8
19 9
13 6
27 13
32 27
13 7
30 22
30 5
20 14
27 8
29 15
26 14
34 29
32 21
20 16
24 16
31 21
22 3
25 10
19 3
28 26
31 23
31 18
17 5
17 13
23 22
28 10
26 23
34 6
18 13
19 17
33 23
27 16
9 7
28 26
10 4
32 19
19 12
35 23
27 14
16 8
35 27
32 20
16 5
23 15
28 8
30 14
15 9
33 5
15 5
31 13
24 3
32 23
29 14
18 9
20 10
24 9
23 6
15 4
33 21
30 10
33 25
24 12
13 3
10 9
32 21
35 12
28 15
34 12
27 22
31 16
19 15
26 14
26 25
25 6
16 4
26 17
4 1
31 20
35 20
33 22
34 13
23 14
29 22
32 13
33 24
26 21
31 9
32 12
30 25
14 10
30 28
25 23
28 15
29 9
22 6
34 13
34 14
31 29
16 11
27 3
35 11
33 12
31 15
9 8
35 20
23 6
22 14
25 10
17 11
14 6
35 23
27 8
35 30
28 8
30 14
4 3
34 25
34 30
31 9
28 9
27 11
28 14
35 32
31 23
35 22
34 7
21 10
35 34
18 16
26 15
29 22
30 29
33 20
33 14
7 3
34 29
20 6
26 21
29 20
27 7
6 5
23 19
5 4
31 11
21 17
34 9
23 22
18 3
11 9
31 8
22 9
24 17
27 3
34 15
29 6
14 7
6 3
32 5
19 16
11 7
26 21
8 3
5 4
19 17
29 19
35 16
21 9
21 10
35 30
24 12
19 18
23 21
24 3
33 29
21 7
33 25
25 21
25 16
21 17
28 12
15 7
32 4
22 16
26 5
16 13
20 7
21 8
34 9
20 7
29 17
22 17
33 14
26 5
19 13
17 10
21 9
25 21
35 4
33 32
19 11
15 12
28 20
31 25
34 31
19 12
16 9
16 15
32 20
30 23
18 11
29 9
26 5
35 24
23 18
33 19
33 32
24 5
20 18
28 25
34 25
11 8
31 15
30 6
20 3
30 3
30 15
33 18
33 13
29 16
13 3
27 23
33 29
33 25
16 11
30 10
7 6
33 17
30 24
30 12
31 8
35 6
28 25
28 27
26 9
30 21
33 17
8 6
31 20
22 9
26 3
32 10
18 7
30 16
28 21
31 19
25 22
16 8
21 19
27 8
28 21
18 4
33 23
16 11
12 8
21 18
26 24
14 6
16 12
10 8
16 15
35 5
7 5
31 11
32 18
13 8
30 5
26 5
16 9
27 10
16 11
15 11
20 16
23 17
35 25
32 4
29 25
20 3
25 21
17 10
30 29
25 8
34 10
26 10
31 25
22 20
24 13
14 3
32 11
31 23
19 7
17 8
22 9
16 6
21 5
24 18
19 3
13 11
32 13
32 24
33 17
33 24
33 7
11 7
29 20
21 17
16 5
11 9
34 9
26 8
32 4
30 7
35 20
9 5
27 22
14 4
34 25
19 10
30 15
18 3
24 18
24 15
26 24
34 33
35 25
34 28
14 8
28 8
21 5
20 8
26 20
28 20
17 14
33 31
20 17
22 6
26 13
23 17
23 11
20 6
26 5
26 14
28 11
30 23
25 8
9 8
23 12
20 8
28 22
31 3
33 12
34 14
16 3
29 7
34 15
13 9
33 16
34 10
17 11
29 13
6 5
32 14
27 3
30 14
8 4
31 22
23 8
29 15
27 22
9 5
33 28
32 11
28 14
33 30
28 19
14 3
35 14
17 14
19 7
18 3
16 11
26 22
24 15
35 29
14 8
16 14
35 14
25 4
35 17
30 14
16 10
19 6
29 11
35 29
28 7
31 24
15 5
34 28
33 18
25 17
31 12
15 6
28 3
12 8
20 13
32 30
31 9
29 10
18 4
14 13
31 8
29 17
33 27
25 14
25 8
15 14
26 9
29 25
15 11
28 7
28 27
31 9
22 11
29 16
30 16
28 26
11 7
30 28
9 8
24 14
8 6
32 7
9 3
30 27
31 4
7 3
27 25
32 26
25 12
33 25
31 14
31 6
30 6
31 26
35 16
20 10
25 23
34 25
27 25
26 11
24 10
33 30
22 18
34 31
27 5
33 32
22 6
23 11
13 10
32 10
15 9
33 31
26 23
24 5
34 23
30 9
24 5
29 3
23 4
34 24
35 31
21 6
34 13
27 21
31 4
19 14
28 23
18 6
17 9
30 15
12 6
35 3
30 13
25 23
28 16
22 4
33 13
25 19
8 3
23 21
30 17
19 15
13 3
20 8
20 11
25 23
27 16
35 23
16 5
27 10
15 11
29 9
15 9
19 6
30 20
22 10
28 8
26 21
16 9
17 9
31 27
29 25
28 9
34 29
26 15
30 27
31 4
15 12
11 8
23 6
16 14
16 5
18 5
9 4
35 24
32 23
31 12
31 16
28 17
25 20
19 8
34 12
33 11
10 9
22 16
18 12
23 22
6 4
22 9
25 7
34 26
31 23
28 9
27 26
26 6
31 20
22 6
31 4
9 4
19 5
22 13
27 11
19 4
26 22
29 7
26 15
24 8
35 10
30 5
19 3
27 5
28 24
35 17
30 12
27 14
32 4
16 12
14 5
8 4
31 9
31 8
25 20
9 7
24 18
33 21
24 7
23 4
11 7
35 22
35 14
24 18
20 13
27 7
14 7
34 19
18 15
20 18
12 8
18 9
28 21
24 14
27 7
19 16
34 21
29 20
31 19
9 4
9 8
33 28
34 24
13 11
15 12
14 12
15 6
27 17
13 11
30 25
26 22
15 10
15 13
11 6
13 11
35 31
10 4
24 7
30 18
24 4
25 4
17 15
31 20
26 7
28 13
11 8
13 7
14 6
20 10
26 22
24 15
29 26
27 19
16 8
30 22
35 19
32 10
29 26
26 25
28 9
30 26
