35 1000
17 18
3 28
29 31
6 17
7 25
12 13
13 35
3 16
27 28
4 35
14 35
9 23
2 11
20 22
12 28
3 34
13 19
2 5
18 25
21 31
2 6
3 35
19 21
19 24
2 19
11 22
3 12
2 17
23 30
17 34
3 22
5 24
4 32
5 23
18 24
1 31
13 25
8 26
10 32
26 32
33 35
9 11
2 14
9 16
24 28
29 31
12 30
14 17
27 33
7 19
16 33
21 25
15 16
9 12
22 26
1 32
2 24
31 35
8 34
20 22
32 33
4 15
1 2
8 18
4 19
1 17
5 24
31 35
7 23
10 31
17 31
4 31
21 23
32 34
12 15
14 20
14 24
3 23
10 14
5 17
8 20
9 15
17 34
2 33
9 18
7 35
13 30
15 32
7 22
11 13
5 6
9 19
16 33
14 24
17 24
7 33
1 24
16 29
3 5
4 7
19 27
2 5
6 21
12 23
6 17
2 32
1 5
2 4
10 23
5 13
34 35
28 29
12 22
4 15
1 27
18 25
26 33
13 15
7 12
10 11
15 25
12 25
20 35
1 27
17 21
28 31
20 32
14 27
9 34
7 31
3 27
18 27
3 35
8 12
10 24
4 18
8 15
4 11
2 20
13 14
11 25
2 4
6 17
8 19
22 26
14 23
21 30
7 8
1 19
16 22
26 32
8 10
2 13
6 35
20 31
27 34
12 33
16 31
18 23
11 23
15 16
3 22
32 34
12 18
23 32
20 31
4 25
31 32
1 32
27 33
13 16
20 30
2 11
8 27
13 14
8 12
25 34
7 31
18 31
8 12
5 12
16 28
10 13
5 21
18 30
12 25
5 16
5 24
31 33
16 32
6 32
5 9
6 33
9 28
21 25
3 4
9 12
1 14
12 16
24 30
19 28
18 26
18 28
4 15
1 28
8 30
31 34
9 26
17 29
12 13
6 8
28 29
22 30
2 7
19 22
21 35
17 19
7 13
1 34
25 28
6 9
7 18
7 31
25 26
5 28
3 25
2 6
2 29
10 20
14 19
26 35
1 9
16 28
13 21
27 28
19 22
6 25
26 33
2 32
6 15
10 33
15 30
24 33
6 18
30 32
20 32
10 11
11 27
27 29
4 20
2 9
26 34
7 18
7 27
10 32
11 19
9 13
13 15
23 27
1 17
5 28
12 31
16 23
24 32
14 24
21 35
19 22
8 17
18 26
11 19
5 7
30 35
27 31
3 7
28 34
27 35
27 29
18 27
1 18
20 30
2 13
2 8
24 29
5 9
17 32
9 16
25 30
8 21
19 30
11 25
12 17
24 32
21 29
10 29
18 25
21 30
1 17
2 25
10 30
22 34
16 24
1 23
5 28
1 11
11 17
10 26
18 26
11 25
10 12
28 29
27 32
14 24
9 16
1 2
16 32
4 17
12 26
25 32
24 31
8 25
11 20
5 33
22 32
12 29
6 11
14 32
6 7
17 23
20 23
6 34
10 26
14 23
7 15
10 22
16 28
28 32
11 27
2 17
22 29
13 21
30 31
20 30
16 20
6 20
5 32
10 24
13 18
1 32
11 27
5 24
3 29
27 30
13 33
5 25
10 35
4 6
4 20
4 32
12 16
22 23
3 5
10 21
1 23
20 24
16 26
19 28
3 29
4 6
2 14
11 12
32 35
11 24
1 22
12 33
11 31
15 19
27 33
9 24
30 32
18 23
21 25
2 4
3 10
15 21
11 25
22 29
20 29
6 29
7 28
16 19
4 29
17 27
9 21
1 12
3 26
15 18
3 8
9 17
1 12
20 31
3 13
23 27
11 24
11 28
12 19
6 34
19 31
3 16
2 7
6 30
5 35
25 35
31 32
22 26
13 27
7 29
20 28
22 27
1 5
21 26
4 35
26 27
10 23
15 22
30 35
2 24
19 23
9 27
4 21
3 16
4 35
2 11
17 29
6 17
6 15
5 6
6 32
8 29
4 6
7 32
13 32
16 17
11 28
1 25
22 23
8 13
34 35
5 15
12 20
4 6
6 12
22 30
31 34
2 30
4 35
22 33
4 17
14 22
8 18
23 35
5 18
5 9
20 28
12 22
21 24
4 16
2 5
17 25
25 35
9 24
11 23
8 15
1 13
9 16
9 11
10 16
13 27
9 29
15 32
3 30
19 24
24 28
4 8
6 18
21 24
28 34
3 34
22 31
6 14
12 35
4 22
1 26
1 19
18 22
14 21
4 18
23 28
2 21
10 22
15 27
6 11
2 15
16 20
24 30
8 32
10 35
10 13
9 33
33 34
17 23
17 21
21 24
14 30
7 31
18 34
7 25
2 17
7 15
15 34
9 15
14 20
8 25
4 10
7 32
12 16
21 23
6 25
14 34
8 24
8 19
30 35
12 15
6 27
10 28
12 15
3 21
10 35
20 33
27 34
1 31
4 7
1 14
5 19
12 21
21 30
1 18
24 32
2 24
22 28
7 15
12 15
9 20
4 15
18 20
8 11
5 31
26 30
32 34
25 34
16 30
9 34
1 26
18 35
17 19
4 8
14 15
12 16
5 12
15 25
21 23
13 32
3 15
5 6
2 29
5 30
5 23
8 24
18 27
1 21
2 24
27 32
30 31
21 35
10 25
5 16
2 29
7 11
8 23
25 30
11 30
21 27
22 26
14 28
16 32
3 31
11 13
24 34
5 18
11 34
18 33
6 15
7 35
30 33
13 18
27 33
8 21
23 31
24 35
4 16
9 14
23 32
13 20
3 31
12 26
4 19
22 34
6 10
3 27
19 24
5 11
10 11
10 34
19 20
10 35
17 25
17 30
9 32
2 14
5 25
21 29
7 9
15 32
16 31
14 33
6 35
6 28
23 24
14 17
17 22
9 16
6 34
4 11
6 20
14 28
5 23
31 32
3 28
14 29
9 22
7 31
4 34
15 28
3 29
20 24
18 30
26 31
3 11
9 29
20 25
18 25
4 24
7 31
8 22
12 13
7 11
11 22
2 3
1 11
15 19
14 35
1 10
27 33
1 11
4 25
5 9
17 23
11 15
32 35
29 33
10 14
4 33
4 33
3 32
8 33
16 29
27 29
10 32
21 26
2 25
17 18
31 33
6 7
11 26
23 27
22 29
8 20
22 32
16 26
15 17
19 20
8 33
18 22
14 28
11 26
5 11
6 34
8 20
24 26
26 29
17 18
1 27
31 32
6 29
31 34
6 12
3 6
1 10
34 35
34 35
20 24
1 15
3 10
5 22
24 34
9 32
14 26
13 28
22 33
1 21
12 34
2 23
2 26
8 15
14 34
5 11
23 25
4 7
13 14
22 27
7 32
21 31
29 31
4 25
21 32
13 29
1 5
6 13
22 32
20 32
14 25
8 23
17 34
5 35
12 24
21 35
19 34
3 34
8 21
5 21
18 34
12 15
14 17
6 23
2 19
19 25
7 17
10 35
33 34
16 24
20 29
15 34
7 15
9 23
10 29
1 21
8 29
5 21
5 10
13 18
24 35
7 26
7 13
1 14
6 11
21 24
5 26
19 32
17 20
21 35
3 16
21 35
15 31
8 20
13 33
2 34
4 15
5 28
6 22
6 25
6 33
17 34
9 15
3 35
1 8
27 35
3 22
12 20
22 28
5 17
7 29
7 11
7 13
1 14
20 32
17 24
3 11
34 35
2 19
10 13
1 28
20 31
7 35
8 16
10 14
24 30
5 33
7 8
1 6
4 22
7 23
7 26
1 13
24 31
10 21
2 16
23 24
3 18
15 26
5 11
28 31
2 19
3 14
1 14
1 34
9 22
3 32
9 22
4 14
19 28
1 32
5 10
3 30
2 31
7 13
20 32
6 35
31 35
7 9
10 17
16 20
10 29
4 23
4 10
12 33
25 27
10 26
29 30
5 18
1 35
11 18
12 24
10 33
21 28
12 24
27 30
23 26
1 33
2 25
20 22
5 25
15 21
10 23
25 26
26 28
2 28
20 25
15 31
4 32
19 34
8 35
27 30
2 9
17 26
6 25
6 20
5 24
1 13
14 27
2 22
19 29
1 33
28 34
26 6
2 29
2 25
32 33
2 7
31 8
30 2
4 16
12 13
3 22
31 30
28 4
11 33
29 3
2 32
33 34
24 27
26 33
24 18
30 29
10 5
25 30
2 5
3 6
29 25
8 3
34 12
19 16
25 23
4 35
31 14
34 21
2 15
22 7
2 24
6 30
14 16
12 4
1 25
20 7
19 29
34 13
30 1
28 1
29 13
29 9
5 26
15 26
33 12
26 9
11 1
28 27
21 13
2 23
19 28
22 35
35 31
21 29
32 13
15 6
18 8
20 22
20 4
33 4
23 28
10 6
5 4
32 19
7 35
31 23
28 19
17 5
13 31
25 16
6 33
13 1
20 5
5 28
8 18
29 23
30 28
11 22
2 22
14 33
26 29
30 6
11 23
21 11
10 9
12 25
32 31
34 8
8 29
21 25
4 35
10 6
2 33
27 12
