35 1000
23 5
17 25
13 19
35 21
11 21
35 3
3 19
23 9
29 23
21 13
35 33
23 25
31 29
15 13
21 19
1 27
11 19
9 33
1 33
13 29
11 31
7 19
27 9
27 21
17 19
19 29
35 13
27 15
35 21
3 9
15 33
23 21
1 31
3 31
29 13
9 23
13 23
25 33
27 9
1 33
23 31
1 27
9 5
13 29
13 15
21 5
15 19
7 5
7 1
15 13
35 7
7 13
35 13
11 17
1 31
21 9
25 29
5 11
3 21
5 11
5 27
7 27
11 19
31 5
17 3
29 23
29 1
25 29
31 27
5 35
21 1
15 23
17 25
15 17
5 27
31 29
33 25
35 25
11 17
29 1
33 27
21 13
23 7
3 15
13 25
23 29
1 15
13 23
35 17
23 17
23 3
19 23
11 25
29 3
15 21
23 1
3 13
7 9
35 25
1 35
13 17
11 27
17 25
11 17
21 17
1 5
21 31
33 31
17 27
27 31
7 23
5 33
29 35
33 27
9 27
31 19
15 7
3 1
13 5
15 29
25 19
35 17
3 31
29 25
5 29
33 17
15 3
19 5
5 31
9 19
11 13
1 15
1 19
27 21
35 7
1 31
13 29
11 29
35 27
35 23
35 15
15 1
25 23
29 19
31 9
13 7
13 35
7 19
31 3
13 23
9 31
1 3
7 25
23 9
31 11
33 35
7 35
17 3
11 17
21 33
35 21
7 19
17 33
11 17
31 27
11 29
27 31
21 25
21 5
15 1
9 17
19 15
35 31
33 35
7 13
33 29
19 35
13 35
9 17
5 23
11 9
1 29
5 23
23 13
33 9
27 33
11 31
23 3
15 29
1 23
21 29
17 19
19 7
35 31
1 27
7 3
9 31
35 1
9 17
3 9
35 1
15 17
29 7
33 1
5 35
13 19
19 29
11 25
17 11
9 19
21 7
25 17
11 19
25 35
23 33
1 27
27 15
5 33
35 15
19 3
31 29
25 11
9 19
33 29
1 7
31 25
23 15
21 27
15 1
21 11
35 5
25 11
17 27
15 1
21 35
33 17
9 15
3 33
19 13
5 23
17 3
27 1
7 9
9 13
29 21
13 25
25 21
3 23
5 7
21 11
19 17
9 21
9 19
31 21
7 11
11 5
19 23
23 1
1 7
17 23
31 21
29 33
25 3
3 5
17 27
19 9
11 7
29 9
31 21
5 19
5 33
3 11
17 35
5 17
27 15
7 3
19 9
5 3
5 3
13 5
15 3
19 25
5 1
19 33
9 21
33 13
27 3
19 27
15 13
31 25
35 3
5 1
29 25
27 1
31 29
21 27
29 3
33 19
15 31
17 9
1 11
33 9
19 5
35 23
27 33
27 31
23 33
33 15
1 11
25 21
13 11
27 19
9 21
35 11
19 11
9 23
11 13
13 27
21 3
25 1
21 29
5 7
1 11
31 15
9 17
11 5
9 35
23 13
15 3
1 11
21 17
19 15
33 3
33 29
1 35
5 15
11 21
33 23
7 9
13 15
7 25
23 19
13 1
29 31
29 35
5 35
21 35
33 9
3 7
7 13
17 3
13 7
33 23
9 31
3 33
21 23
7 27
29 7
27 13
15 17
23 11
25 5
35 3
35 13
3 35
35 21
1 27
7 33
21 3
29 17
13 35
27 9
3 27
17 23
25 7
19 5
21 29
25 15
9 29
35 17
31 23
5 9
27 11
3 35
3 31
21 17
11 7
29 19
21 3
31 25
33 7
5 9
27 5
5 3
11 1
3 17
5 35
13 33
13 21
5 27
29 7
5 21
35 21
33 23
9 35
13 11
35 25
29 33
21 27
35 11
19 3
3 19
13 29
35 21
15 5
23 29
3 19
15 13
3 33
29 27
3 7
25 3
27 21
23 29
25 31
21 23
7 23
5 13
11 9
7 25
15 9
1 19
31 33
9 19
33 21
17 23
13 35
21 23
1 5
9 17
5 33
29 13
9 1
23 11
31 35
11 33
23 1
9 29
11 21
7 9
27 19
9 25
1 17
17 11
29 31
35 19
29 35
13 21
35 15
13 25
31 27
13 31
19 31
19 17
1 7
35 15
15 1
25 9
21 27
31 1
35 3
7 25
15 7
7 15
1 31
11 31
23 15
33 1
25 17
13 29
7 19
31 35
1 19
19 1
33 1
17 29
9 31
11 7
7 19
5 13
23 13
3 29
1 29
27 1
1 5
29 27
17 14
26 18
15 25
4 7
27 29
16 20
28 2
12 10
27 31
23 31
17 31
15 29
7 33
25 29
7 33
15 17
17 33
7 33
15 23
15 17
1 23
1 17
17 27
9 19
9 33
17 25
5 29
13 33
5 29
7 29
9 15
1 31
15 33
13 19
1 13
13 27
7 33
19 25
7 35
19 35
13 17
9 13
15 33
3 29
13 23
15 35
13 23
5 29
5 21
23 33
7 25
1 23
25 29
5 7
7 27
1 19
21 23
19 33
1 3
27 29
9 25
25 27
3 7
19 29
5 25
15 23
3 35
17 29
13 33
1 19
3 11
17 35
11 31
9 23
19 21
9 31
3 27
5 25
23 33
5 27
1 21
3 33
9 11
13 35
19 31
1 23
13 25
21 27
21 33
5 29
11 21
3 23
1 23
1 13
19 25
15 31
7 23
5 15
1 31
25 27
7 35
23 31
3 7
11 29
19 33
11 17
3 29
7 25
7 29
9 29
23 31
7 17
3 9
31 33
7 23
5 23
1 29
11 31
9 11
11 17
9 17
5 13
27 31
1 17
11 19
5 35
11 13
27 31
27 29
9 25
13 23
25 35
17 19
7 9
7 11
7 17
3 25
31 33
21 25
31 35
7 9
13 33
13 35
7 21
21 33
29 33
17 27
25 31
31 33
9 31
7 19
17 25
7 19
11 27
21 33
27 33
13 27
11 23
13 15
3 5
3 9
15 31
3 25
1 7
7 27
1 35
15 17
29 35
1 19
1 27
5 29
23 31
1 17
17 19
21 23
3 23
23 29
5 29
3 29
27 35
7 13
1 31
5 31
7 21
23 25
23 29
7 11
21 35
5 27
3 13
3 29
3 21
3 7
13 19
11 17
1 13
3 15
9 35
29 33
11 23
5 33
1 21
19 21
9 29
13 23
13 23
3 31
1 11
1 15
13 19
9 29
25 29
19 25
23 31
17 33
1 5
17 25
19 23
1 31
1 25
11 21
25 33
7 13
7 15
1 13
19 33
3 21
1 11
3 11
13 35
1 9
19 21
23 29
13 17
15 31
15 17
1 7
11 23
13 33
1 19
17 19
13 29
17 33
29 35
7 25
5 33
1 21
17 23
9 31
7 21
21 23
5 15
21 25
9 17
9 13
7 31
5 25
15 23
11 33
17 21
3 25
31 35
9 21
9 19
1 9
17 19
13 23
27 35
17 27
17 19
21 33
13 19
11 23
15 31
21 35
5 11
11 25
3 13
11 21
11 33
19 35
21 35
19 33
7 15
25 31
13 21
3 19
3 25
19 33
9 17
3 9
5 15
3 21
3 15
21 35
15 23
5 17
15 31
9 29
21 27
7 33
13 17
15 33
19 29
19 31
7 33
15 21
9 21
3 15
5 29
19 23
3 25
1 11
11 35
9 15
17 21
7 31
23 29
27 29
9 25
9 27
19 25
23 29
11 25
1 19
7 31
9 23
9 27
15 17
1 19
19 31
19 29
17 29
3 9
9 23
1 25
11 23
23 29
1 3
9 31
13 27
17 29
3 11
25 27
11 33
3 27
3 13
21 33
3 7
23 33
1 25
27 33
23 31
11 27
3 31
3 35
5 15
3 25
15 19
11 17
7 15
11 31
1 15
5 11
3 7
15 29
3 17
27 31
23 33
11 19
7 33
5 19
1 15
33 35
11 25
1 31
15 21
3 35
31 35
17 23
19 21
23 35
1 33
1 3
9 21
5 15
7 11
7 25
3 11
15 35
25 31
3 25
1 17
19 23
1 5
1 15
17 21
9 33
23 33
15 33
7 21
3 9
23 27
1 19
21 27
7 9
1 19
19 29
5 19
9 15
1 25
23 33
9 27
1 29
29 35
7 19
15 33
5 17
7 29
17 27
11 19
7 23
9 35
29 31
23 33
15 33
17 19
17 35
21 35
7 27
3 19
11 17
3 11
29 35
27 33
15 21
21 35
17 23
5 23
5 23
3 9
3 25
11 13
3 13
3 29
5 33
7 29
25 27
25 35
3 27
15 33
3 19
9 33
5 13
1 25
19 33
3 31
1 15
31 33
23 33
25 27
7 13
1 15
15 19
25 31
7 25
17 33
1 23
9 11
17 29
23 25
11 33
7 21
23 31
7 29
31 33
1 3
5 7
19 31
19 35
21 23
7 9
17 29
5 15
11 23
17 25
5 27
15 25
3 23
11 13
5 33
5 35
13 15
17 27
1 9
5 27
33 35
11 13
23 29
15 31
7 31
11 23
27 35
19 35
