35 1000
1 2
3 4
5 6
7 8
9 10
11 12
13 14
15 16
17 18
19 20
21 22
23 24
25 26
27 28
29 30
31 32
33 34
33 13
12 33
9 7
13 22
30 7
16 15
26 10
11 8
12 27
8 26
5 18
24 4
33 11
3 30
29 18
3 5
7 30
4 8
25 35
15 21
9 24
28 29
29 17
31 10
17 33
35 4
5 10
21 34
34 33
2 28
18 1
3 9
24 11
23 27
29 5
15 13
28 20
16 5
9 30
9 25
7 29
3 32
6 11
19 7
16 7
33 34
24 8
9 10
31 30
6 15
13 24
11 16
7 15
3 15
19 33
22 13
9 17
1 30
34 13
25 34
29 15
19 10
23 22
5 11
26 29
10 1
4 22
1 16
2 34
17 10
1 16
30 19
35 1
14 21
11 3
26 15
11 18
6 29
7 8
29 10
26 16
9 3
2 26
4 23
32 33
17 31
16 1
17 23
34 9
17 6
22 31
16 11
6 16
11 3
6 31
20 11
25 16
14 34
6 18
19 25
32 31
20 19
22 13
6 17
33 18
5 15
7 27
18 13
27 13
14 16
31 19
2 18
26 21
15 35
20 24
30 33
20 9
24 26
12 1
18 21
23 10
18 33
30 19
20 5
26 17
34 2
21 35
27 31
26 25
30 26
2 21
33 31
26 12
15 1
33 25
35 26
32 34
35 5
26 33
17 33
11 25
26 23
29 33
34 32
31 21
17 5
13 29
5 4
26 35
10 22
12 34
4 2
2 23
4 11
9 33
2 29
28 11
29 15
15 24
16 27
23 33
4 22
27 22
12 31
23 10
11 2
17 31
32 33
3 2
5 14
17 23
11 2
27 24
23 12
22 2
26 28
14 4
22 29
4 35
31 15
16 12
24 1
31 15
25 3
4 24
5 11
9 5
28 32
26 22
23 3
20 29
18 23
29 7
14 20
33 23
2 24
15 34
17 29
8 18
34 25
34 26
23 10
1 26
19 21
7 34
9 30
4 13
20 10
34 16
9 27
32 7
29 33
25 15
1 35
15 19
15 5
5 4
12 23
10 16
31 12
22 11
31 13
10 19
2 31
17 7
16 13
3 12
28 13
2 31
14 21
30 35
26 13
12 26
29 32
9 22
20 16
18 28
22 12
2 31
8 2
26 22
21 3
4 5
2 27
20 21
4 13
14 29
30 25
34 4
18 23
24 1
2 21
20 18
20 34
29 24
22 26
24 22
16 8
17 25
19 34
29 30
20 21
35 17
30 21
34 30
28 33
34 21
25 34
12 2
28 34
13 1
20 10
21 13
35 29
35 1
27 34
9 11
32 26
28 32
32 10
28 13
15 16
29 1
21 35
15 18
21 23
1 34
25 22
20 10
13 20
15 34
22 16
29 31
23 13
16 24
14 2
6 15
25 3
25 8
8 2
31 33
4 25
2 8
32 21
4 31
13 12
26 32
10 4
24 16
4 14
31 23
6 24
20 7
25 23
29 26
3 11
30 25
8 11
32 22
16 21
26 17
20 15
10 17
30 5
22 21
15 16
3 28
10 34
25 15
31 4
20 13
29 20
1 22
32 6
12 19
9 11
26 24
7 11
12 27
12 31
5 3
15 27
10 27
22 4
10 14
35 16
18 4
23 33
8 2
1 12
30 27
1 33
26 32
30 1
23 13
8 7
33 24
2 22
15 27
33 32
21 33
3 34
8 4
4 18
6 15
2 6
26 15
1 8
7 4
25 35
29 16
17 2
7 23
20 32
5 35
30 5
12 32
1 31
13 16
30 15
1 26
19 8
4 28
14 23
5 30
20 30
8 1
29 21
35 11
14 19
31 3
21 31
1 9
29 18
16 24
23 27
31 3
3 15
1 9
18 24
27 16
11 17
22 20
8 25
29 34
8 23
7 24
1 14
18 27
28 35
17 29
3 34
5 28
35 3
4 24
7 24
34 14
16 30
35 29
35 20
19 11
28 27
19 5
34 33
20 30
13 9
8 5
28 24
5 22
30 31
26 9
30 24
2 17
17 8
19 22
7 10
12 14
34 11
32 6
18 12
7 10
9 1
4 15
32 2
14 21
8 3
5 35
19 18
6 22
21 23
31 27
15 18
33 19
28 4
35 12
2 27
33 20
23 22
29 7
5 13
2 6
16 3
11 31
31 8
12 7
17 6
29 11
34 6
33 26
2 8
28 1
24 9
24 31
20 25
31 34
30 27
7 29
17 9
13 21
23 26
12 26
8 35
12 1
24 17
32 30
35 15
24 1
22 24
32 4
33 28
15 13
2 13
12 8
21 24
6 24
27 34
25 8
12 7
35 33
33 6
34 7
32 13
35 32
22 20
15 18
29 10
18 4
27 6
25 2
9 32
29 21
1 10
25 17
15 24
31 26
25 32
4 30
25 32
1 34
29 22
9 22
19 29
34 1
5 11
16 19
3 30
19 9
29 3
22 3
31 20
30 18
24 31
34 1
8 24
1 10
31 3
30 35
4 10
35 14
11 1
15 27
33 22
8 23
32 30
29 12
23 21
8 2
31 19
35 14
32 6
4 13
31 14
21 15
22 13
11 22
33 30
28 7
32 35
19 31
14 23
10 6
8 10
24 34
33 1
32 18
25 31
3 16
26 13
17 29
6 30
2 6
16 25
11 30
12 31
30 9
26 20
16 32
4 7
30 1
10 32
26 13
10 26
17 14
19 2
7 2
28 12
29 12
17 19
29 3
5 10
30 20
32 34
18 4
9 27
17 20
6 33
15 26
15 25
21 16
24 2
35 14
27 10
26 30
10 33
11 2
16 11
16 6
11 26
13 30
16 20
21 29
13 16
22 21
30 13
33 24
20 32
20 14
5 25
30 23
29 16
19 18
30 11
31 5
25 1
27 25
3 15
23 8
2 11
19 27
30 18
3 34
10 26
8 6
26 22
7 35
16 21
7 32
10 14
27 7
30 24
1 8
20 22
9 1
16 23
20 24
3 20
23 22
23 27
30 10
32 7
24 27
30 35
35 30
2 1
13 22
25 10
31 23
28 9
31 32
27 7
9 32
4 31
8 12
32 16
11 20
31 9
12 16
29 20
34 10
17 23
2 24
23 1
7 25
9 10
23 21
9 10
9 2
3 25
8 24
29 6
11 3
13 3
25 28
25 24
35 34
18 20
14 33
35 10
7 5
4 12
9 21
4 6
32 8
29 23
17 28
13 24
24 31
33 20
2 27
21 32
4 35
15 24
30 20
29 26
20 21
2 10
5 21
28 4
27 28
18 31
1 20
29 1
23 31
23 18
21 13
25 31
10 13
14 4
7 20
20 28
18 17
22 34
6 20
35 24
11 1
35 1
29 2
25 19
6 31
32 27
33 21
5 10
19 6
6 32
27 9
30 17
10 26
25 22
29 23
23 4
3 6
19 10
11 20
1 20
17 32
26 21
34 6
9 2
25 24
23 11
23 31
33 25
4 30
15 2
15 7
23 16
31 8
33 17
4 9
21 34
8 18
21 23
30 19
13 24
28 15
6 13
26 20
10 35
19 20
19 8
9 22
27 32
32 35
21 9
16 10
21 16
7 28
20 26
20 31
23 15
2 12
7 24
19 34
17 25
3 34
13 12
17 27
32 19
35 3
14 15
19 4
22 3
25 15
21 5
29 35
16 11
33 7
16 8
28 34
19 4
5 19
19 16
28 29
23 5
19 10
15 32
13 1
8 6
24 28
9 29
34 14
8 5
1 34
21 18
17 13
18 30
25 5
22 23
19 14
4 19
16 20
12 20
1 12
35 16
11 6
18 33
22 4
14 16
23 19
28 27
13 26
31 8
27 2
9 12
33 29
28 18
33 15
14 6
5 25
17 22
24 25
21 10
5 32
11 25
5 4
28 3
15 33
28 7
25 31
33 28
33 3
11 20
16 23
33 3
27 19
30 34
12 14
13 26
32 35
2 35
7 2
29 28
19 18
31 21
2 4
29 13
7 29
26 12
32 17
28 8
28 24
27 20
17 11
22 34
34 24
20 33
13 26
6 29
30 1
26 27
2 15
15 22
10 4
18 8
9 14
16 9
5 2
28 25
24 15
24 29
2 3
34 18
16 2
12 10
29 2
33 11
3 8
21 22
24 15
29 3
19 34
34 6
28 20
22 17
11 13
29 1
14 24
13 10
15 20
19 16
16 7
24 30
12 31
35 19
35 32
17 12
7 19
17 25
31 17
31 22
25 14
8 13
26 21
26 35
9 30
27 35
5 13
24 27
17 15
20 25
10 8
20 12
11 2
7 25
3 20
10 28
29 15
14 6
24 30
7 10
4 29
3 1
32 13
27 12
27 3
27 5
20 4
15 28
24 25
22 10
34 24
33 26
33 7
28 4
17 24
25 34
35 29
11 26
6 29
18 19
16 15
34 31
16 20
17 22
13 25
14 12
16 32
20 27
32 24
1 11
21 32
2 31
28 29
31 18
34 9
12 33
2 4
24 13
34 29
35 31
16 20
18 25
6 34
