34 1000
24 15
10 15
21 18
16 17
25 24
21 14
9 15
9 17
13 16
19 17
9 22
24 21
10 18
10 11
24 19
22 16
19 15
21 20
12 14
10 22
25 13
13 17
22 20
12 13
25 18
23 18
12 18
13 14
24 23
12 22
18 16
19 17
24 22
22 15
25 18
11 19
25 22
23 19
24 21
14 15
21 19
22 15
23 19
24 22
24 17
21 14
25 14
23 15
9 14
18 17
9 19
24 20
20 17
12 17
10 14
21 19
10 20
9 15
21 18
10 14
12 13
24 12
12 17
22 15
13 15
9 10
21 15
25 18
24 13
12 19
20 15
25 15
10 20
11 18
11 21
10 19
10 19
24 20
9 20
24 16
25 14
10 20
12 21
25 22
10 24
9 12
25 10
25 11
23 19
23 18
25 19
21 20
24 21
22 19
22 18
9 11
23 20
24 19
9 25
24 21
24 19
11 16
21 20
9 20
11 18
13 14
25 22
14 17
21 16
9 22
9 14
25 13
9 22
22 17
11 19
11 14
25 22
15 18
24 11
22 14
10 18
11 20
13 20
11 16
24 16
19 17
22 20
14 16
25 11
19 17
24 17
23 18
11 14
23 12
13 15
21 18
22 18
10 24
16 17
11 16
12 21
10 18
9 22
23 21
25 24
23 22
19 18
10 16
25 15
14 19
10 20
11 17
10 23
23 22
24 23
15 19
9 17
12 17
13 18
9 11
11 22
25 15
24 16
23 13
11 16
13 16
22 19
23 18
20 16
22 14
10 21
12 13
18 17
15 17
19 15
25 15
13 16
25 21
12 17
23 20
23 12
9 11
22 16
11 13
14 19
13 17
25 9
19 17
19 16
13 16
24 17
21 19
9 16
23 18
10 24
23 19
11 22
24 10
25 22
11 18
11 14
12 15
9 22
23 18
10 13
9 17
24 15
11 17
11 13
16 18
11 17
11 14
25 12
14 18
25 15
21 13
23 16
10 13
13 17
9 14
22 14
14 18
22 17
23 18
12 22
24 17
23 13
25 12
25 16
25 18
21 19
20 19
25 19
10 24
25 12
23 12
9 15
10 13
21 20
24 10
22 13
9 13
22 21
21 17
22 16
11 20
12 16
13 17
23 15
9 15
9 20
24 12
14 16
9 24
13 17
21 19
24 22
14 18
24 11
12 17
21 20
12 22
11 18
9 12
25 22
12 21
25 12
25 16
22 17
10 21
24 15
10 14
21 18
9 15
24 23
25 13
18 16
9 16
12 14
22 17
23 12
24 21
24 15
20 16
21 14
22 14
12 21
24 23
16 17
25 11
23 22
13 15
10 13
22 17
20 17
9 20
9 18
25 18
19 16
20 19
25 10
25 22
10 15
11 21
22 14
22 17
9 22
14 16
9 24
9 14
10 15
21 19
22 15
10 20
13 16
25 21
20 17
23 14
9 23
15 18
10 22
23 17
10 17
22 21
21 17
12 20
25 17
10 21
24 18
9 16
24 18
14 16
10 18
21 13
13 19
24 12
25 15
20 19
9 17
24 11
15 16
21 16
24 18
23 11
21 16
24 16
23 21
13 15
10 20
25 15
9 18
24 11
23 20
25 18
18 17
23 20
22 12
15 16
21 17
25 14
13 15
21 18
23 13
16 17
10 13
23 17
9 18
22 18
25 23
21 20
21 15
23 15
10 17
25 10
25 15
10 15
24 18
23 12
23 22
10 12
24 17
12 14
21 20
24 14
13 16
15 16
15 16
21 14
11 18
23 18
9 24
19 18
25 10
21 19
24 20
22 21
25 22
11 22
11 18
24 15
12 14
22 19
24 19
24 17
20 18
12 16
9 20
20 15
24 20
19 16
9 18
10 15
25 17
10 16
19 17
13 18
14 15
11 13
11 16
25 12
14 19
25 22
11 22
9 20
24 19
20 17
13 14
20 18
20 17
25 16
14 17
9 10
10 22
9 11
18 17
10 19
12 21
25 22
11 15
24 22
23 17
23 14
21 16
10 16
10 21
22 19
22 16
12 22
21 19
21 17
11 18
11 21
22 12
12 16
25 10
25 17
23 12
13 15
25 21
19 15
25 14
13 20
10 19
9 14
12 19
10 17
14 18
24 19
19 15
11 17
25 12
20 19
11 18
14 18
20 19
9 22
18 16
21 15
22 20
11 17
13 20
13 21
22 16
10 18
13 16
13 20
22 21
14 20
14 20
11 19
13 14
13 14
14 20
14 19
22 14
21 14
9 17
25 23
10 11
10 22
23 14
25 18
9 14
25 10
12 18
20 17
22 17
13 19
25 14
20 18
19 16
23 11
22 13
10 21
13 18
22 17
11 20
25 23
13 16
14 15
25 11
19 18
9 15
10 11
21 20
10 19
11 17
20 16
12 17
9 15
22 13
13 15
25 17
24 13
14 15
25 16
25 23
22 20
9 11
25 21
14 16
9 11
10 11
25 22
23 14
9 18
9 23
24 22
13 17
20 16
9 24
25 12
23 14
25 14
23 19
21 18
24 11
14 18
11 21
20 17
14 20
25 18
9 16
24 19
22 20
22 17
11 16
9 20
25 17
12 15
25 14
23 12
14 17
23 19
18 17
24 18
15 19
10 21
19 16
10 20
11 15
15 19
18 17
9 18
23 14
13 17
22 20
19 16
13 19
14 17
10 21
9 22
13 19
10 23
18 17
23 14
11 22
21 19
11 15
21 19
19 18
25 21
10 11
10 13
10 12
23 21
25 12
25 11
13 15
14 18
22 17
9 16
24 12
25 21
24 14
9 15
24 23
20 18
22 12
14 15
10 14
25 23
10 23
12 20
23 18
10 12
20 15
10 13
14 16
9 14
11 19
23 12
11 18
11 21
14 17
25 14
11 23
24 19
20 19
21 17
10 21
25 23
12 18
11 21
22 19
12 17
24 11
21 13
25 24
25 11
24 20
24 12
24 15
21 20
23 13
15 17
24 20
22 16
25 21
20 19
10 20
23 17
15 17
11 15
13 14
21 20
12 21
9 16
12 18
10 18
13 20
22 14
24 15
10 17
9 22
24 22
12 13
25 19
23 22
10 22
24 12
23 12
13 14
22 16
10 16
10 23
23 21
24 20
12 16
15 18
21 17
13 19
25 19
9 24
25 14
25 15
10 13
24 11
22 15
13 17
11 17
24 19
21 14
21 20
25 11
10 21
23 22
13 19
10 19
23 13
16 17
10 11
19 16
22 16
9 16
24 12
9 10
10 14
25 19
12 17
11 13
13 20
9 13
24 20
25 19
23 21
13 20
25 24
23 22
24 14
25 22
10 11
9 15
20 17
13 15
10 13
22 17
13 17
23 12
9 23
14 18
22 17
14 17
24 11
23 17
25 24
14 19
22 20
11 21
13 20
22 20
23 13
25 24
9 22
14 19
10 22
21 15
10 13
25 23
11 20
10 23
11 23
24 16
12 16
24 13
20 19
12 16
11 22
9 20
24 22
19 17
20 16
24 19
9 18
23 13
9 13
20 16
10 23
10 16
19 15
10 22
20 15
10 11
20 16
12 16
9 22
9 17
23 14
23 12
11 14
24 13
11 22
9 12
13 18
22 13
10 23
22 16
25 24
21 16
20 16
15 19
25 23
14 16
24 14
25 21
9 13
16 17
24 21
11 22
9 12
9 20
10 13
10 21
23 16
10 16
10 13
23 21
23 21
13 18
12 13
14 18
21 14
24 23
13 18
9 24
12 13
16 17
13 15
12 17
13 21
9 21
22 16
9 20
24 23
9 19
25 23
13 15
15 19
25 19
24 16
25 10
20 16
25 19
10 21
24 20
24 21
9 22
24 13
10 16
11 16
25 10
21 19
12 14
25 9
25 22
9 13
19 16
24 15
22 21
19 17
13 16
9 16
24 12
21 15
20 19
10 17
24 22
24 13
11 22
9 24
23 11
24 23
14 18
25 21
25 18
21 20
22 15
13 15
21 20
10 17
9 11
23 22
13 20
23 12
10 17
14 17
22 15
11 18
21 14
24 19
21 19
10 17
15 16
18 16
16 17
13 21
15 16
12 20
14 20
25 16
12 17
23 18
25 19
21 16
22 20
23 12
11 23
13 17
12 18
13 16
25 11
11 13
10 21
12 16
22 16
22 16
13 15
25 10
13 17
22 21
22 14
10 16
13 15
22 12
16 17
13 20
20 17
25 11
25 17
9 22
15 18
22 18
11 15
22 12
21 14
24 10
13 20
25 24
21 17
24 21
21 20
25 9
9 20
23 16
22 18
9 23
13 14
23 18
9 14
12 20
23 22
21 13
15 16
9 24
10 20
24 16
23 16
9 13
14 17
24 22
13 16
24 22
13 17
23 22
14 20
9 17
25 10
25 17
14 18
23 21
22 17
24 10
25 10
9 17
21 20
23 21
22 20
13 15
9 23
9 18
9 16
14 19
23 22
33 9
3 10
7 11
28 12
8 13
5 14
31 15
2 16
1 17
32 18
27 19
6 20
26 21
4 22
30 23
29 24
34 25
