15 200
13 7
7 5
9 11
11 1
13 3
7 1
7 1
7 9
1 7
5 7
13 7
1 5
3 13
13 11
7 5
11 9
13 9
1 3
7 5
9 3
5 11
15 1
11 9
3 1
1 9
15 11
15 1
1 11
1 11
1 9
1 7
1 13
3 11
3 11
1 13
7 9
3 7
5 13
5 7
5 1
15 7
5 1
7 11
5 3
11 1
1 5
3 9
5 15
11 1
1 9
9 11
11 3
3 5
1 15
13 15
15 7
3 7
1 9
7 15
1 13
9 13
3 1
11 15
1 5
15 3
9 5
11 13
7 5
11 15
7 13
9 3
9 13
15 3
15 5
1 15
9 15
9 7
7 13
11 3
9 5
1 7
3 13
3 1
5 13
7 11
5 9
15 7
15 5
1 15
3 1
15 1
13 11
15 5
11 13
15 11
2 8
13 10
13 6
9 7
6 14
2 10
8 2
9 13
8 3
5 6
1 11
5 9
1 7
7 13
3 5
13 15
1 7
1 7
1 7
3 9
3 13
5 15
1 11
7 9
3 13
11 13
9 13
9 13
3 13
13 15
13 15
3 15
1 9
11 15
5 13
5 11
3 5
5 9
7 15
1 7
5 7
9 13
7 15
3 13
3 5
11 15
3 5
7 13
5 7
9 11
3 11
1 7
3 9
9 15
1 5
3 11
1 15
7 11
5 11
3 7
5 15
11 15
3 7
13 15
1 11
7 13
5 11
3 11
1 13
9 15
5 11
3 7
5 7
1 7
5 11
1 9
1 15
11 13
5 7
11 13
3 5
9 13
1 11
9 15
3 5
1 13
3 7
1 11
7 15
7 11
11 13
1 3
1 9
7 11
1 7
3 7
3 9
7 13
3 7
1 13
3 15
7 11
1 3
5 11
1 11
