15 200
1 9
1 9
13 9
11 9
9 13
3 5
9 7
7 11
11 15
9 3
5 15
9 1
7 3
15 11
11 13
7 15
15 13
1 7
9 15
13 3
7 3
11 5
5 1
15 3
7 13
11 9
1 3
15 3
15 9
13 11
3 1
7 15
9 11
13 9
11 5
5 3
1 13
15 7
15 1
13 3
3 7
11 9
15 3
9 13
3 13
5 3
13 9
13 1
3 7
11 1
13 15
15 1
7 15
11 3
15 13
15 11
15 3
3 11
5 11
9 1
1 7
5 13
1 7
1 13
7 1
15 7
3 1
3 13
15 11
7 9
9 5
13 5
5 3
7 1
1 7
5 1
13 9
5 7
11 1
5 7
1 5
9 15
11 3
15 1
11 9
3 1
5 1
15 11
5 11
5 15
3 15
11 9
9 11
3 13
1 11
3 9
3 9
1 13
13 15
9 13
9 11
5 9
7 13
1 15
11 15
3 9
9 13
9 11
5 7
1 9
7 13
5 7
5 11
3 13
5 7
3 9
1 13
3 7
7 11
5 11
5 13
11 13
1 3
7 13
3 5
1 9
3 5
7 15
1 15
5 7
3 9
1 11
5 15
13 15
11 13
7 11
1 13
3 11
11 13
1 3
7 9
3 11
7 9
7 11
11 15
7 11
1 9
5 15
9 15
1 3
1 3
11 15
7 13
1 9
11 13
11 13
5 13
1 3
1 3
1 7
11 15
1 7
1 3
1 5
1 7
11 13
7 11
5 13
5 15
5 7
1 13
7 11
9 11
3 7
9 13
5 11
1 13
1 13
1 15
5 7
5 9
7 9
5 13
3 5
5 7
1 9
5 7
3 13
9 13
1 3
1 5
13 15
9 15
11 15
3 9
1 15
5 11
9 15
5 9
1 15
