15 200
4 6
1 10
4 6
1 13
2 8
3 15
5 15
2 6
1 4
8 14
2 11
9 13
4 15
14 15
2 3
9 15
7 10
2 4
7 15
3 10
12 15
5 13
6 12
1 10
9 14
2 8
7 9
9 11
7 11
2 8
4 15
4 9
6 8
8 15
1 12
2 15
4 15
4 9
2 3
7 12
1 2
4 8
1 5
8 9
6 13
2 8
3 14
12 14
2 14
2 14
10 14
5 13
1 15
4 5
7 15
1 6
8 11
3 4
1 12
4 7
6 10
4 8
9 12
10 12
1 13
9 10
3 15
5 12
3 8
3 11
4 12
2 10
10 13
8 14
3 8
6 12
2 15
5 9
1 12
4 8
3 4
9 12
7 10
3 7
5 14
2 13
6 15
4 15
3 12
11 12
5 7
5 7
7 12
1 7
2 10
2 9
2 7
2 8
12 15
4 7
1 3
8 15
1 7
6 10
7 9
3 6
3 13
3 10
1 12
5 13
6 8
1 15
5 14
9 13
11 12
5 15
1 11
4 8
5 11
5 14
4 13
2 14
3 6
5 11
4 6
5 14
4 12
7 13
9 13
7 14
9 12
6 14
9 10
2 6
12 15
13 14
4 14
1 12
3 7
3 14
1 12
5 12
12 13
5 7
9 15
11 15
8 11
2 11
1 5
8 14
1 3
2 8
4 6
7 12
3 13
10 15
6 7
2 9
5 15
2 12
6 12
2 11
5 8
3 5
3 13
10 12
3 9
1 7
8 13
10 11
5 11
13 15
3 14
4 13
5 8
6 12
5 15
2 7
8 9
8 14
12 13
6 13
8 15
6 12
8 15
6 9
11 15
5 12
3 13
3 10
9 13
8 11
2 14
3 9
9 14
2 4
8 9
4 15
2 12
5 6
