15 200
1 2
3 4
5 6
7 8
9 10
11 12
13 14
9 12
10 9
11 5
1 10
4 10
5 6
5 14
5 3
14 13
15 5
9 2
6 1
11 7
2 6
6 11
12 8
9 6
11 7
4 9
9 10
11 3
2 10
2 3
7 10
5 4
1 6
1 6
7 1
4 15
11 9
3 1
4 14
8 11
2 11
1 13
8 10
3 11
15 11
5 13
11 9
4 5
8 7
11 1
11 9
15 3
10 5
4 10
2 11
8 12
4 14
1 6
7 12
2 4
6 11
13 7
13 12
4 12
5 4
10 5
8 7
14 2
9 1
3 13
13 15
6 10
14 5
15 8
14 4
7 15
3 5
2 9
9 8
5 12
8 11
14 11
8 15
11 2
12 8
1 8
12 10
9 7
15 12
5 1
14 6
4 2
2 6
6 4
13 2
14 1
9 2
9 15
1 5
13 15
10 3
14 6
12 2
9 8
9 5
12 11
1 11
10 15
3 13
8 15
4 1
7 13
4 6
11 1
13 15
13 14
12 10
1 12
9 15
11 13
8 14
2 6
7 12
8 11
4 5
3 4
13 14
13 12
6 7
1 3
7 15
3 12
10 12
7 13
5 4
8 4
11 13
12 5
6 1
7 15
14 4
2 12
13 15
9 1
14 1
14 3
10 13
6 4
14 10
8 11
11 4
11 12
5 1
2 6
6 8
7 15
7 8
14 5
15 13
11 14
2 15
12 3
9 6
13 2
6 12
3 15
3 9
4 10
3 7
3 4
7 8
11 3
7 9
6 8
13 6
10 6
9 7
9 7
14 5
12 11
3 10
6 2
11 5
5 8
3 9
9 10
5 1
2 9
7 8
9 11
9 15
8 7
4 14
1 4
14 9
14 9
14 11
3 6
11 12
15 3
