15 200
12 9
14 9
15 6
14 7
13 9
10 7
14 13
8 7
11 7
8 7
12 7
7 6
8 6
13 10
12 9
13 8
14 11
12 11
15 14
13 11
11 8
15 6
9 8
14 9
14 8
11 7
13 6
14 8
15 13
12 9
9 7
9 8
8 6
13 10
12 10
14 10
9 7
7 6
11 7
15 13
12 10
14 6
11 8
10 8
14 6
11 9
7 6
12 10
11 9
12 9
9 7
14 12
14 8
14 7
15 12
8 5
13 11
9 7
13 7
13 11
8 7
15 11
10 7
13 12
15 11
11 7
11 7
13 9
13 8
15 12
11 9
11 10
14 6
14 10
10 9
9 8
14 6
13 3
13 11
13 10
9 6
15 13
14 8
9 4
14 12
14 10
13 10
11 5
14 12
14 6
15 7
14 13
10 7
13 12
12 7
9 6
15 9
13 12
11 9
7 6
12 10
8 6
15 6
14 13
11 3
13 11
14 12
15 6
9 8
14 13
10 6
14 7
13 10
15 13
7 5
15 12
15 14
13 9
15 6
14 11
15 11
9 7
13 8
8 6
15 12
12 7
14 10
13 12
12 10
13 6
12 7
15 12
9 8
11 7
10 9
9 8
14 9
11 9
15 14
15 8
8 1
9 7
10 9
14 7
13 11
13 9
8 6
14 8
11 7
7 6
15 9
12 10
13 11
10 8
11 7
14 7
15 9
8 6
10 7
13 9
13 7
15 14
9 6
14 6
13 10
15 14
15 12
11 10
11 7
12 7
10 4
14 13
10 2
15 9
11 6
14 6
7 6
12 9
13 4
12 6
15 11
14 10
15 12
13 11
8 6
13 7
9 6
8 6
7 6
13 12
13 8
12 9
15 7
15 14
8 7
14 8
10 6
14 7
15 6
14 12
