15 200
13 9
11 10
10 9
12 7
14 6
12 7
11 10
9 7
12 7
15 12
13 9
13 8
11 9
11 8
13 6
13 7
14 6
14 6
11 7
15 10
10 6
10 9
15 6
10 7
14 13
9 6
11 6
11 7
12 7
13 6
12 6
13 7
12 6
12 11
14 7
11 6
9 8
11 6
14 13
12 7
9 8
14 8
15 11
14 11
11 6
13 8
15 9
14 9
14 12
13 6
11 10
10 9
11 8
15 10
13 6
13 9
14 12
10 7
9 7
14 9
13 6
14 13
10 6
7 6
10 7
15 13
13 7
11 9
11 10
11 9
10 7
15 9
13 9
12 6
14 12
11 8
13 7
13 12
13 10
13 10
11 7
15 14
10 8
12 8
11 7
11 7
15 9
12 9
10 6
8 6
10 6
11 8
11 9
14 12
9 7
11 9
15 13
14 12
7 6
10 8
7 3
13 6
13 6
9 7
11 8
11 8
14 10
10 6
14 7
14 10
9 7
13 6
13 11
10 6
12 9
13 10
15 6
8 7
13 9
14 8
13 10
14 9
10 7
14 9
13 6
12 4
11 8
12 6
12 7
10 8
11 9
13 10
9 7
15 7
14 13
13 6
12 8
15 8
14 11
15 9
11 9
13 7
11 6
14 11
13 6
15 11
12 9
13 10
10 6
12 2
14 6
11 7
12 7
13 9
8 7
15 10
12 7
13 11
8 6
15 12
11 9
14 11
14 8
13 7
12 9
13 7
12 7
12 11
11 7
13 12
14 13
14 8
14 12
15 6
12 11
9 7
14 11
15 14
15 12
14 9
14 6
12 10
9 6
10 8
14 10
9 8
14 11
12 10
14 9
14 11
11 9
14 11
12 10
15 9
9 8
14 10
15 6
13 8
13 9
15 6
