15 200
1 2
3 4
5 6
7 8
9 10
11 12
13 14
13 4
9 13
5 7
7 12
15 2
6 2
1 9
12 14
14 5
13 5
7 3
3 11
12 3
13 14
7 12
14 12
10 12
11 6
2 10
9 7
5 13
6 2
3 11
6 2
2 11
12 3
12 15
12 4
8 3
9 11
3 10
1 8
4 5
10 11
1 11
11 14
10 6
6 1
15 5
4 14
15 5
6 5
1 11
11 1
4 8
14 13
4 6
6 8
4 2
13 7
3 4
6 4
12 11
10 7
1 13
7 12
10 13
15 2
1 11
1 15
7 14
14 13
15 6
3 1
12 10
10 1
1 6
5 9
5 1
6 2
11 4
9 8
10 14
5 1
14 12
7 5
10 2
2 4
13 6
13 10
2 11
9 1
8 10
13 3
2 5
11 5
14 6
13 9
4 3
15 11
5 1
2 5
4 5
3 6
1 2
14 3
7 15
1 6
8 4
1 6
5 7
7 14
5 8
7 12
5 10
3 14
1 13
11 10
9 4
9 14
11 8
15 3
2 1
4 5
2 11
13 14
1 15
9 2
7 13
6 11
11 9
5 7
1 3
2 5
13 9
6 14
9 4
15 4
7 1
6 3
3 6
11 5
9 14
1 14
10 4
3 7
15 12
15 4
11 2
14 2
7 15
2 15
1 15
6 8
15 14
14 13
13 12
12 11
11 10
10 9
9 8
15 14
14 13
13 12
12 11
11 10
10 9
15 14
14 13
13 12
12 11
11 10
15 14
14 13
13 12
12 11
15 14
14 13
13 12
15 14
14 13
15 14
1 2
2 3
3 4
4 5
5 6
6 7
1 2
2 3
3 4
4 5
5 6
1 2
2 3
3 4
4 5
1 2
2 3
3 4
1 2
2 3
1 2
