20 200
15 14
5 4
3 4
5 4
13 12
13 12
10 9
15 16
6 7
7 6
5 6
4 5
5 6
9 10
2 3
11 10
18 19
2 1
8 9
17 18
6 7
4 5
12 11
2 3
11 10
10 9
15 16
14 13
19 18
6 5
2 1
18 19
11 10
14 13
7 6
13 14
7 6
18 19
15 14
19 20
8 7
19 20
3 2
19 20
2 1
5 4
15 14
17 16
4 3
19 18
1 2
17 16
11 12
1 2
13 14
10 9
17 16
18 17
19 20
18 19
5 6
11 10
4 5
2 1
3 2
13 14
9 10
14 13
8 7
5 4
3 2
10 9
4 5
20 19
20 19
15 16
11 10
6 5
2 3
8 9
8 9
10 9
17 18
13 12
7 8
1 2
4 3
4 3
4 3
17 16
17 16
13 14
14 13
8 7
17 16
11 10
2 1
20 19
11 12
4 3
7 8
18 17
18 17
4 3
14 13
19 20
15 14
19 18
6 5
2 1
18 17
10 9
6 7
2 1
8 7
10 11
14 15
5 4
11 12
2 3
20 19
16 15
8 7
9 10
5 4
15 14
3 2
12 11
1 2
18 17
19 18
8 7
8 9
12 11
2 1
14 13
18 19
14 15
5 4
2 1
1 2
20 19
2 3
4 3
10 9
13 14
8 7
5 4
7 6
13 14
17 18
17 18
16 15
15 14
7 8
14 15
6 5
7 6
7 8
19 20
5 4
9 8
11 10
15 16
1 2
14 13
20 19
15 14
3 2
13 12
18 17
12 13
19 18
10 9
11 10
7 6
19 20
12 11
18 17
3 4
10 11
9 10
16 15
2 1
5 6
5 4
2 3
20 19
12 11
16 17
8 9
13 11
11 10
2 9
2 8
19 11
4 7
6 7
20 11
1 3
