20 169
9 12
15 18
18 20
3 13
5 14
10 19
5 14
7 17
12 14
4 19
7 19
2 9
7 17
5 15
13 17
9 16
8 15
8 13
11 12
8 12
7 13
5 9
1 4
2 19
5 11
3 10
7 14
9 20
6 8
1 9
3 16
16 18
5 11
10 13
1 18
4 14
10 18
10 16
4 16
6 15
9 7
16 2
11 6
2 17
12 14
2 3
3 5
2 18
8 15
19 20
5 18
2 6
1 15
8 16
9 14
14 17
15 17
9 20
15 16
5 15
8 14
9 11
16 19
6 17
4 16
4 13
5 8
3 11
9 13
16 17
2 18
7 18
10 16
15 20
7 8
8 20
7 15
15 18
5 12
1 19
3 15
5 16
11 17
4 2
9 1
13 5
1 7
12 13
12 16
11 17
1 15
8 9
5 14
9 11
3 8
10 14
8 19
8 12
6 16
3 16
5 18
14 16
9 12
3 9
13 16
4 16
6 14
3 6
6 19
11 20
10 17
2 10
4 18
4 6
4 19
6 18
6 17
6 7
12 18
5 10
11 15
2 16
1 9
14 16
7 14
2 11
10 14
16 18
4 10
8 14
11 17
14 16
1 8
1 14
6 20
1 6
1 11
3 9
13 19
9 10
1 18
3 6
10 17
7 12
8 20
3 18
18 20
12 19
14 19
4 15
10 14
8 19
4 7
5 10
6 14
6 12
8 20
9 20
8 13
7 15
2 20
3 4
4 10
3 17
16 20
2 4
2 6
1 7
7 20
