20 200
9 19
17 19
15 3
7 19
13 1
19 11
11 15
7 1
11 17
3 15
5 7
9 7
3 17
7 3
7 1
3 9
13 1
13 3
19 3
9 3
13 3
1 15
17 9
1 17
17 3
17 13
3 5
5 7
11 9
1 11
1 5
11 15
19 15
1 15
15 1
19 3
1 11
13 7
19 5
3 19
1 9
5 13
3 5
19 15
13 7
5 15
9 11
1 19
17 11
11 13
15 9
17 15
7 5
19 1
3 15
11 17
3 1
7 9
13 17
1 11
5 19
15 1
5 13
5 15
5 7
5 15
7 5
19 7
7 15
15 7
19 15
3 1
19 9
13 15
19 9
11 15
19 1
1 3
13 17
17 19
13 1
17 1
1 13
1 5
15 11
19 5
17 15
5 19
3 5
11 17
3 19
17 1
7 19
5 15
19 1
14 10
9 4
17 20
11 16
13 11
9 20
17 8
19 9
12 17
4 11
13 19
9 17
9 17
1 11
15 17
1 5
5 9
11 17
9 15
1 3
7 15
13 19
5 13
17 19
5 13
15 17
9 15
13 15
7 13
5 11
5 15
3 9
5 9
3 19
5 7
5 15
15 17
3 13
11 19
9 17
5 11
3 9
1 15
7 15
17 19
1 19
11 19
11 17
15 19
9 17
7 13
5 19
1 17
9 15
11 15
7 17
9 15
1 5
11 19
1 5
11 17
1 15
3 17
11 15
5 15
1 3
11 17
1 13
13 17
11 17
7 13
3 11
9 17
11 17
5 11
9 17
1 5
11 15
3 17
5 13
13 15
7 17
9 13
5 7
5 9
9 13
1 15
5 11
15 17
5 13
1 19
5 11
7 19
13 15
3 19
17 19
5 11
9 17
3 17
3 17
11 17
9 13
1 3
1 7
9 15
