20 200
5 7
19 3
17 9
9 19
5 1
13 7
5 9
15 17
15 19
11 9
9 7
17 5
17 11
17 13
13 1
3 7
7 3
3 1
5 19
19 13
1 11
15 11
1 9
15 19
11 3
13 3
17 11
1 17
7 13
15 13
13 7
11 9
5 17
15 11
13 3
17 15
11 13
11 7
5 9
15 5
15 1
1 17
7 5
11 13
1 15
19 7
7 5
13 19
3 19
13 9
3 11
7 13
5 19
17 13
13 3
1 5
3 11
5 13
11 9
19 3
1 3
1 7
11 1
19 7
15 5
17 3
5 17
1 7
13 11
1 11
15 5
5 15
15 7
11 15
3 19
3 15
11 3
7 1
5 13
15 19
15 1
7 1
19 17
7 15
13 19
7 1
3 17
3 5
17 3
5 13
5 11
1 13
3 15
7 15
15 9
7 11
5 17
1 3
17 11
5 15
1 19
17 19
15 17
13 19
7 13
9 17
5 9
17 19
5 9
1 3
7 11
7 17
5 19
3 11
1 19
7 13
13 19
9 15
3 17
9 11
3 9
1 19
13 19
3 9
9 19
7 9
1 9
9 11
7 15
11 17
5 17
11 19
5 9
7 19
7 13
1 11
3 17
1 7
3 11
7 9
1 3
9 19
11 19
13 15
5 17
9 19
9 19
1 15
11 17
3 11
7 9
13 15
13 17
9 17
1 11
5 19
5 11
3 13
11 17
11 19
9 13
3 17
7 17
11 17
5 9
17 19
9 19
1 13
5 15
3 15
5 7
9 19
3 13
11 13
5 15
1 9
3 5
5 19
15 17
9 13
1 15
5 13
1 5
5 19
5 13
3 19
3 5
13 19
1 11
1 15
5 7
11 13
1 13
9 17
15 19
1 5
7 15
1 9
3 7
7 19
