20 200
2 1
2 1
15 16
6 7
9 10
2 1
12 11
19 20
15 16
7 8
5 4
14 15
3 2
15 14
17 16
2 3
6 7
17 16
14 15
18 19
15 16
19 20
15 14
3 4
2 1
8 7
17 18
17 16
18 19
13 12
9 8
17 18
18 19
12 13
8 7
13 12
10 11
8 7
1 2
8 9
13 14
1 2
15 14
1 2
12 13
6 7
13 12
17 18
13 14
18 17
16 15
18 17
19 18
7 8
3 4
8 9
2 1
7 8
2 3
15 16
15 16
3 2
8 9
9 8
15 14
2 1
5 6
8 9
4 5
7 8
1 2
2 1
6 7
4 5
1 2
6 5
14 15
9 10
10 11
19 18
17 16
11 12
11 10
14 13
9 10
9 8
19 20
20 19
19 18
4 3
19 20
13 12
6 7
10 11
7 6
5 6
10 9
18 17
2 3
2 1
6 7
3 7
20 18
18 16
17 13
19 17
13 10
14 13
2 6
17 11
19 14
20 17
12 10
14 11
2 4
2 8
1 4
15 14
16 11
4 5
5 9
3 5
2 3
2 8
14 11
19 16
17 15
13 10
1 8
18 12
18 17
19 13
20 16
16 12
1 3
5 7
19 16
1 6
7 9
3 9
2 7
13 11
2 6
19 12
18 17
2 8
6 8
12 11
15 12
18 17
19 11
17 14
2 8
19 17
1 6
12 10
17 14
3 7
1 4
5 7
1 3
18 14
1 9
3 4
17 14
4 5
2 4
19 16
1 9
18 13
2 7
19 17
3 5
2 3
7 9
18 16
15 10
17 14
1 2
11 10
20 11
14 13
15 11
1 2
11 10
19 15
5 8
18 11
15 12
13 12
3 8
17 14
1 2
15 10
17 16
20 14
19 15
15 12
3 8
15 14
