20 200
8 9
10 12
11 18
3 14
4 17
8 15
6 10
1 10
17 20
5 7
1 12
10 14
14 15
11 18
4 15
10 15
15 19
1 18
2 20
1 11
6 11
2 16
13 14
6 14
3 17
15 18
16 17
1 3
1 8
7 10
2 4
7 17
3 16
2 11
8 9
12 14
15 16
7 14
13 20
11 17
7 12
13 16
9 15
6 10
6 7
4 11
13 20
11 14
3 20
4 20
2 16
4 13
8 19
8 19
1 19
12 19
1 15
6 18
2 4
12 19
1 20
13 20
16 17
5 18
18 19
9 16
8 16
10 16
2 7
2 13
12 17
7 18
2 17
2 8
14 15
13 14
14 16
3 16
5 12
16 17
1 17
7 15
7 18
6 20
11 15
2 19
3 13
9 17
10 13
2 3
1 16
4 11
1 11
6 20
6 19
6 8
5 16
5 14
2 10
3 18
9 20
3 9
4 6
8 19
14 18
6 8
6 15
3 19
2 5
9 18
8 17
1 10
16 20
5 17
15 16
4 8
1 11
10 16
8 17
2 5
8 19
2 4
15 17
11 17
6 16
6 18
8 11
8 20
7 12
4 20
11 15
3 16
1 6
5 17
13 16
2 10
8 11
7 12
19 20
10 14
6 8
3 4
12 14
6 18
6 10
15 19
15 17
1 8
10 18
4 19
5 16
1 13
2 5
9 10
2 19
4 10
8 13
7 14
1 17
13 20
7 18
4 10
11 13
18 19
2 18
4 6
1 19
7 15
10 13
5 19
7 11
5 8
12 19
18 19
2 7
8 20
4 11
2 16
6 19
4 10
9 16
1 4
10 14
1 20
2 16
13 16
8 17
2 16
6 10
1 20
6 8
4 13
14 15
7 17
7 12
1 7
2 10
3 13
1 4
7 18
