22 300
10 9
6 5
3 2
2 3
17 18
18 17
19 18
20 19
13 14
3 2
1 8
17 12
14 12
4 9
19 17
21 12
16 11
20 11
20 14
2 4
17 13
14 12
16 15
5 10
14 12
16 15
22 11
18 17
15 11
21 16
9 10
18 15
17 14
16 14
1 10
16 13
4 8
20 13
21 13
2 4
2 4
1 6
15 14
19 18
2 7
4 9
17 12
8 9
4 8
5 10
1 6
6 8
17 12
21 17
15 14
22 21
21 19
5 8
19 15
4 9
1 7
20 18
19 16
5 8
16 13
21 18
2 10
4 6
1 2
18 13
2 6
19 11
5 10
21 19
1 2
5 10
21 20
4 9
20 19
17 12
4 6
14 13
22 18
16 15
19 12
22 18
22 18
15 14
1 2
22 14
22 11
1 8
2 8
3 7
19 11
3 6
8 10
18 16
22 12
22 18
19 14
22 18
18 16
5 9
7 9
9 10
19 17
22 13
4 5
4 7
18 17
19 16
15 11
20 14
6 10
3 5
2 7
5 6
18 14
21 18
2 6
15 14
22 14
3 9
2 7
8 9
3 5
1 2
21 20
5 10
15 13
19 12
22 11
3 9
21 14
3 8
3 4
21 15
20 13
19 15
2 3
14 11
1 9
21 16
1 7
5 10
20 13
6 9
12 11
5 6
22 12
18 17
7 10
1 2
22 13
20 11
1 10
4 9
3 8
21 17
19 13
12 11
20 15
21 14
19 17
2 6
19 18
21 11
18 17
21 20
20 19
22 18
18 13
4 10
18 11
6 9
21 18
3 9
15 13
5 7
6 9
3 8
6 10
22 13
22 18
17 12
4 8
2 9
22 12
1 4
21 19
22 14
15 12
14 12
1 6
3 4
18 16
19 11
2 10
17 11
22 14
2 6
21 12
4 7
1 6
1 8
1 8
9 10
20 19
7 9
21 14
22 15
22 12
3 5
20 17
9 10
22 21
7 8
21 13
18 16
20 12
14 12
1 6
1 5
7 9
1 6
19 12
4 9
4 10
2 5
22 20
20 19
17 12
21 17
1 8
17 12
18 11
12 11
21 14
2 8
4 6
1 3
8 9
2 3
6 7
20 16
22 14
20 19
15 11
21 15
22 12
17 15
1 5
15 13
18 17
5 6
16 13
3 4
5 10
18 14
19 13
8 9
21 19
21 16
22 19
3 10
2 8
1 8
16 13
4 8
20 14
20 11
18 14
22 19
5 9
1 2
6 9
21 16
1 3
21 12
21 20
7 9
22 16
17 12
21 11
1 7
2 4
16 11
19 12
22 21
21 12
20 13
6 9
21 17
2 3
16 13
22 20
21 11
18 15
2 7
