22 185
9 21
15 17
1 10
16 17
17 18
3 20
3 21
7 8
1 15
4 12
12 15
14 19
16 19
17 20
2 10
8 21
10 19
4 10
8 20
5 20
9 17
11 18
1 10
4 15
12 22
11 13
11 22
4 9
4 13
15 19
16 18
3 18
3 21
1 2
18 21
2 3
11 15
5 13
16 18
3 5
15 17
7 12
8 21
1 9
9 4
5 1
11 3
14 19
4 19
3 5
19 21
7 11
5 20
5 21
19 22
1 2
4 8
1 3
2 13
15 17
2 22
1 18
15 17
4 21
7 22
3 20
6 9
1 7
5 15
2 15
11 13
4 7
11 16
7 11
9 20
1 4
8 15
5 19
17 22
8 9
8 11
11 17
10 18
11 12
13 15
7 12
8 11
15 20
1 5
5 14
6 11
12 7
21 2
13 9
6 9
12 20
3 11
1 6
11 17
15 20
4 21
3 14
18 22
14 15
18 19
11 21
15 21
5 20
9 22
1 3
2 21
14 15
7 21
6 19
15 16
11 17
6 11
11 18
19 20
9 19
11 15
11 22
4 16
5 15
5 16
3 20
3 4
11 16
15 16
2 12
17 21
17 21
9 19
1 14
21 22
5 10
7 10
12 20
6 18
3 6
6 12
3 5
5 21
20 22
3 7
10 20
20 21
8 12
14 22
20 22
16 20
9 18
9 22
6 9
1 8
3 10
3 16
1 13
10 20
6 16
4 21
8 9
5 10
14 21
4 12
5 20
10 15
3 4
9 11
10 16
2 20
11 22
5 17
3 20
7 17
10 15
13 21
4 16
15 17
6 12
12 16
3 5
13 20
9 14
6 11
