24 500
24 9
11 10
24 7
20 14
21 20
20 17
24 23
22 17
24 9
21 6
21 13
15 12
14 6
13 10
10 7
22 12
20 15
20 9
24 14
23 22
23 9
22 18
23 15
17 8
15 10
22 19
24 16
24 19
12 11
11 8
8 7
16 9
8 6
14 10
24 18
19 7
12 6
20 11
12 8
14 11
17 11
14 10
23 22
13 12
24 18
21 8
8 6
14 11
21 20
15 13
23 6
24 19
22 19
23 14
19 6
20 6
16 15
23 20
23 20
17 8
13 7
12 11
17 11
12 7
20 13
11 7
13 10
7 6
14 13
11 7
18 9
19 9
19 8
22 11
22 7
18 9
23 20
18 7
12 7
15 8
23 16
13 8
24 23
14 7
24 11
24 21
19 10
22 15
20 17
22 18
23 11
19 7
19 13
22 9
12 10
13 8
8 6
24 19
15 11
14 13
16 12
12 11
24 12
11 6
21 11
16 11
13 8
18 8
21 11
18 7
11 9
16 15
23 16
21 12
10 6
21 11
16 11
21 8
13 9
24 10
18 6
17 6
22 11
22 16
23 8
14 9
10 9
13 10
24 13
22 20
12 9
21 7
21 15
13 6
16 9
18 8
17 7
22 6
23 12
18 11
14 9
15 10
17 7
20 7
22 10
16 13
14 13
24 8
17 16
20 13
20 6
24 13
19 16
15 7
17 9
23 9
23 22
13 9
14 10
20 12
23 8
24 19
7 6
15 13
20 12
17 10
21 11
9 8
9 6
22 15
14 12
12 6
15 12
19 16
23 22
23 20
23 21
13 6
22 21
24 19
24 6
22 8
10 6
14 7
22 8
10 9
23 20
10 7
18 7
16 15
19 16
19 15
19 6
20 8
24 15
15 12
24 17
13 10
23 10
24 12
20 19
15 14
13 10
15 6
17 9
12 10
13 12
23 15
22 20
19 6
17 15
15 11
20 19
13 10
22 9
16 8
20 15
24 14
14 10
18 7
24 17
21 18
21 10
14 13
17 13
18 15
13 11
19 9
12 10
22 11
14 10
18 12
23 9
11 7
21 6
18 6
14 13
12 8
23 6
11 6
24 14
12 6
15 6
24 8
20 6
15 11
13 10
14 13
22 15
14 8
23 10
20 17
15 12
9 8
13 11
20 19
12 9
20 19
18 14
15 11
14 6
20 9
23 12
22 15
14 11
22 12
8 6
24 8
14 10
18 6
20 13
20 14
21 19
11 8
16 9
23 21
24 9
12 8
17 12
9 7
21 10
15 9
24 22
24 23
18 15
13 6
13 11
17 12
23 18
23 16
23 8
20 15
19 15
9 7
22 16
19 9
20 17
14 8
20 11
17 12
20 19
12 10
19 7
19 14
18 12
9 7
21 10
18 13
9 7
18 7
22 11
19 15
22 13
20 8
22 10
17 16
24 15
24 13
12 8
13 7
21 11
19 7
13 8
18 16
14 12
20 12
19 7
11 8
21 13
22 20
19 16
21 16
22 18
22 13
13 11
14 7
15 14
24 22
21 6
23 10
18 9
14 7
7 6
23 19
11 10
18 12
13 12
16 6
13 6
22 7
20 17
13 7
21 12
22 15
19 6
21 20
21 17
17 9
8 6
23 17
14 13
17 12
23 21
19 16
22 19
17 13
16 11
20 12
15 9
21 10
14 8
21 7
18 16
24 18
19 15
15 8
21 12
19 18
7 6
9 6
19 8
12 8
14 7
17 13
17 15
8 7
24 18
16 10
19 17
21 19
23 20
22 15
14 6
19 6
19 9
20 14
22 10
22 8
19 11
22 12
16 8
22 17
7 6
19 13
23 13
11 7
18 11
19 9
20 9
24 13
18 16
20 12
12 10
20 17
20 16
16 6
20 15
16 14
13 9
10 9
11 10
19 12
14 8
24 17
21 10
13 10
17 14
14 12
23 6
15 9
12 6
21 17
19 10
15 14
24 14
21 8
16 8
18 14
15 13
17 13
18 12
15 7
14 8
19 7
17 13
18 10
16 15
19 10
13 8
18 7
21 13
22 15
19 7
21 10
23 7
22 20
22 20
18 7
21 20
20 17
21 10
10 7
21 12
9 7
13 9
21 17
16 10
14 8
21 8
18 6
12 10
16 7
15 12
19 15
23 22
18 13
11 6
23 9
16 10
23 21
22 6
9 7
21 6
22 6
15 7
11 10
21 16
23 11
23 19
16 8
20 16
13 6
9 7
18 15
23 6
22 18
12 8
16 8
22 10
20 11
