24 500
24 16
11 7
14 9
12 10
22 17
23 16
23 5
23 21
14 9
20 14
23 21
24 19
24 8
20 18
24 15
23 12
10 9
12 4
17 6
13 11
22 7
23 4
17 8
18 11
20 11
17 4
21 14
12 4
24 17
17 5
17 13
12 4
17 16
23 21
19 18
17 10
9 5
13 7
16 11
11 4
18 17
19 12
8 4
20 5
23 9
7 4
12 10
15 4
24 19
24 22
8 4
15 6
19 9
24 11
17 15
20 9
9 5
22 12
18 12
19 11
23 22
23 20
16 12
12 4
21 16
20 10
13 3
8 6
15 14
19 11
19 5
22 12
20 5
16 8
5 3
24 14
22 11
20 19
21 9
24 17
20 4
20 14
17 9
16 15
22 16
12 4
8 6
20 5
19 5
21 12
8 7
8 7
16 14
19 13
10 6
9 4
4 3
17 10
18 4
22 13
13 3
13 9
8 6
8 6
11 6
14 6
16 6
22 20
23 5
19 6
14 13
19 15
15 5
15 13
12 11
9 7
9 7
23 18
8 7
18 6
19 7
15 4
21 4
18 8
12 7
13 7
7 3
14 5
21 11
19 8
14 10
24 17
18 5
20 15
16 3
6 5
22 10
9 7
9 6
24 11
12 6
8 3
22 21
14 6
22 5
21 18
23 19
19 15
23 7
12 4
21 18
11 3
24 5
15 5
10 8
24 19
23 6
23 19
18 17
21 8
13 12
22 19
9 7
24 11
16 3
23 8
21 17
15 7
18 5
7 4
22 4
19 8
24 14
21 16
18 3
20 19
12 10
20 13
18 7
16 11
24 20
17 15
16 12
19 13
23 21
22 12
5 3
14 12
22 21
22 16
13 10
24 10
11 5
16 4
20 5
24 19
12 3
23 11
15 11
13 11
24 4
15 11
11 9
17 4
4 3
17 12
6 4
8 7
22 14
7 4
18 16
23 9
20 18
12 4
23 3
4 3
19 9
12 8
15 11
17 12
23 3
24 22
21 9
14 6
16 4
24 15
19 3
24 22
22 14
7 4
11 3
24 21
21 6
10 3
19 8
17 8
19 4
22 12
23 9
20 17
19 16
22 5
12 11
13 5
16 3
14 5
18 9
20 10
16 4
22 3
23 15
24 23
24 15
7 3
23 15
21 5
14 12
13 5
12 8
19 8
22 19
21 14
17 12
24 23
22 21
24 3
16 5
20 5
24 18
14 4
19 13
17 15
16 3
21 12
18 9
23 21
17 10
24 5
8 5
15 12
12 7
14 5
21 13
20 8
14 9
24 12
15 7
24 20
19 17
14 4
14 4
16 14
9 4
8 6
21 4
18 17
23 16
13 5
22 20
12 4
23 19
23 15
16 8
23 6
6 4
23 18
21 16
23 17
22 7
21 8
20 10
10 9
24 13
11 8
23 17
15 12
15 5
19 14
17 15
20 12
21 6
20 12
19 18
23 20
19 11
24 4
19 13
8 4
15 4
16 15
22 7
18 14
24 14
20 13
13 9
21 13
18 8
22 12
24 5
13 6
11 9
14 8
20 16
11 3
12 4
18 7
8 4
18 16
17 5
23 12
24 20
24 22
18 4
19 4
21 6
17 4
15 13
22 18
20 19
21 7
9 7
14 13
16 13
16 4
23 16
23 11
22 7
4 3
7 5
7 6
17 15
11 10
8 4
13 9
15 10
16 4
22 17
17 6
17 8
19 6
24 7
24 20
10 3
22 7
14 10
20 10
18 10
14 5
16 4
21 6
20 14
15 12
24 16
11 3
21 12
16 3
22 15
20 13
17 8
5 3
19 11
15 7
20 14
21 18
23 18
21 12
18 12
21 13
9 4
18 7
20 17
12 6
18 5
13 5
16 6
23 13
21 15
8 4
24 19
18 6
17 3
15 9
16 8
14 12
16 5
18 12
24 22
23 22
11 9
12 6
18 13
22 12
16 5
24 16
8 3
23 12
12 3
22 4
9 5
20 15
19 3
22 18
21 15
10 5
23 5
23 7
24 10
19 16
15 9
18 13
18 3
4 3
11 9
24 9
10 5
16 10
18 3
14 12
22 15
21 10
21 19
22 18
5 4
22 19
21 3
24 13
24 10
22 8
22 21
14 11
11 5
21 15
21 18
24 21
4 3
21 13
19 13
12 11
16 9
9 8
23 3
20 13
15 12
21 3
7 3
19 15
16 15
10 3
21 4
22 18
22 19
21 16
22 17
21 13
20 3
22 12
24 10
23 8
13 3
14 3
