26 600
25 24
20 19
19 20
26 25
14 13
13 14
25 26
12 13
5 4
12 11
22 20
8 10
17 14
1 6
20 19
2 10
4 8
25 24
6 12
15 13
2 10
20 15
23 17
16 15
2 5
1 9
21 17
8 9
1 2
22 15
5 9
25 24
23 19
24 15
24 20
3 7
1 2
26 23
20 15
15 13
1 12
20 17
22 15
22 20
5 12
1 3
20 16
1 4
24 18
5 12
20 19
6 8
1 3
9 11
4 5
25 18
16 15
25 17
9 10
25 14
1 10
6 8
24 23
18 17
8 11
21 14
3 6
24 23
2 12
22 20
23 19
22 16
6 12
18 16
8 9
4 11
22 21
19 15
3 6
20 19
19 18
23 18
4 7
25 19
5 8
4 8
21 20
26 20
2 5
6 7
24 19
6 8
5 6
22 19
18 15
18 13
21 15
25 22
1 4
6 11
26 25
1 8
25 14
18 13
22 14
1 11
3 12
7 9
6 12
21 19
20 14
26 20
2 7
1 7
26 17
1 2
8 12
26 25
6 12
3 11
4 10
16 14
25 21
24 18
11 12
25 21
7 12
23 21
4 5
26 15
1 5
14 13
2 4
10 11
24 15
1 3
21 15
3 12
6 9
5 7
16 15
3 6
2 5
20 17
21 19
8 11
25 18
24 19
22 13
18 17
22 19
19 13
18 15
24 15
5 12
26 24
25 18
1 3
4 5
23 16
26 18
5 9
8 10
23 20
20 13
16 14
22 17
26 17
21 18
24 18
16 14
26 18
20 16
2 7
10 12
7 9
24 18
24 15
4 10
1 8
25 13
3 4
19 17
2 8
25 21
1 8
4 12
24 13
7 10
24 22
3 11
2 7
5 6
6 10
19 18
19 14
5 8
17 15
24 13
8 10
6 8
5 10
17 16
23 16
20 14
10 12
24 15
4 7
9 12
25 23
5 10
20 13
3 5
23 15
22 14
2 7
24 20
3 9
6 9
5 11
23 14
22 14
1 2
20 13
25 13
20 18
25 13
17 16
3 10
20 14
4 8
8 12
24 20
1 10
2 7
7 8
25 19
25 21
1 7
23 19
25 21
19 13
23 15
23 21
3 12
15 13
23 16
6 11
1 9
24 22
21 19
15 13
1 7
24 15
25 24
21 15
25 17
2 12
22 17
1 6
18 14
26 15
25 18
26 17
21 14
1 6
4 11
1 10
5 8
1 9
6 12
5 8
23 16
20 13
1 2
21 20
22 17
1 10
26 17
19 16
25 14
22 13
24 23
25 24
19 17
22 18
8 12
6 9
23 17
6 9
26 19
25 15
15 13
25 18
6 10
23 13
22 20
2 3
11 12
21 18
1 11
26 13
24 21
24 13
23 17
2 6
6 8
22 18
24 21
21 18
1 11
22 16
1 7
1 3
24 18
19 16
22 15
23 19
5 8
15 14
19 18
23 18
3 7
21 19
26 22
21 19
23 22
18 14
10 12
26 16
1 12
1 2
26 25
6 12
26 21
26 25
3 4
4 9
26 22
1 7
5 6
4 10
25 13
24 13
6 12
3 6
11 12
8 12
21 17
24 14
2 7
23 15
21 19
6 12
4 11
9 11
25 13
7 11
26 22
3 7
17 14
25 21
24 16
1 2
3 12
5 11
1 11
26 17
25 17
19 13
1 8
19 18
2 11
10 12
18 17
1 6
25 18
26 18
5 12
25 13
4 10
24 23
2 4
7 12
2 5
6 12
1 2
25 19
22 21
17 13
25 24
24 16
21 14
24 17
26 14
6 8
4 11
4 12
3 8
7 10
3 4
24 18
26 16
8 10
26 15
8 12
21 15
3 6
19 18
26 25
15 14
26 17
26 15
5 6
21 20
3 5
21 17
8 11
20 13
24 15
25 24
9 11
25 21
6 8
20 14
21 18
5 9
26 25
22 19
21 19
25 16
9 10
15 14
6 7
3 5
1 7
6 11
19 18
25 21
10 11
25 21
3 6
1 10
23 21
1 12
9 10
7 9
17 14
18 14
4 10
1 8
4 6
26 22
20 17
14 13
5 10
3 8
3 12
7 8
20 13
18 14
3 11
26 15
25 16
1 9
25 18
8 9
25 18
3 4
21 15
6 12
17 16
22 18
19 13
24 18
6 11
24 15
24 17
3 4
2 12
2 3
21 18
2 10
19 13
4 12
10 11
20 19
21 18
1 11
19 15
25 17
26 21
2 8
23 22
24 16
17 16
19 13
4 11
25 18
23 19
6 7
23 17
1 8
17 13
24 21
16 14
4 12
2 6
6 7
5 11
17 13
24 13
5 8
18 16
3 10
25 13
19 18
4 11
2 8
26 19
10 12
26 19
6 9
25 18
6 9
21 18
4 9
6 7
26 25
18 14
1 4
11 12
18 17
4 6
1 11
16 15
25 19
1 4
18 13
5 7
18 15
4 5
5 7
4 11
23 15
1 9
25 15
5 12
18 15
19 13
25 15
21 20
3 5
7 11
21 18
9 12
24 15
23 21
25 14
5 9
3 4
22 14
9 11
23 13
20 16
2 3
2 8
3 7
25 18
23 22
24 15
14 13
25 19
22 21
7 9
22 16
2 9
16 14
4 8
23 21
7 12
25 19
23 16
2 4
5 8
3 9
21 13
19 16
1 3
21 13
23 16
10 12
23 13
6 7
8 11
26 14
8 12
4 9
4 9
4 7
