26 217
2 12
6 15
4 20
20 26
24 26
17 25
13 16
1 10
20 21
12 16
4 12
2 18
11 22
3 26
8 25
13 14
6 16
2 3
18 26
10 20
19 25
5 22
14 24
4 8
5 25
22 26
1 19
24 26
15 23
3 10
11 14
13 17
6 25
16 23
3 10
17 26
11 15
13 25
1 19
11 17
13 20
20 23
8 18
2 6
15 18
2 10
15 19
15 26
5 15
5 25
8 10
5 24
8 6
16 5
20 7
1 26
14 19
11 22
13 26
11 15
4 11
8 16
6 19
1 11
16 26
9 21
7 23
2 15
8 12
5 7
3 9
13 15
1 12
2 18
8 22
9 15
12 19
6 9
9 21
16 26
19 22
4 13
21 23
5 11
14 25
5 10
11 15
2 7
2 9
1 14
14 17
6 11
4 8
11 24
16 26
6 21
17 19
4 8
5 26
5 19
8 13
4 14
5 19
14 15
4 12
21 26
3 5
21 19
17 9
21 17
5 18
8 11
15 17
9 18
2 17
3 5
2 12
4 7
10 25
8 18
6 15
8 24
16 20
13 25
8 10
2 20
2 9
15 26
3 10
9 13
3 19
5 24
1 11
9 26
18 26
10 15
1 23
9 11
5 6
1 22
16 20
3 17
2 23
4 17
1 2
1 23
5 19
13 18
2 8
4 16
10 15
3 12
5 7
11 22
2 6
7 23
10 14
1 23
2 26
15 19
1 8
12 21
1 2
16 19
7 21
15 22
14 24
10 14
13 24
12 16
3 14
6 20
2 5
5 20
6 7
4 15
6 11
13 14
3 24
7 15
14 24
8 22
18 21
6 15
11 21
10 13
12 14
15 21
12 17
11 12
8 25
6 26
4 15
20 24
1 25
11 19
8 15
5 6
12 14
6 8
15 22
23 25
4 11
9 13
14 20
4 10
14 20
4 7
1 13
1 12
18 26
9 17
11 23
20 26
16 24
10 20
9 23
