26 600
1 2
3 4
5 6
7 8
9 10
11 12
13 14
15 16
17 18
19 20
21 22
23 24
25 26
22 1
9 26
15 22
13 26
22 25
3 10
5 18
14 18
22 24
24 6
8 9
22 13
26 18
20 1
10 5
10 19
5 12
6 23
21 22
5 25
25 12
12 16
5 7
21 22
19 14
1 16
21 15
18 19
15 19
23 1
1 9
6 1
4 22
14 25
5 18
17 26
17 1
22 9
7 21
25 23
1 20
5 15
19 16
2 7
2 21
7 25
17 10
11 10
18 26
19 17
2 21
15 20
12 6
9 19
14 25
3 17
1 12
2 10
3 6
9 20
17 26
9 13
3 16
3 25
17 13
6 9
26 12
26 18
25 13
11 24
5 2
19 3
15 1
2 18
2 11
24 2
2 9
17 10
13 22
17 9
17 22
26 9
16 26
1 21
9 24
13 10
8 7
22 14
18 25
20 12
5 3
20 23
15 18
21 4
14 6
15 13
18 12
9 18
9 18
20 23
12 16
26 4
24 17
17 19
10 22
7 17
13 22
24 2
18 16
23 5
16 13
23 1
8 19
19 13
15 25
13 5
15 16
26 11
11 13
11 16
20 3
16 24
20 17
12 11
11 7
9 12
24 1
13 6
14 18
13 3
1 17
17 1
20 15
9 3
24 3
13 4
23 18
14 8
21 25
7 9
4 10
4 16
4 6
9 23
5 16
14 4
19 23
6 9
15 14
22 5
26 6
6 10
24 3
2 23
1 3
8 17
13 14
7 26
3 20
10 9
17 6
16 8
17 26
22 24
26 16
17 22
18 19
17 8
21 25
10 5
21 9
7 8
25 5
19 16
3 16
16 1
10 18
9 22
25 7
25 21
3 22
21 10
16 18
22 5
17 13
11 3
24 8
8 23
7 8
23 3
2 24
26 12
16 11
22 11
14 22
11 1
20 11
13 26
18 4
22 21
2 1
22 11
2 12
1 20
3 2
12 10
4 11
14 23
22 13
16 7
19 14
22 18
5 24
23 18
14 11
26 13
25 10
7 3
18 2
18 7
26 20
11 7
8 18
14 15
12 23
12 24
18 13
2 19
17 12
5 19
23 3
14 22
8 13
8 4
14 23
5 24
16 2
12 2
13 23
17 15
12 25
4 16
7 6
22 10
1 8
22 2
8 2
20 26
4 26
9 21
10 16
5 17
23 26
5 25
17 10
1 13
5 3
17 16
20 11
7 20
14 1
7 26
5 24
14 11
20 10
25 15
12 6
13 23
24 3
8 24
3 18
12 23
4 7
23 13
11 5
12 2
7 5
25 16
1 10
4 10
7 20
16 5
21 24
7 14
23 5
9 6
14 22
26 12
18 8
24 25
14 11
18 25
4 11
22 20
14 26
11 26
6 23
26 2
12 17
25 20
8 4
22 11
20 16
21 18
6 13
1 26
19 8
15 8
9 24
6 17
18 24
19 18
21 2
24 26
26 1
25 8
17 25
6 12
26 2
1 4
16 17
24 1
20 5
17 26
12 14
10 25
22 14
19 14
22 19
23 5
19 14
23 6
23 21
12 2
19 16
20 23
8 13
11 14
3 14
18 20
5 3
4 5
26 19
12 18
24 11
21 12
22 4
9 2
8 17
4 9
13 20
10 18
17 21
2 10
2 18
19 7
4 6
19 3
6 12
12 20
12 21
26 18
10 21
9 24
5 4
26 14
7 9
18 9
17 16
23 18
8 14
3 7
19 17
6 21
5 17
20 13
15 12
10 5
21 13
17 12
26 4
7 24
23 8
9 25
14 15
9 17
3 14
5 1
13 1
17 16
17 3
12 26
5 22
9 20
7 25
15 11
23 18
12 16
4 21
17 23
17 9
19 12
2 1
13 20
16 17
19 11
20 16
21 25
4 7
18 11
24 1
17 4
10 22
22 1
24 8
26 18
11 24
24 14
23 17
8 14
11 17
5 10
3 9
12 9
4 14
16 19
22 20
23 25
18 4
5 10
25 3
26 25
25 24
24 23
23 22
22 21
21 20
20 19
19 18
18 17
17 16
16 15
15 14
26 25
25 24
24 23
23 22
22 21
21 20
20 19
19 18
18 17
17 16
16 15
26 25
25 24
24 23
23 22
22 21
21 20
20 19
19 18
18 17
17 16
26 25
25 24
24 23
23 22
22 21
21 20
20 19
19 18
18 17
26 25
25 24
24 23
23 22
22 21
21 20
20 19
19 18
26 25
25 24
24 23
23 22
22 21
21 20
20 19
26 25
25 24
24 23
23 22
22 21
21 20
26 25
25 24
24 23
23 22
22 21
26 25
25 24
24 23
23 22
26 25
25 24
24 23
26 25
25 24
26 25
1 2
2 3
3 4
4 5
5 6
6 7
7 8
8 9
9 10
10 11
11 12
12 13
1 2
2 3
3 4
4 5
5 6
6 7
7 8
8 9
9 10
10 11
11 12
1 2
2 3
3 4
4 5
5 6
6 7
7 8
8 9
9 10
10 11
1 2
2 3
3 4
4 5
5 6
6 7
7 8
8 9
9 10
1 2
2 3
3 4
4 5
5 6
6 7
7 8
8 9
1 2
2 3
3 4
4 5
5 6
6 7
7 8
1 2
2 3
3 4
4 5
5 6
6 7
1 2
2 3
3 4
4 5
5 6
1 2
2 3
3 4
4 5
1 2
2 3
3 4
1 2
2 3
1 2
