26 600
11 7
25 9
13 21
7 23
25 19
15 23
15 9
21 15
23 17
11 3
15 1
5 17
25 5
15 13
21 15
9 1
9 13
11 13
1 23
23 21
9 13
7 11
3 11
17 21
21 23
11 7
15 1
13 19
13 5
25 23
9 25
17 3
5 21
3 11
1 7
19 11
21 19
9 1
19 11
9 13
21 25
1 7
15 5
9 5
11 1
1 3
13 1
11 7
7 23
3 25
25 5
7 5
19 13
15 13
17 13
7 11
3 25
13 3
19 17
23 13
23 1
19 1
19 17
19 7
19 9
11 25
21 11
15 17
7 13
3 21
9 23
21 11
25 17
1 11
3 7
15 7
19 25
13 21
1 25
17 7
13 3
7 3
1 9
23 9
5 7
15 9
9 5
19 7
25 13
5 25
19 1
3 17
13 15
11 17
21 17
21 9
1 15
13 21
11 23
9 17
7 25
3 1
23 9
11 9
23 1
5 13
23 13
11 21
13 25
23 21
21 5
13 7
19 25
23 17
23 15
13 19
3 19
3 7
9 1
5 1
5 3
21 17
17 23
23 21
13 5
1 23
25 1
1 19
9 7
23 11
11 23
1 19
11 23
13 23
19 23
17 15
5 17
13 19
21 17
13 17
19 1
15 1
1 19
3 7
9 23
13 3
17 15
7 21
17 21
21 5
19 17
15 7
5 25
1 5
19 3
5 3
1 9
17 3
9 3
11 21
21 9
23 25
7 25
13 15
17 7
3 1
13 25
3 25
9 17
7 5
21 15
21 7
5 25
15 11
1 13
13 1
7 25
19 7
1 3
17 25
25 3
25 9
9 21
11 7
23 7
23 11
3 23
15 9
19 15
17 19
11 23
13 11
3 19
5 7
13 1
21 17
9 5
19 3
7 17
5 17
21 19
13 1
3 19
21 17
3 13
15 7
19 9
9 21
15 1
7 19
9 7
5 7
23 17
11 17
3 9
7 3
25 5
9 17
13 11
7 9
13 15
9 7
17 11
19 11
13 15
13 5
3 25
25 17
21 11
21 17
15 11
17 3
15 7
25 23
9 11
11 15
25 3
13 7
13 25
25 11
3 9
15 19
25 21
3 13
23 9
7 9
7 23
21 25
1 11
15 13
21 5
21 3
5 9
15 5
9 7
5 1
25 21
25 19
9 15
15 1
1 25
5 23
17 21
19 11
17 7
9 17
7 23
3 17
15 1
21 1
5 25
1 15
19 23
19 21
7 17
9 25
19 7
1 9
5 3
3 23
7 5
15 25
3 11
17 5
17 23
5 9
3 21
21 15
13 15
3 7
1 17
11 1
23 3
5 15
23 1
13 5
23 19
3 23
15 21
3 5
11 25
1 3
5 25
19 25
3 25
5 11
5 17
3 7
5 23
1 17
1 3
23 25
17 23
7 23
13 15
3 9
9 11
21 23
9 25
1 11
5 25
11 13
19 23
5 25
5 15
13 25
13 25
17 19
1 13
19 25
19 21
1 9
5 7
7 15
15 17
19 25
1 25
1 9
1 21
3 11
13 17
17 23
9 17
9 25
3 15
7 25
1 23
17 19
9 17
9 23
11 23
3 23
13 17
5 7
11 19
17 23
7 15
13 21
11 13
7 13
9 19
5 19
15 17
21 23
5 7
7 21
7 13
13 17
5 25
5 25
7 9
11 19
1 11
1 13
11 25
15 17
11 17
9 21
11 21
3 25
15 21
5 21
1 3
3 25
7 21
17 19
7 17
1 13
15 21
1 19
5 17
15 19
1 13
5 11
15 21
1 3
1 23
9 13
3 13
11 17
19 25
7 19
13 23
5 15
1 15
15 25
15 23
9 13
9 19
1 13
9 17
15 17
3 13
3 15
13 17
3 21
17 25
3 13
1 9
3 21
15 17
3 11
1 15
7 25
1 15
5 7
11 17
13 17
7 17
3 17
1 13
7 11
3 21
5 7
11 23
21 25
9 17
9 19
9 15
11 17
11 23
11 17
5 21
7 25
9 13
1 23
15 17
5 25
11 23
1 11
1 15
5 11
1 15
1 23
13 15
19 25
1 15
3 13
3 9
1 19
13 23
3 21
3 17
19 25
15 17
17 25
5 25
7 19
15 21
1 11
5 25
1 19
1 15
23 25
9 11
1 23
7 9
3 19
5 21
15 17
7 23
1 7
7 15
13 21
3 21
9 11
13 21
1 7
11 13
21 23
13 21
9 11
19 21
3 7
15 21
19 25
11 19
1 17
9 11
21 23
11 15
1 11
15 21
1 15
1 3
21 25
5 15
7 23
9 21
5 21
17 21
21 23
11 23
5 7
7 11
1 19
13 19
1 17
1 11
13 17
7 21
11 19
3 19
1 13
5 21
11 21
3 9
5 25
1 3
15 25
13 17
3 23
9 13
17 23
7 13
15 25
7 17
9 19
9 13
5 17
7 23
3 15
15 21
1 13
1 9
1 25
1 7
5 9
5 23
13 15
3 19
5 13
11 19
13 25
19 25
9 21
9 11
9 21
5 25
9 21
21 25
5 19
7 23
7 15
3 9
9 13
7 17
19 21
9 11
13 25
13 19
7 23
17 23
15 21
1 11
11 21
1 13
13 25
3 13
1 13
5 13
5 17
7 21
11 23
7 11
17 21
9 17
15 25
1 13
17 21
1 3
7 23
13 17
7 21
9 23
5 9
5 23
19 21
13 17
17 21
