26 600
26 16
21 12
20 12
5 3
18 6
24 5
18 8
18 15
19 14
16 15
15 6
24 19
18 5
25 19
6 3
20 16
11 5
21 19
21 4
20 14
23 12
25 5
25 21
26 9
24 22
14 7
26 15
14 10
22 15
24 10
22 14
11 8
20 3
15 7
23 18
23 16
16 11
8 7
23 13
25 23
9 6
16 6
21 20
24 16
25 18
13 6
22 8
21 7
22 3
13 7
26 16
10 8
22 18
26 12
22 13
22 8
17 16
10 6
19 14
18 12
15 4
24 16
24 13
17 13
20 10
22 12
21 4
13 12
20 5
23 17
23 17
17 3
21 12
13 3
10 3
20 12
16 11
11 10
20 14
23 7
11 6
25 13
7 3
19 8
25 21
18 9
20 9
23 7
25 23
22 16
26 22
26 22
21 18
18 5
12 5
14 12
17 4
14 5
8 5
23 17
9 3
16 14
16 15
13 4
26 10
24 8
17 4
16 10
11 3
18 11
14 4
19 8
19 14
22 10
19 10
25 3
12 11
14 13
21 10
24 16
24 18
16 14
23 21
25 3
26 20
21 11
25 19
23 21
20 6
17 8
16 12
26 24
23 17
14 9
21 6
26 14
26 5
25 24
6 3
25 18
21 14
23 19
15 12
20 3
19 16
26 8
19 9
20 15
17 4
16 4
15 12
23 11
26 4
16 9
25 17
26 19
19 8
19 17
11 4
20 7
10 5
14 4
12 8
12 10
24 13
5 3
10 8
16 12
24 14
23 20
9 5
25 6
10 5
26 24
16 9
17 6
23 4
21 13
25 6
19 13
15 4
9 8
18 9
26 18
23 4
22 5
13 12
15 10
20 11
16 15
6 5
26 12
18 12
19 14
17 6
10 8
16 3
13 12
21 6
16 14
12 9
20 11
20 7
12 8
14 8
26 13
25 10
24 10
18 8
11 9
11 10
10 6
8 7
19 6
19 11
12 5
7 3
26 19
14 12
25 21
24 7
23 12
24 19
24 23
26 17
13 12
24 12
24 20
14 7
26 8
22 18
17 5
20 18
26 3
25 18
21 5
16 5
16 3
21 19
22 4
22 12
25 13
15 13
20 17
18 17
25 20
16 4
24 11
24 16
19 13
17 15
25 23
24 7
25 6
23 18
25 14
21 20
23 16
15 9
15 7
17 6
22 13
20 13
19 10
18 9
18 16
24 14
21 19
12 11
24 4
26 19
25 13
21 9
25 3
11 7
15 12
19 5
22 11
20 10
9 5
25 9
21 20
24 16
19 3
25 21
15 7
14 5
23 22
12 3
24 23
19 8
6 5
12 3
23 8
26 9
26 19
21 8
21 10
22 5
11 7
21 11
25 7
25 22
26 11
7 6
15 4
15 7
25 8
20 16
16 13
24 7
26 24
20 5
9 7
15 9
10 9
26 19
17 10
26 4
13 5
16 6
19 3
13 6
13 9
26 6
23 20
21 16
20 7
17 11
19 16
18 12
15 10
25 13
6 4
25 16
26 8
19 16
24 19
22 13
8 5
26 15
25 17
18 5
17 5
24 15
23 6
21 7
25 23
13 11
23 13
16 3
24 17
15 10
22 9
15 5
23 5
20 3
21 13
14 9
13 7
7 6
26 25
15 3
23 5
16 6
21 20
24 19
26 22
19 5
16 14
24 5
9 7
18 11
16 12
26 11
22 6
19 9
16 6
17 12
23 22
17 11
17 8
11 6
18 3
13 8
15 5
12 7
25 14
21 17
13 10
11 10
11 7
13 8
24 20
19 4
25 14
26 9
22 15
17 6
8 3
25 6
24 3
20 16
16 8
21 14
22 12
18 15
4 3
18 3
11 5
19 15
24 12
25 10
26 19
17 12
23 22
15 11
22 20
21 20
25 16
8 5
24 21
17 11
25 6
20 15
15 14
24 22
5 3
26 13
23 5
20 11
21 14
18 4
13 6
21 19
23 22
14 3
9 6
15 11
25 15
17 10
24 16
26 16
17 12
18 14
16 6
25 7
17 3
19 13
14 5
22 4
21 18
17 14
23 16
18 10
20 18
26 8
15 8
18 15
25 16
21 5
23 10
20 5
15 4
19 5
19 9
25 4
17 9
24 8
23 18
4 3
22 19
23 10
24 11
25 8
20 14
7 3
16 13
15 10
17 8
8 3
13 9
25 5
23 10
26 4
23 16
19 7
24 12
25 19
6 4
26 6
26 10
23 3
24 8
14 9
15 14
18 12
15 11
25 23
24 10
18 9
26 17
8 5
23 14
26 10
12 11
12 6
23 17
23 21
22 10
9 5
22 20
11 6
22 16
17 15
26 9
23 10
24 11
20 14
16 3
23 6
26 3
18 12
23 10
14 12
20 3
13 11
14 11
18 4
21 5
26 7
26 4
26 4
14 13
26 14
25 24
16 8
21 6
23 13
22 4
20 11
19 10
25 10
18 6
15 8
10 3
21 10
17 12
23 4
26 11
17 15
19 10
16 5
20 13
22 3
20 17
22 10
12 3
21 13
8 4
23 22
9 7
26 6
16 3
20 3
26 19
16 11
24 18
18 5
26 22
26 13
22 10
22 4
20 15
24 23
19 12
11 10
5 3
16 6
22 10
18 14
12 6
23 18
20 16
16 13
18 17
18 3
14 6
12 7
17 3
20 13
22 7
14 10
16 14
17 11
7 4
26 10
17 6
23 18
16 13
