26 600
23 12
25 12
16 10
11 7
23 14
18 9
25 21
12 7
16 12
18 17
20 6
19 10
11 6
19 15
23 8
25 14
23 15
20 19
10 6
22 21
21 7
20 11
20 9
15 12
23 20
24 23
24 14
23 16
16 8
14 7
26 10
20 8
24 9
13 6
25 8
20 13
8 6
14 9
20 16
25 22
24 8
26 14
22 15
25 9
25 13
22 12
12 7
21 7
25 22
26 17
19 15
18 7
16 6
18 9
22 10
22 12
16 11
22 21
15 12
14 13
21 19
10 7
26 21
26 8
20 18
15 11
20 8
20 16
23 13
20 7
22 16
23 7
21 20
12 10
14 10
22 15
12 9
12 10
22 13
15 10
25 13
21 12
16 11
23 11
11 7
22 16
9 6
20 15
7 6
23 21
25 23
24 13
25 7
14 13
15 10
26 24
13 12
16 9
19 10
19 8
25 21
11 10
25 23
20 8
21 12
23 15
26 11
12 6
22 19
17 15
13 7
14 12
19 13
17 15
24 19
22 17
8 7
23 21
21 13
23 15
26 21
26 6
19 9
16 7
16 7
24 16
18 6
16 15
16 10
13 9
17 15
20 6
16 7
16 12
14 6
26 20
24 6
26 14
24 6
17 8
15 14
14 7
16 11
25 24
21 16
14 11
26 16
14 13
21 13
17 15
22 18
9 7
18 8
23 18
10 7
17 14
23 16
20 7
26 13
14 11
22 13
23 13
23 6
11 7
16 10
22 8
24 19
19 6
23 7
26 7
16 12
19 10
20 17
26 9
24 6
17 8
18 8
18 11
20 9
20 14
23 13
21 14
21 18
23 20
17 9
18 14
23 13
23 10
24 6
19 8
19 17
17 10
25 6
26 10
15 14
25 6
20 13
7 6
25 7
23 11
23 13
19 15
26 11
22 6
25 23
9 6
18 14
17 9
17 7
26 19
12 8
14 10
24 16
25 20
19 17
18 11
24 7
13 9
26 8
20 14
24 13
13 12
14 8
23 9
20 10
11 9
25 20
26 16
19 6
19 6
14 7
15 6
26 9
26 8
26 7
21 13
24 18
16 6
20 19
18 15
7 6
16 7
21 6
20 18
18 12
24 20
25 13
26 8
11 10
22 19
24 12
20 16
26 8
14 13
23 9
22 8
21 8
20 10
16 8
21 20
19 15
24 8
9 8
18 7
19 8
20 18
15 11
15 6
23 7
26 9
14 8
12 6
23 12
26 6
25 24
22 14
13 8
16 6
25 14
12 10
17 16
25 11
26 8
16 13
13 7
16 6
18 17
16 12
13 12
21 9
19 11
26 16
17 16
25 13
25 24
24 16
24 19
18 10
16 9
16 4
12 11
26 22
17 15
24 16
12 11
19 17
25 8
26 13
23 11
17 7
15 6
21 14
22 18
23 15
22 8
25 24
17 14
20 10
26 20
19 10
26 10
24 23
24 16
8 6
14 11
25 13
22 18
18 13
24 7
24 19
25 8
12 11
18 8
12 11
13 6
25 18
19 17
16 10
25 17
18 8
9 8
10 7
14 7
20 8
20 18
20 16
22 13
21 8
14 9
18 15
26 7
24 15
22 17
21 20
25 6
23 6
24 18
15 13
8 7
16 14
20 16
23 21
22 18
22 12
26 9
12 9
23 22
20 16
25 17
9 8
21 7
26 16
19 17
19 14
26 7
10 9
26 10
26 10
22 13
21 6
23 8
19 15
22 6
20 11
17 15
17 6
26 20
15 6
17 11
26 12
15 11
21 9
25 12
12 8
25 8
24 22
26 13
22 8
16 14
20 10
22 8
11 6
19 9
17 12
24 20
24 16
25 19
16 9
23 22
26 12
25 14
23 12
25 20
25 10
17 15
26 16
13 7
22 12
23 6
12 8
20 12
22 13
13 11
20 7
10 8
20 14
13 7
21 10
7 6
19 11
24 23
25 16
17 15
26 21
24 18
15 13
24 7
13 12
26 15
21 13
12 10
22 11
20 12
19 11
24 20
26 18
12 11
25 21
17 11
19 9
22 21
11 8
13 9
22 11
22 19
20 10
19 13
23 22
17 9
18 11
25 20
25 12
13 9
9 8
20 17
15 8
22 15
22 14
16 12
20 15
22 10
26 17
24 18
24 23
16 9
20 15
11 8
14 11
20 9
14 9
24 16
23 22
24 15
19 14
23 10
21 6
22 7
18 11
18 13
13 10
13 12
19 8
21 9
22 10
22 9
21 6
19 18
18 11
12 11
10 6
15 13
24 20
23 22
22 19
24 20
25 20
8 3
13 10
11 7
24 12
15 14
15 13
12 11
19 9
13 6
19 11
21 6
14 6
15 13
22 17
23 9
20 17
9 7
23 21
10 8
10 9
18 11
18 8
18 7
26 20
14 11
18 11
23 16
20 6
24 9
19 11
24 19
21 19
25 23
23 17
20 6
24 10
19 11
13 7
26 12
13 10
21 8
26 13
25 24
21 9
15 13
21 13
16 12
14 6
25 16
20 18
15 10
25 11
24 18
20 13
20 10
11 9
20 15
19 17
22 6
13 7
21 13
20 8
25 13
18 10
7 6
14 6
21 16
22 18
16 12
13 11
9 6
16 6
21 8
11 8
26 18
16 9
21 6
25 13
21 15
16 6
14 12
23 7
14 8
14 12
26 17
20 10
11 9
26 17
13 8
25 3
23 22
16 15
20 13
11 8
