26 600
5 4
12 13
21 22
2 3
1 2
5 4
23 24
17 18
20 19
21 22
2 3
20 21
8 7
18 19
12 13
25 26
7 8
18 19
9 10
16 17
2 3
24 25
10 9
7 8
19 20
12 11
12 13
19 20
2 1
3 2
12 11
19 18
6 5
18 17
3 2
13 14
12 11
2 1
17 18
12 11
2 1
1 2
8 9
6 5
26 25
17 18
8 7
15 16
8 7
16 17
13 14
16 17
8 7
17 16
22 21
7 6
17 16
10 9
1 2
14 13
24 23
3 4
19 18
1 2
23 22
1 2
2 1
14 15
2 1
21 20
24 25
16 17
24 25
15 14
5 4
23 22
10 9
17 18
14 13
3 2
11 10
20 19
9 10
2 1
7 8
16 17
25 24
25 26
9 10
6 5
7 8
18 19
23 22
19 18
9 10
7 8
1 2
20 21
8 9
18 19
7 6
6 7
23 22
7 8
13 12
9 10
13 12
23 24
2 1
19 20
1 2
6 7
9 10
3 4
10 11
1 2
10 11
16 15
5 4
10 9
6 5
14 15
23 24
15 14
6 7
26 25
23 24
19 18
18 17
3 4
2 1
7 6
1 2
13 12
18 17
10 9
6 5
21 20
1 2
25 24
4 3
22 21
18 19
6 5
1 2
20 21
19 18
6 5
3 2
20 21
17 16
4 3
26 25
18 17
4 3
4 3
26 25
13 14
11 10
2 3
8 9
19 18
13 12
16 17
21 20
10 11
20 21
21 22
17 16
16 15
26 25
23 24
24 25
22 21
4 3
1 2
5 4
4 5
12 11
14 15
17 16
17 16
1 2
22 21
4 5
10 11
25 24
5 6
5 4
23 22
10 9
23 24
25 26
21 20
6 5
13 14
13 12
3 4
21 20
6 7
24 23
19 18
15 16
19 18
19 20
16 17
18 17
1 2
17 18
7 6
22 23
17 16
15 14
7 6
18 17
18 17
4 3
9 10
24 23
19 18
14 13
8 7
14 15
15 16
9 10
12 13
5 6
7 8
22 23
6 7
7 6
3 4
10 11
10 11
26 25
11 10
9 8
24 23
15 16
15 14
8 9
3 4
17 18
24 25
25 26
25 24
11 12
10 11
14 15
21 20
20 19
16 17
12 13
5 4
17 16
1 2
20 21
17 16
17 18
13 14
21 20
1 2
5 4
3 4
13 14
19 18
5 4
3 2
22 23
10 11
16 15
11 10
5 6
15 16
16 17
18 19
14 13
19 18
11 10
6 7
24 23
2 1
17 18
19 18
2 3
2 1
3 4
2 1
7 8
20 19
15 14
22 21
8 9
4 3
2 1
4 5
21 20
11 10
16 15
21 20
22 15
26 18
3 7
15 13
6 9
19 13
1 2
4 9
20 16
26 21
1 7
25 20
16 14
7 9
10 12
7 11
23 15
19 17
23 20
22 18
2 12
3 4
22 13
21 16
2 10
26 25
24 18
26 19
1 7
25 20
1 9
2 3
7 9
2 6
1 6
2 5
1 3
3 7
7 8
22 13
1 6
24 14
7 12
8 10
3 8
20 13
21 14
24 22
7 8
23 17
17 14
8 11
2 8
17 13
25 14
15 13
23 20
23 22
16 15
1 4
18 15
19 13
19 14
24 13
23 20
18 17
16 15
6 10
3 6
22 20
20 17
5 6
9 10
20 15
22 17
24 21
4 7
8 11
6 9
3 6
26 19
23 21
25 16
4 8
16 14
19 17
2 3
1 11
1 12
2 8
19 18
8 11
8 11
26 21
23 14
4 5
24 13
7 9
26 19
9 11
22 18
21 16
17 13
4 6
25 19
3 12
25 15
11 12
2 6
18 17
19 17
17 13
25 19
1 10
18 13
17 14
17 13
16 15
20 19
21 17
2 4
23 16
25 21
18 14
7 11
6 7
26 14
23 21
2 4
22 21
3 9
5 9
23 17
23 13
22 14
22 18
17 14
25 13
4 7
7 10
3 8
18 17
25 16
24 13
19 13
1 6
3 4
4 10
11 12
17 16
2 6
3 12
4 10
25 14
24 13
10 11
21 13
20 17
5 7
26 19
6 7
23 16
2 9
22 19
21 18
17 13
5 7
8 9
3 9
10 12
11 12
7 8
3 5
26 20
11 12
2 10
1 9
21 17
2 8
8 12
26 15
2 11
10 12
24 16
25 20
24 14
21 16
23 13
3 6
26 14
15 13
3 9
19 18
26 16
14 13
24 15
26 17
6 8
18 14
26 23
8 9
3 5
25 19
16 13
25 24
20 15
25 17
19 15
6 10
25 20
8 10
6 8
4 9
20 18
25 20
23 16
25 24
8 12
25 14
23 18
8 10
10 11
6 9
22 15
14 13
23 17
23 21
1 12
21 17
17 13
2 12
25 24
22 16
21 20
18 13
7 8
24 15
25 19
26 22
21 20
21 15
8 11
9 12
20 17
5 6
18 16
2 6
24 16
26 14
19 13
19 13
25 13
3 12
21 15
19 17
25 13
1 12
9 10
26 24
15 13
2 4
19 16
9 12
26 23
2 8
22 13
26 20
1 3
25 16
24 13
25 14
6 11
23 16
25 24
9 12
25 19
2 8
5 12
25 20
25 14
2 11
17 15
24 20
24 19
23 19
21 17
23 19
2 10
24 15
19 17
3 6
4 5
23 22
7 11
2 8
1 12
2 9
19 17
26 19
4 9
