26 600
12 3
19 5
6 2
5 3
19 8
20 4
25 3
13 4
7 6
12 10
25 12
18 15
23 18
23 20
26 3
5 3
14 12
18 13
10 7
22 9
19 8
15 1
26 15
19 5
21 4
26 5
20 8
10 6
14 5
14 4
19 11
26 4
24 4
19 18
8 5
14 5
12 11
25 9
9 5
25 23
18 16
25 14
23 13
19 10
18 11
14 3
18 10
22 13
22 3
25 10
12 10
26 19
23 15
20 3
22 14
19 7
17 14
23 7
10 7
22 15
19 9
18 8
25 20
26 3
25 10
9 6
18 7
14 6
26 6
23 6
23 13
21 5
15 8
22 8
22 9
14 4
19 13
18 5
25 12
10 6
21 15
26 18
25 22
25 12
26 16
24 19
26 25
15 12
22 15
15 12
20 19
23 20
14 5
26 10
18 6
26 22
24 21
26 12
26 24
17 7
23 20
22 7
26 12
17 14
17 3
14 6
23 17
24 6
26 19
19 3
21 20
26 4
18 16
9 6
18 11
22 19
25 13
24 15
22 6
24 21
16 11
24 11
18 5
22 11
17 6
26 14
23 21
19 18
25 13
9 4
24 14
13 5
12 10
24 22
17 5
21 20
19 14
10 6
19 12
24 3
24 13
24 23
16 10
20 13
26 24
12 7
17 5
21 19
25 13
21 14
12 8
11 6
20 17
19 10
24 21
18 8
18 5
7 4
15 8
18 9
8 3
22 16
17 5
15 12
24 6
25 4
19 4
24 9
14 7
19 18
10 8
18 13
24 23
19 16
15 10
17 9
23 8
20 13
17 14
12 9
17 4
26 11
23 16
21 6
19 13
23 6
18 11
18 10
20 4
18 4
21 3
15 13
19 5
8 7
20 16
21 7
10 6
19 14
24 11
25 3
19 17
19 9
14 9
15 7
17 10
17 8
26 16
19 15
17 11
13 5
15 14
18 9
23 8
25 11
14 5
26 12
23 19
13 12
21 4
6 4
17 11
24 9
21 7
23 6
13 12
22 3
25 4
23 18
21 3
8 5
24 3
9 5
19 10
12 3
6 3
26 3
13 3
10 9
14 8
24 4
23 5
23 19
24 5
14 12
24 10
18 4
19 13
16 6
7 5
22 17
25 17
20 10
16 6
14 11
25 22
24 5
19 14
25 17
21 6
22 11
9 3
18 7
22 21
22 12
19 15
14 12
9 8
20 10
24 14
8 3
25 18
26 25
15 7
12 10
23 20
13 7
17 15
13 8
13 5
13 10
20 5
26 10
21 15
10 8
24 4
16 13
15 9
17 3
19 10
25 14
9 4
22 5
22 12
16 7
11 3
14 9
24 10
23 9
19 4
9 6
25 9
15 8
26 22
25 24
11 10
10 9
17 8
10 9
26 6
13 8
6 3
22 11
15 10
14 11
11 9
14 9
17 13
24 14
14 4
25 13
17 8
16 15
10 8
18 13
19 13
9 6
22 9
11 8
23 8
16 14
21 5
23 7
26 20
24 5
17 6
10 6
19 16
25 18
17 7
26 18
21 13
10 9
20 3
22 4
22 11
16 6
23 6
6 4
20 19
19 12
11 4
10 9
24 4
11 6
26 12
23 11
17 9
10 6
17 7
13 9
17 9
25 12
19 8
26 22
22 3
17 7
9 7
16 5
21 8
19 13
19 11
20 18
26 11
12 11
17 3
6 4
8 6
23 19
20 7
10 7
19 9
17 11
24 20
23 22
8 7
17 11
23 17
12 11
23 5
15 6
12 11
6 4
18 8
11 6
25 23
13 12
18 10
21 14
9 7
17 4
5 4
17 9
18 5
20 16
7 3
17 6
16 9
10 8
25 7
16 13
8 5
19 16
17 10
24 17
26 13
23 5
16 7
16 3
24 19
21 12
16 14
12 6
25 17
20 16
22 9
24 15
24 7
24 18
18 11
9 4
25 22
26 25
8 3
10 8
8 3
19 8
11 9
12 5
20 15
18 10
26 11
6 3
23 17
22 17
11 5
21 19
17 6
15 14
22 10
25 24
16 11
21 7
17 15
7 6
25 16
26 19
21 12
23 13
16 7
12 8
13 12
22 20
20 7
19 14
25 5
23 21
22 10
24 12
17 3
24 5
16 12
16 15
21 3
23 19
18 16
14 7
18 16
22 12
23 9
20 5
14 12
20 3
26 21
17 14
20 3
9 4
25 19
20 14
18 6
13 5
17 13
23 17
23 21
19 7
25 17
26 25
8 5
13 7
4 2
22 17
6 5
7 5
22 20
7 5
17 16
13 4
16 5
23 21
21 8
16 5
18 13
13 8
24 4
26 13
17 15
21 6
12 10
15 14
23 18
25 13
24 15
19 14
22 19
24 12
14 4
11 9
15 8
24 11
11 3
23 18
26 11
18 12
18 13
17 11
25 5
24 7
20 16
24 19
18 3
13 8
16 6
24 10
12 3
17 3
16 6
18 4
20 12
25 21
17 8
19 9
25 21
26 7
23 9
17 8
20 9
25 6
8 3
15 12
22 11
26 16
26 22
25 8
20 3
19 7
22 9
9 6
15 12
21 18
14 7
13 8
20 5
5 4
5 4
19 15
11 6
24 12
14 5
17 7
8 4
7 6
25 19
19 18
10 8
22 16
18 3
9 4
22 15
14 13
9 7
22 7
22 4
12 11
7 6
18 11
23 22
25 23
23 11
23 15
23 12
23 4
