29 800
1 2
3 4
5 6
7 8
9 10
11 12
13 14
15 16
17 18
19 20
21 22
23 24
25 26
27 28
25 20
15 2
2 25
20 18
25 22
8 4
20 10
5 24
25 12
10 8
3 17
29 2
13 18
5 26
7 12
27 5
6 1
28 7
20 28
22 21
19 26
20 17
7 3
6 15
12 25
13 21
8 17
6 11
11 12
9 18
26 8
9 23
28 29
21 6
5 29
7 8
29 17
14 5
17 22
18 29
4 15
22 20
8 7
13 26
25 7
12 24
13 29
10 21
7 1
27 11
6 16
19 18
1 7
14 19
4 8
21 25
23 20
5 12
19 17
9 16
25 1
19 13
18 14
27 22
2 25
23 18
22 20
22 5
27 5
11 29
15 3
8 27
2 26
26 3
16 3
18 1
28 19
18 8
26 7
10 11
8 15
11 23
14 10
22 23
8 27
6 21
20 1
5 12
23 26
10 17
5 1
16 20
2 27
16 22
11 5
24 18
26 1
4 27
20 24
18 21
5 27
10 29
15 21
12 18
20 8
2 21
11 1
15 6
28 14
1 6
26 28
11 29
29 28
10 6
29 8
4 27
24 27
5 10
19 10
3 25
17 29
13 8
6 26
14 8
21 2
9 16
4 11
27 15
9 23
9 22
16 14
13 15
25 1
25 24
24 19
1 5
25 11
9 26
24 3
14 20
15 26
21 24
18 25
4 19
5 13
9 15
29 5
5 18
18 19
12 2
2 21
4 7
2 7
15 8
18 10
22 20
10 16
20 21
22 12
2 23
6 4
1 22
12 27
3 4
6 26
27 28
15 4
20 5
20 24
6 8
6 7
14 5
8 18
17 10
25 27
8 4
15 9
29 10
28 2
3 9
4 25
4 13
12 8
21 25
26 22
12 25
1 13
19 27
29 5
18 9
24 9
26 2
7 21
29 27
16 10
15 24
14 17
17 11
10 8
18 4
19 5
11 17
25 4
6 13
22 9
8 17
6 20
29 4
28 10
4 10
24 6
8 7
24 29
2 25
12 11
8 29
26 3
28 6
20 23
6 11
3 17
19 4
20 21
2 11
22 24
9 20
12 9
13 14
27 1
2 3
2 14
8 2
29 24
29 26
1 20
9 15
8 19
17 28
22 9
2 5
13 10
23 22
28 8
6 7
11 7
1 9
20 2
20 16
17 6
19 6
1 22
20 2
8 17
20 12
14 20
21 10
3 6
16 21
9 25
3 12
16 19
24 7
23 17
7 6
5 19
18 16
1 19
2 1
5 11
24 15
28 25
21 5
12 16
15 1
9 7
28 4
24 28
25 17
21 7
27 25
19 28
12 8
25 9
18 19
21 1
25 1
1 2
10 14
2 26
12 8
16 3
2 24
24 17
14 15
14 19
10 11
10 1
28 10
26 19
18 13
17 27
22 19
15 18
5 7
6 20
2 16
25 24
3 17
24 7
22 18
28 18
29 1
13 10
10 19
9 2
16 1
24 5
6 11
26 4
29 23
12 13
7 15
10 9
19 13
8 1
11 10
4 10
27 11
17 18
8 10
28 23
5 25
29 21
13 15
12 5
20 17
26 25
27 3
3 20
22 4
21 15
1 22
17 23
5 23
8 25
8 26
8 10
24 9
15 19
4 8
1 5
4 28
28 19
6 5
11 27
10 28
6 4
13 2
5 3
10 12
7 1
26 2
3 4
15 12
18 5
22 5
22 20
18 2
19 13
10 27
3 22
4 15
27 24
22 18
25 1
9 2
28 22
13 2
8 14
13 18
27 9
14 9
5 7
5 2
25 12
26 19
6 29
18 24
11 18
25 24
15 11
12 23
7 14
29 23
27 7
29 14
18 2
20 25
14 3
27 7
25 6
10 16
15 19
24 3
17 6
8 25
19 23
24 15
17 28
29 2
6 15
1 13
21 5
7 12
18 27
20 15
15 18
18 25
17 29
11 29
2 21
20 24
25 7
29 11
2 26
29 28
24 29
23 2
23 15
3 18
4 26
15 2
10 7
19 12
18 19
22 18
5 3
20 12
19 12
15 29
28 9
23 17
1 9
15 10
21 19
28 15
11 28
11 24
14 12
29 12
29 24
13 6
18 13
21 3
12 29
14 9
20 5
20 28
18 25
16 2
28 14
29 19
19 3
20 18
25 14
5 23
2 21
3 25
20 24
6 12
27 13
22 21
2 11
28 16
26 6
5 2
1 5
21 7
18 20
5 9
1 28
20 26
17 22
25 10
19 20
1 21
15 6
5 26
1 29
24 2
25 21
5 25
23 15
16 3
13 17
28 18
8 10
16 6
4 15
17 28
18 11
7 18
10 9
15 25
20 25
20 18
21 1
1 8
19 12
23 13
20 19
6 23
1 26
18 8
27 10
6 28
25 19
9 22
4 28
10 2
9 5
21 13
19 12
16 2
27 16
5 28
27 14
27 5
25 1
23 19
11 14
18 23
15 29
28 12
3 6
7 5
28 24
1 4
22 21
24 25
16 22
23 6
2 15
22 23
16 9
6 9
18 15
19 11
3 17
12 13
16 22
3 5
20 26
5 10
11 22
5 16
26 11
10 11
12 15
10 4
28 7
4 13
25 6
19 17
16 24
17 16
1 6
12 8
14 15
16 8
6 27
29 23
22 2
16 26
6 15
26 23
9 22
28 14
5 23
26 3
17 8
1 6
2 18
18 17
15 6
29 22
29 17
16 7
13 29
13 24
10 20
29 1
7 11
19 13
1 25
20 6
14 1
29 22
28 3
15 9
22 14
11 16
11 25
7 9
6 23
3 12
4 7
29 11
11 17
12 16
11 12
22 3
19 28
8 1
20 4
21 24
5 22
14 8
25 1
5 17
10 28
7 13
22 2
6 3
28 16
11 17
4 28
9 18
6 15
20 6
11 8
8 21
19 9
11 20
10 25
24 2
3 18
13 20
2 1
9 5
24 16
9 20
13 9
9 20
19 25
1 19
2 16
19 11
13 15
9 11
21 3
26 11
20 13
12 13
19 2
8 19
23 20
3 14
22 18
20 14
18 9
6 1
16 20
1 8
19 2
2 3
26 18
26 23
9 1
16 6
4 11
11 14
16 27
3 13
9 16
12 17
12 9
14 22
20 21
24 27
20 18
15 20
5 10
27 16
22 23
5 2
1 13
11 17
10 13
8 4
13 17
20 1
4 1
7 5
23 3
23 22
9 14
23 18
4 9
24 28
23 27
25 15
27 2
15 9
24 11
19 13
8 14
23 20
18 25
17 16
10 17
1 26
22 15
8 19
16 4
8 4
9 1
26 20
20 1
10 24
13 9
6 23
6 29
4 25
1 3
21 29
17 19
29 2
3 19
9 3
21 27
20 24
17 23
17 25
9 26
27 16
1 16
17 3
10 13
13 23
5 8
20 29
3 26
8 26
15 11
1 13
17 20
8 11
6 23
28 20
10 19
27 29
1 26
10 20
25 7
26 6
8 19
1 23
6 1
1 15
17 21
13 12
16 3
25 23
8 19
12 20
17 22
18 29
26 16
5 14
26 8
11 3
18 11
18 17
22 21
7 23
22 23
10 9
18 21
29 12
3 8
24 10
18 3
1 2
8 24
6 23
