29 800
29 28
10 11
12 11
12 13
26 27
20 19
16 17
22 23
3 4
28 29
4 5
7 6
11 12
18 19
9 8
19 18
5 6
9 10
12 11
14 13
11 12
4 5
18 17
11 12
24 23
15 14
2 3
26 27
28 27
7 8
15 16
26 27
5 4
22 21
4 5
26 25
6 7
22 23
6 7
9 8
20 21
6 7
15 16
6 5
11 12
7 8
1 2
26 25
6 5
14 13
2 1
28 29
14 13
11 10
8 7
20 21
9 10
6 5
18 17
21 22
27 26
28 29
2 1
13 14
23 22
11 10
21 20
20 19
28 27
19 18
27 28
8 7
17 18
22 21
17 18
14 13
8 7
25 24
20 19
9 10
28 29
13 12
27 26
14 15
8 9
19 20
4 3
26 25
25 26
12 11
22 23
2 3
17 18
1 2
4 5
23 22
26 27
10 11
11 12
11 10
17 18
14 15
22 23
6 7
20 19
12 11
14 13
27 28
3 2
10 9
27 28
7 8
2 1
15 16
11 10
12 13
29 28
5 6
14 13
18 17
27 26
4 5
17 18
2 1
23 24
27 28
22 21
14 15
22 23
15 16
25 24
13 14
24 25
11 10
19 20
26 25
12 11
6 7
20 19
28 27
15 14
14 13
10 9
4 3
15 16
15 16
20 21
26 27
23 24
29 28
17 16
10 11
28 29
13 12
26 25
7 8
22 23
4 3
21 20
6 5
5 6
24 25
9 10
1 2
9 10
24 25
12 13
3 4
14 13
2 1
27 28
3 2
1 2
4 5
22 23
9 8
18 17
9 8
2 3
4 5
16 17
1 2
15 16
27 28
15 16
20 21
21 20
28 29
9 10
20 19
17 18
28 27
9 10
25 26
13 14
1 2
14 13
21 20
17 18
20 19
4 5
11 10
4 3
6 7
4 3
24 23
2 1
5 4
22 23
3 4
3 2
27 28
5 6
2 1
7 6
13 14
15 14
25 26
13 12
12 11
4 3
26 27
21 20
22 21
20 21
27 28
21 22
15 14
23 24
13 12
28 29
2 3
26 25
9 8
16 15
11 12
16 17
11 10
2 1
22 21
11 12
1 2
15 14
4 3
19 20
23 24
9 8
25 26
14 13
1 2
19 18
26 25
4 3
3 2
25 26
5 6
5 4
21 20
10 9
19 18
7 6
15 14
1 2
26 27
13 12
13 12
9 8
3 4
17 18
11 12
14 13
6 5
6 7
23 24
3 2
16 15
12 13
23 24
23 24
22 23
29 28
7 8
28 27
27 26
26 27
5 6
24 25
19 18
8 7
5 4
16 17
13 14
2 1
29 28
15 14
8 7
28 27
22 21
13 14
9 8
29 28
3 4
23 22
27 26
20 19
16 15
22 21
10 9
2 1
3 2
26 27
1 2
13 12
5 4
28 29
14 15
14 13
2 3
24 25
20 19
1 2
20 19
26 27
1 2
14 15
24 25
19 20
20 21
13 12
14 15
13 12
22 21
21 22
13 12
5 6
28 27
8 9
8 9
22 21
27 28
8 7
23 22
11 10
27 26
24 23
17 18
9 8
9 10
8 7
7 6
16 15
1 2
24 23
29 28
9 10
4 5
28 29
14 15
12 11
3 4
19 18
22 21
2 3
13 12
12 13
3 4
26 25
9 8
6 7
12 11
17 18
27 28
20 19
9 10
6 5
22 21
26 25
24 23
9 8
3 2
2 3
4 3
28 27
11 12
5 4
2 1
21 20
19 20
13 12
6 5
17 16
9 8
13 14
20 21
9 10
11 10
6 7
5 4
25 24
12 13
26 15
25 22
20 18
27 17
26 17
27 26
19 17
27 21
2 10
29 20
27 24
26 15
7 13
22 19
18 17
10 13
9 11
26 25
29 16
5 6
24 19
26 23
1 3
29 15
29 28
7 13
25 24
2 5
2 12
1 4
26 17
27 22
6 12
26 15
5 7
23 21
18 15
7 11
9 11
24 22
9 13
4 13
27 19
18 17
5 10
23 16
21 19
27 24
28 25
25 16
29 19
8 11
22 14
8 10
18 16
28 16
29 19
1 6
19 14
2 4
23 17
2 6
29 14
27 24
27 26
29 26
5 12
5 12
29 17
4 8
4 8
1 6
21 20
22 21
24 19
1 5
25 20
24 21
1 5
1 8
6 13
23 21
8 11
5 10
27 19
23 20
26 20
4 11
5 9
27 17
28 25
29 18
29 26
26 21
20 17
23 16
26 22
23 14
26 19
11 13
3 5
5 8
5 7
29 15
4 6
3 8
6 7
29 15
5 9
17 15
24 14
2 5
9 11
2 3
1 6
28 14
25 16
7 13
23 19
28 16
26 16
24 15
24 16
21 16
7 11
22 16
26 16
2 6
27 26
22 15
29 27
22 20
28 17
9 10
24 18
3 9
10 13
24 21
6 7
28 23
11 13
23 21
9 11
27 15
6 9
28 20
9 13
24 15
24 16
1 11
26 21
18 17
25 24
17 16
27 24
11 12
20 14
17 15
3 6
25 18
7 12
27 21
9 13
23 16
1 12
29 15
27 18
6 11
25 22
27 21
7 10
20 16
27 21
10 11
29 24
3 11
29 16
10 11
4 10
27 17
1 11
9 13
7 8
20 19
11 12
26 23
27 22
23 21
29 21
15 14
29 14
23 15
20 17
2 10
6 12
23 18
21 14
26 15
28 18
3 9
28 15
25 14
2 10
2 5
2 4
24 15
17 16
9 10
24 15
27 23
28 20
18 17
27 18
18 14
11 12
26 17
8 10
20 18
20 16
21 18
3 13
4 9
23 22
1 10
25 15
16 14
18 14
8 9
10 12
25 20
16 14
3 13
23 15
1 7
28 26
21 18
8 12
26 21
3 13
2 4
28 14
29 28
27 21
18 16
26 23
19 18
2 10
19 15
20 18
28 19
23 18
11 13
9 12
29 22
9 13
5 7
3 6
16 14
1 7
24 20
5 7
29 18
29 21
21 14
8 9
21 19
5 8
2 11
27 15
5 9
5 6
29 23
2 13
5 10
7 8
29 20
22 14
20 17
2 12
29 28
7 12
25 21
24 15
17 14
4 12
7 11
22 16
26 17
18 16
7 12
22 19
24 16
18 16
22 19
25 18
25 17
10 11
10 13
1 6
8 12
21 18
25 23
28 17
2 7
2 6
23 17
29 16
22 20
1 8
28 18
24 23
25 23
19 18
3 5
25 19
28 23
28 24
26 15
7 12
27 24
9 13
26 25
5 11
1 4
27 14
6 8
2 6
28 17
24 19
5 10
23 18
6 9
9 13
17 14
10 11
23 18
4 12
28 26
25 16
2 10
26 14
26 15
24 20
23 17
6 9
4 12
26 17
7 13
24 16
27 26
12 13
7 11
7 10
3 11
6 7
28 16
8 13
3 12
4 7
29 23
12 13
6 9
26 19
7 9
24 16
2 6
21 14
24 23
27 16
1 2
9 12
4 8
24 14
23 15
10 11
20 19
4 5
6 13
29 26
26 24
4 9
23 22
26 19
3 13
5 6
3 10
26 20
23 19
2 11
8 9
28 19
28 14
27 16
21 19
29 24
19 14
7 12
2 4
25 14
24 18
