28 800
20 14
18 14
19 18
17 16
8 20
17 13
10 14
16 13
8 12
19 10
21 11
18 17
11 13
20 9
17 15
16 14
20 16
20 14
19 17
8 15
11 12
21 18
19 16
19 14
19 16
11 14
9 13
21 9
21 14
18 14
21 8
9 16
19 17
20 15
13 14
21 20
12 16
9 17
10 12
10 17
20 17
9 17
19 15
19 12
20 15
18 13
20 13
18 12
17 15
16 13
9 11
19 12
20 19
10 13
8 19
19 10
11 17
18 11
12 14
8 19
17 15
8 14
18 11
9 13
21 20
21 12
10 17
21 9
8 18
11 15
18 15
20 11
19 13
18 13
12 15
19 18
17 14
17 16
20 17
13 15
11 15
8 18
19 14
8 12
18 16
12 15
21 12
10 17
20 10
11 14
8 18
10 13
13 15
19 13
20 17
19 9
17 15
21 14
13 14
19 11
20 10
19 13
21 11
8 10
11 16
18 16
18 17
16 15
20 18
8 13
9 19
11 13
12 14
18 12
8 12
9 16
19 11
21 16
19 17
10 18
21 15
20 12
21 13
19 11
20 15
11 15
8 10
9 10
15 14
20 12
17 12
10 16
13 15
19 17
8 18
8 17
8 16
8 12
21 11
17 15
10 11
12 14
19 14
21 15
11 12
21 13
21 18
8 15
12 16
10 16
21 13
20 18
20 14
8 13
18 12
10 14
21 19
11 16
17 12
20 16
8 11
21 8
21 9
8 14
21 9
11 17
21 11
19 15
20 11
18 11
11 15
15 13
8 12
17 15
21 15
9 11
21 11
11 12
15 14
8 18
10 17
21 15
21 17
19 13
18 11
9 10
9 17
20 13
8 17
13 14
21 15
8 10
11 12
18 15
9 15
20 10
18 11
17 13
17 13
21 19
18 11
17 14
17 16
11 12
8 11
15 14
19 12
8 12
20 10
8 11
20 13
20 16
18 11
18 14
10 11
16 14
20 10
9 11
15 13
17 16
17 15
9 19
8 12
20 14
20 10
9 15
9 13
8 11
21 20
20 15
12 15
21 19
11 13
21 19
18 12
21 14
9 10
16 14
10 15
20 10
21 15
21 20
10 12
21 17
12 13
19 10
11 12
21 17
18 12
20 11
20 13
10 17
17 15
20 17
21 20
20 11
8 15
16 12
8 12
16 15
8 11
21 20
10 17
21 9
21 17
9 12
8 12
9 18
16 15
20 10
18 13
21 20
19 17
20 11
21 19
19 11
17 13
20 8
15 14
17 15
9 15
9 13
16 14
19 14
16 14
16 13
8 12
12 13
9 10
20 12
18 16
18 13
19 9
19 11
8 17
10 15
16 15
10 14
9 11
8 10
8 9
8 16
9 17
16 12
19 10
17 14
20 14
9 15
21 11
10 12
9 15
19 18
19 14
21 9
17 14
10 17
16 14
8 11
21 8
9 16
11 15
8 11
10 16
20 13
21 13
21 15
9 13
9 17
11 13
10 16
9 10
19 9
8 18
15 14
9 10
19 14
8 10
20 15
21 15
10 12
18 15
21 9
18 13
19 17
20 18
17 11
20 17
20 16
9 18
9 16
20 17
21 13
10 13
11 15
17 15
17 14
17 16
19 14
10 16
11 16
9 12
9 17
9 10
9 13
20 11
10 12
17 11
9 11
8 18
16 13
19 18
21 20
9 12
10 12
19 13
11 17
11 13
8 16
21 12
20 9
18 13
19 15
10 15
8 11
9 18
18 15
21 20
8 17
12 13
21 20
11 15
10 17
16 14
20 19
12 15
10 16
17 14
11 14
18 11
9 13
21 18
18 17
17 12
20 9
20 15
21 11
9 15
12 13
19 17
16 13
8 11
8 19
10 17
21 20
12 13
11 17
10 13
8 17
16 12
18 13
18 12
16 14
21 8
17 15
9 18
16 14
21 13
19 17
12 15
19 12
17 15
10 15
18 16
17 16
8 15
12 15
8 14
8 16
17 13
10 14
21 14
8 19
16 12
8 14
11 16
18 12
19 18
20 10
16 12
12 13
19 15
10 16
21 13
20 13
11 17
20 18
9 12
11 17
15 14
20 8
18 12
9 16
20 15
17 15
21 15
20 13
18 16
10 18
19 12
9 14
13 14
9 10
9 18
21 20
8 10
20 9
16 15
20 13
21 13
21 12
11 16
9 18
18 16
12 13
18 16
18 12
21 9
11 15
21 18
20 11
11 16
13 14
11 12
20 13
10 16
12 15
17 14
10 11
21 19
21 12
10 17
8 15
21 8
11 13
20 11
11 16
21 8
8 19
9 17
19 10
9 14
18 11
10 17
9 17
19 17
20 15
19 18
19 11
19 12
8 15
19 13
13 15
8 15
21 19
16 15
19 12
19 17
20 15
8 11
8 14
21 14
20 14
21 17
10 15
15 14
9 19
8 10
10 12
17 11
18 13
18 11
10 14
19 17
10 12
12 13
9 10
21 19
10 12
12 16
9 17
9 10
10 17
11 14
18 12
9 16
15 13
8 18
9 14
16 14
10 11
12 13
9 10
8 10
21 15
19 16
11 16
18 17
20 16
20 11
18 16
12 14
21 10
19 13
21 8
21 10
12 13
21 11
20 10
8 20
21 8
20 18
16 13
11 16
10 16
9 10
11 14
21 19
19 10
8 12
16 15
20 17
18 16
19 13
20 13
10 17
11 14
8 18
21 9
11 16
9 18
19 11
19 9
17 15
19 9
20 11
9 10
10 16
10 17
11 17
18 15
20 18
10 17
21 17
11 15
11 14
17 12
9 18
8 20
16 13
18 12
10 13
12 14
21 12
9 14
9 18
8 18
17 15
18 12
9 15
12 13
16 15
13 14
21 16
12 14
8 9
9 19
8 13
21 17
10 16
10 16
11 17
21 11
21 17
12 15
19 13
9 15
18 17
9 18
18 17
19 17
10 18
19 18
9 17
18 11
18 15
21 12
9 13
10 14
20 14
18 10
21 17
8 10
11 16
20 9
8 10
9 18
9 14
15 14
19 14
20 10
8 17
21 13
21 9
18 11
9 13
21 17
18 17
9 18
19 17
20 17
10 17
12 15
20 16
11 17
21 12
10 17
11 17
21 15
20 10
10 16
9 14
20 11
13 14
17 15
21 11
10 12
10 13
19 12
17 15
8 10
21 17
8 14
20 13
17 13
13 14
21 17
9 19
11 13
19 14
20 19
18 14
21 16
9 18
16 13
12 14
20 17
20 17
21 17
11 12
16 12
9 16
8 14
9 19
19 12
21 8
21 18
8 12
11 15
21 15
20 9
20 12
20 16
8 10
8 11
18 16
19 15
13 14
18 15
11 13
8 13
8 15
21 17
19 13
19 17
8 12
19 15
8 17
10 15
8 18
17 16
18 15
15 14
21 19
18 17
8 10
20 10
20 9
19 17
19 11
18 12
12 13
20 15
20 17
16 15
18 10
21 18
9 10
19 11
12 14
21 13
9 12
8 18
19 17
19 14
19 17
20 12
9 10
10 14
8 14
12 14
10 14
19 18
11 16
8 17
9 10
21 14
3 8
2 9
1 10
6 11
7 12
25 13
5 14
23 15
27 16
24 17
26 18
22 19
4 20
28 21
