29 800
17 18
6 17
12 13
2 20
18 24
3 16
20 25
3 11
5 25
1 28
5 17
3 9
5 17
8 24
15 24
4 21
4 6
9 26
3 25
1 8
3 25
14 18
2 19
2 26
16 27
15 29
20 28
24 26
12 13
15 27
5 16
4 17
7 23
6 11
22 26
7 11
16 20
15 21
4 25
8 16
1 11
2 15
7 18
7 13
14 16
2 8
2 17
17 25
6 28
2 17
18 26
9 26
15 27
2 3
7 17
17 29
9 13
2 28
7 14
5 12
7 20
11 28
5 12
6 26
16 17
11 25
8 14
25 26
11 19
19 22
4 13
22 26
7 15
6 7
15 21
7 8
6 26
7 19
6 20
2 14
5 23
14 19
4 7
11 28
2 16
1 11
19 26
8 24
19 24
5 25
7 18
1 29
3 21
14 24
3 8
4 28
6 24
8 23
17 23
2 10
10 13
1 13
4 15
23 27
22 29
5 17
24 27
12 20
5 18
19 25
4 19
3 9
16 22
7 8
2 25
19 26
8 26
4 17
11 27
7 21
16 19
2 18
16 29
7 13
17 29
7 28
22 24
2 10
6 27
5 20
9 12
6 15
5 11
21 25
19 25
3 19
1 19
2 12
7 17
1 19
6 8
19 28
4 25
4 10
24 28
4 10
9 25
12 28
2 12
9 19
1 3
9 11
8 10
3 6
8 23
18 29
4 29
18 20
5 13
4 11
20 28
5 24
7 27
3 27
8 28
14 26
23 29
12 15
7 19
12 27
18 27
5 29
10 16
1 19
2 13
4 16
4 10
5 15
4 24
3 25
21 28
16 18
4 14
7 23
17 21
27 29
4 17
7 9
1 18
3 16
6 12
16 23
12 26
19 26
11 16
8 29
9 21
3 8
1 29
6 17
15 28
14 24
4 8
1 17
2 25
19 27
2 17
19 20
8 22
14 24
4 28
18 20
3 29
16 28
1 29
3 14
2 15
13 15
3 20
12 19
25 27
13 23
26 28
21 25
10 24
2 6
2 3
7 25
16 29
12 21
9 13
6 11
1 15
20 27
24 29
6 19
7 24
24 25
10 22
3 4
8 10
13 16
20 24
8 17
18 28
15 19
8 21
9 22
3 28
13 23
19 23
7 12
10 16
8 9
10 15
17 18
17 19
8 27
8 23
19 22
6 15
7 9
5 14
2 18
13 21
7 18
6 11
9 29
3 6
6 15
9 14
21 24
14 22
13 22
6 20
2 4
18 23
9 10
5 20
11 26
13 29
3 4
25 29
5 29
15 29
25 26
5 20
17 28
14 17
8 12
12 28
14 15
25 28
14 24
17 26
8 25
1 29
12 14
19 25
8 12
9 12
15 29
10 27
14 23
3 21
2 24
14 19
3 8
12 17
10 25
13 14
6 11
7 16
5 14
5 6
4 13
5 8
6 8
23 27
24 28
26 27
2 15
19 26
16 17
2 28
5 24
7 14
10 15
19 20
13 22
16 28
17 23
11 16
15 27
13 28
10 11
4 27
5 26
10 21
18 28
21 29
23 25
8 18
6 14
22 23
18 26
3 21
7 27
15 22
5 28
3 14
5 10
1 18
11 16
4 25
5 23
2 27
17 19
17 19
11 29
7 11
1 6
10 13
16 19
3 13
12 13
19 23
3 17
22 28
11 12
8 29
8 15
7 21
22 23
10 15
7 23
14 23
10 12
28 29
5 24
8 20
7 18
26 29
27 29
4 16
16 26
21 25
5 14
16 21
17 22
17 27
2 11
7 20
24 29
8 20
20 26
21 26
7 8
4 15
1 5
12 17
19 28
8 28
10 26
18 19
2 21
8 19
7 8
12 28
24 25
5 27
15 21
5 25
2 9
3 20
28 29
4 6
14 27
6 14
26 28
14 22
9 14
2 8
14 18
5 20
4 14
2 25
1 24
4 7
9 10
10 23
18 29
6 23
23 27
9 21
14 20
3 24
6 14
10 18
3 16
16 22
10 26
3 11
8 28
4 18
5 16
13 29
16 23
8 19
10 16
19 26
10 29
1 19
21 23
12 22
13 20
22 24
1 19
14 26
3 15
13 21
6 10
17 19
7 21
7 15
3 9
15 20
14 29
9 18
4 21
11 14
6 13
6 12
20 29
8 14
17 29
10 28
15 20
17 20
2 20
1 22
15 20
11 23
8 14
16 26
10 20
6 23
10 12
2 11
28 29
20 23
18 26
7 14
19 20
13 18
16 25
6 9
9 12
9 21
13 26
6 10
8 16
2 10
7 28
10 13
18 21
2 21
13 18
11 19
1 8
1 21
8 10
1 12
1 13
13 21
13 18
8 10
7 18
27 29
25 27
21 26
4 11
26 29
5 26
5 10
13 16
18 29
6 20
13 18
10 13
2 17
11 14
4 22
4 23
21 28
1 25
22 28
3 4
15 17
6 24
19 21
23 25
3 21
2 6
9 29
7 23
23 24
2 5
11 21
2 12
4 16
11 16
8 18
2 24
17 21
8 23
14 19
6 20
4 13
20 23
15 22
1 14
9 10
4 21
10 28
6 7
5 19
11 24
6 27
6 13
20 21
27 29
1 4
13 18
5 13
11 22
10 29
16 19
9 21
4 10
4 29
21 27
14 25
10 12
11 21
2 16
9 24
9 26
1 14
3 9
6 14
4 9
10 28
22 29
8 18
5 24
14 17
2 15
1 25
4 24
21 27
10 20
3 8
10 20
3 12
5 23
5 21
2 23
18 28
3 11
5 18
10 16
7 9
7 25
3 18
4 28
15 17
9 26
23 24
15 27
16 29
18 29
23 26
15 16
1 24
1 5
1 5
8 16
9 14
8 11
23 24
10 28
3 15
6 12
20 27
22 28
12 15
12 22
4 19
6 11
23 25
13 29
7 25
4 5
10 13
24 28
7 22
23 25
1 16
4 12
4 27
1 20
2 25
1 5
3 22
8 9
26 29
26 27
26 28
19 29
13 14
2 17
23 26
2 16
11 16
4 22
2 26
8 11
15 21
7 26
2 28
1 25
2 19
8 15
1 25
6 13
12 14
19 22
3 8
17 23
16 21
8 13
14 23
15 20
19 21
15 22
6 9
19 29
6 13
4 9
24 28
18 28
21 25
11 15
12 22
3 24
8 11
9 27
17 27
6 21
2 12
16 9
8 3
1 25
18 22
7 6
24 2
14 8
4 21
2 24
9 25
21 27
29 13
6 3
2 3
14 10
12 19
2 9
29 28
10 24
22 8
8 23
2 24
4 28
7 9
20 10
23 27
1 6
2 27
23 26
22 15
21 12
24 14
27 8
22 27
24 8
7 19
6 24
3 12
16 20
20 10
12 11
29 12
25 9
18 22
11 6
18 19
5 12
2 28
17 11
9 16
14 3
19 13
14 2
11 23
25 28
2 23
20 16
12 10
9 8
1 8
3 21
8 15
20 6
14 16
26 10
1 13
26 22
26 8
6 27
29 14
3 21
20 15
11 21
19 10
16 28
29 28
1 19
14 22
8 2
23 21
27 8
20 12
16 22
1 20
11 16
23 3
26 7
20 16
12 21
15 26
16 18
3 20
25 1
19 25
16 1
8 24
7 26
18 10
7 1
