29 800
15 29
10 24
12 29
8 16
24 29
20 22
10 13
18 22
2 4
6 23
4 22
6 8
23 26
9 12
11 27
2 24
4 11
3 24
7 25
1 4
2 7
2 16
9 23
6 23
4 10
2 19
18 29
15 28
6 18
15 29
1 19
13 17
17 26
3 12
8 26
2 7
10 29
9 12
1 29
1 4
17 19
14 23
5 22
8 23
11 22
8 10
11 21
4 21
14 17
5 28
9 10
1 9
15 21
18 24
13 17
16 21
8 18
4 24
3 9
3 28
15 17
5 6
15 23
11 13
2 6
25 27
8 17
5 14
7 27
11 23
8 21
8 17
3 24
6 20
8 10
18 28
8 10
1 10
7 8
11 26
3 28
24 29
18 27
12 23
6 25
18 26
8 25
2 8
3 7
11 24
18 26
14 29
13 24
14 18
12 13
10 29
19 21
8 20
11 22
9 13
1 15
4 5
13 15
6 13
17 18
11 18
5 28
9 27
3 7
4 6
21 24
16 24
13 27
5 9
15 17
9 23
20 22
3 19
16 24
1 16
10 21
3 15
17 23
12 20
20 25
6 20
6 13
5 25
9 27
13 24
21 29
8 11
7 20
7 15
16 19
11 19
15 22
12 23
15 21
6 20
12 28
19 25
20 25
13 16
11 22
1 16
7 25
8 17
15 18
25 28
10 29
4 5
6 26
3 29
20 24
14 25
9 29
10 11
25 28
1 15
1 5
7 9
11 18
23 27
10 13
10 26
4 22
2 28
1 7
6 18
11 26
10 21
4 7
11 25
4 29
22 28
14 23
12 13
11 19
1 21
8 9
6 11
3 24
3 17
5 18
13 23
3 11
6 14
3 16
1 29
9 22
24 27
8 18
1 10
4 28
11 27
19 22
5 19
1 3
14 19
12 24
15 29
15 22
17 27
13 22
15 20
9 17
11 29
8 11
18 21
20 26
7 26
14 22
27 29
7 8
21 23
11 22
16 28
8 29
12 21
10 12
5 24
11 26
13 26
15 18
1 10
3 14
10 29
18 24
16 19
2 15
17 25
9 27
3 7
2 10
4 20
28 29
1 3
1 21
2 5
19 24
1 22
19 26
13 14
17 19
7 15
2 14
11 12
5 29
7 10
2 23
19 28
12 23
13 24
7 8
7 16
10 22
10 18
24 25
10 27
2 17
23 28
19 29
13 27
24 29
16 21
9 12
9 23
21 27
7 26
8 27
10 18
1 8
1 14
13 17
17 20
20 23
26 28
16 21
16 28
11 18
10 22
13 29
9 27
20 24
5 18
10 13
15 29
13 18
4 26
2 5
19 26
3 11
25 26
1 19
12 21
2 9
2 13
6 14
7 17
14 16
13 21
4 22
12 23
11 12
1 13
4 9
28 29
6 24
17 18
25 27
8 11
17 23
4 23
12 22
2 14
16 27
23 26
12 17
21 27
27 28
5 20
1 18
26 28
5 6
17 19
8 11
19 26
3 27
4 16
12 28
15 27
1 23
11 18
1 7
7 23
2 25
15 18
1 15
24 28
13 26
3 9
1 23
6 23
14 23
23 26
19 20
18 27
1 22
2 17
3 24
11 12
2 6
16 29
6 24
13 27
23 28
3 22
4 12
10 18
17 18
18 28
13 18
4 15
6 8
5 27
6 26
18 20
14 28
21 28
20 29
20 23
13 14
1 23
8 15
5 6
6 27
20 28
9 27
16 17
18 23
3 24
15 26
25 29
15 29
9 22
8 22
6 13
15 27
2 25
21 28
19 23
14 24
5 7
7 27
3 4
2 3
10 28
1 9
18 22
21 28
10 21
18 27
11 15
7 20
2 8
4 17
2 15
2 4
2 20
1 8
23 26
20 23
25 29
11 26
5 7
6 13
5 7
10 13
13 18
3 15
10 18
8 15
5 19
9 19
1 22
10 12
2 28
22 27
22 28
10 18
6 23
7 18
21 24
5 10
12 13
14 24
16 28
11 19
21 23
6 15
4 5
20 24
12 20
5 20
9 23
17 25
16 27
6 24
9 13
10 26
21 28
7 15
19 27
27 28
2 14
9 27
22 24
21 26
2 3
11 12
14 27
23 26
9 21
19 20
6 19
6 12
18 22
14 22
2 3
16 23
1 17
19 20
14 16
16 28
1 6
10 12
15 17
13 19
3 14
10 28
4 17
8 29
12 17
4 19
14 22
10 13
2 4
7 20
16 22
14 19
3 29
7 24
15 18
10 24
15 18
5 10
9 24
9 29
3 21
14 28
4 15
13 29
11 12
9 23
11 12
18 21
12 27
13 21
25 27
22 27
25 26
12 27
4 22
10 14
7 27
25 26
5 20
24 26
14 18
5 24
15 24
12 21
13 21
2 25
15 20
4 27
10 26
13 17
1 15
22 25
6 24
1 20
12 18
12 23
12 21
7 11
7 13
21 23
16 18
7 23
5 29
2 27
14 27
20 25
10 25
3 4
6 21
5 10
8 17
20 29
23 25
10 19
8 17
6 8
6 15
15 20
18 25
22 26
14 26
8 12
23 29
9 27
3 13
9 27
8 17
9 14
6 21
2 9
24 29
9 15
3 28
21 29
4 26
2 8
1 6
7 21
13 27
9 28
2 17
8 21
16 25
9 17
1 28
2 16
6 9
7 29
11 23
17 24
4 26
5 15
6 21
16 20
18 22
9 29
16 23
3 22
2 14
14 29
20 24
1 5
8 21
4 28
8 28
2 19
3 12
15 19
10 17
8 27
8 15
21 29
15 18
6 7
23 26
24 26
18 27
8 16
7 11
8 25
14 29
1 13
1 24
2 19
14 16
3 4
13 19
6 7
1 26
25 29
4 15
4 28
5 18
4 16
13 15
5 13
5 26
6 14
16 27
17 23
17 29
2 9
16 22
14 26
16 28
22 26
8 20
3 22
8 26
22 27
10 16
16 22
14 26
4 22
13 17
14 27
15 17
17 23
3 18
4 7
1 27
5 7
13 26
6 14
10 21
2 29
17 26
4 7
11 18
21 26
14 29
14 17
20 21
17 23
6 11
18 25
4 7
6 8
8 14
8 29
5 29
3 9
18 19
11 21
2 10
7 19
7 27
18 23
1 8
14 22
21 29
6 28
14 24
7 10
3 11
3 11
3 20
22 26
3 11
11 13
27 28
10 11
2 25
4 18
5 12
28 29
11 24
15 22
2 12
1 17
10 16
18 23
12 25
5 14
12 14
6 18
19 27
21 23
14 23
25 28
8 16
23 27
22 28
4 16
5 18
6 10
20 29
2 28
5 15
16 28
18 23
8 29
10 17
11 27
9 17
16 23
14 19
19 24
12 15
11 13
7 17
5 19
12 27
18 22
17 28
1 6
8 22
16 28
7 21
16 28
16 19
10 27
2 22
12 29
2 16
4 21
3 8
11 29
19 25
5 12
9 14
26 27
15 28
9 29
2 9
5 27
19 23
26 29
10 26
9 22
4 14
3 17
9 11
19 24
3 27
12 14
26 29
5 20
17 18
6 18
18 24
15 16
9 28
12 26
12 27
5 17
11 18
3 11
3 6
14 18
3 14
16 20
18 19
24 25
10 16
10 15
5 25
5 24
5 11
1 17
16 17
