29 800
29 15
3 13
17 11
5 17
15 3
21 29
11 7
27 5
15 3
11 3
3 27
3 1
19 17
27 1
7 9
3 1
25 13
11 1
27 13
5 13
23 27
21 5
1 3
1 15
11 23
17 21
1 21
3 29
3 19
25 23
3 7
21 27
15 1
25 21
13 27
29 1
25 5
11 3
23 25
29 13
21 17
11 1
23 25
15 1
1 19
21 25
7 29
17 27
1 25
19 17
23 9
19 13
21 3
5 23
19 27
7 29
11 23
21 13
11 17
17 13
13 3
25 15
7 13
1 13
3 17
13 17
29 21
27 21
5 29
27 13
17 3
5 15
23 13
5 19
11 27
9 27
15 5
11 15
19 3
9 17
23 1
21 27
19 23
7 11
19 9
1 19
23 27
19 23
1 17
13 27
7 19
23 29
27 25
1 27
25 5
9 29
15 5
23 5
21 9
19 7
15 11
1 5
21 27
21 19
13 5
25 9
19 17
11 19
29 25
23 17
7 1
29 13
1 17
19 15
5 17
19 1
9 13
3 11
3 27
19 27
13 17
17 9
29 13
15 9
23 1
11 19
9 23
5 11
5 1
9 5
15 9
11 13
21 17
21 5
13 19
29 27
9 15
3 13
27 7
27 17
29 15
1 27
3 17
9 21
9 21
21 1
1 3
17 23
3 23
23 19
3 7
7 13
7 13
5 1
7 27
27 7
5 27
1 9
15 1
23 13
17 9
21 11
27 5
19 7
13 5
29 13
29 3
17 7
29 15
21 17
5 1
29 7
23 1
19 9
21 13
9 13
25 21
1 11
21 29
19 17
1 29
1 11
1 11
3 9
19 7
1 23
11 17
9 25
9 11
27 5
9 23
29 13
27 29
15 21
13 23
19 5
25 19
23 17
3 5
13 11
21 9
27 15
3 17
13 23
25 11
13 25
13 23
7 29
11 19
27 23
19 5
17 7
5 1
9 21
13 7
7 29
3 21
11 1
27 15
15 23
23 11
5 11
17 27
27 11
29 15
25 17
9 17
1 5
7 19
25 19
5 1
9 21
1 23
23 29
3 7
19 23
5 13
25 27
9 21
17 25
1 11
5 25
25 5
21 29
9 11
5 9
29 7
21 11
27 11
7 17
13 9
7 3
3 23
3 15
15 5
15 27
27 5
19 7
21 1
23 7
9 13
13 7
29 9
7 5
5 23
3 21
13 25
5 29
11 17
27 13
15 25
1 17
15 1
11 27
7 13
25 21
21 7
7 3
3 17
23 25
7 15
9 21
21 13
3 29
27 7
25 3
15 29
3 9
1 17
3 9
15 17
13 1
1 7
27 29
13 27
29 23
9 5
29 17
23 27
25 29
21 29
1 15
27 29
1 15
27 9
25 27
27 7
23 21
13 7
13 27
15 1
3 27
27 3
7 23
13 21
13 17
29 13
23 1
19 25
23 13
29 23
3 15
29 15
23 21
1 19
23 29
1 15
7 15
13 11
15 7
17 5
21 25
29 13
7 5
25 1
11 29
3 25
1 21
11 23
5 11
15 25
11 19
21 19
29 23
29 5
11 25
13 21
23 11
29 15
3 25
17 1
21 9
19 9
19 1
21 29
5 9
19 5
7 3
17 15
17 27
25 5
13 5
19 11
25 15
17 19
7 25
21 15
7 19
5 13
21 13
15 21
23 9
29 5
21 13
9 13
21 11
15 9
5 29
21 29
25 11
23 5
27 21
1 11
17 19
23 13
11 17
29 5
29 7
23 27
29 27
25 19
11 1
9 19
9 19
1 15
13 21
15 3
27 17
27 7
11 3
7 29
5 19
5 25
17 19
5 9
1 11
17 27
19 27
15 27
3 21
1 29
5 29
25 27
17 27
19 29
3 15
11 17
3 23
9 23
1 11
15 21
1 7
17 25
5 27
11 17
3 17
5 29
1 17
17 21
5 25
25 29
5 13
17 21
21 27
27 29
5 7
3 15
3 9
11 15
9 11
25 27
13 25
27 29
5 15
7 17
15 29
23 29
11 21
1 13
11 19
9 25
1 17
3 23
9 29
7 9
7 25
13 27
15 23
17 29
19 21
21 25
3 11
9 27
13 19
13 23
5 29
1 5
9 17
17 21
5 27
13 21
23 27
1 3
25 29
3 9
7 21
1 13
7 9
9 15
5 13
5 25
23 25
7 21
17 19
11 13
5 9
11 15
17 29
21 27
17 19
1 29
3 19
15 23
13 19
1 13
9 27
3 23
13 15
11 13
15 29
17 19
11 21
7 27
1 25
17 19
1 3
11 21
1 3
3 13
5 25
9 13
5 29
3 9
19 25
9 29
5 21
7 13
5 19
5 17
17 29
11 21
15 27
3 9
1 9
5 27
15 17
1 29
1 5
21 23
7 27
7 13
13 21
1 29
15 23
1 27
15 17
19 25
9 21
7 9
3 13
9 21
7 21
1 13
15 17
3 19
9 29
1 19
9 25
15 27
5 25
11 17
1 11
3 19
23 25
1 15
13 15
23 25
13 15
17 21
1 25
17 23
3 23
3 11
3 17
1 27
17 27
1 27
21 27
1 21
25 29
7 9
25 27
5 15
27 29
21 29
1 13
13 27
5 23
5 25
19 29
3 7
15 27
13 19
9 21
23 25
19 29
19 23
23 29
25 27
25 29
15 27
15 21
3 19
3 27
15 21
11 23
19 29
7 15
21 27
27 29
3 17
13 27
3 19
5 23
9 29
1 23
23 27
19 23
9 25
11 15
7 21
19 25
11 25
9 17
19 29
21 25
21 29
17 21
5 11
11 15
19 23
13 29
15 29
1 29
19 25
9 29
21 27
3 5
15 29
7 11
7 19
7 27
1 21
5 21
7 25
1 23
9 15
13 17
17 25
19 27
11 29
13 23
11 17
11 23
17 19
17 21
5 23
5 9
3 23
9 29
11 17
19 27
3 11
23 25
3 5
1 5
3 17
11 27
21 29
11 23
11 15
9 11
5 27
3 23
21 23
11 15
3 15
5 25
15 29
3 9
7 19
1 7
5 21
17 21
17 27
13 21
17 29
3 9
11 23
15 29
7 15
3 29
21 23
15 25
1 23
5 25
5 19
3 13
5 13
11 29
3 9
1 19
3 29
5 9
15 19
5 11
19 29
11 23
15 21
3 7
5 9
11 21
3 13
5 13
17 29
1 7
7 25
25 29
13 27
5 27
9 17
3 25
3 5
1 27
7 15
3 15
11 15
15 25
1 7
3 29
13 21
11 27
17 23
9 19
1 9
9 15
11 25
3 15
19 29
9 15
5 23
7 19
7 9
11 19
7 21
21 27
17 25
3 5
3 5
11 15
25 29
5 27
13 15
15 23
9 29
11 13
15 25
11 19
1 3
25 29
9 15
1 9
19 29
5 21
5 23
13 21
17 29
23 29
3 7
21 23
5 27
9 11
9 27
7 27
7 11
1 17
19 27
3 15
7 29
7 29
19 27
3 19
7 21
15 17
1 5
5 17
13 27
5 19
19 21
23 29
9 15
15 25
3 9
13 19
3 21
19 27
1 19
5 9
11 19
23 25
5 25
5 25
11 13
21 23
1 27
3 11
11 19
5 21
5 21
3 9
