29 800
3 5
1 26
26 12
4 20
3 13
3 9
2 6
26 3
12 13
13 14
4 14
4 10
1 26
4 18
28 14
29 4
21 14
1 16
1 4
6 15
29 9
10 29
3 15
18 15
21 10
23 21
1 24
23 22
16 15
20 23
1 20
20 10
24 20
12 15
24 23
1 10
17 14
28 24
16 14
18 14
5 14
1 10
12 14
14 4
1 23
1 10
8 15
28 1
28 4
1 20
28 22
4 14
7 14
15 22
3 28
3 16
6 14
27 1
4 14
5 22
22 14
15 14
3 8
21 14
3 14
11 27
7 11
3 17
7 13
3 8
22 11
21 14
2 14
23 14
11 17
24 14
25 14
4 14
3 19
7 10
5 14
3 1
15 14
22 17
14 13
3 15
29 7
29 7
27 13
25 3
25 16
25 4
26 25
28 26
8 13
8 13
13 5
17 16
14 29
3 16
5 28
29 14
29 2
3 5
1 16
29 3
29 25
3 24
26 16
5 3
29 17
27 5
10 16
29 1
19 16
24 16
5 29
28 24
26 27
5 18
4 26
24 17
26 16
17 7
5 7
5 7
5 11
22 5
19 7
3 4
8 16
7 8
3 18
22 2
17 8
3 5
20 3
8 15
5 20
12 15
11 15
19 15
22 12
16 15
5 17
5 6
1 16
2 5
25 22
26 2
29 26
16 14
25 15
27 15
15 4
29 15
7 25
17 14
7 18
27 7
24 29
27 12
1 4
28 14
4 7
29 7
27 13
7 24
27 26
11 14
1 7
24 4
1 28
1 5
4 19
18 14
19 18
1 7
27 22
27 13
27 22
10 14
24 18
6 18
14 18
27 11
27 20
1 11
18 16
16 10
26 14
18 10
29 14
27 12
1 25
1 22
27 9
1 26
14 21
21 11
10 25
11 26
4 27
25 6
6 18
18 12
3 12
12 7
4 21
4 15
1 25
1 23
26 5
5 14
7 10
7 10
2 4
7 10
29 10
3 10
1 16
28 10
2 16
10 17
29 1
29 27
2 1
2 12
29 9
29 20
13 14
27 2
16 17
5 14
27 4
27 13
27 24
27 9
14 23
2 23
2 29
28 27
5 2
17 1
18 23
24 5
28 13
27 23
1 21
24 20
21 20
23 7
20 11
7 9
15 9
6 11
26 11
28 8
5 11
16 11
1 11
27 9
9 14
4 11
24 2
28 24
11 15
28 8
9 15
24 4
21 28
24 10
16 15
21 23
21 10
10 24
20 15
9 10
21 7
12 15
1 21
1 3
19 14
9 10
14 23
1 8
29 23
1 19
26 9
25 23
26 16
8 1
27 26
28 23
23 14
8 2
2 15
27 14
11 27
14 25
8 10
25 9
8 6
6 8
11 16
26 15
25 9
18 11
24 9
9 13
5 13
13 14
17 14
16 15
5 18
1 15
28 15
8 14
3 6
25 5
15 10
25 3
3 22
3 19
5 14
14 15
3 5
25 8
25 14
10 11
11 16
25 8
10 15
16 29
21 15
25 12
29 19
19 14
3 16
14 5
25 4
22 15
5 22
22 6
24 6
20 6
6 11
26 3
11 15
5 15
26 20
29 15
22 15
3 15
7 15
11 15
11 15
26 21
29 15
26 4
11 12
15 25
25 7
25 12
25 15
12 3
7 14
1 26
8 3
1 5
3 19
9 14
8 19
21 19
1 11
14 19
27 25
29 1
6 14
17 14
19 10
27 23
28 27
28 22
26 29
26 12
23 10
14 19
26 5
26 11
1 10
3 19
26 14
19 13
28 24
15 13
10 6
28 3
28 8
3 13
4 6
28 21
28 27
5 6
28 16
4 26
27 13
18 13
22 13
23 13
13 14
28 3
6 17
7 14
2 14
28 24
9 14
17 19
19 9
23 14
4 8
16 14
9 10
1 4
1 21
9 14
1 11
10 11
28 4
11 21
1 8
23 14
21 20
20 13
21 28
15 14
21 20
28 1
6 14
4 13
15 13
20 13
5 21
5 6
11 5
11 29
28 23
16 14
15 13
4 11
20 14
28 12
7 13
28 20
24 14
4 8
12 14
14 27
13 14
9 28
26 14
4 15
28 4
14 13
7 28
1 7
13 16
2 9
7 16
1 10
26 16
29 2
28 1
1 27
27 1
13 1
1 28
22 16
16 8
29 17
8 21
28 6
19 21
29 10
24 21
6 21
5 6
6 5
6 21
29 19
28 1
28 1
5 3
28 24
28 22
28 26
21 16
29 16
28 13
29 17
25 16
3 15
29 4
16 4
23 15
4 24
15 18
28 12
28 23
29 6
24 28
28 1
1 6
6 15
3 29
20 18
18 1
15 14
3 16
23 14
27 24
29 1
3 11
27 9
16 14
3 16
2 27
3 10
14 24
1 23
2 27
21 24
29 23
24 22
10 3
22 9
10 19
23 17
10 13
3 2
27 10
6 17
9 17
9 23
3 7
19 17
1 23
10 3
23 22
10 12
5 17
23 17
23 17
27 29
1 22
22 29
10 11
4 29
22 10
17 13
27 29
4 22
29 2
24 4
24 15
25 2
24 17
18 13
27 17
2 8
27 19
21 13
24 8
1 13
27 18
11 13
28 24
28 19
9 8
28 5
8 14
26 13
25 28
26 25
26 10
27 13
27 6
26 23
27 12
9 13
20 13
20 14
11 14
9 27
26 5
26 16
13 15
26 16
15 23
29 26
11 14
29 26
19 14
29 7
14 18
18 3
29 3
29 17
27 29
22 9
23 10
10 21
3 8
22 13
1 27
27 21
21 23
8 15
1 12
15 23
1 7
27 1
27 14
27 3
5 23
27 21
27 7
22 20
4 15
23 16
29 22
5 16
22 15
28 15
16 14
25 15
29 16
13 29
24 13
5 15
24 15
16 14
14 9
22 24
24 15
16 15
2 9
27 13
15 10
28 9
27 14
10 13
13 7
9 10
7 18
18 14
9 10
27 12
23 10
27 9
22 23
24 10
11 27
6 11
27 10
22 11
1 6
22 9
1 24
1 7
20 1
3 22
26 3
10 23
24 20
19 23
17 14
26 3
26 6
29 26
9 14
29 14
21 23
29 8
2 14
23 14
8 29
23 21
24 10
25 14
23 8
21 19
14 2
27 23
27 21
19 8
2 21
24 17
11 27
9 11
29 9
29 20
4 21
24 10
25 21
1 24
29 21
1 3
8 18
1 20
21 23
23 5
29 25
1 14
18 26
29 26
29 27
19 5
29 23
29 6
5 13
19 13
17 29
26 15
27 13
13 20
18 15
29 17
29 21
28 20
20 14
29 4
1 8
29 20
17 14
7 15
1 11
24 14
29 13
28 14
21 14
3 14
29 6
29 9
17 14
28 15
29 21
29 1
18 15
1 23
26 14
2 14
1 12
23 29
6 15
3 14
28 14
22 23
22 10
22 13
15 19
1 11
23 14
25 14
22 7
22 14
2 19
28 14
2 14
1 25
5 14
7 19
17 14
17 14
17 14
3 22
27 14
3 18
3 12
3 22
3 5
28 3
28 6
1 21
19 14
5 14
3 14
10 14
1 2
28 17
1 20
8 28
21 8
9 14
21 13
28 19
2 14
1 4
1 14
21 19
