32 800
11 25
9 21
5 3
25 5
31 15
1 9
5 21
29 27
31 9
23 29
17 13
17 13
5 15
17 25
19 5
27 1
11 23
5 1
3 9
21 23
31 29
9 1
23 19
31 23
9 7
17 23
19 13
31 1
21 27
15 7
17 9
25 9
25 23
19 17
9 29
13 31
31 3
13 25
9 3
19 25
31 27
11 5
11 21
19 1
7 29
13 1
15 3
15 5
11 9
17 29
21 23
21 1
29 7
29 1
1 17
13 11
17 19
19 15
15 27
21 5
31 7
3 9
21 31
31 5
23 17
29 11
13 5
15 25
17 5
31 17
13 19
13 9
27 29
7 15
11 15
25 15
29 9
9 17
25 5
31 17
25 11
5 21
13 7
27 25
29 23
27 17
27 9
11 29
7 9
19 29
5 27
29 17
31 23
27 21
25 3
3 5
5 29
3 17
9 3
23 13
9 29
9 23
25 21
27 31
13 1
5 17
5 27
31 17
25 9
27 31
5 11
25 13
9 21
7 13
9 31
9 25
15 23
21 15
23 5
1 27
25 29
5 23
15 7
11 17
21 1
21 27
27 31
27 31
23 7
19 23
5 29
13 7
11 13
21 9
19 23
21 31
27 31
31 7
17 3
23 3
11 27
31 25
7 9
19 29
19 5
11 13
21 11
27 21
31 23
3 27
27 25
27 17
15 13
27 15
1 13
13 19
23 19
11 21
1 17
19 31
25 21
31 21
7 1
5 7
11 7
13 17
21 15
25 31
29 25
3 27
1 9
31 29
7 23
25 9
23 31
13 19
9 17
29 27
13 27
17 13
23 29
29 5
27 17
29 7
15 11
15 27
27 3
19 11
11 3
27 11
7 25
5 25
3 17
13 27
23 13
17 31
9 27
27 29
15 27
7 23
25 11
25 9
21 1
31 15
3 13
15 11
23 5
15 17
9 3
19 17
29 31
31 25
11 13
29 11
25 7
27 1
15 7
9 29
13 21
31 15
29 1
31 19
3 7
25 23
11 29
9 3
15 17
19 9
17 13
29 13
19 29
19 21
25 7
3 23
17 31
29 7
13 25
21 7
21 19
13 9
17 9
29 11
19 7
11 5
5 19
19 11
31 19
15 5
9 31
9 21
3 23
27 25
13 3
11 27
7 19
11 13
7 19
13 17
5 1
17 1
3 23
7 13
11 1
5 9
9 25
5 7
9 13
7 27
15 17
1 31
11 15
9 25
29 27
19 31
13 9
1 3
29 31
5 11
7 27
11 15
27 3
7 1
15 13
13 23
25 21
25 17
15 21
3 17
7 25
19 15
21 31
23 13
15 9
17 25
11 31
21 3
9 31
25 5
21 1
9 1
3 21
1 13
3 27
9 19
25 31
3 17
11 7
9 15
13 9
23 7
21 15
17 27
1 9
23 9
5 3
17 31
1 17
25 3
19 3
13 23
5 15
25 1
31 29
27 7
17 7
3 29
17 7
7 21
25 19
11 27
9 7
3 23
1 13
21 13
19 17
1 11
1 21
19 27
19 15
21 17
25 27
5 25
27 5
15 1
17 23
3 11
21 19
11 7
31 27
21 11
9 17
27 15
13 9
3 13
23 1
29 19
31 19
7 21
25 7
17 3
23 21
27 19
1 19
27 29
25 3
5 11
5 11
23 5
21 19
13 9
21 1
31 3
31 29
1 17
9 27
1 29
1 29
9 31
5 15
3 5
3 17
7 31
7 27
17 29
3 9
21 23
1 11
5 25
25 21
1 9
15 19
27 23
1 7
19 7
1 17
2 17
32 30
25 17
9 12
25 21
12 26
16 4
30 18
9 32
6 31
15 23
11 29
13 17
23 31
7 13
9 29
7 31
7 19
5 29
3 15
9 11
17 23
9 25
9 21
1 13
3 17
5 15
13 23
15 17
1 9
17 27
5 15
11 21
19 27
29 31
19 23
1 19
7 31
13 17
21 31
19 23
3 21
9 21
11 21
5 9
17 25
19 27
5 31
15 25
21 25
3 11
23 31
5 29
1 17
3 27
7 23
13 27
9 31
11 25
3 9
1 13
3 21
5 29
3 29
7 27
1 17
11 19
25 31
9 21
23 27
13 29
19 23
13 31
17 29
1 29
25 29
11 15
5 7
21 31
13 25
3 15
13 27
3 7
11 23
7 19
23 27
3 25
15 23
3 17
1 31
1 29
17 27
19 21
9 11
5 25
1 21
17 29
1 25
3 19
5 19
11 19
15 25
5 9
7 13
7 31
7 15
11 13
7 13
3 27
15 31
1 27
3 5
15 21
7 19
25 29
9 17
9 31
19 21
25 27
17 23
21 27
19 25
3 9
3 21
11 23
25 31
19 31
15 25
15 25
11 23
9 11
17 23
9 31
15 17
1 25
3 9
19 25
21 23
7 17
15 19
19 27
5 25
5 13
3 29
13 21
1 31
17 29
19 29
11 29
25 29
13 15
1 19
5 23
23 29
19 27
15 19
27 31
5 17
11 13
3 5
1 23
5 31
11 21
3 25
3 5
9 17
9 31
17 21
1 23
17 25
3 29
11 17
9 13
3 5
3 25
29 31
11 31
21 31
7 23
3 29
15 19
3 11
5 17
27 31
15 25
1 29
1 5
17 27
9 31
13 21
5 13
1 25
7 23
3 5
9 15
19 25
7 27
23 29
1 23
3 19
1 23
23 31
9 13
11 21
7 15
3 7
15 17
5 17
13 21
5 7
1 11
17 27
13 29
9 19
13 23
27 29
11 13
7 11
13 17
19 31
1 7
9 19
11 17
23 29
9 29
3 9
3 19
19 25
9 21
13 21
7 25
3 19
9 13
3 31
13 31
21 25
3 17
1 21
23 29
21 27
1 31
3 27
3 15
25 27
27 31
7 29
5 27
7 23
5 17
11 25
7 25
25 31
13 31
15 23
15 23
1 23
17 21
1 17
21 23
9 19
5 25
11 23
15 21
11 21
9 19
3 15
5 15
5 17
15 21
9 29
9 13
19 31
3 29
9 27
17 31
1 29
7 19
7 19
5 9
5 13
7 23
27 31
13 23
9 21
1 21
23 29
5 27
23 31
17 19
19 23
23 27
1 13
19 21
7 23
7 21
13 17
29 31
17 31
7 29
15 29
7 21
21 29
11 27
7 21
5 25
11 19
5 13
1 21
11 21
5 23
13 27
5 13
3 19
9 17
9 27
13 31
9 27
7 15
9 31
9 23
13 27
5 19
3 29
7 27
13 15
23 27
7 9
21 23
15 19
3 13
11 27
23 27
17 19
3 7
21 25
17 19
15 17
17 23
19 27
3 7
3 21
17 23
19 21
7 25
9 17
1 3
1 3
5 19
5 7
17 23
7 9
19 27
9 27
7 13
17 27
13 29
7 21
3 31
3 25
3 11
13 17
15 23
25 29
19 25
9 27
17 27
13 27
21 25
17 21
11 31
7 9
11 27
1 11
3 15
3 9
11 19
1 29
7 25
1 9
13 15
25 29
5 19
15 19
13 27
7 9
27 29
1 25
21 25
5 11
7 31
3 17
5 31
7 17
11 31
5 13
9 21
3 5
1 21
9 11
5 17
7 21
15 17
13 27
3 27
21 29
