32 800
10 21
6 31
3 22
22 26
29 30
9 13
11 27
14 15
6 11
22 23
17 18
2 17
6 21
2 4
1 8
2 21
6 30
21 23
5 10
22 27
7 19
22 28
15 29
8 10
17 29
24 26
19 21
9 23
11 22
13 22
1 32
29 31
7 18
9 25
12 30
2 9
30 32
14 26
22 24
22 24
13 30
13 19
20 29
6 13
11 21
2 19
6 20
21 22
20 29
21 29
2 26
24 26
6 7
6 7
5 24
2 6
15 26
27 32
7 23
4 10
22 27
28 29
24 27
3 32
15 18
10 22
15 26
4 14
7 26
7 26
8 24
9 24
19 21
8 26
1 17
10 30
3 15
8 32
3 10
15 17
3 11
4 27
30 31
6 23
19 21
17 20
9 17
19 27
7 29
6 31
2 16
15 17
12 17
7 25
18 22
3 26
14 31
19 22
4 20
20 29
7 32
8 9
31 32
2 4
10 15
8 10
23 25
2 24
8 26
29 30
11 28
12 19
4 30
14 23
2 5
8 27
3 9
12 17
3 11
22 23
9 30
15 27
12 27
2 11
16 23
6 16
12 24
12 21
9 27
28 32
17 22
13 29
5 18
8 22
14 31
10 24
23 25
10 16
12 29
11 18
2 17
15 29
12 23
17 30
21 26
3 10
13 30
14 24
10 26
13 26
17 20
8 27
1 3
4 20
3 10
13 20
4 12
3 21
17 32
8 16
5 8
10 32
13 18
15 27
17 19
8 14
3 27
11 23
2 3
16 19
2 29
3 24
2 25
16 26
8 15
8 17
6 30
13 31
16 18
18 21
18 27
18 31
10 22
3 4
14 32
3 9
13 32
12 30
22 32
4 26
5 16
14 23
11 15
14 22
14 15
9 17
2 28
2 31
1 18
10 16
8 31
22 24
10 29
15 31
21 31
19 24
17 23
11 18
12 24
23 29
14 26
17 25
2 19
4 20
5 31
3 5
11 18
15 23
7 11
8 19
1 4
6 32
22 27
19 20
23 27
7 9
5 22
15 19
5 32
6 17
21 32
2 31
5 11
19 31
2 5
3 25
13 26
5 20
5 8
26 30
15 16
9 11
1 28
5 17
4 6
2 23
5 9
1 4
19 32
2 12
4 31
1 26
11 30
10 16
13 15
1 19
20 21
3 24
17 24
18 23
18 29
15 16
29 32
1 17
6 31
10 24
1 3
7 8
8 15
2 8
30 31
6 26
1 2
10 25
3 23
9 25
6 22
2 28
7 31
20 32
20 21
1 14
20 22
11 14
7 13
10 24
24 29
9 17
11 26
21 31
7 15
27 32
9 23
10 17
3 10
19 20
4 5
16 21
4 29
7 9
12 26
9 25
4 16
1 27
14 21
8 11
21 27
8 16
4 16
3 21
8 18
5 23
15 21
10 24
17 22
20 28
21 25
30 31
12 19
19 21
3 9
14 20
22 27
10 29
8 30
10 21
4 15
12 25
25 28
6 26
23 25
17 28
19 22
15 23
12 32
8 32
6 22
31 32
14 18
8 16
3 16
4 10
4 15
17 24
8 15
5 26
11 16
12 21
27 29
7 30
14 17
2 30
4 11
2 13
9 10
11 16
2 15
8 23
23 31
4 7
4 8
21 31
17 20
15 31
2 19
7 24
26 29
16 29
21 29
3 16
17 18
13 26
2 30
19 29
18 20
2 7
28 31
13 30
4 15
2 7
14 29
15 19
23 27
5 14
1 14
7 31
9 23
12 32
12 28
20 27
8 20
13 21
8 9
11 24
6 19
24 27
2 11
13 15
17 25
9 23
2 19
14 27
8 32
17 18
12 20
1 21
17 19
21 26
26 27
18 32
17 32
14 26
19 30
8 21
23 28
14 16
23 28
19 26
12 16
14 16
12 24
5 20
23 32
5 11
10 13
10 19
12 25
27 28
6 13
13 17
24 31
12 22
17 30
23 31
7 29
7 29
12 16
22 24
11 23
7 27
2 21
14 19
4 6
2 25
2 20
24 29
16 26
8 19
15 16
10 24
22 29
12 21
13 21
20 26
19 27
3 21
13 26
18 31
12 22
4 22
4 16
2 22
21 22
13 19
2 21
20 30
8 26
1 32
15 25
7 32
15 31
3 7
25 26
6 19
19 26
10 29
5 27
10 24
1 21
5 24
9 26
18 24
1 30
5 22
22 30
10 13
11 13
7 9
4 19
12 17
8 20
11 27
2 3
6 17
26 28
4 32
10 21
9 23
14 25
2 25
3 7
17 24
1 2
22 25
15 20
4 18
8 27
20 29
6 11
6 27
12 21
10 16
3 11
29 31
6 19
2 25
7 13
22 28
5 30
4 11
19 25
3 26
8 19
19 22
5 13
23 32
3 19
6 22
17 28
6 29
5 28
5 9
14 18
8 17
21 28
21 23
14 30
12 31
11 23
2 20
11 18
9 26
19 31
9 24
12 21
1 17
20 29
19 22
3 10
19 20
9 24
18 25
11 26
3 24
17 26
26 27
3 10
1 24
22 28
13 22
3 8
5 12
3 9
20 21
31 32
9 17
7 32
3 10
8 14
18 31
7 15
11 24
22 30
16 22
7 12
11 27
30 32
25 29
11 25
5 16
7 30
15 27
11 24
31 32
14 28
2 15
16 29
4 16
3 6
4 17
22 25
11 19
12 21
12 29
10 16
17 18
23 29
9 30
1 25
3 26
12 13
2 28
9 30
6 17
10 31
5 12
19 32
2 29
20 26
13 22
12 17
13 23
24 27
26 32
25 27
21 27
4 29
20 24
5 9
2 6
11 31
22 31
23 24
26 29
15 18
10 20
13 23
14 30
28 31
3 5
8 22
6 22
27 29
18 25
17 23
7 24
9 31
3 8
20 32
11 32
14 24
3 14
12 30
22 29
9 26
3 28
10 14
3 30
2 21
11 30
7 13
25 27
9 12
7 20
2 5
4 9
12 29
9 26
13 31
24 32
23 32
8 30
1 19
29 30
15 27
18 25
4 16
16 25
12 26
9 25
3 21
4 18
8 11
9 20
10 29
20 29
3 8
1 18
15 20
3 7
12 23
5 25
14 26
11 16
6 10
8 22
9 10
10 23
20 30
1 25
13 15
16 21
14 25
12 24
14 32
10 24
8 16
29 30
27 28
1 2
10 6
21 30
1 23
12 4
18 26
23 28
13 12
29 14
12 31
10 25
11 17
10 27
14 3
15 32
13 29
10 28
18 9
31 32
12 32
11 25
29 11
3 5
12 13
31 26
7 20
27 18
23 8
11 15
15 28
22 12
5 30
31 16
13 32
18 24
21 12
7 13
20 4
20 5
8 13
16 23
9 17
20 23
24 31
2 31
8 5
6 7
15 8
28 31
7 27
26 27
19 1
23 3
24 12
25 9
22 13
7 27
6 10
18 15
27 15
32 20
17 30
1 5
11 10
9 16
26 4
13 28
11 1
8 1
3 23
15 24
31 3
2 8
9 19
21 11
18 24
3 27
13 28
32 27
21 5
8 17
29 25
9 4
31 20
32 5
27 17
26 31
10 28
24 23
8 31
21 29
31 26
18 7
24 18
3 10
13 8
2 15
23 15
14 21
6 3
9 2
