32 800
12 15
23 18
24 20
9 20
9 16
24 16
21 15
13 14
9 20
23 19
13 18
12 15
10 11
24 12
20 15
9 22
20 13
21 15
23 18
11 15
23 19
21 17
23 17
23 9
11 20
18 17
18 16
24 20
19 16
20 18
9 14
20 18
12 20
24 12
13 16
19 18
12 18
9 13
20 17
14 15
21 18
9 21
23 21
22 21
9 20
23 17
13 17
20 16
22 12
9 22
24 12
22 14
22 12
14 17
19 17
9 21
11 15
12 14
20 13
20 17
22 15
11 20
10 11
9 21
20 14
11 14
24 15
12 16
18 15
21 11
21 14
24 18
9 19
22 18
13 14
11 14
24 10
11 14
22 14
10 13
10 22
24 18
21 13
13 15
23 10
10 20
21 20
10 20
24 19
12 14
9 16
21 17
11 12
9 13
23 15
20 15
11 19
12 18
11 16
19 15
10 20
9 14
20 16
22 17
23 13
9 20
21 13
11 14
23 20
11 17
23 17
14 16
19 16
24 23
10 20
12 16
22 12
13 15
9 16
11 13
23 22
22 14
22 12
9 12
21 12
20 15
24 13
22 12
19 17
24 13
10 17
9 16
10 18
21 14
24 22
12 14
9 21
14 16
22 15
20 13
23 9
23 20
12 20
23 21
20 18
18 15
24 18
9 12
18 17
22 18
11 18
24 18
12 20
9 13
13 15
13 16
22 12
22 17
22 17
20 15
9 16
11 20
24 12
19 18
14 16
19 18
9 13
14 17
23 20
11 16
19 14
24 19
13 15
24 11
20 15
23 15
13 15
23 17
10 13
24 13
12 14
21 12
11 18
20 18
10 19
21 14
17 16
19 13
23 12
9 13
24 17
19 16
12 13
23 21
21 12
10 15
21 16
22 13
17 16
23 11
9 13
22 21
9 15
22 16
20 15
10 17
22 12
10 19
19 17
20 12
18 16
12 16
10 20
22 14
13 17
10 21
23 21
22 17
12 15
20 16
12 14
10 18
24 11
22 13
14 16
24 18
12 20
10 13
22 18
10 15
24 15
23 17
23 17
19 18
12 15
23 15
19 17
10 16
9 14
9 20
9 17
13 16
24 14
20 17
23 15
18 15
9 10
9 12
19 15
24 11
14 17
23 20
13 16
24 15
24 19
20 18
12 15
20 13
11 19
24 17
11 17
23 14
20 15
14 18
9 12
12 14
10 20
24 15
10 15
23 17
11 17
24 16
12 17
23 9
23 22
10 19
20 14
23 12
9 14
21 20
11 21
15 16
11 20
9 11
23 19
24 21
19 15
18 16
23 13
20 17
24 10
24 17
23 16
21 13
19 17
9 10
19 13
12 15
23 15
10 22
9 12
10 18
21 15
23 13
23 12
24 13
9 11
10 21
23 14
23 22
24 12
10 17
20 15
21 15
10 22
22 19
11 12
9 14
9 14
24 21
20 17
22 15
22 21
10 12
14 15
20 13
24 14
24 9
17 15
24 16
18 15
9 17
24 22
22 17
9 10
11 20
9 13
18 16
22 13
9 15
22 21
22 15
13 15
10 12
10 12
10 21
10 17
10 22
19 17
10 13
18 17
10 13
11 16
20 16
21 16
17 16
24 13
13 17
20 19
24 20
20 15
11 15
22 12
22 18
24 11
9 23
24 20
9 14
20 16
22 13
15 16
15 17
22 21
10 20
14 15
17 16
18 16
18 16
12 13
21 11
24 19
20 16
9 20
20 13
23 14
24 9
22 12
11 18
10 15
10 17
10 11
10 13
12 13
10 17
13 16
24 14
19 16
11 13
23 18
20 13
14 16
10 13
12 19
24 15
21 19
10 13
11 17
24 21
21 15
18 17
24 11
11 20
11 16
11 19
22 13
19 17
21 19
12 14
15 17
21 15
21 16
12 15
11 20
24 16
13 19
19 16
10 16
22 12
13 15
9 18
23 11
21 17
24 13
20 16
12 14
9 14
23 13
22 15
9 11
9 13
11 18
10 17
22 13
12 16
20 14
23 16
11 20
18 16
23 22
9 12
14 17
9 13
10 11
21 20
11 20
18 15
10 15
21 13
21 20
22 19
10 14
10 13
23 18
22 15
10 17
20 19
19 17
9 20
9 16
11 19
22 12
23 17
24 10
18 16
18 17
9 17
21 16
21 15
11 18
14 15
10 21
22 13
19 13
24 10
22 15
19 15
21 12
9 23
21 14
14 16
13 17
21 20
19 17
24 9
22 12
17 16
10 11
24 19
12 18
20 15
9 12
11 15
22 11
24 19
10 11
11 16
23 16
22 15
18 17
23 18
19 15
19 17
22 18
11 17
14 15
9 18
9 19
13 15
22 11
21 18
24 14
23 12
14 16
9 12
13 18
24 16
20 19
21 19
24 18
20 14
12 17
13 14
20 17
21 11
13 14
24 17
12 16
23 20
10 18
13 15
10 16
14 16
11 16
11 14
20 17
24 21
18 17
22 14
11 17
14 15
21 18
11 19
24 15
10 14
22 14
9 23
10 13
12 18
11 18
24 11
24 15
23 20
9 23
11 19
18 17
21 12
11 21
19 18
19 16
24 17
21 12
11 16
24 22
12 17
21 12
19 18
19 15
10 19
20 13
10 11
22 16
23 21
23 19
10 19
13 15
12 19
23 17
21 13
23 15
24 18
24 9
11 18
10 19
24 14
12 15
24 17
19 13
22 13
21 15
13 15
24 14
23 13
22 11
12 18
19 15
21 18
13 15
24 13
24 16
24 12
21 14
22 17
12 15
21 16
24 14
19 15
9 11
20 19
20 13
12 16
10 20
23 22
24 14
10 21
20 15
21 20
24 13
13 19
24 15
9 16
21 11
24 17
22 15
13 18
23 15
14 16
11 12
9 16
22 14
9 22
22 15
24 13
12 17
15 17
12 20
21 15
14 16
23 20
23 14
14 17
19 14
18 17
23 13
24 9
24 20
21 19
9 15
10 19
11 16
21 14
10 22
18 16
9 21
22 14
20 13
10 13
10 22
21 19
13 19
23 19
24 12
13 17
10 18
15 16
15 17
12 18
24 22
10 14
19 14
20 19
23 17
12 13
18 17
12 19
22 12
24 14
10 15
19 16
11 17
21 17
23 20
9 13
10 16
23 20
22 17
24 11
23 21
24 18
21 20
23 22
21 20
15 16
19 15
13 19
11 12
14 16
22 20
10 18
10 11
23 9
11 15
19 17
14 16
9 11
22 19
20 14
23 15
21 18
9 12
10 14
9 21
11 15
11 14
9 21
11 16
20 17
22 17
15 16
20 17
13 14
23 22
10 22
14 17
9 20
10 11
23 22
10 22
24 16
10 22
9 12
18 17
24 14
24 18
11 20
19 15
23 17
22 16
20 18
9 19
21 12
23 10
17 16
10 19
13 17
18 17
22 15
23 9
12 16
13 17
21 16
18 16
17 16
10 21
12 16
23 14
23 20
22 19
10 18
12 16
23 11
11 16
24 19
12 14
12 19
9 15
20 16
24 21
23 21
9 22
14 15
10 13
23 19
13 14
10 11
28 9
4 10
1 11
2 12
29 13
32 14
25 15
5 16
27 17
31 18
8 19
7 20
3 21
30 22
26 23
6 24
