32 800
32 31
24 25
23 22
1 2
30 29
17 16
2 3
27 28
21 22
14 13
31 32
18 17
7 6
22 21
7 8
8 7
3 2
30 29
3 4
5 4
1 2
15 16
5 6
12 11
20 19
17 16
21 22
18 19
23 22
29 30
5 6
10 9
24 25
14 13
19 18
18 17
5 4
19 18
24 25
20 19
21 22
29 28
13 14
10 9
4 5
5 4
21 22
20 19
3 2
2 1
16 15
5 4
23 22
12 11
1 2
4 3
6 5
18 17
21 22
5 6
28 27
20 19
12 13
1 2
31 32
17 18
18 19
16 15
2 1
19 20
6 5
11 10
27 28
9 8
26 25
2 1
26 25
25 26
16 15
27 28
21 20
11 12
15 16
15 16
19 20
22 23
25 26
23 22
10 11
4 5
29 28
28 27
11 10
13 14
17 16
23 24
27 28
28 27
4 3
12 11
10 9
21 22
18 19
5 4
28 29
10 9
2 3
24 25
26 27
26 27
3 2
25 26
23 22
9 8
12 13
24 23
23 24
19 18
8 9
18 17
30 31
28 29
17 18
7 8
30 31
20 21
26 25
9 10
31 32
2 3
18 19
5 6
13 14
20 19
18 19
8 9
19 18
31 32
9 8
19 20
12 11
2 1
4 3
21 22
23 24
18 19
31 30
10 11
4 3
26 27
19 20
6 7
28 29
20 19
8 9
18 19
14 13
14 13
12 13
29 28
10 9
1 2
21 20
29 30
29 30
23 22
4 5
10 11
10 9
21 20
14 15
12 13
4 3
3 4
17 16
24 23
6 5
7 8
5 4
23 24
28 29
23 24
19 18
24 23
4 5
28 27
11 12
9 8
21 22
8 9
28 27
19 18
5 4
4 5
2 1
30 29
16 15
18 17
29 28
23 22
30 31
6 5
15 14
3 2
31 32
23 22
15 16
15 14
27 28
5 4
7 8
31 32
5 4
25 24
28 27
5 6
21 22
20 19
31 32
29 28
10 9
31 32
8 9
9 8
20 19
28 27
14 13
14 13
25 26
26 27
6 7
12 13
29 28
24 25
29 30
4 3
25 24
28 29
17 18
28 29
15 14
13 14
24 25
6 7
2 1
8 9
5 4
28 27
10 9
24 25
12 13
26 27
25 26
31 32
8 9
31 32
8 9
13 14
15 16
4 5
21 20
2 1
4 5
25 24
16 15
6 7
15 14
6 5
9 10
27 28
19 18
27 28
12 13
24 23
30 31
18 19
2 1
26 25
21 22
20 21
26 27
23 22
18 19
31 32
5 4
31 32
23 22
15 14
6 5
22 23
28 27
22 23
29 28
28 29
21 22
18 19
11 10
12 13
2 1
2 1
26 25
15 16
2 1
23 24
17 18
30 29
30 29
21 22
20 19
12 11
2 1
13 12
22 21
11 10
30 29
19 18
23 24
27 28
30 31
28 29
28 29
2 3
31 30
30 31
2 1
14 13
16 15
27 26
7 6
1 2
5 4
8 7
7 6
23 24
25 26
17 16
22 21
11 12
22 21
1 2
6 7
6 5
5 6
27 26
22 21
5 4
29 28
1 2
8 7
13 14
31 32
32 31
25 24
23 22
21 20
10 11
11 10
32 31
8 9
31 30
22 21
8 7
24 23
2 1
16 15
16 17
22 23
28 27
30 31
11 12
22 21
8 9
15 16
28 29
17 16
6 7
26 27
21 20
3 4
29 28
14 13
21 22
6 5
32 31
31 30
8 7
22 21
10 9
4 3
24 23
3 4
8 9
20 19
27 26
24 25
27 28
4 5
8 9
11 10
10 11
2 3
10 9
10 11
10 9
31 32
27 28
17 16
27 28
20 21
21 20
1 2
32 31
11 12
10 11
6 5
32 31
19 20
12 13
30 29
2 1
23 22
11 12
23 22
15 16
5 4
8 7
19 18
4 3
21 22
12 13
32 31
21 20
2 1
6 7
9 10
31 30
22 21
12 11
22 21
16 17
17 18
30 29
4 3
32 31
6 5
22 21
4 3
4 3
32 31
30 29
8 7
14 15
20 19
6 7
23 22
13 12
3 2
24 25
18 19
18 17
3 2
30 29
24 25
29 28
23 24
24 25
10 9
20 19
20 21
1 2
9 8
25 26
11 12
12 13
8 9
26 25
20 21
9 10
2 1
1 2
10 9
17 18
5 4
14 13
5 6
24 25
9 8
16 17
10 11
7 6
19 20
29 30
17 18
10 11
18 19
21 22
14 13
27 28
12 13
13 12
11 10
11 10
23 22
32 31
28 29
16 17
17 16
15 14
2 1
17 16
12 13
28 29
16 17
3 4
15 14
28 27
10 11
15 16
27 26
3 2
21 20
12 11
14 15
11 12
13 14
19 20
14 15
14 13
25 26
27 28
24 23
20 21
10 11
20 21
24 23
30 29
10 9
27 26
8 7
5 6
3 2
6 5
32 31
21 22
19 20
10 9
23 24
29 30
29 30
2 1
28 29
17 16
14 15
30 31
8 9
18 17
17 18
9 8
22 23
1 2
25 26
20 19
15 14
1 2
1 2
12 13
18 17
4 3
13 12
23 24
5 4
27 28
12 13
25 24
17 16
12 13
17 18
22 23
13 12
19 18
8 7
1 2
23 22
1 2
12 13
13 12
10 9
17 18
30 31
2 3
17 18
31 30
29 28
9 10
15 16
20 21
24 23
7 8
22 21
21 22
15 14
2 3
16 15
1 2
26 27
12 11
30 29
21 22
9 10
12 11
26 25
32 31
16 17
24 23
5 6
27 26
23 24
13 12
6 5
11 10
11 10
10 11
10 11
30 29
26 25
10 11
18 17
5 6
23 24
9 10
8 7
21 22
8 9
29 28
14 15
20 21
7 6
23 22
13 14
17 16
22 23
4 3
16 15
31 32
3 2
26 27
25 26
31 30
13 12
11 12
6 5
29 28
11 12
3 2
14 13
29 30
11 12
17 16
6 5
28 27
18 17
19 18
29 30
13 14
19 20
15 14
6 5
9 8
10 9
9 10
22 21
24 23
23 24
2 1
29 28
16 17
22 21
9 10
20 19
1 2
31 32
27 26
11 12
20 19
24 25
14 13
2 1
1 2
15 16
22 21
29 28
4 3
4 5
15 16
10 9
17 18
9 8
26 25
25 26
7 6
25 26
25 24
7 6
4 5
14 13
32 31
16 17
18 19
2 1
15 16
7 6
2 1
8 7
26 27
7 6
11 10
2 1
19 18
2 1
30 29
4 5
8 9
20 19
18 19
12 11
6 5
12 11
3 2
10 11
9 10
19 18
21 22
14 13
20 21
31 32
3 2
24 25
17 16
10 9
14 15
2 3
21 22
7 6
17 18
32 31
8 9
17 18
23 22
5 4
25 26
20 21
4 3
2 3
26 25
14 15
10 9
2 3
20 21
2 3
19 18
11 12
19 20
11 10
1 2
16 15
9 8
18 17
4 5
32 31
20 21
20 21
32 31
28 27
22 23
12 11
20 21
26 27
3 2
3 2
23 22
24 23
4 5
29 28
14 15
30 31
1 2
8 7
9 8
4 3
15 14
29 18
21 17
3 12
32 25
26 18
22 19
31 19
32 25
2 14
32 25
