34 900
31 11
32 22
30 19
29 27
33 32
10 9
31 20
11 3
9 4
7 4
18 17
29 25
26 22
21 14
32 22
18 7
22 17
15 7
31 24
17 7
27 13
29 4
29 25
22 11
34 8
16 9
21 6
19 6
16 6
31 19
30 29
29 7
32 17
25 5
28 18
26 9
24 17
21 4
23 8
19 5
26 8
18 4
10 4
16 12
26 22
31 17
20 13
32 29
14 7
27 5
28 6
26 11
27 16
18 6
25 23
25 21
28 22
4 3
12 8
34 29
26 7
33 19
25 22
14 8
34 7
32 17
14 12
16 14
24 18
25 16
29 6
21 19
24 5
23 13
19 9
19 3
33 30
22 10
34 9
11 3
31 28
33 8
29 22
26 9
32 11
21 15
34 27
31 26
13 8
9 8
19 11
28 8
27 15
31 28
27 8
12 3
29 25
19 15
17 13
18 11
33 5
21 8
24 10
28 16
9 7
16 10
26 16
27 19
34 3
32 15
34 7
22 16
13 6
23 17
15 14
30 7
16 5
18 17
10 7
34 19
27 23
33 28
23 3
28 19
26 23
27 19
14 4
29 17
13 9
30 23
30 29
27 21
23 21
12 4
27 20
24 17
31 26
18 3
13 12
16 7
17 15
31 27
29 20
21 11
22 14
34 8
27 19
18 5
21 17
34 31
20 8
20 9
15 7
30 16
26 25
20 4
15 14
20 6
26 10
9 3
26 17
32 9
33 24
16 10
32 11
17 8
27 24
32 4
26 14
17 8
18 16
16 3
33 3
17 6
12 3
34 32
20 17
18 8
33 19
31 23
27 14
28 10
31 4
22 8
26 19
7 5
9 7
32 27
27 12
23 21
30 3
22 6
8 4
26 8
28 20
23 6
22 16
32 5
26 16
18 17
34 20
30 15
25 5
33 8
34 22
14 11
19 3
33 28
20 5
34 3
15 3
27 7
28 9
10 6
23 14
21 10
23 15
34 13
18 5
26 9
14 7
9 4
30 19
32 18
28 17
33 22
22 13
31 3
18 9
15 7
24 13
12 11
29 20
19 15
32 11
34 10
9 6
33 30
34 31
27 14
30 26
28 6
27 13
30 27
34 15
22 3
34 19
34 14
29 10
30 5
30 29
13 5
24 18
34 25
31 29
27 7
31 27
25 12
34 28
21 5
33 29
30 16
34 27
32 18
17 13
32 7
30 26
14 11
31 6
30 18
33 13
17 8
30 27
30 18
26 25
27 25
30 23
22 12
25 7
30 10
31 29
29 10
31 24
18 14
32 23
23 11
30 20
32 7
25 8
28 22
27 23
26 6
15 5
29 14
21 3
17 11
26 25
25 12
30 13
33 15
32 8
7 3
32 5
24 20
28 15
17 4
21 10
34 9
32 15
15 5
22 19
12 5
24 7
21 10
25 10
18 11
31 5
10 6
10 5
25 24
27 7
14 9
23 3
22 10
22 14
26 5
28 15
24 19
18 11
26 14
20 6
21 16
33 29
22 16
22 10
20 17
33 7
16 4
24 8
20 14
13 8
14 8
27 16
27 7
25 10
21 14
29 27
27 15
12 7
7 4
31 17
15 9
9 6
27 24
29 3
8 3
33 15
9 6
24 15
26 15
27 26
26 16
9 8
28 14
24 23
22 15
26 11
32 27
32 28
33 24
22 11
20 16
21 7
26 13
33 32
28 25
11 10
33 23
28 10
24 18
24 3
34 29
13 11
31 21
28 12
33 12
20 3
27 8
26 18
26 6
17 15
19 17
21 19
21 13
17 14
32 22
17 6
19 17
31 22
26 25
14 13
28 5
28 5
32 26
29 14
5 3
30 5
34 30
28 11
30 4
18 8
17 6
34 25
33 7
32 6
16 6
32 26
34 17
31 18
29 27
18 5
30 23
27 23
20 15
19 15
23 20
8 6
16 13
18 13
14 5
18 6
27 11
31 26
13 6
33 17
29 20
26 7
18 15
17 3
18 11
14 8
20 17
21 11
15 5
20 11
22 11
21 4
13 6
25 13
31 28
32 27
31 14
27 6
17 9
19 9
33 27
21 7
15 10
5 3
29 27
15 12
28 6
19 9
32 24
32 22
26 21
18 8
29 5
25 21
31 22
17 14
33 23
31 9
23 15
31 26
24 17
9 5
25 14
28 18
29 21
23 13
33 27
19 7
29 15
30 15
22 3
19 15
34 15
34 10
27 26
21 3
26 8
6 4
30 27
31 13
19 4
29 20
25 9
22 17
14 8
27 24
27 6
26 3
34 5
29 18
15 7
5 3
33 5
12 10
29 15
25 11
26 16
30 9
34 24
31 8
32 25
26 21
30 16
17 13
32 29
33 9
33 16
33 17
24 7
23 7
12 5
24 18
16 7
17 12
17 5
32 30
25 11
6 3
23 17
11 3
30 26
31 28
25 4
34 22
34 21
28 6
20 10
29 21
31 13
28 17
20 7
23 6
24 20
24 20
19 15
28 18
32 12
21 3
23 6
34 4
20 10
34 13
8 5
31 20
16 7
25 22
27 10
19 5
31 15
19 11
33 17
22 19
19 6
33 16
31 8
34 32
17 3
33 16
34 33
32 5
27 22
22 16
33 18
25 12
30 3
30 22
31 23
29 13
21 15
9 5
26 3
25 23
23 6
8 7
21 9
32 25
29 16
6 4
10 6
25 9
23 5
31 20
31 11
34 19
14 11
32 24
10 5
26 6
32 27
30 22
23 11
16 15
20 14
33 18
21 7
32 26
21 20
20 10
23 11
29 26
23 14
33 9
7 3
29 15
23 4
32 14
27 4
9 3
18 9
33 4
19 13
22 16
22 3
23 15
32 8
26 21
26 4
15 4
29 3
30 10
32 9
25 18
29 17
34 19
12 3
34 31
18 7
32 20
26 15
32 22
34 33
25 17
15 6
8 7
32 12
27 4
21 5
31 10
32 20
32 30
23 11
32 18
15 4
33 32
33 3
27 23
8 3
28 15
34 13
31 9
11 10
30 15
17 6
17 5
31 5
12 5
24 13
18 5
20 4
13 4
22 16
5 4
21 11
16 10
9 3
26 22
23 10
21 9
32 27
20 4
17 14
15 3
33 10
27 5
31 23
28 25
9 3
33 30
34 6
17 3
14 6
31 8
34 17
33 19
29 14
32 20
26 18
27 16
7 6
28 3
13 4
29 6
27 26
21 6
27 21
27 5
31 14
15 14
29 22
30 13
25 24
34 8
25 19
18 16
13 12
28 27
10 6
13 4
21 4
28 17
25 20
20 8
15 14
15 3
24 20
34 19
33 29
19 6
16 4
28 9
29 19
28 13
26 13
23 11
29 24
32 17
23 22
14 9
13 5
9 4
29 6
28 22
32 17
9 8
22 17
30 24
33 10
19 10
33 23
22 13
33 3
32 7
10 7
23 22
31 28
32 12
23 8
16 11
33 16
25 12
32 28
16 10
30 5
22 17
34 21
25 14
30 14
33 20
22 15
33 19
32 29
28 27
23 13
17 11
19 9
30 18
20 10
28 8
16 7
32 29
16 9
29 28
31 17
32 20
13 4
20 8
17 13
22 7
23 18
30 18
21 6
24 13
30 21
22 3
30 6
31 25
29 9
29 24
19 4
30 22
29 15
33 15
20 5
18 15
28 21
11 5
14 5
33 32
24 14
30 17
16 8
26 12
26 9
21 14
17 12
28 17
29 18
27 12
12 9
34 22
27 15
12 8
28 17
31 4
27 13
24 6
30 12
31 3
27 26
16 7
28 25
20 12
24 4
31 29
23 9
23 6
24 9
26 18
27 11
25 24
27 14
27 22
15 5
29 18
34 32
30 17
33 9
32 19
17 13
18 13
31 12
20 8
22 6
31 17
14 7
26 5
29 11
24 11
33 32
28 22
29 10
26 11
26 17
32 25
28 13
16 4
21 8
22 19
30 15
24 9
17 5
30 12
32 11
30 23
30 16
31 7
16 5
17 15
33 10
17 16
30 17
15 3
22 18
26 19
32 4
13 4
32 24
29 20
27 21
21 8
13 8
33 9
32 26
32 23
18 4
