34 900
32 15
21 19
28 7
31 28
31 9
23 22
23 22
14 11
26 22
24 21
29 18
16 8
12 11
12 11
23 6
9 6
30 17
27 10
18 13
21 13
28 10
13 10
34 26
32 7
19 15
16 11
31 21
19 17
31 20
28 20
29 22
29 25
19 14
19 9
20 11
22 10
29 26
30 22
21 10
19 15
26 16
31 26
25 24
28 22
13 9
10 7
30 22
17 8
12 6
22 7
33 19
25 7
32 24
26 22
12 10
27 13
22 14
33 8
18 11
27 17
34 20
32 29
33 19
18 6
26 14
31 21
30 24
23 15
25 11
21 13
23 13
30 28
24 6
26 15
33 14
25 22
16 7
24 14
14 12
30 8
7 6
33 31
33 27
24 23
33 12
27 11
14 12
11 6
30 24
31 18
32 13
27 9
25 18
29 24
26 19
27 19
34 15
31 12
27 12
26 23
20 10
12 7
20 13
30 25
32 13
34 19
17 14
28 17
10 6
9 6
34 31
27 22
25 7
18 9
23 17
16 10
29 23
33 21
9 8
26 15
25 24
31 13
19 10
9 8
20 14
20 17
29 17
18 10
28 18
22 16
19 13
30 20
32 23
10 9
21 10
10 8
18 16
9 8
27 11
12 8
22 13
23 19
29 9
24 8
28 18
13 6
20 9
22 19
28 21
22 17
28 14
27 11
30 22
26 12
27 11
24 22
30 9
20 19
25 14
34 26
25 22
34 26
8 7
32 17
16 12
30 11
34 9
24 7
34 11
25 8
31 14
26 6
24 6
23 7
21 16
34 20
32 20
27 8
34 19
24 17
34 20
25 19
23 21
27 14
26 11
30 28
30 20
31 14
34 33
32 15
32 28
11 10
33 16
10 9
30 26
13 12
29 10
29 23
32 29
14 8
23 6
14 8
19 6
28 19
13 12
24 16
25 15
15 13
25 20
20 9
16 7
11 7
18 11
31 12
27 24
32 8
30 6
29 7
26 11
31 27
19 17
29 17
31 30
30 19
21 6
28 11
20 15
15 12
27 19
22 15
12 9
34 9
27 8
13 10
19 18
8 6
31 21
29 28
21 6
20 19
27 11
27 15
29 19
13 9
31 21
27 25
27 24
34 26
33 31
31 30
18 14
33 28
30 10
30 19
27 9
34 27
18 8
31 16
27 19
23 6
29 18
34 19
28 17
30 25
27 15
30 18
19 10
12 9
34 10
25 15
32 21
27 14
16 13
16 8
29 11
31 27
24 16
29 10
28 12
22 9
22 21
25 14
19 15
28 23
8 6
23 22
24 8
23 15
31 10
21 9
30 10
32 25
33 12
24 19
32 24
32 12
31 22
29 24
9 7
22 15
20 7
33 9
11 10
32 6
23 6
14 9
19 14
22 10
23 13
22 7
18 11
19 17
23 17
34 8
11 8
28 27
31 16
30 6
33 6
29 10
34 16
29 12
18 9
11 7
30 21
11 8
21 9
33 21
24 16
22 15
27 13
25 14
12 10
31 11
31 27
33 20
13 8
26 8
32 20
28 10
31 11
33 21
32 31
12 11
13 9
24 15
29 18
26 14
28 21
19 18
27 15
30 22
33 20
32 14
18 16
29 13
27 23
26 12
23 8
29 23
19 17
32 19
27 11
12 10
26 10
32 15
25 13
24 22
9 8
23 10
32 28
26 15
33 26
25 18
34 11
25 21
29 26
19 15
27 17
34 7
9 7
32 13
26 19
23 14
21 13
33 27
32 29
33 31
31 25
32 20
27 6
20 6
33 16
18 17
8 7
18 6
19 7
16 11
22 6
10 6
22 12
18 10
27 11
17 13
34 22
24 23
26 17
27 8
28 22
30 22
24 12
15 11
33 31
17 12
30 18
32 27
26 19
26 20
29 19
28 17
10 8
27 6
34 8
27 19
11 7
19 10
32 17
19 7
20 17
25 20
26 22
10 9
32 31
33 21
30 23
17 14
32 10
23 6
20 6
33 13
21 15
15 9
33 19
25 15
19 10
31 10
31 21
33 11
31 6
29 26
34 18
31 30
25 18
27 14
15 8
33 25
23 15
31 9
28 8
26 9
11 6
28 25
24 21
25 16
22 20
16 10
33 21
23 13
23 22
29 16
22 8
29 12
21 11
28 26
30 24
21 6
25 6
33 14
26 14
17 14
16 14
29 7
30 23
29 23
18 11
28 20
28 24
26 14
28 6
31 14
20 17
30 17
34 18
31 10
13 11
16 7
31 19
29 18
28 13
29 8
33 28
31 8
31 29
22 12
18 8
20 9
27 15
30 16
31 25
12 8
33 13
34 16
29 27
27 14
26 12
13 10
27 25
16 6
27 11
30 25
21 16
20 15
25 13
33 30
32 13
33 28
23 21
29 14
25 7
25 19
29 25
11 8
30 15
20 6
21 11
34 31
22 11
18 17
23 15
32 18
27 20
30 11
17 6
23 6
22 17
12 9
24 12
29 26
27 8
12 8
34 16
18 7
27 14
27 7
30 9
34 32
32 23
12 10
26 14
30 8
18 15
11 10
31 17
29 8
32 9
23 15
26 6
32 12
20 14
25 20
34 25
18 6
28 26
29 21
31 18
34 7
30 21
23 19
17 12
20 17
20 9
21 13
19 8
20 10
34 11
32 14
29 21
28 20
26 11
25 9
29 19
30 15
31 23
22 10
29 14
30 23
17 6
21 7
18 10
26 10
23 19
29 18
31 18
26 22
30 13
15 9
27 24
30 29
12 7
32 23
14 12
25 24
20 7
16 6
34 28
27 23
14 9
25 12
26 8
17 6
28 23
31 16
22 9
31 21
20 6
25 11
15 8
31 17
28 9
32 17
27 26
30 18
19 12
30 24
27 23
28 7
30 23
34 32
16 14
33 23
30 21
30 22
32 27
20 13
22 8
26 21
24 20
27 6
34 17
14 9
31 28
32 29
15 9
32 19
32 19
30 9
25 17
15 8
31 10
33 30
24 9
24 15
17 10
32 9
28 17
12 10
33 11
31 21
29 19
26 11
33 23
33 26
27 15
22 8
19 16
22 15
25 21
19 13
32 28
22 8
27 21
34 26
16 6
29 22
31 27
34 14
32 27
11 8
21 20
29 23
22 21
31 28
18 13
25 17
28 16
31 9
31 8
32 10
30 10
14 8
17 11
25 19
19 7
16 13
30 12
30 10
22 18
21 18
21 13
20 16
24 7
13 7
30 19
24 21
33 32
32 23
15 9
23 18
24 8
21 16
27 12
33 8
34 23
32 13
23 21
18 15
32 16
16 6
13 8
34 17
32 18
20 15
31 7
22 19
26 17
33 8
34 18
27 21
24 12
21 7
28 22
29 13
32 19
21 8
32 21
10 9
32 26
19 16
28 19
19 16
33 27
32 18
20 13
25 8
30 19
24 16
32 19
23 8
33 9
25 15
22 7
7 6
9 8
30 12
31 26
11 7
27 16
28 7
31 21
26 15
30 12
29 13
26 20
33 13
30 21
32 15
32 18
29 17
33 16
30 6
30 19
17 6
33 23
16 8
13 11
34 9
32 12
32 25
23 20
27 21
30 26
28 15
26 8
28 20
29 8
30 23
30 25
29 13
34 14
29 26
34 22
18 14
15 14
33 25
24 12
31 14
27 13
25 16
31 21
11 9
23 18
33 29
29 14
18 9
13 7
30 10
24 17
30 21
34 33
34 27
28 7
20 14
30 15
25 18
22 17
27 13
19 14
27 24
15 9
19 8
31 6
27 16
33 15
33 7
32 27
26 21
31 26
31 20
29 11
32 28
32 22
10 6
22 20
34 6
22 15
27 14
32 25
21 19
21 10
31 20
34 8
33 9
12 11
27 10
34 20
24 8
29 6
24 7
33 31
11 7
20 8
14 8
14 8
28 15
31 11
34 32
19 10
28 19
29 19
28 14
15 12
20 8
9 8
31 26
28 15
26 17
29 6
28 16
30 7
13 11
29 27
28 13
26 11
32 27
29 22
20 19
33 18
34 9
26 21
34 23
26 18
29 11
21 15
30 18
20 7
24 12
30 14
26 20
28 26
22 8
