34 900
26 23
17 8
10 9
31 28
23 15
16 12
21 16
29 16
28 7
11 10
26 20
27 13
27 23
17 15
33 26
25 21
26 8
8 7
30 19
32 8
13 9
34 13
17 15
17 13
33 22
28 19
33 25
15 13
33 6
11 10
28 13
12 6
19 9
28 19
7 6
32 28
18 12
20 17
26 11
27 16
31 8
23 12
28 16
19 6
34 26
21 14
30 8
34 10
32 23
31 9
28 26
34 14
23 6
25 24
21 15
30 9
29 25
21 17
15 9
29 15
9 8
30 6
34 12
19 16
32 8
17 9
30 29
13 10
30 26
28 26
18 16
23 9
34 10
27 16
33 28
33 23
22 21
25 21
26 9
15 12
33 26
32 12
15 14
31 8
26 23
20 11
32 21
14 10
13 10
10 7
29 19
27 20
15 8
20 12
19 13
23 16
14 10
31 10
21 11
19 16
28 27
12 7
34 8
27 24
28 14
20 11
29 22
24 9
33 16
33 17
33 13
28 15
33 26
27 25
34 12
31 23
27 11
31 11
28 26
23 20
30 8
28 12
32 16
25 14
21 17
29 8
20 13
34 29
28 20
29 21
31 17
13 8
31 11
32 9
32 22
31 9
30 29
22 6
33 15
29 20
27 20
29 25
28 10
30 9
30 29
29 16
30 25
26 19
25 20
23 7
34 11
34 15
20 11
30 28
17 13
27 17
24 11
27 16
31 25
34 26
14 13
20 14
24 23
32 18
34 26
25 24
31 27
33 17
22 20
31 13
23 22
25 23
30 23
22 12
15 6
13 9
32 12
10 8
21 12
24 6
10 9
31 11
26 14
22 14
30 26
31 23
32 12
14 9
26 14
20 10
34 23
24 11
19 7
26 13
31 10
23 20
33 6
11 7
27 22
26 12
33 8
23 19
24 13
29 21
31 16
33 22
34 12
33 27
12 11
11 6
21 15
25 17
10 8
11 10
31 30
28 9
34 23
13 7
27 17
23 6
26 12
31 23
30 21
32 25
29 26
23 17
33 31
26 10
13 10
28 26
31 13
24 18
13 10
26 24
31 22
28 24
18 16
23 21
26 6
13 7
31 8
20 8
22 18
25 20
27 15
21 6
32 12
19 18
21 18
29 23
30 29
33 7
29 19
28 25
31 10
30 12
33 25
34 24
28 22
13 12
28 18
30 12
30 11
27 23
26 10
26 18
16 6
33 31
30 7
23 18
16 14
31 15
26 18
17 16
32 10
32 30
33 28
30 12
16 11
30 12
31 7
27 15
29 15
14 9
34 22
29 7
32 28
21 17
20 7
32 19
34 18
22 11
28 25
33 10
32 14
13 6
24 8
10 7
20 12
26 16
25 18
22 13
26 6
30 7
33 7
18 6
18 16
20 16
33 29
14 8
29 6
18 17
8 7
20 13
25 22
17 6
22 17
15 7
33 29
20 9
30 23
29 11
15 13
29 16
12 11
24 19
19 7
33 14
23 22
21 9
31 22
33 23
33 25
12 10
22 9
23 8
13 6
24 18
26 22
26 8
22 10
26 12
34 6
33 18
17 13
16 12
27 15
33 16
27 23
16 14
32 6
28 24
12 6
26 19
33 25
23 13
33 18
27 11
22 8
21 18
29 28
27 16
27 16
33 30
31 11
32 10
24 22
17 11
18 8
26 11
28 17
18 15
20 15
8 7
30 29
33 23
31 21
21 12
28 9
21 10
33 14
24 12
22 8
13 8
29 21
7 6
33 14
30 25
16 9
34 28
32 17
25 14
25 23
31 22
34 11
33 29
26 21
9 8
32 28
34 29
20 13
30 11
32 28
29 22
34 10
26 11
33 8
27 26
24 23
31 26
30 29
20 10
18 12
34 6
30 14
17 9
32 20
34 22
16 13
33 25
32 17
33 15
31 16
30 9
18 13
24 9
22 19
31 21
22 21
12 7
26 21
24 11
30 15
33 9
31 30
31 6
34 9
30 24
13 12
31 25
27 10
20 19
25 14
11 8
27 8
32 29
11 8
24 16
27 11
32 24
22 9
20 7
13 2
20 6
20 7
18 15
30 13
30 26
17 13
11 8
23 9
11 9
14 13
12 10
12 8
27 6
31 16
8 6
33 18
18 15
31 26
25 16
33 25
14 10
24 14
20 14
22 14
26 8
29 15
33 6
23 6
21 7
13 10
32 11
27 22
30 9
26 19
26 24
16 15
13 12
29 24
11 8
25 7
25 17
34 33
8 6
25 10
26 11
34 32
17 16
17 12
20 9
34 28
22 19
29 22
15 11
30 26
31 13
20 6
34 14
23 17
30 25
32 23
32 9
26 25
33 6
21 14
27 7
27 12
21 20
26 24
17 10
30 9
30 11
23 8
23 8
25 10
33 22
26 16
16 6
28 12
18 12
33 24
26 13
24 8
30 24
27 23
25 17
28 27
28 6
34 13
34 12
29 9
15 9
32 26
25 14
9 7
29 11
23 13
23 14
11 8
29 14
9 7
31 14
17 15
32 6
24 15
33 23
31 9
27 12
31 30
15 11
15 11
31 12
29 12
33 32
33 27
26 13
29 15
20 6
28 16
26 11
28 8
34 17
18 13
21 10
23 6
33 29
33 32
20 14
34 26
25 11
12 6
8 7
29 16
23 18
28 22
21 14
22 17
22 17
30 18
28 8
17 6
26 21
23 20
33 30
17 9
23 18
23 12
22 13
27 17
15 10
28 9
23 16
34 8
17 11
20 9
21 10
27 10
19 12
31 30
28 15
29 24
33 10
29 20
28 12
21 9
32 16
29 11
20 19
25 11
34 29
30 11
22 9
24 17
28 15
30 7
32 30
33 20
26 9
31 11
32 30
30 18
33 31
34 25
19 9
32 11
33 9
29 13
14 13
31 27
27 19
24 6
26 9
27 21
21 20
34 23
26 18
17 12
33 31
30 29
33 21
19 13
32 18
29 26
30 26
34 25
25 6
31 29
30 14
22 14
27 26
24 20
21 18
21 13
34 17
16 9
20 17
22 9
22 2
29 23
28 21
29 15
30 21
26 9
31 24
20 8
13 7
28 21
17 12
23 17
27 13
30 26
28 6
27 16
22 2
11 8
34 25
18 15
29 6
33 7
10 9
17 7
34 11
34 28
34 15
32 28
20 10
21 12
30 26
33 9
32 10
34 23
31 19
12 6
29 23
30 14
19 13
20 12
29 11
17 9
30 27
26 14
21 18
32 25
19 13
24 20
29 10
29 11
29 12
12 9
26 13
29 15
22 14
31 17
23 9
27 16
33 28
18 7
26 14
15 14
29 8
30 29
31 27
30 24
31 6
20 16
22 7
24 8
25 23
25 7
25 8
25 9
28 27
31 14
32 21
31 19
30 23
18 11
32 19
25 18
22 13
27 14
32 8
25 10
26 12
34 27
26 19
34 9
32 12
34 7
21 9
30 18
12 11
29 27
16 15
28 8
32 24
19 10
31 16
20 7
27 11
32 26
33 25
18 10
22 16
31 30
30 22
24 16
25 10
34 10
32 24
19 9
33 30
26 8
30 21
14 6
21 14
31 27
29 11
21 16
20 11
28 6
28 6
24 18
30 23
12 7
20 11
23 16
22 14
28 12
31 7
24 18
24 9
33 29
11 6
26 10
34 6
34 27
28 22
31 16
11 8
23 6
34 8
24 18
24 11
28 22
18 7
33 8
34 24
28 23
23 17
17 14
14 7
33 16
27 15
28 26
25 23
29 15
30 15
28 25
24 8
26 6
12 11
31 19
31 19
29 21
28 19
30 12
12 7
32 15
23 17
25 8
30 22
15 10
24 9
30 27
22 14
24 7
12 6
25 18
24 16
20 11
33 26
15 12
28 15
34 10
29 18
20 12
16 6
32 25
25 18
22 9
29 19
26 18
25 13
28 18
29 28
15 12
26 24
25 18
29 27
32 18
28 16
26 25
23 22
32 9
17 16
20 11
30 8
27 10
19 14
14 10
10 7
29 21
28 6
29 23
14 10
33 21
20 7
32 24
27 20
21 20
25 20
22 16
27 18
33 23
15 11
25 15
32 26
