34 900
12 22
25 15
24 17
9 11
21 16
9 19
12 16
22 14
14 19
25 13
21 17
14 18
14 19
23 18
22 15
16 17
19 15
19 18
9 13
25 23
14 15
25 11
24 10
11 12
20 16
10 16
11 23
25 18
25 19
15 17
10 14
12 19
10 18
23 17
24 13
12 17
13 20
11 15
12 13
15 16
10 18
21 16
25 15
25 22
12 19
25 16
10 17
14 16
9 20
25 19
10 16
11 19
19 17
18 16
25 16
12 14
25 21
24 13
10 17
10 20
22 14
11 22
21 15
25 17
21 18
24 13
11 20
21 15
19 15
10 13
13 16
20 16
21 19
20 15
21 16
9 14
10 12
20 17
13 17
21 18
24 15
9 13
23 19
13 17
9 25
25 23
20 18
11 12
24 22
24 16
20 15
14 18
23 12
23 20
9 15
10 19
10 23
13 14
10 19
10 11
11 14
22 15
13 21
9 19
22 17
10 14
10 12
19 16
23 15
9 22
20 16
20 17
13 19
21 17
18 17
11 20
10 15
13 19
13 15
13 14
12 16
11 17
15 17
25 16
21 17
25 13
24 12
24 20
14 15
9 19
21 20
24 17
25 24
9 14
9 11
13 19
12 14
24 13
24 19
25 14
10 21
20 19
25 22
10 15
9 12
24 11
24 22
21 17
9 10
25 13
22 16
9 17
25 10
21 19
11 13
23 16
9 16
9 13
21 20
10 14
23 12
25 12
9 11
24 21
25 12
9 21
9 18
14 16
10 22
9 22
24 14
13 16
10 14
11 19
9 24
25 19
25 24
10 11
23 12
12 19
23 12
11 21
10 13
13 16
10 23
23 17
18 17
13 18
10 13
14 17
24 12
9 22
15 18
9 22
21 15
20 15
10 12
9 15
20 17
10 20
12 17
11 18
14 15
25 18
11 22
23 21
22 16
24 15
9 16
15 17
12 22
9 23
23 13
22 17
19 18
25 11
25 14
13 14
11 19
24 18
10 11
13 21
10 22
19 16
23 20
13 21
11 23
22 12
13 14
25 13
20 15
22 15
12 21
25 21
20 19
10 12
12 21
25 10
21 18
14 18
13 18
13 14
9 15
10 14
12 22
13 18
20 15
10 18
12 17
21 20
25 13
10 12
10 24
11 19
25 16
23 16
12 16
11 18
14 16
14 20
13 20
22 13
11 17
24 19
24 15
25 22
11 16
10 15
10 11
24 16
22 18
9 22
22 16
25 22
25 20
22 19
11 12
11 15
25 11
9 10
15 19
11 21
12 20
24 18
20 17
10 20
12 20
14 17
13 19
11 19
9 16
9 10
11 20
19 16
24 18
20 17
25 17
14 17
10 23
15 18
23 15
10 21
10 20
23 13
24 18
9 23
13 18
19 15
13 18
24 20
15 17
24 18
25 24
9 23
9 12
12 17
9 19
13 15
9 11
23 13
24 15
14 17
11 15
14 18
25 10
22 17
10 15
18 16
18 17
15 18
12 21
21 16
9 19
25 10
10 23
10 21
12 22
22 18
10 14
12 14
12 21
11 15
25 17
25 16
9 22
21 20
12 14
9 22
11 16
12 19
22 20
22 12
20 15
20 15
20 19
9 10
21 16
19 17
22 13
9 14
16 17
21 15
24 16
10 15
25 9
22 13
14 17
12 18
21 14
12 21
12 14
14 19
15 17
24 16
12 13
13 19
11 18
20 18
23 20
11 14
24 20
25 12
10 23
13 17
19 18
12 21
25 14
24 16
21 16
25 14
20 18
10 18
10 11
23 17
24 20
10 19
24 12
10 18
21 20
20 17
21 19
9 14
9 18
23 13
24 17
13 15
11 21
13 20
24 18
11 22
10 16
10 23
25 21
23 12
21 20
9 21
21 14
23 20
18 17
25 10
15 18
23 16
23 19
9 14
14 18
12 15
21 13
22 21
12 17
20 14
21 14
9 23
10 22
12 19
25 19
22 18
11 15
9 14
11 22
14 17
9 16
10 14
22 13
11 22
23 12
11 15
23 12
23 22
25 11
25 16
20 16
9 11
23 22
10 12
23 21
24 13
11 18
22 15
10 21
25 21
15 18
9 10
22 13
21 15
10 17
23 17
23 11
10 13
9 23
24 17
24 19
11 20
21 17
12 19
25 19
22 20
9 11
9 17
13 15
20 18
11 20
10 11
24 16
21 19
9 22
25 22
24 12
10 18
23 17
25 17
12 13
25 10
10 16
25 12
21 18
11 20
12 15
9 15
24 14
10 16
25 21
25 10
19 17
25 17
23 16
21 14
9 22
9 10
19 17
13 15
25 15
10 17
20 15
20 17
13 16
23 16
15 16
22 18
9 17
18 16
12 16
10 19
21 17
9 14
20 15
23 17
14 18
10 13
11 22
25 23
10 17
11 16
15 16
11 17
19 15
25 18
24 13
10 18
14 15
22 16
19 15
10 11
18 16
22 20
24 22
11 14
22 17
10 11
15 19
12 20
15 18
24 19
22 15
12 22
23 22
22 19
21 13
25 14
9 16
13 14
12 18
21 17
23 12
25 20
24 10
24 19
24 16
11 12
10 12
24 10
25 22
23 15
10 12
11 19
25 17
9 14
24 13
24 18
13 16
19 16
10 24
23 15
13 17
9 13
21 19
11 23
18 16
23 22
10 20
20 14
21 14
13 14
22 19
21 14
10 22
25 17
25 15
11 21
9 10
19 16
23 19
11 16
24 21
12 21
25 13
9 15
24 10
9 18
10 24
10 18
9 19
9 11
12 22
9 11
9 25
10 11
9 22
24 15
24 14
24 14
12 18
25 13
23 22
24 16
25 20
12 20
9 19
22 21
24 17
12 19
23 19
20 15
13 20
24 13
10 14
13 18
14 18
9 14
22 17
24 11
9 13
9 22
21 16
13 14
11 22
14 15
24 13
9 24
13 15
25 13
20 14
25 13
25 22
22 16
23 18
19 17
21 20
9 16
9 16
9 18
11 20
22 14
9 19
10 19
14 18
25 17
12 17
12 18
22 21
21 16
25 14
23 18
21 17
9 20
22 14
23 22
25 22
23 12
10 17
10 22
12 20
13 15
23 22
14 17
10 21
21 18
22 15
11 16
9 23
20 19
18 17
23 20
24 14
12 15
9 14
21 16
10 19
14 19
21 16
14 16
24 16
24 11
9 14
12 22
14 17
12 15
22 18
9 23
11 20
14 15
16 17
18 17
11 19
20 18
13 14
24 18
24 22
24 18
24 13
14 17
22 13
20 17
24 15
9 13
24 23
9 12
10 14
10 12
10 24
9 17
11 20
14 19
12 17
21 16
9 19
23 11
14 15
9 23
13 17
10 17
15 17
21 20
11 16
9 14
24 12
9 15
21 13
22 20
25 21
13 17
9 18
12 21
11 23
14 17
9 24
23 20
14 15
24 21
19 17
10 14
15 17
23 22
9 14
9 24
11 20
14 15
19 17
9 17
23 15
23 16
25 23
22 13
10 24
13 17
9 10
11 21
9 25
12 14
20 15
23 22
9 20
14 15
11 17
14 19
23 11
13 14
11 20
24 13
22 12
22 16
11 23
12 21
24 21
12 13
25 11
12 20
9 13
12 20
10 21
24 15
22 13
25 18
10 16
22 13
22 21
22 14
12 13
12 19
24 20
12 14
23 13
11 20
11 20
21 13
19 15
10 22
11 16
19 18
25 21
12 14
11 21
20 14
12 18
12 21
12 14
24 12
22 18
9 11
22 14
11 12
9 15
20 17
24 11
10 14
9 12
12 15
9 15
12 14
12 22
22 19
11 14
21 19
11 16
22 17
22 13
11 13
22 17
10 18
25 13
15 17
11 22
14 19
19 16
25 14
23 17
24 13
9 16
10 19
24 21
14 19
25 10
25 20
10 14
21 15
20 16
22 19
18 17
16 18
12 13
25 18
23 17
22 21
9 11
10 14
16 18
22 21
10 20
25 22
22 19
13 18
10 11
14 17
20 18
5 9
4 10
8 11
29 12
33 13
6 14
31 15
30 16
34 17
3 18
28 19
27 20
7 21
2 22
1 23
26 24
32 25
