26
200
18 12
3 22
2 21
15 20
15 10
21 7
22 19
15 26
19 12
2 9
2 25
4 22
6 21
21 10
16 25
23 21
1 2
7 11
19 25
4 13
22 8
18 22
13 5
3 6
11 14
20 21
18 16
3 1
20 2
25 26
1 20
15 17
21 24
4 2
9 24
10 25
7 1
5 4
19 16
22 2
14 6
25 7
15 13
21 15
8 23
11 25
2 23
1 14
7 24
26 22
21 17
25 3
2 24
20 25
1 4
10 17
9 1
12 14
23 7
2 16
20 5
9 14
2 13
8 17
12 26
22 10
18 7
22 9
2 18
25 17
9 16
11 16
13 6
12 3
21 19
3 4
15 24
8 11
25 9
20 12
4 25
15 22
21 8
6 23
25 24
2 12
24 5
11 26
10 12
17 5
25 13
6 2
3 13
17 12
17 14
25 21
11 17
9 4
24 1
18 21
3 10
24 12
20 10
23 17
17 7
20 7
15 14
24 20
13 11
17 6
12 5
23 4
26 16
3 23
4 12
19 17
5 3
20 3
6 7
2 15
4 16
23 26
5 22
18 23
8 9
17 1
18 1
22 16
20 13
12 21
26 21
25 8
1 25
8 13
1 13
9 5
10 9
25 12
18 17
2 14
5 18
2 7
14 24
8 24
22 23
20 22
10 11
8 16
22 11
13 19
5 26
24 17
13 10
7 22
2 11
16 24
15 9
4 15
12 15
8 26
2 8
5 10
17 4
6 22
3 7
1 10
12 11
11 19
18 6
4 14
19 1
9 13
19 10
8 1
20 16
9 11
22 21
5 2
17 16
6 11
19 20
16 12
7 16
17 22
1 5
2 10
13 22
16 23
26 4
8 6
10 6
15 25
13 21
19 6
14 16
22 1
3 8
12 9
23 12
24 18
200
12 13
6 24
22 6
19 20
9 21
4 26
7 11
17 18
21 2
6 8
25 11
12 14
16 6
23 7
22 3
2 1
2 12
15 25
6 20
10 20
18 23
8 12
13 14
6 2
24 20
7 2
10 23
11 5
4 14
17 23
16 11
1 3
11 14
16 12
5 7
19 11
22 9
10 14
26 23
1 18
24 26
10 6
13 24
4 12
9 10
25 19
22 14
2 19
20 3
7 22
1 21
2 15
20 23
16 18
11 1
26 3
20 16
7 25
4 1
14 5
19 13
17 3
25 2
21 13
1 16
16 23
5 17
15 8
10 24
10 4
17 15
13 18
9 14
8 19
1 23
8 3
18 15
16 21
17 24
22 17
5 10
15 14
13 10
2 18
24 5
21 19
19 1
19 16
3 5
2 13
14 1
15 24
19 10
4 3
16 15
8 5
13 22
8 21
26 22
22 15
1 22
18 14
15 3
24 23
17 7
14 21
10 2
18 5
17 26
25 14
17 21
17 13
7 10
17 6
15 4
11 26
14 24
17 16
7 24
8 13
12 3
20 13
25 20
25 1
3 13
1 20
4 16
18 21
6 9
4 7
2 3
26 8
25 9
19 4
7 18
2 14
4 24
16 5
22 4
21 25
26 12
18 25
10 17
23 15
22 16
21 12
22 12
1 26
12 6
19 14
6 5
23 11
25 22
22 23
13 9
8 22
5 12
10 1
3 9
7 14
21 20
18 26
15 26
11 20
10 18
3 21
2 4
15 6
24 3
15 11
18 20
3 19
18 19
14 20
5 13
12 23
20 12
17 19
17 2
13 11
18 22
8 7
5 15
26 13
19 24
10 21
18 3
12 9
24 2
8 24
16 26
12 15
22 21
19 23
14 8
2 16
23 2
16 13
19 15
9 4
