30
135
16 21
24 5
13 26
30 7
29 27
20 26
10 28
17 13
29 6
1 21
19 20
13 3
3 6
3 2
5 18
29 13
29 17
13 6
10 18
12 15
27 1
17 6
22 14
7 4
4 25
15 2
6 23
2 8
10 30
11 4
29 9
13 2
1 9
17 2
17 9
27 23
10 7
22 21
16 9
16 1
26 27
13 27
8 19
3 26
14 5
26 15
17 27
27 3
19 26
1 6
19 12
1 17
30 4
14 16
20 2
11 25
26 12
9 18
28 4
9 24
8 15
22 30
29 1
11 10
5 4
24 21
7 11
22 24
10 24
30 11
11 5
20 8
21 14
3 9
18 11
24 14
2 23
21 18
3 23
17 21
4 22
8 13
22 7
10 14
5 21
23 20
18 22
1 14
22 5
12 8
15 13
10 5
9 6
6 16
25 30
29 3
28 11
8 23
17 16
16 18
23 13
6 2
19 15
9 21
26 23
27 8
16 5
17 3
16 24
24 18
2 26
4 24
25 7
6 27
25 28
15 20
14 18
7 5
1 3
14 29
26 8
20 12
24 1
29 21
18 4
16 29
12 23
15 23
9 14
28 7
10 4
27 2
11 22
22 10
30 28
135
27 30
7 8
30 28
19 23
25 20
10 8
21 7
28 3
11 13
15 18
6 24
30 6
15 12
1 10
29 2
17 7
20 5
5 25
3 10
1 4
4 10
3 26
30 3
25 6
30 24
18 25
4 16
29 13
26 24
2 13
8 26
28 5
26 10
29 18
27 9
19 17
5 9
27 20
5 18
12 2
29 25
22 11
15 13
28 24
20 18
19 21
14 23
16 21
17 21
15 20
22 12
22 20
10 19
7 23
6 27
30 25
28 9
24 27
9 30
8 16
24 5
26 30
27 5
29 22
6 15
7 1
9 4
16 1
6 12
14 28
11 29
13 22
9 24
7 14
20 9
20 30
26 14
14 1
26 28
25 15
16 19
28 4
1 8
27 15
20 6
16 10
16 7
22 15
4 14
3 8
12 18
12 13
2 18
27 25
8 4
26 9
17 23
18 6
11 12
19 7
21 23
19 1
17 16
10 7
3 14
18 22
29 12
26 1
4 24
10 23
1 17
18 13
8 14
1 23
14 16
3 4
5 6
25 12
28 8
12 20
3 9
6 9
14 10
5 15
22 2
30 5
27 28
16 23
22 25
2 11
3 24
27 3
15 29
24 8
4 26
