30
146
20 7
15 14
9 25
11 2
9 7
28 29
3 1
14 24
26 15
9 24
5 11
15 28
12 13
2 4
23 12
27 1
13 10
15 18
10 4
7 1
30 10
21 2
5 15
15 21
6 17
1 17
13 1
18 12
6 29
11 30
20 8
25 3
30 6
14 7
1 20
15 13
22 28
20 21
22 25
23 1
21 5
12 3
27 29
24 7
25 26
1 30
30 14
4 28
24 5
22 23
20 11
13 5
10 21
23 16
10 3
15 27
1 10
18 27
10 27
19 27
18 28
28 12
30 12
7 8
5 4
7 26
24 6
8 24
25 11
17 8
8 22
21 19
3 23
17 5
23 27
24 16
9 4
9 15
26 9
13 7
27 28
3 24
13 22
23 17
20 17
10 29
4 20
11 23
20 24
25 1
5 28
8 4
28 11
13 6
4 16
6 22
29 1
8 13
17 22
14 11
22 24
4 30
6 7
13 20
19 24
13 21
18 20
7 16
19 20
20 10
5 19
18 22
10 28
7 3
6 4
21 24
22 20
14 19
30 9
29 14
17 13
27 17
19 4
16 25
9 19
17 21
21 1
23 25
27 6
21 8
30 23
29 25
15 16
23 28
18 7
19 12
23 24
14 8
28 17
2 19
28 1
21 27
12 11
21 28
16 1
8 19
82
17 19
11 17
5 23
22 20
9 15
30 15
27 6
9 29
8 2
4 14
29 28
13 4
13 20
24 21
5 13
2 17
22 21
19 25
12 21
27 28
29 30
12 6
21 16
6 9
18 14
10 5
5 19
22 3
21 18
18 16
18 4
11 14
28 25
3 6
9 24
26 12
28 23
30 13
27 24
8 14
28 3
27 1
1 28
28 24
7 8
20 27
29 7
2 10
29 16
18 20
1 22
19 27
15 20
6 7
27 30
3 14
11 9
8 21
22 28
15 10
30 16
1 29
15 21
10 7
3 7
11 7
26 29
26 30
13 12
7 27
13 28
18 5
5 7
27 25
13 26
8 18
13 23
8 3
14 13
22 7
2 11
15 7
