30
55
22 2
12 14
24 4
14 11
30 6
18 23
11 12
17 12
6 10
21 28
8 26
5 7
25 15
30 10
1 13
24 16
29 20
2 26
9 23
1 8
13 8
18 20
1 2
14 17
13 26
2 13
30 21
25 3
29 23
2 7
30 28
9 3
4 11
27 15
20 11
15 3
25 9
17 11
21 19
27 3
16 4
27 9
21 10
15 9
4 21
28 10
25 27
2 8
5 19
1 26
20 23
21 6
6 28
7 19
29 18
55
16 12
8 11
14 23
5 17
25 4
25 18
25 19
18 21
8 29
10 29
17 24
13 15
10 17
29 17
11 9
30 3
19 21
16 27
11 15
14 8
2 8
4 21
4 19
30 1
1 8
28 12
6 12
9 15
5 10
10 24
13 11
24 29
26 7
20 23
29 5
12 27
6 28
28 16
25 8
8 28
25 21
27 28
13 9
3 22
3 1
18 19
18 4
5 24
6 27
2 7
14 20
26 2
1 22
6 16
22 30
