30
76
19 9
7 12
16 8
24 19
17 1
27 24
27 28
9 5
19 27
10 23
11 23
17 11
25 3
24 28
20 9
30 27
11 1
2 3
27 5
8 26
18 16
7 20
14 3
11 10
28 9
19 30
25 16
21 20
29 14
5 28
6 26
24 30
29 3
19 28
29 2
8 25
24 5
9 24
22 10
30 5
13 14
13 2
15 7
2 14
26 18
6 16
6 8
27 9
22 12
10 17
22 7
24 2
25 6
9 30
18 25
7 21
25 4
13 29
1 10
22 20
18 6
21 12
18 8
15 22
22 21
3 13
1 23
12 20
20 15
19 5
30 28
12 15
17 23
16 26
21 15
25 26
64
7 4
18 16
1 15
3 12
21 26
8 15
30 29
13 22
19 30
2 13
27 18
28 20
5 12
6 12
29 23
2 22
3 11
17 25
29 6
13 26
27 4
1 5
6 30
18 2
5 11
28 14
8 28
27 16
7 27
20 15
10 28
7 16
28 15
20 10
24 13
10 15
1 12
13 21
19 23
21 24
8 10
26 22
11 12
21 2
6 23
7 18
30 23
21 22
3 1
17 9
24 26
26 2
26 25
5 3
1 11
20 8
4 18
9 25
19 29
19 6
4 16
2 24
24 22
16 19
