26
200
22 7
15 26
15 24
21 24
20 26
26 6
25 3
6 16
16 17
19 25
5 2
14 21
5 16
16 2
24 13
26 4
23 9
22 24
12 11
19 1
25 2
10 25
14 26
2 19
12 25
18 1
11 24
20 4
2 4
4 21
22 8
6 5
18 13
23 14
26 25
22 1
15 10
13 5
1 3
19 7
5 22
17 26
21 12
6 11
10 8
16 13
5 15
20 11
23 2
25 9
24 18
2 12
17 23
1 17
20 3
18 10
24 6
1 24
14 6
20 14
4 22
6 22
23 25
23 12
5 26
14 7
10 5
25 24
14 9
5 14
19 6
13 17
6 25
11 16
26 21
1 11
13 21
15 2
10 26
16 9
20 2
2 11
24 10
6 23
12 4
15 13
23 8
25 17
3 14
15 19
24 26
4 24
26 1
8 3
16 18
19 17
14 2
4 17
21 10
13 4
10 19
7 5
22 16
20 13
5 1
23 1
24 5
12 18
7 2
16 23
3 26
8 18
10 1
9 6
12 26
26 13
17 10
23 3
25 11
8 2
8 6
13 6
13 12
23 11
3 7
3 18
23 21
7 9
17 7
12 17
24 8
2 13
19 16
6 10
15 12
11 7
12 10
1 15
21 19
16 8
19 8
13 22
12 5
5 25
6 2
4 1
6 4
25 16
26 7
24 16
4 25
11 14
24 2
20 17
26 16
9 13
8 14
7 8
20 23
24 19
14 16
15 7
7 25
17 14
3 15
19 23
2 22
26 11
24 12
23 26
7 13
20 16
7 23
16 15
23 5
22 15
14 12
9 20
21 6
23 24
10 13
10 9
1 21
20 1
17 22
3 22
4 15
20 18
20 10
13 1
13 25
9 2
20 12
1 25
15 17
8 25
14 22
22 23
25 22
12 3
200
20 12
2 8
20 21
26 25
16 22
9 3
14 26
24 4
22 18
10 15
4 25
3 6
10 8
22 13
2 18
24 14
12 11
15 23
7 17
14 12
7 10
4 10
15 21
4 8
26 17
11 16
4 11
13 15
4 19
12 7
7 11
17 9
16 1
2 22
26 15
3 4
25 1
5 9
20 8
10 2
24 12
20 10
17 8
17 2
21 2
6 21
6 22
17 25
2 6
8 7
5 18
19 25
26 18
1 24
24 11
16 23
1 6
8 14
16 18
5 7
1 19
7 1
14 4
13 21
19 22
8 24
21 10
11 10
5 8
15 1
4 9
7 6
26 13
6 26
18 23
8 23
5 15
4 2
9 10
18 25
23 13
13 19
18 9
17 5
12 19
24 26
6 23
20 26
19 16
11 8
13 16
21 24
8 15
9 21
7 16
26 2
5 23
8 13
4 1
23 12
3 7
20 1
15 19
18 8
9 7
20 14
23 17
26 7
16 17
1 22
14 1
18 15
15 6
9 25
18 24
26 11
21 14
10 6
15 11
24 9
20 23
3 19
21 4
1 21
3 20
25 16
3 5
17 4
13 6
5 19
21 17
19 8
11 13
19 26
7 15
3 11
9 22
15 4
24 17
22 24
14 2
7 2
13 24
25 22
25 20
14 6
25 5
24 3
3 1
6 11
5 24
25 7
14 19
21 5
5 10
8 21
25 6
15 12
13 4
10 3
12 6
21 12
15 20
23 24
24 15
18 1
11 5
19 9
26 5
12 18
11 23
11 19
8 12
19 24
9 26
26 1
15 22
19 20
13 5
25 12
1 11
14 3
1 9
23 25
14 17
18 21
1 2
5 6
14 16
20 7
8 9
1 8
14 7
22 17
16 15
16 3
18 19
19 23
10 19
9 15
