30
175
30 10
14 27
8 18
20 7
6 17
6 30
21 28
4 7
11 8
10 3
19 2
12 6
30 17
6 1
8 22
13 3
2 24
22 24
11 1
24 25
23 4
28 8
5 22
19 7
2 15
11 26
6 20
1 16
10 9
23 2
18 12
25 4
17 7
30 13
28 15
25 5
16 3
15 24
11 22
28 23
16 22
17 27
14 25
3 19
13 1
26 15
2 4
10 8
4 5
15 12
6 18
26 3
30 27
7 2
20 18
5 29
9 25
22 30
23 19
24 12
1 10
24 21
14 26
5 23
27 21
10 12
22 25
10 20
24 10
25 12
20 28
30 1
10 2
8 27
23 27
24 3
3 29
29 17
20 17
23 1
23 16
26 13
25 23
16 17
19 27
8 20
11 23
15 7
29 9
2 28
22 18
28 14
28 3
8 14
1 12
18 14
4 15
9 1
23 3
24 18
4 20
13 14
5 6
26 29
27 7
5 19
25 20
29 25
17 26
19 20
28 9
17 19
19 16
20 22
18 11
19 30
30 14
13 6
14 11
14 12
14 15
17 12
24 8
4 12
17 3
24 6
17 25
24 30
4 3
6 27
28 17
21 16
8 9
3 22
13 25
15 3
10 11
18 16
15 22
16 13
9 26
18 17
7 21
30 16
24 29
13 7
21 23
24 28
24 20
25 15
7 8
21 6
3 20
11 16
26 30
22 12
22 14
6 2
4 14
9 6
14 10
2 5
13 10
8 23
15 23
5 13
6 15
9 18
17 23
18 4
25 3
6 3
30 3
30 20
26 8
157
19 15
15 14
20 3
11 5
3 17
4 10
19 23
6 19
18 30
5 26
7 28
10 1
10 18
12 11
1 7
29 17
7 16
26 20
9 14
16 2
4 13
8 27
27 2
14 23
3 29
23 17
1 19
14 29
28 22
6 4
10 12
22 29
22 12
25 21
23 16
25 13
25 12
21 28
14 12
21 10
8 19
18 24
3 5
13 15
24 11
25 4
2 6
20 16
1 17
9 5
2 22
8 11
16 28
3 2
8 17
5 29
3 9
21 11
13 2
18 14
4 20
19 26
26 15
9 27
21 13
9 12
6 14
7 29
5 12
22 7
1 9
11 9
21 29
13 30
25 15
3 1
12 27
30 19
27 18
1 14
23 25
23 21
7 21
4 9
13 23
4 3
16 22
3 23
27 30
30 25
17 30
19 28
25 2
6 11
14 27
25 16
19 10
25 17
6 9
17 11
13 24
15 30
11 30
25 6
18 20
22 23
11 28
30 9
2 8
26 10
6 26
26 17
23 12
19 16
14 26
29 2
9 17
1 5
13 7
1 18
30 29
4 8
22 25
14 24
17 15
16 9
4 11
24 30
4 21
8 22
1 22
18 29
26 18
25 7
7 8
17 20
13 1
7 4
24 9
2 1
11 2
12 3
13 9
6 15
4 16
3 14
22 13
8 14
11 22
26 11
29 24
21 2
24 28
29 13
20 10
11 13
22 26
