30
57
12 29
11 13
23 5
6 11
19 16
7 17
8 14
18 7
22 28
19 2
3 10
1 21
26 18
30 4
1 13
1 18
26 5
5 14
15 9
29 4
6 13
18 17
12 20
2 27
12 15
29 20
7 26
21 17
10 19
24 30
28 10
4 24
20 4
11 25
22 3
25 22
21 13
9 12
16 30
27 28
10 27
3 28
6 25
23 8
15 20
29 30
7 5
1 17
2 24
14 23
26 23
19 27
6 22
21 11
16 2
24 16
3 25
57
21 2
30 28
26 4
14 20
28 6
12 8
30 22
2 5
16 11
2 24
15 17
25 12
22 9
4 27
21 3
19 15
13 16
13 25
18 2
26 9
29 5
4 14
10 19
21 5
7 11
1 29
26 27
30 9
8 1
12 29
18 21
16 25
30 26
24 18
10 15
20 24
9 4
29 3
3 1
18 20
22 28
7 16
8 13
25 8
15 7
17 19
27 20
5 3
17 11
27 14
22 6
23 10
12 1
11 13
7 17
14 24
23 19
