30
200
28 24
25 26
16 23
3 20
15 29
19 2
10 3
27 14
28 11
17 27
17 14
20 24
27 11
12 19
28 29
16 24
27 9
25 27
15 25
20 28
7 27
8 29
13 24
8 7
2 15
28 18
3 28
9 19
18 26
22 16
27 12
23 7
26 30
7 3
3 29
11 21
8 24
3 16
18 13
4 19
26 3
5 26
14 16
8 10
29 18
20 23
17 19
15 4
5 27
11 6
7 6
15 12
7 10
22 13
5 13
13 28
9 25
13 29
8 23
24 6
16 21
12 14
8 15
5 4
12 23
10 25
24 21
16 13
22 5
19 23
30 13
13 3
28 19
17 3
20 6
19 20
4 23
29 12
11 18
19 6
6 13
16 27
5 12
14 29
24 5
24 10
18 27
17 29
30 5
25 6
26 12
5 11
1 23
19 26
24 14
29 6
18 6
1 12
28 25
2 26
23 28
6 5
2 27
26 7
9 14
29 4
2 3
27 3
26 16
26 15
13 8
18 12
13 14
9 23
6 9
25 23
28 30
30 21
9 3
10 27
15 1
16 28
20 8
16 1
20 11
17 2
29 7
22 7
29 1
19 11
12 10
1 19
30 29
6 27
15 28
25 7
17 5
14 23
15 22
16 11
4 1
4 22
8 26
5 25
20 21
22 28
3 15
5 14
3 19
8 19
22 10
21 14
14 3
8 5
14 8
5 2
28 14
10 26
30 3
26 14
25 8
23 13
4 24
23 27
17 4
18 22
15 19
2 23
24 12
14 30
15 6
27 4
25 30
1 24
21 27
2 8
21 19
3 21
23 11
11 15
8 30
3 22
8 11
22 11
28 8
9 21
16 7
1 18
25 22
21 13
5 3
27 15
29 24
9 5
2 21
5 1
17 26
9 18
20 9
2 18
200
23 24
14 6
19 21
2 25
12 13
11 2
23 10
25 21
8 18
15 10
5 15
24 13
18 20
24 21
23 22
23 11
16 24
24 8
1 3
27 25
21 22
15 7
9 22
7 25
23 5
13 9
13 15
8 4
9 21
11 1
28 8
17 22
25 30
13 5
20 16
23 29
5 9
11 22
24 14
27 9
18 30
28 10
26 9
5 3
14 17
30 1
4 12
8 6
18 1
14 27
8 26
27 12
16 26
9 2
12 3
28 19
3 13
30 21
27 22
23 25
18 22
20 3
15 26
16 8
13 10
10 25
20 30
18 17
21 13
8 10
6 9
9 25
11 8
13 4
6 27
26 5
28 5
15 16
17 29
4 6
24 2
13 16
9 23
11 17
13 28
15 17
18 2
21 5
1 14
7 5
3 2
29 18
2 23
8 1
28 29
17 20
26 6
16 22
18 14
17 4
11 19
19 24
19 18
4 19
30 16
28 3
28 30
23 13
14 11
3 29
25 22
30 11
26 10
27 11
26 1
26 11
25 18
17 6
23 30
7 2
15 8
18 3
12 7
6 24
14 7
20 28
13 18
5 12
23 20
14 2
28 6
21 27
20 26
16 4
21 28
17 12
7 27
6 1
14 25
4 2
28 17
28 2
11 5
9 12
27 15
14 26
16 27
8 9
9 30
21 8
12 6
13 29
14 5
12 23
3 8
1 10
15 25
5 17
16 14
16 6
20 21
15 20
15 1
4 14
18 5
22 15
22 4
20 1
15 14
25 19
30 5
19 16
12 21
2 22
3 16
2 20
10 24
19 5
3 9
28 22
11 25
12 29
12 25
24 30
23 3
11 28
19 10
6 30
1 12
3 15
3 14
29 25
18 12
17 16
14 22
8 23
24 5
24 15
13 8
22 20
