30
199
29 27
19 25
14 28
2 18
6 9
22 28
18 14
6 11
27 5
20 6
26 22
11 19
18 8
13 25
25 11
9 14
28 26
5 7
19 22
27 11
17 6
28 29
3 9
19 17
25 17
26 12
22 8
11 7
9 20
4 1
3 6
9 22
28 6
9 7
2 20
9 27
27 26
14 8
5 29
22 11
26 2
5 22
25 8
20 8
3 29
29 8
11 14
8 9
19 9
5 28
14 2
14 25
22 27
7 29
2 27
30 23
6 19
19 12
28 8
22 20
22 25
12 8
12 5
3 27
11 12
8 3
5 18
22 6
7 27
6 8
26 9
12 22
27 6
18 22
25 7
17 29
4 13
12 7
12 25
29 14
14 19
26 8
26 17
26 7
29 26
23 15
5 26
2 12
21 10
29 12
20 12
5 20
27 18
18 25
5 14
18 3
28 11
28 17
6 7
7 28
5 2
24 30
5 8
3 17
6 26
19 26
2 22
12 28
18 7
29 20
2 7
12 6
17 12
9 12
14 26
28 18
27 17
9 29
2 11
19 8
9 28
22 17
28 3
2 6
25 9
17 7
3 19
15 16
26 25
7 19
14 7
11 17
12 27
26 20
6 29
22 7
26 11
3 14
12 14
2 3
7 3
19 28
9 2
20 7
12 18
11 18
25 28
8 11
17 8
9 18
27 28
22 14
14 17
26 3
11 20
9 11
22 29
19 27
9 5
6 18
19 18
29 25
20 17
27 14
3 25
29 18
3 20
22 3
16 10
19 2
6 14
17 18
20 25
8 27
25 5
5 3
3 12
6 5
2 28
6 25
2 17
5 11
28 20
14 20
18 20
29 19
3 11
18 26
17 9
7 8
19 20
27 20
29 11
17 5
21 1
27 25
2 8
5 19
2 29
200
19 16
11 24
18 4
30 4
15 7
18 14
10 4
23 13
22 4
22 19
1 28
25 18
22 30
10 19
18 3
27 30
22 24
19 23
10 24
18 1
6 19
19 20
16 27
3 23
28 16
25 4
24 16
25 24
22 14
3 19
19 2
28 20
11 2
25 3
14 6
27 3
10 22
1 4
6 20
11 1
10 6
11 18
13 28
18 13
28 23
7 29
2 14
27 28
18 24
22 3
2 10
28 4
11 13
24 30
1 19
20 2
12 27
18 19
27 6
1 30
4 11
30 10
23 25
30 19
28 24
27 24
10 13
28 2
6 4
23 16
27 13
16 14
15 17
25 22
13 25
30 3
2 27
1 3
4 16
6 16
1 16
27 14
14 23
20 27
20 10
4 2
25 16
20 3
6 24
11 14
2 22
1 25
11 25
25 14
30 20
30 23
30 6
18 20
30 11
20 25
27 25
22 16
22 6
14 4
25 2
21 8
21 26
16 10
19 24
13 20
11 6
14 10
1 20
23 2
14 24
26 17
11 10
13 30
14 13
27 22
18 23
11 19
25 28
22 28
11 23
13 3
18 2
5 8
13 19
13 2
1 6
10 27
4 19
2 6
13 1
10 18
3 24
22 11
4 20
14 3
1 24
1 10
1 27
23 22
28 19
16 2
18 27
25 19
5 9
20 14
20 22
28 18
2 1
24 2
28 14
24 4
6 25
23 4
23 1
16 13
3 11
28 30
28 10
27 19
6 23
20 24
16 30
27 23
13 4
3 4
14 30
3 6
10 3
23 10
1 22
22 18
30 25
16 3
20 23
27 11
13 24
16 18
1 14
11 20
28 3
16 20
13 22
11 28
14 19
6 18
24 23
27 4
25 10
12 29
16 11
30 2
6 28
2 3
18 30
13 6
