30
54
28 15
22 12
1 18
9 3
8 14
3 2
18 13
19 6
9 2
13 20
16 19
24 28
20 1
11 25
9 22
4 11
9 12
8 30
2 22
1 13
8 23
28 29
5 4
26 14
19 27
21 25
25 5
27 16
3 22
21 5
6 16
15 29
17 10
9 14
4 25
24 15
30 7
29 14
18 20
5 11
8 7
29 24
14 5
4 21
11 21
23 30
6 14
26 10
13 14
12 2
17 26
3 12
7 23
27 6
49
12 7
3 12
30 25
3 15
8 19
21 13
22 7
15 12
11 17
3 7
29 6
1 18
29 24
15 22
18 5
26 30
22 3
1 11
14 28
5 11
24 27
12 22
5 17
25 23
2 27
13 9
23 19
30 20
2 10
20 4
6 24
15 7
9 21
16 27
4 30
2 16
18 6
25 28
17 1
18 11
10 13
16 10
14 25
17 18
27 10
1 5
8 23
19 21
3 5
