30
189
24 30
14 17
23 28
8 4
7 29
23 22
20 18
18 13
1 8
13 12
8 15
29 12
20 13
8 3
7 6
24 19
20 25
5 18
12 1
23 6
4 25
21 14
27 16
9 23
29 30
6 26
19 10
18 10
25 3
4 11
17 29
9 28
4 10
11 28
22 6
28 22
2 9
4 1
20 30
6 21
7 22
5 3
15 27
15 7
13 29
10 17
4 2
17 19
21 5
15 12
27 26
6 11
12 7
27 12
5 26
8 18
19 15
6 30
17 30
25 24
28 6
26 13
25 26
9 13
30 2
4 14
27 2
20 17
11 23
30 5
22 10
28 13
22 21
9 25
19 11
22 13
11 21
23 10
27 8
6 15
22 27
2 11
29 11
16 10
10 1
3 6
30 18
17 2
22 3
6 25
13 3
9 18
24 13
21 26
11 7
5 2
15 21
23 1
20 9
10 20
8 20
5 27
15 18
3 10
6 24
10 6
24 10
8 29
17 18
29 22
7 21
19 28
10 30
26 4
30 28
19 2
27 11
17 7
12 18
28 16
30 26
30 3
15 5
6 19
25 23
15 30
23 8
19 18
29 15
15 2
24 26
27 20
1 6
30 9
13 19
1 24
9 11
23 29
29 4
13 17
28 3
29 3
25 1
13 23
19 27
16 30
13 2
2 22
28 24
17 22
9 27
12 4
30 25
20 1
28 18
22 24
15 26
18 6
10 5
9 14
11 15
17 27
30 21
16 2
26 17
7 23
12 21
13 16
5 4
15 14
13 7
4 15
3 21
27 10
26 12
30 4
19 12
25 16
14 7
16 6
8 24
5 23
16 26
7 1
28 27
19 30
1 18
12 22
26 1
199
30 11
18 6
4 6
12 3
1 4
25 3
24 23
28 14
12 15
17 26
29 14
28 8
22 28
23 25
16 26
30 8
4 30
17 22
25 5
28 15
26 15
30 23
12 6
7 13
5 14
29 20
23 9
24 30
13 5
17 13
18 11
16 9
14 13
29 10
6 21
9 26
19 30
9 11
22 15
3 13
17 16
1 28
19 13
22 6
9 10
22 23
16 7
15 9
18 1
8 11
23 28
19 22
18 14
27 14
17 9
17 29
21 22
14 23
6 28
3 14
20 13
18 10
4 9
18 8
27 23
23 17
11 3
7 14
24 17
17 18
9 2
5 6
10 14
18 26
18 27
18 24
28 21
19 27
4 19
12 26
21 18
15 4
15 11
22 3
9 24
11 28
19 24
29 8
20 23
5 8
23 8
22 10
7 19
26 11
29 27
18 30
14 20
14 26
25 29
26 19
2 12
10 17
20 30
25 19
4 20
20 5
21 29
27 28
22 20
5 2
22 7
7 17
18 19
30 1
13 8
13 16
20 16
26 24
16 29
7 23
25 24
14 15
20 18
25 9
26 27
16 12
10 15
29 30
30 17
7 25
5 26
13 6
2 20
21 12
4 2
12 5
6 29
29 11
12 28
29 4
14 30
28 13
13 10
20 17
26 2
22 5
13 23
14 6
9 7
3 16
2 18
27 5
18 23
23 21
16 10
1 29
30 9
21 8
14 11
1 5
13 1
5 7
30 28
2 15
23 16
28 3
10 24
8 19
19 6
4 23
25 22
21 24
2 25
29 13
23 5
2 1
24 8
4 3
12 25
22 26
8 2
16 24
11 7
1 9
4 28
7 26
3 17
2 19
5 4
22 13
1 12
22 2
17 15
28 16
22 27
10 26
5 15
5 17
15 1
