100
400
68 98
16 87
48 95
27 86
83 21
58 64
45 38
99 72
43 16
66 37
76 97
65 66
20 28
6 69
36 92
88 68
81 32
39 17
38 11
82 100
4 94
94 69
82 5
78 64
4 75
35 17
71 41
56 32
59 54
88 45
19 73
9 39
85 98
16 93
71 56
81 66
79 33
40 15
6 28
18 82
25 79
77 6
22 55
21 72
42 85
97 45
7 4
63 43
47 9
90 45
3 95
46 15
100 89
98 16
3 27
77 47
82 17
50 15
57 95
97 71
73 62
98 22
50 6
39 63
31 9
93 64
26 84
34 72
12 49
18 58
56 26
89 11
98 5
91 39
24 67
13 64
66 17
2 46
4 26
74 26
4 37
61 96
62 53
39 55
38 3
1 45
32 29
50 48
35 4
26 40
31 75
94 26
1 2
53 15
9 30
15 99
29 25
5 100
98 89
79 52
96 64
31 45
61 72
40 67
40 30
85 97
12 62
31 26
40 70
100 97
16 10
93 13
40 36
57 76
93 86
35 7
12 34
58 4
70 23
26 60
64 95
98 36
12 87
54 46
87 34
89 17
19 32
12 3
26 41
60 92
34 51
40 6
82 4
89 75
81 1
26 55
58 88
87 13
37 99
23 15
57 94
70 72
25 47
91 49
5 18
17 44
65 19
69 34
47 22
58 95
99 9
82 63
36 96
34 26
22 78
64 9
25 27
54 92
19 18
46 69
86 50
98 37
51 76
49 7
87 3
84 69
4 6
33 43
23 89
100 85
33 24
88 15
34 89
82 48
23 42
43 86
70 55
70 29
75 16
40 61
20 8
83 39
84 15
54 63
64 6
91 78
93 100
50 71
54 89
44 40
85 56
79 64
71 94
13 11
28 1
47 67
25 20
56 21
19 96
49 86
41 10
32 83
88 92
90 100
66 83
60 46
74 95
16 64
84 71
53 14
27 14
94 61
79 26
94 64
24 88
31 12
57 99
33 55
91 55
17 75
29 88
15 34
60 4
54 81
46 14
27 63
28 52
10 69
83 22
51 11
82 12
91 56
98 55
14 12
94 32
63 99
59 45
72 67
98 17
19 66
82 93
89 63
58 19
1 88
46 37
87 75
42 34
95 56
97 77
42 88
100 44
2 80
55 15
68 45
76 69
62 71
70 68
58 54
10 24
10 66
19 41
64 76
90 94
49 38
5 26
85 76
90 2
55 74
3 15
38 26
71 88
34 49
30 4
84 32
67 98
37 17
61 14
62 72
63 13
73 87
7 81
23 4
62 28
77 54
52 15
14 80
93 14
79 37
51 89
23 74
28 82
90 51
22 84
56 44
26 98
75 78
78 84
83 48
96 44
65 10
12 50
67 62
34 68
75 32
86 67
5 23
65 6
84 59
78 39
86 91
96 25
2 64
86 47
61 95
91 52
81 52
76 35
23 58
78 29
70 21
67 61
49 39
24 92
58 1
78 67
59 14
71 3
88 14
81 33
17 86
14 78
98 76
4 34
16 42
42 11
24 69
2 16
57 85
72 6
45 58
36 51
26 76
62 16
14 85
90 92
92 75
21 69
12 99
51 26
17 11
16 7
77 76
21 36
77 68
37 95
34 78
80 92
21 47
33 37
95 80
70 39
56 4
97 35
39 67
34 83
33 76
99 20
48 54
52 1
12 30
28 69
19 68
10 92
18 22
96 7
24 64
62 61
96 2
33 62
58 28
38 67
86 46
62 78
10 50
66 75
76 48
83 90
8 53
19 70
60 15
74 10
58 26
55 49
30 66
12 93
11 75
44 91
90 75
26 14
19 75
400
32 20
82 88
83 92
77 58
14 62
18 72
35 93
40 8
21 64
23 3
45 66
48 21
66 98
90 42
51 29
4 71
54 56
1 26
93 28
13 98
40 5
79 59
12 99
82 99
88 43
89 4
90 37
83 61
76 87
56 82
11 24
44 29
41 31
29 45
33 69
24 85
90 52
5 88
53 18
96 49
10 60
13 77
27 62
42 85
68 5
33 32
1 4
90 28
14 5
30 44
77 50
100 99
87 15
18 49
10 1
83 58
27 72
98 57
2 46
40 10
53 71
25 69
62 54
98 42
87 72
53 73
6 38
10 27
69 15
23 82
43 20
16 40
30 12
45 20
23 31
42 83
5 30
16 88
91 74
48 33
82 29
98 48
30 49
13 74
31 93
17 39
41 70
40 62
15 49
87 100
36 17
45 82
52 47
83 8
77 69
43 67
3 30
45 73
77 63
23 76
82 32
55 89
27 57
72 55
18 60
98 94
40 28
52 1
62 19
44 4
73 81
73 39
16 57
17 42
2 65
48 61
31 34
54 61
8 12
12 42
87 3
68 83
56 40
13 86
62 96
69 4
53 17
100 1
71 37
78 40
46 54
51 14
29 84
66 6
28 77
61 19
56 84
39 70
83 16
89 1
11 38
72 1
45 100
85 22
60 49
5 96
36 52
17 31
12 2
34 14
63 93
80 88
18 80
70 35
2 29
73 20
18 95
40 59
96 67
11 89
3 88
39 42
56 95
90 73
89 36
54 24
38 78
51 72
83 59
3 64
50 89
75 88
5 92
28 59
19 88
87 57
25 16
9 31
82 85
77 21
1 61
43 80
39 74
97 61
56 81
100 20
98 92
71 88
75 30
74 58
68 59
53 81
76 97
45 37
57 88
2 75
60 71
90 38
98 1
92 7
41 24
71 10
43 81
44 3
99 11
96 91
17 29
42 61
31 52
93 99
41 25
9 30
60 53
38 68
68 94
24 39
63 3
98 34
53 4
2 50
36 35
96 65
53 82
63 20
49 68
3 97
39 56
79 87
5 3
69 17
100 39
4 47
96 64
9 88
18 17
52 50
42 14
72 32
3 59
71 31
54 52
58 80
22 54
94 52
2 51
81 37
55 43
87 78
68 98
45 87
11 23
84 19
53 43
40 88
59 1
71 52
54 5
86 89
20 3
11 4
72 92
85 89
36 78
48 77
13 10
9 75
84 81
90 100
94 63
31 90
58 18
44 95
71 68
38 7
95 37
71 76
67 14
69 37
90 22
64 58
68 89
99 67
6 47
34 1
99 8
94 72
45 51
74 48
86 81
45 39
59 4
43 45
77 9
62 47
54 48
85 29
48 70
64 80
36 28
96 41
29 78
11 47
62 23
5 100
55 21
44 13
53 26
91 13
30 14
67 60
49 85
25 73
43 34
12 18
73 5
83 12
58 48
79 34
100 97
77 73
12 5
97 90
3 49
76 53
26 78
45 86
1 81
54 69
24 5
71 45
96 24
82 70
58 10
82 95
71 86
14 92
68 97
22 5
83 3
97 96
76 77
72 59
43 79
16 20
69 83
55 76
46 82
44 39
18 33
9 7
6 36
40 83
87 46
27 86
80 83
22 6
6 61
77 84
33 11
20 62
62 61
63 39
33 25
60 74
31 88
36 60
52 72
78 2
67 57
31 21
48 35
71 66
94 9
95 80
13 97
92 33
82 1
22 20
13 95
94 42
41 28
2 60
31 95
22 99
95 41
64 77
45 95
53 75
2 88
89 26
48 99
22 39
74 71
81 32
83 70
97 70
5 43
62 48
95 59
71 89
