100
99
43 26
54 43
28 72
26 80
99 41
56 79
95 25
26 2
79 26
17 34
18 4
88 96
31 32
31 89
7 47
86 80
61 24
51 20
95 52
91 10
7 35
30 85
44 74
78 82
39 67
74 52
84 58
34 28
19 27
81 68
14 66
38 23
25 27
82 57
97 59
12 81
39 92
92 46
100 85
60 3
68 13
74 53
1 80
16 8
55 50
89 61
82 94
65 4
29 36
84 47
51 76
48 86
60 40
93 61
53 65
82 41
45 41
16 15
84 90
10 33
98 11
29 42
21 73
80 82
66 79
87 56
34 23
21 51
20 13
20 98
77 39
92 97
41 5
29 72
55 21
64 26
40 68
96 31
85 9
1 30
22 68
34 75
57 62
53 30
40 53
63 20
69 8
65 31
82 10
72 40
70 34
8 10
39 53
74 83
49 64
66 47
77 71
6 67
65 37
99
75 74
43 96
7 81
62 58
37 6
53 96
57 94
89 73
8 56
96 77
39 94
87 69
68 32
31 53
69 12
10 76
27 67
91 81
60 84
17 98
22 86
27 94
14 18
57 48
31 59
59 76
38 30
42 9
76 82
26 69
55 68
31 83
40 24
26 50
3 69
92 72
93 22
58 24
51 28
74 22
74 85
44 62
49 45
29 97
69 53
92 37
13 25
29 80
34 61
37 40
89 6
21 52
90 88
47 62
11 58
61 32
69 6
45 25
59 5
32 8
6 4
84 63
94 25
20 22
85 65
20 45
84 22
2 1
42 25
98 60
88 69
8 14
40 78
80 100
72 79
37 41
80 37
95 90
19 21
98 38
46 48
93 70
71 82
1 60
56 36
6 32
31 54
28 74
6 16
15 84
91 32
33 8
64 29
21 66
80 23
93 99
61 21
68 74
35 27
