100
400
63 4
40 82
64 45
80 61
47 12
98 56
64 30
95 43
28 67
92 66
66 3
71 24
61 52
93 92
43 64
39 4
82 48
87 86
96 60
20 78
90 42
4 45
67 79
79 94
25 20
1 37
10 18
45 67
32 48
38 30
17 66
83 21
3 31
49 44
36 32
54 93
23 9
37 22
70 29
32 99
49 61
53 91
84 55
6 57
87 37
52 29
46 65
84 46
26 3
61 13
80 75
93 38
21 94
81 60
51 49
98 95
60 75
35 77
65 58
63 35
25 75
9 7
37 3
62 100
38 96
87 45
55 64
2 31
41 22
82 17
85 62
55 96
59 16
77 6
78 23
80 70
13 77
46 77
28 91
60 10
17 44
99 3
31 92
81 96
40 100
97 28
82 73
49 65
27 99
69 99
26 14
43 32
77 25
6 66
6 33
1 70
22 78
65 100
31 83
77 51
98 39
95 59
95 90
18 27
27 73
65 61
30 48
14 62
31 68
97 63
47 24
60 2
47 49
50 26
22 64
70 38
85 84
2 86
70 21
71 32
5 4
41 47
19 20
89 68
62 77
26 24
100 85
78 43
22 98
35 89
20 62
89 13
63 45
58 29
11 80
60 68
63 15
17 41
84 27
54 52
86 93
38 43
25 38
81 71
14 22
70 19
95 73
81 9
69 61
46 86
6 93
62 43
12 72
39 26
96 8
57 80
4 78
30 26
53 52
82 10
84 59
92 80
12 6
57 64
80 4
40 36
96 39
53 84
95 87
92 57
66 91
54 77
80 58
49 95
97 67
13 25
65 33
91 90
20 26
27 46
42 8
39 85
78 5
4 75
30 66
83 7
59 12
40 23
12 23
31 33
97 59
2 23
59 26
96 11
4 2
47 35
19 24
66 40
61 62
5 77
62 1
96 46
80 39
97 49
7 40
1 69
50 5
35 2
62 26
52 39
4 85
61 67
8 90
90 66
41 50
81 47
57 79
62 65
72 76
88 69
80 41
5 39
15 48
78 40
72 82
63 80
59 63
23 8
76 10
33 60
80 73
75 21
52 32
98 69
65 80
97 24
18 79
68 46
22 20
88 24
87 31
14 73
31 24
22 100
59 50
86 49
55 38
23 81
28 65
73 48
90 27
49 52
67 72
14 55
20 7
13 20
15 86
60 92
81 46
79 95
50 82
56 88
69 2
98 35
45 39
15 30
38 72
62 81
22 39
66 67
85 75
37 90
5 47
58 53
22 66
17 70
88 98
39 18
47 67
45 59
67 58
31 61
48 64
6 74
76 46
18 91
69 89
7 10
49 48
47 21
69 37
97 58
15 27
13 67
65 76
56 84
36 50
75 29
93 41
90 100
62 93
52 92
47 96
22 48
92 42
55 28
17 65
84 9
5 40
69 72
54 6
27 34
94 78
1 44
76 83
85 74
85 77
45 10
31 42
78 2
79 81
59 10
3 86
32 57
24 2
47 28
21 29
51 21
94 47
13 9
61 22
85 43
75 38
79 75
27 32
52 56
26 84
16 84
42 69
62 24
3 17
16 89
18 22
35 44
87 10
59 13
25 34
22 19
83 86
80 27
83 100
36 46
65 73
71 5
74 23
78 64
66 47
82 67
42 14
44 70
39 67
49 35
76 55
14 41
98 70
27 19
100 82
71 27
43 23
94 93
93 96
85 64
68 54
70 52
79 37
8 92
7 26
5 75
14 60
93 52
90 48
82 92
47 3
97 32
33 61
14 46
50 99
47 71
9 30
86 88
57 59
91 71
81 56
72 91
87 79
59 86
77 27
15 79
98 5
45 2
336
9 3
59 100
7 77
3 71
3 37
68 22
16 80
19 42
17 79
20 47
90 9
51 68
47 23
38 32
93 12
50 87
77 53
18 42
83 17
11 27
22 100
7 33
67 83
5 44
95 13
65 88
49 75
72 5
94 66
34 8
50 7
97 15
94 38
2 59
80 79
71 34
16 18
15 66
85 64
61 29
11 21
45 98
60 56
33 77
12 41
58 15
83 51
5 85
45 19
36 91
95 28
28 76
63 11
48 10
16 50
70 17
11 43
54 18
66 2
14 50
92 78
6 92
64 90
3 73
55 10
61 30
71 48
53 46
2 9
3 10
48 64
91 41
14 82
85 58
87 46
63 30
5 74
75 16
65 7
34 13
69 24
54 78
99 63
20 77
27 42
11 68
23 44
58 14
31 46
52 84
82 20
95 20
74 29
59 77
55 25
43 85
19 12
22 82
66 23
85 39
28 13
70 81
35 77
18 65
17 48
38 49
99 11
57 54
10 35
3 48
33 80
87 66
46 88
44 52
55 87
95 81
75 91
16 69
37 1
3 92
91 84
79 57
34 60
54 22
26 65
17 86
76 93
26 89
85 88
92 38
23 45
28 68
18 57
32 97
53 72
34 86
1 89
50 39
79 90
70 59
17 80
53 24
57 13
10 88
7 32
89 32
77 29
94 18
89 96
48 6
60 33
3 45
35 78
39 40
55 7
97 72
36 19
70 25
45 84
53 50
62 77
85 77
24 61
80 96
39 57
86 31
24 17
75 92
90 89
79 64
70 63
44 26
25 79
40 92
100 76
75 11
18 2
7 44
42 4
67 9
73 55
6 16
26 92
31 24
69 47
23 67
50 62
33 13
58 35
92 95
21 77
75 93
57 70
75 74
73 75
93 29
43 21
72 3
36 84
48 77
54 8
7 88
36 33
5 31
71 73
7 8
17 4
82 69
26 53
43 52
93 57
58 60
32 42
57 21
77 45
43 1
12 74
14 16
86 4
4 9
37 71
54 42
62 68
100 77
80 54
37 84
30 60
49 18
61 96
14 36
23 12
58 34
54 4
1 23
50 26
73 84
77 60
18 48
24 68
3 51
94 9
35 88
89 13
65 71
77 18
56 10
22 91
51 29
41 70
67 36
68 13
6 26
31 74
52 99
47 75
100 90
15 52
44 53
24 6
1 97
75 12
79 85
53 83
85 66
78 61
71 70
22 6
7 61
39 60
3 82
93 66
3 28
5 27
54 7
90 50
59 71
81 92
63 25
8 19
49 71
11 55
3 5
27 75
77 17
65 93
66 56
84 13
23 25
57 43
57 59
72 82
63 34
89 66
9 60
77 96
6 51
35 46
66 68
46 12
50 57
10 82
51 100
28 93
42 63
69 92
96 24
10 59
35 22
65 90
62 57
35 75
61 34
28 37
49 33
87 47
98 48
11 93
28 51
51 14
77 11
89 65
27 46
9 35
65 32
35 1
5 34
40 38
59 83
76 20
94 52
1 67
55 40
37 36
96 6
68 77
80 93
