100
265
16 44
36 95
27 29
77 85
90 68
82 44
67 54
2 8
33 87
24 23
19 53
51 49
42 25
99 18
66 5
57 36
32 14
91 35
17 94
11 9
7 30
91 37
59 30
13 97
25 97
71 1
42 71
72 27
18 28
72 29
48 17
94 32
62 90
44 29
56 66
95 88
42 97
22 6
73 37
60 84
16 72
11 60
54 53
93 16
82 76
56 26
54 19
54 38
55 88
20 23
9 58
38 53
60 12
63 28
92 80
83 42
71 25
83 97
76 100
41 49
46 43
73 65
94 37
9 12
86 76
97 71
93 44
79 14
5 52
10 81
93 72
31 81
61 80
10 45
84 11
21 76
89 39
46 39
33 80
57 7
58 84
55 36
88 50
48 91
45 65
44 27
13 71
90 8
58 11
41 30
28 34
45 31
74 61
98 35
13 25
66 52
41 78
43 3
70 49
37 48
100 86
20 85
96 77
40 38
85 24
23 85
96 85
93 29
37 98
56 5
7 59
36 50
98 48
100 15
57 95
24 20
35 94
98 17
15 21
10 64
62 8
94 91
1 42
19 40
12 11
16 29
55 89
15 4
39 3
17 35
48 94
96 23
69 33
87 61
66 26
54 75
84 12
63 18
33 92
21 86
65 31
28 43
34 54
82 16
32 79
98 94
92 61
67 40
78 59
91 17
62 68
97 1
57 55
75 38
64 65
15 76
92 87
54 40
6 32
90 2
57 50
38 19
46 89
73 81
31 64
73 64
73 45
87 74
34 47
26 76
4 86
81 65
89 43
13 83
2 22
19 75
92 74
42 13
99 63
40 75
5 26
3 89
75 67
99 47
52 56
58 12
74 33
15 86
33 84
29 68
72 44
39 43
65 10
96 24
87 80
67 25
28 47
25 83
60 58
83 71
34 18
30 78
24 77
82 93
67 19
100 21
52 26
32 22
31 10
51 70
45 81
73 10
27 82
75 53
50 95
28 99
79 6
82 72
7 78
1 25
22 14
24 45
82 29
98 91
27 16
27 93
22 79
56 11
13 1
100 4
55 50
1 83
20 96
47 63
41 59
77 20
35 37
2 62
74 80
6 14
76 4
53 40
73 31
60 9
77 23
84 9
45 64
88 36
61 33
38 67
7 41
83 96
67 53
64 81
8 68
88 57
34 63
35 48
2 68
47 18
99 34
95 55
37 17
3 46
4 21
260
53 32
62 23
86 36
97 68
74 38
60 30
26 74
64 46
12 100
93 43
40 32
55 67
40 53
6 82
97 38
97 74
94 83
26 90
17 10
86 19
54 63
100 59
82 31
81 98
64 75
3 46
35 93
26 38
26 13
86 100
68 13
84 65
94 27
65 25
93 41
18 2
9 66
73 46
15 52
56 57
90 97
4 52
96 34
13 90
10 55
42 6
15 76
19 36
69 80
84 89
42 24
33 5
3 58
17 37
8 23
51 86
80 8
60 76
24 72
67 78
20 76
45 30
24 31
31 42
38 13
77 2
90 68
32 85
23 42
2 56
72 31
56 77
67 17
24 82
91 50
75 3
14 93
11 17
27 92
16 98
65 5
100 7
69 23
99 16
47 65
69 22
14 35
15 47
26 97
83 28
89 33
20 60
11 78
90 38
1 61
73 64
47 33
30 44
76 30
22 23
20 30
68 74
39 54
9 79
53 1
60 45
56 59
61 81
72 6
25 5
72 42
44 45
43 35
48 34
64 58
18 71
26 68
91 4
91 52
87 100
9 48
93 1
36 51
77 57
19 21
29 39
69 62
89 25
2 71
16 61
8 22
18 57
89 65
94 92
79 96
25 84
13 74
70 14
29 63
53 85
55 78
22 62
21 51
27 28
45 76
38 68
62 8
34 79
1 40
78 17
72 82
89 47
50 15
79 74
36 21
45 20
59 7
96 66
81 16
74 90
75 73
82 42
52 50
75 58
63 57
2 57
20 44
22 92
4 50
37 11
49 39
66 79
66 34
56 71
51 45
11 10
48 96
61 99
65 33
60 44
80 62
99 98
70 93
36 88
63 39
92 83
75 46
6 24
5 47
80 23
95 15
77 18
46 58
80 22
37 78
10 67
70 35
83 27
88 86
9 34
37 67
47 25
79 48
95 4
32 1
10 78
49 29
89 5
87 59
3 73
58 73
61 98
91 15
86 21
7 87
55 37
43 14
10 37
43 70
51 88
50 95
52 95
17 55
88 19
63 49
10 63
44 76
99 81
64 3
8 69
9 96
49 54
87 12
28 92
29 54
19 51
48 66
78 75
92 74
12 59
85 40
84 47
7 12
57 71
33 84
28 94
21 88
25 33
5 9
11 67
24 16
18 56
71 77
6 31
5 84
4 15
91 95
97 13
55 11
85 1
