100
400
83 97
79 60
88 34
34 46
58 16
83 69
91 70
49 19
57 43
20 37
81 58
74 37
28 66
94 6
8 25
86 71
72 30
19 59
26 76
42 8
28 47
41 73
30 91
6 89
75 60
4 86
35 75
66 93
56 32
47 59
17 10
59 64
91 4
30 69
8 96
5 51
94 15
79 27
86 12
31 85
100 68
13 34
99 33
21 60
29 47
53 36
5 37
56 98
57 25
3 86
47 66
20 55
69 62
53 45
5 20
18 90
46 54
44 87
73 50
25 33
47 49
86 72
56 95
76 33
52 3
34 44
58 90
11 77
16 90
21 75
64 47
97 71
92 22
80 55
45 2
27 60
82 78
2 67
21 48
52 40
4 12
28 24
22 81
35 31
18 92
67 83
28 61
32 97
14 39
40 3
25 39
46 87
38 67
96 25
41 82
18 22
41 79
1 34
50 48
64 66
35 27
45 63
67 62
65 33
66 59
94 8
11 37
24 19
16 56
73 94
46 88
11 68
9 56
65 76
78 79
54 47
27 93
5 81
52 30
16 92
95 23
29 54
79 89
19 46
75 66
24 49
85 27
56 45
16 63
10 55
66 21
85 79
87 34
62 40
97 52
1 87
49 61
74 77
82 8
67 9
60 48
21 93
48 79
36 92
58 22
12 52
31 79
19 88
96 43
41 78
51 20
39 99
32 2
70 88
68 20
14 76
49 64
87 88
23 53
28 46
54 49
51 55
84 62
71 62
53 56
30 97
1 70
68 10
89 50
90 5
86 52
1 4
19 61
86 30
31 60
84 40
34 70
74 100
92 58
7 82
58 37
77 22
53 63
59 49
69 3
97 40
63 95
95 98
57 94
8 15
98 32
24 88
12 72
14 65
76 25
51 11
91 86
41 7
59 54
32 62
24 44
20 11
91 72
5 18
91 3
28 54
77 51
68 74
45 95
90 92
78 27
55 11
25 99
17 100
71 30
19 47
24 34
68 55
78 50
2 56
43 15
65 26
23 22
52 69
7 78
9 62
59 29
74 20
48 7
27 31
2 83
6 73
62 83
38 63
54 64
73 82
83 9
25 43
80 68
18 74
99 43
99 76
77 81
44 46
4 3
9 98
54 61
62 52
43 33
86 13
47 93
3 30
61 87
84 52
39 26
67 97
30 40
1 13
17 80
70 13
85 21
37 18
88 44
61 46
71 12
95 53
42 43
79 7
63 58
36 23
99 14
67 98
26 14
67 84
36 90
89 15
2 98
75 29
38 32
21 27
66 54
41 42
83 40
77 5
15 42
13 91
57 33
99 57
90 22
64 93
36 63
77 37
93 60
13 4
46 49
63 56
89 82
38 53
29 93
16 23
87 24
53 16
48 78
97 62
13 12
94 96
38 45
89 78
60 35
75 64
39 76
88 1
80 100
98 83
71 69
40 69
69 12
55 77
26 57
49 87
85 7
38 98
61 24
85 41
8 6
84 97
70 4
75 31
81 90
3 71
97 69
59 61
72 4
57 6
17 68
12 30
9 32
6 82
18 58
7 73
60 29
10 80
48 27
40 71
32 83
48 31
99 94
81 18
29 66
43 6
17 55
50 7
1 72
41 6
50 42
24 46
71 52
48 85
32 84
31 21
19 28
98 53
4 44
90 23
33 26
51 68
72 13
94 43
36 22
75 59
74 5
74 11
63 23
35 64
90 37
73 89
16 95
7 27
99 26
1 91
26 96
73 8
93 31
10 100
19 54
11 100
60 85
80 11
50 41
3 72
50 85
18 20
94 42
64 28
9 95
25 26
100 51
100 55
44 70
87 19
400
87 99
33 5
70 13
15 64
92 60
58 39
64 9
37 72
91 98
48 66
14 90
15 25
60 77
26 10
63 32
10 66
61 67
60 26
54 35
72 95
31 94
14 91
14 61
71 47
11 24
3 85
11 94
37 12
5 25
13 65
98 14
30 76
69 87
8 100
82 15
27 37
92 57
6 99
84 72
88 42
4 37
79 77
24 59
9 33
88 89
33 25
96 65
84 37
23 92
55 99
8 52
36 12
94 75
61 76
70 43
1 100
31 22
53 13
67 30
23 77
54 15
65 42
4 27
44 97
96 13
87 49
49 94
56 43
68 85
72 74
93 96
81 39
4 36
85 42
44 55
38 30
41 17
97 16
58 73
49 22
23 83
56 40
89 3
61 66
100 15
5 43
22 74
88 2
52 29
8 54
41 74
80 27
11 59
94 87
73 30
86 60
16 55
17 12
11 31
6 16
15 52
1 99
76 90
70 56
97 69
69 99
100 6
80 12
75 46
12 72
40 21
100 52
8 16
26 77
23 34
74 95
38 67
19 3
57 60
23 26
94 69
85 65
4 32
21 20
21 13
60 79
68 19
93 56
57 34
29 47
45 24
47 25
64 35
18 36
43 40
16 75
26 57
20 9
98 67
39 26
83 34
66 73
66 58
41 84
51 13
60 34
1 82
100 44
77 34
53 78
42 89
74 45
100 16
20 43
44 6
50 9
65 19
10 73
53 19
68 78
16 44
2 89
55 46
72 62
37 80
48 73
12 32
56 78
1 97
14 66
83 60
26 34
78 70
90 98
7 59
7 62
75 49
96 68
97 75
5 51
24 62
75 1
50 33
68 65
2 85
79 28
87 22
4 18
7 45
74 31
20 25
21 5
64 54
20 50
99 44
12 18
10 58
98 66
70 93
45 72
22 7
31 49
10 48
82 8
93 65
88 85
91 66
61 48
83 39
32 79
52 47
77 86
32 80
9 71
46 22
38 98
96 78
61 38
93 78
99 8
87 75
91 57
63 86
62 84
9 43
75 99
72 41
82 44
86 79
3 42
22 94
10 92
4 80
70 40
59 31
14 73
51 43
58 57
46 69
11 49
74 24
20 33
55 1
83 26
36 80
56 53
90 38
56 21
54 82
30 98
81 48
97 6
24 7
85 19
62 17
5 9
11 45
29 71
92 39
61 98
25 71
23 60
71 50
45 41
64 47
95 7
44 8
23 63
39 10
64 71
55 97
47 35
47 9
57 10
51 56
51 70
46 94
68 3
24 95
24 94
58 92
86 34
23 79
68 42
59 46
24 22
11 62
28 32
59 94
81 58
40 51
80 63
6 1
18 28
100 82
14 48
13 78
99 97
4 28
41 36
30 14
31 24
55 75
96 56
89 68
27 79
49 59
19 89
16 1
4 12
41 12
71 15
57 81
72 36
7 41
58 34
91 10
82 35
62 95
26 92
5 50
36 37
5 71
13 93
26 58
48 90
69 16
54 52
50 70
33 43
54 47
20 29
59 87
17 84
3 96
58 91
67 14
65 78
80 79
87 46
6 52
66 30
49 69
83 86
23 86
44 1
86 32
41 62
93 53
21 70
19 2
90 67
65 3
81 10
21 51
84 95
49 55
77 83
35 15
71 33
17 72
30 48
19 88
37 32
37 17
25 64
92 34
74 11
9 25
92 91
85 89
29 25
75 69
18 80
17 95
68 53
41 95
57 73
39 34
83 63
18 84
28 63
46 49
37 18
2 42
87 97
40 5
68 93
96 53
55 87
52 64
33 21
40 13
18 17
14 81
23 39
50 51
22 59
78 40
46 97
