99
398
26 88
25 9
88 79
36 3
15 33
79 6
17 14
66 43
36 76
57 9
33 36
80 9
63 93
36 24
53 62
40 45
17 40
33 78
41 95
67 46
1 6
23 73
41 71
3 15
6 76
23 79
40 66
5 8
12 14
26 12
81 9
96 44
26 73
26 89
6 72
55 4
93 81
88 73
27 73
23 76
2 5
43 96
45 95
63 25
4 66
80 24
1 14
3 57
79 96
81 4
41 73
72 96
9 41
97 18
24 27
31 82
25 6
84 31
59 71
76 1
90 22
66 98
71 96
41 18
6 55
89 79
26 44
12 71
6 17
12 17
25 12
15 45
71 6
81 25
35 93
91 29
25 41
55 89
26 38
40 36
90 11
15 17
63 12
82 68
43 17
27 97
59 97
6 44
9 71
14 38
39 77
93 80
71 23
25 26
36 41
98 1
89 9
88 57
10 37
56 88
97 15
73 3
95 88
76 56
20 58
73 55
57 14
98 43
55 23
35 95
95 43
38 98
55 95
79 15
24 15
25 80
63 79
23 27
6 23
15 96
9 12
63 18
76 25
95 44
18 59
87 83
91 94
88 41
12 36
69 8
60 6
57 25
48 47
43 3
97 95
1 79
81 96
99 32
69 74
71 18
63 15
3 79
61 49
63 66
88 36
38 73
4 1
16 2
55 96
4 6
54 68
23 18
44 35
27 36
45 96
63 43
33 4
60 66
12 27
41 60
12 72
15 14
36 71
23 97
59 63
81 56
29 61
66 44
18 57
97 72
95 1
71 3
43 41
73 6
34 70
96 59
23 96
97 25
3 95
38 3
27 40
73 98
3 25
95 24
48 75
60 45
26 56
62 75
34 28
13 64
89 96
38 41
3 26
95 26
65 99
14 79
45 23
6 14
45 59
79 57
18 27
3 60
45 17
43 56
26 97
25 15
80 66
3 12
10 74
20 50
56 71
85 30
51 11
40 80
57 59
15 26
12 96
7 54
25 60
45 73
6 43
38 89
43 4
27 81
26 80
97 57
52 13
92 84
24 6
96 17
9 15
60 12
25 14
72 57
59 25
4 96
25 56
80 96
98 63
59 44
93 27
24 41
89 57
12 57
58 19
43 97
95 66
60 81
81 45
76 66
3 17
56 4
88 27
3 63
79 95
56 3
88 35
98 79
17 55
4 72
24 66
73 81
80 56
44 14
27 6
15 95
66 57
94 30
25 33
98 4
89 56
9 76
26 81
96 38
76 79
40 93
66 25
88 89
98 72
57 24
60 55
81 24
59 79
36 25
40 38
97 60
96 63
35 23
38 15
38 24
50 37
32 87
43 38
15 18
33 41
4 36
4 27
55 71
45 89
63 44
79 35
85 28
97 44
15 89
66 35
96 25
80 63
55 38
83 67
36 43
78 39
23 17
40 96
26 98
97 55
88 44
12 35
1 33
25 73
53 64
81 59
93 71
98 36
81 14
15 12
88 1
80 72
18 98
12 66
88 4
9 95
97 93
26 36
14 3
72 27
24 96
86 47
49 21
42 77
73 71
95 93
55 14
1 97
89 98
81 44
41 6
40 73
19 65
15 35
89 72
89 27
15 1
18 33
18 35
89 35
3 80
88 25
59 6
38 23
88 6
41 15
3 55
41 17
71 88
60 71
24 33
92 51
98 81
46 52
98 55
80 43
88 45
14 71
15 60
9 59
56 72
17 1
72 9
40 41
88 9
60 35
38 63
96 73
4 79
41 1
33 3
21 22
72 93
89 71
38 97
81 36
17 4
96 35
38 12
3 45
23 44
42 70
7 16
397
87 31
13 89
99 38
34 73
5 12
92 29
45 16
36 45
60 59
1 77
96 48
80 25
59 12
3 30
74 97
52 17
97 48
92 67
22 92
13 85
1 2
86 8
2 96
62 30
1 75
29 63
34 54
60 36
80 92
67 50
45 71
89 71
96 29
22 73
80 77
62 95
41 60
2 74
7 70
62 18
1 67
78 97
80 63
29 18
60 96
4 80
1 60
48 20
49 65
48 74
77 60
77 76
2 16
36 20
75 74
50 22
80 59
34 50
18 41
92 89
77 95
20 34
50 13
19 54
34 25
37 10
7 39
41 44
45 85
75 20
74 41
76 34
92 95
20 71
48 59
44 5
71 80
1 54
2 19
67 48
92 76
34 36
77 96
20 54
48 41
34 5
67 89
74 13
67 25
38 53
77 25
47 83
54 89
63 96
2 80
91 23
36 29
4 5
48 71
59 25
48 77
63 45
73 89
19 41
50 77
21 98
13 41
24 55
62 89
52 14
50 12
77 62
91 55
72 58
97 13
1 85
89 29
89 50
87 69
63 41
95 2
96 50
30 13
13 63
30 60
73 50
75 97
60 71
92 13
44 97
77 89
2 54
96 36
8 81
63 4
51 71
13 44
92 30
5 62
41 12
96 12
30 19
85 60
1 4
22 44
5 25
19 71
80 48
62 97
92 12
12 60
94 16
36 5
29 95
43 61
93 46
76 5
20 51
15 11
13 59
2 4
29 44
2 50
32 90
59 85
95 63
20 67
1 30
74 80
75 44
54 85
97 34
2 45
4 54
71 73
30 54
1 41
78 73
76 74
63 67
13 76
89 80
48 12
76 3
20 50
2 89
54 13
54 48
19 22
71 74
78 63
89 78
89 76
5 77
30 16
78 67
60 73
67 73
71 76
63 73
77 67
27 57
63 92
86 65
22 36
59 29
76 41
96 4
50 19
56 61
54 78
18 48
9 26
51 97
60 44
82 69
43 64
54 44
19 5
13 78
20 77
41 34
24 33
36 59
68 66
67 13
19 77
51 18
22 62
22 67
98 90
75 19
74 85
41 92
71 4
19 13
73 4
96 97
29 25
19 80
22 34
22 41
10 42
3 96
63 77
3 85
76 85
23 42
5 67
34 19
25 36
18 89
25 18
76 78
22 71
22 60
67 45
95 80
75 34
31 46
4 51
56 99
30 97
4 78
45 1
50 3
34 2
83 9
18 50
63 12
73 18
25 96
41 85
36 71
20 3
4 59
18 74
18 13
57 93
49 40
4 19
39 82
59 18
78 3
51 2
63 76
17 84
92 50
75 13
45 13
41 59
73 77
73 3
80 67
72 14
79 40
80 54
45 77
4 30
75 60
4 48
85 12
35 84
34 30
54 29
19 67
75 25
85 97
13 3
41 25
81 26
12 71
51 29
73 2
54 73
36 78
15 6
96 16
20 29
77 54
41 20
2 59
62 12
78 2
4 25
18 20
22 20
5 85
45 44
67 51
34 45
33 28
20 89
22 4
60 51
20 4
30 48
63 19
67 85
1 50
77 4
67 44
54 60
50 80
78 75
36 2
58 37
78 95
85 96
78 62
3 74
44 76
67 29
20 60
21 6
4 13
73 80
92 45
36 67
27 64
1 18
73 76
51 85
3 36
88 70
78 59
1 76
59 71
76 45
51 92
18 76
18 75
89 45
45 20
2 5
29 5
74 29
74 19
48 13
73 41
51 74
44 25
34 67
79 28
5 18
68 35
75 54
47 53
75 95
29 41
51 48
32 94
12 89
16 12
96 19
51 89
11 66
