100
167
46 44
71 100
74 10
83 79
87 17
45 67
23 46
18 17
43 14
44 75
18 46
22 68
5 61
74 58
97 98
41 16
90 46
71 76
32 50
59 52
2 100
54 36
56 31
72 9
58 44
46 3
14 42
29 14
70 22
28 48
79 90
99 85
16 86
62 84
51 59
33 81
11 17
46 53
31 36
46 47
98 46
63 46
39 27
46 82
72 39
22 35
68 65
57 46
66 61
63 7
89 4
15 33
71 2
28 59
58 75
25 9
86 92
69 26
8 99
44 74
47 73
75 10
54 31
52 48
87 11
78 57
56 54
64 86
75 74
29 43
3 95
6 83
51 28
55 5
13 12
51 48
60 19
88 82
19 53
46 77
56 46
46 37
36 1
16 92
12 46
100 76
1 54
8 85
39 9
25 27
58 10
16 64
65 46
81 15
66 5
35 68
98 21
15 49
94 37
51 52
93 46
6 79
76 2
31 1
29 46
65 35
29 42
72 46
77 26
93 91
69 77
59 48
96 46
18 87
11 18
42 43
46 38
1 56
11 30
80 45
23 85
41 86
20 24
46 55
76 46
28 52
67 80
49 46
53 60
40 93
72 27
70 65
61 55
35 70
51 46
46 20
92 41
90 83
8 23
66 55
32 88
33 49
9 27
62 46
4 46
40 91
49 81
64 41
82 32
82 50
50 88
46 45
97 21
64 92
25 72
44 10
56 36
30 17
70 68
30 87
90 6
22 65
39 25
99 23
30 18
96 34
64 46
159
15 21
78 35
44 9
52 90
10 78
49 34
75 82
31 85
82 94
82 9
68 92
50 17
3 95
18 15
83 18
69 7
80 87
55 82
45 22
23 47
63 100
70 58
88 91
82 89
82 91
1 69
28 82
25 33
71 4
17 59
72 82
87 42
43 71
10 35
22 19
8 9
82 14
62 39
75 66
92 74
91 49
53 84
50 65
45 93
92 2
7 1
57 66
36 82
96 55
33 46
79 38
41 45
8 37
80 42
97 48
16 82
82 30
48 24
17 13
29 14
67 28
51 16
2 74
34 77
90 54
22 93
28 26
64 70
11 18
82 97
100 82
99 70
98 80
5 32
91 77
61 55
21 11
48 47
73 38
82 84
58 82
82 22
93 19
30 56
72 20
32 40
7 27
43 4
42 98
88 34
82 1
15 11
41 22
12 38
64 58
82 10
51 6
83 15
19 41
17 65
37 9
15 82
77 88
47 24
1 27
6 16
5 40
57 75
23 97
98 87
79 12
83 11
45 19
46 25
64 99
32 82
47 97
12 73
2 68
13 65
21 83
23 48
44 37
60 36
52 82
59 50
69 27
82 38
81 94
88 49
39 89
68 82
18 21
93 41
95 82
68 74
59 65
24 23
97 24
86 53
82 85
8 44
62 89
59 13
77 49
82 65
86 84
26 67
20 76
96 61
76 72
50 13
99 58
82 71
33 82
87 82
54 52
34 91
73 79
