100
399
98 61
69 18
5 47
63 17
64 5
57 39
64 41
89 82
80 63
31 93
70 56
51 10
18 99
69 54
80 98
55 37
16 57
5 93
47 54
69 31
26 15
93 54
67 51
99 88
95 47
93 10
54 31
67 41
10 64
95 64
78 41
7 58
93 67
47 64
76 24
98 54
54 16
93 63
57 17
41 61
18 54
67 78
41 93
80 78
16 10
67 99
57 98
74 95
31 67
94 56
54 10
16 17
83 100
47 98
67 28
88 95
18 28
78 74
57 28
57 63
51 78
54 74
54 63
39 17
98 10
64 18
18 47
23 34
10 78
51 99
31 18
41 18
19 2
54 41
93 88
95 80
51 93
39 74
78 17
83 52
39 67
3 1
69 17
63 78
51 18
64 63
61 93
39 99
95 28
57 99
41 51
47 93
3 94
28 10
39 31
48 55
16 39
61 88
12 97
10 31
8 15
93 39
47 63
80 67
88 16
74 80
74 61
8 19
92 26
98 99
5 39
28 64
79 72
95 31
88 51
93 95
70 32
51 74
47 99
47 16
47 57
28 41
61 54
10 17
57 5
57 41
78 54
54 57
40 27
67 63
87 21
64 80
36 59
41 69
10 80
31 99
29 71
17 28
41 80
95 99
95 98
84 85
64 54
96 75
78 98
20 40
90 38
51 47
43 21
45 82
88 64
67 95
98 63
28 16
47 10
34 33
74 63
75 30
88 5
51 16
17 99
54 80
93 80
5 74
88 63
31 74
99 10
78 5
28 88
18 98
36 77
69 39
33 91
67 98
41 98
97 13
67 16
17 31
54 88
18 95
99 28
63 99
10 74
5 80
67 54
98 88
88 18
98 5
17 95
93 64
43 35
16 63
71 81
17 41
18 5
78 95
69 88
47 39
61 57
78 47
16 18
47 74
95 61
64 67
64 78
61 67
54 95
61 39
18 39
74 67
93 98
93 16
58 42
61 10
99 54
99 80
93 74
32 46
28 78
47 80
95 5
63 95
41 63
73 50
39 51
17 51
86 90
72 91
64 61
10 18
28 39
88 67
80 88
31 80
99 69
69 80
99 93
41 10
28 47
42 68
51 69
54 28
31 47
39 78
74 18
63 39
57 64
67 47
74 88
51 5
69 64
74 64
64 39
80 61
87 60
69 28
93 18
39 80
28 80
41 5
78 99
31 63
51 54
49 100
57 69
57 67
30 65
11 66
5 17
29 65
17 18
50 9
76 96
28 74
5 28
5 69
10 39
35 53
69 95
93 57
17 54
63 51
17 67
57 95
39 98
44 2
10 69
16 80
28 63
98 51
5 99
88 10
17 93
69 74
74 98
69 16
51 61
63 10
63 69
25 81
51 64
51 80
67 69
10 5
47 41
69 78
74 16
51 28
93 78
20 45
54 5
31 88
51 57
79 9
64 31
95 10
4 44
41 16
25 23
16 5
78 16
98 16
88 78
61 31
41 95
98 64
77 4
17 88
28 31
41 99
47 17
39 54
78 57
92 6
64 16
27 48
99 74
64 14
10 57
17 74
63 18
51 31
61 17
74 41
22 1
98 28
95 39
61 47
49 13
62 60
80 17
80 18
85 12
61 99
14 53
69 93
78 31
78 18
5 61
16 95
89 84
47 69
16 99
98 31
64 99
88 47
67 5
31 5
57 31
31 16
78 61
5 63
63 61
52 11
46 37
16 61
28 61
57 88
10 67
51 95
88 41
59 68
57 80
41 31
88 39
28 93
57 74
38 62
73 86
57 18
24 22
66 6
98 17
61 69
64 17
41 39
69 98
67 18
61 18
400
58 75
93 78
64 100
5 52
86 67
64 96
28 98
33 96
64 10
54 33
58 90
55 80
68 10
85 58
21 90
53 100
75 51
86 69
100 21
59 57
86 96
64 33
72 87
86 64
49 78
91 78
75 68
69 100
77 27
67 68
85 48
59 40
34 91
6 37
69 13
86 78
12 14
58 93
13 21
10 93
78 48
100 86
58 48
40 41
13 54
54 67
49 21
36 16
90 100
100 78
69 48
39 35
51 85
8 47
67 10
74 94
33 75
20 15
60 9
53 78
51 54
33 10
53 90
58 21
93 54
72 84
34 10
96 48
49 92
92 51
93 67
49 90
68 54
91 85
76 66
69 56
74 42
68 21
17 79
34 100
53 33
92 68
64 75
68 56
92 100
21 69
78 13
34 56
92 64
92 78
83 18
51 86
48 56
93 48
92 93
2 97
58 92
48 8
96 49
64 51
54 69
48 53
33 68
10 86
85 90
85 100
34 67
13 68
21 64
85 13
97 41
92 90
49 48
21 53
65 35
96 56
100 67
62 65
56 10
58 54
78 21
51 13
92 91
93 34
100 58
54 85
31 95
33 78
96 69
67 78
75 67
4 38
53 10
89 6
19 29
63 83
49 100
38 45
78 64
90 13
90 48
91 100
7 17
90 64
13 56
5 47
58 56
30 80
51 48
75 85
58 33
10 90
86 48
13 49
86 93
34 49
34 13
48 92
54 75
34 21
34 33
69 68
96 92
14 89
75 13
44 88
21 75
78 68
52 22
42 26
9 82
8 49
96 68
49 64
90 54
53 54
91 54
10 91
51 78
86 91
34 85
13 91
32 26
86 53
57 18
34 96
53 92
16 3
54 34
49 10
93 53
100 10
99 25
13 92
64 91
64 69
22 87
49 51
53 68
23 46
34 92
51 58
67 49
82 55
67 85
33 91
79 25
50 88
64 53
68 34
51 96
86 68
53 56
13 93
48 91
85 56
33 93
75 100
21 67
60 11
69 49
56 100
75 56
93 100
75 90
90 56
64 34
53 58
21 86
96 75
48 10
54 86
34 48
67 64
91 93
78 85
10 69
34 69
93 85
21 96
56 92
51 68
49 85
54 48
51 33
49 86
96 53
92 75
49 58
73 39
64 58
56 86
86 90
12 23
54 96
21 54
85 86
75 69
36 11
53 49
71 61
56 67
70 94
96 58
48 13
93 64
43 50
21 51
13 53
10 92
69 67
64 13
48 64
68 49
49 33
10 21
75 10
67 58
34 90
58 13
7 28
67 90
33 67
90 51
93 68
85 69
69 90
51 10
92 67
96 90
92 54
92 69
81 20
21 91
1 95
33 100
91 49
54 100
49 75
13 100
21 56
78 54
13 96
43 27
34 78
75 34
48 75
67 51
34 53
58 34
64 54
61 31
73 76
15 29
90 91
48 68
51 56
10 13
78 56
85 53
69 58
10 96
93 56
99 77
13 33
67 48
24 4
64 56
21 33
68 91
93 96
56 33
78 69
54 56
13 86
37 44
49 56
19 24
64 68
53 51
69 33
92 85
3 46
67 13
58 78
33 85
78 75
93 69
92 86
96 78
93 21
53 75
93 75
49 93
90 93
64 85
91 67
93 51
86 75
69 51
96 85
10 85
92 21
48 21
1 70
67 96
33 92
91 51
78 10
53 69
68 85
100 96
53 91
100 48
100 51
32 81
67 53
62 71
100 68
48 33
49 54
90 78
86 58
69 91
2 84
98 45
91 56
58 91
10 58
90 68
63 66
68 58
10 54
51 34
34 86
96 91
86 33
21 85
33 90
91 75
