99
195
36 97
36 94
34 57
88 64
58 93
58 40
54 56
71 64
73 28
54 82
11 38
34 62
2 84
75 59
89 14
10 86
22 49
89 16
4 97
79 19
61 43
13 71
86 32
92 42
1 29
68 96
35 88
8 96
38 30
8 61
59 27
3 32
14 6
88 71
65 44
5 70
45 37
10 44
81 99
27 79
45 50
39 64
19 54
53 11
56 82
39 95
81 78
7 67
27 19
37 50
46 69
25 53
98 11
42 90
94 89
4 69
4 60
31 35
95 32
18 93
70 29
25 38
70 58
5 82
16 6
10 32
24 2
55 4
8 43
40 93
12 20
48 79
95 10
75 76
66 56
17 67
1 70
86 83
21 80
94 97
9 22
68 8
34 74
20 53
33 51
57 31
5 66
81 72
65 83
44 86
62 78
40 18
65 80
3 39
2 85
3 95
13 39
52 63
87 76
60 36
43 41
60 97
90 9
99 78
35 71
75 48
41 61
47 23
1 66
52 73
62 47
23 62
16 14
12 25
80 87
13 64
76 21
33 30
79 54
51 37
26 12
36 89
78 23
84 50
46 55
14 94
25 11
58 29
67 42
24 84
7 92
74 57
85 55
34 47
63 22
13 3
80 76
90 49
72 17
28 16
77 85
17 7
31 74
81 17
30 51
53 12
5 1
92 90
77 84
45 24
91 73
43 18
15 88
74 15
7 72
49 9
55 69
28 52
67 92
68 61
50 24
93 41
98 33
46 85
44 83
18 41
57 47
63 91
6 73
52 91
87 59
65 21
75 87
56 19
37 33
98 38
20 26
99 72
66 82
91 22
42 9
23 99
48 27
21 83
98 30
48 59
15 35
15 31
6 28
77 46
29 40
2 77
49 63
60 69
51 45
195
55 82
83 22
80 95
70 8
17 12
81 19
97 33
40 7
85 71
79 22
37 29
66 44
72 66
56 3
97 10
37 19
86 57
42 65
7 50
32 77
90 11
9 91
49 76
39 92
9 10
65 63
23 60
62 91
38 72
43 60
93 99
85 37
82 20
34 16
73 43
28 32
41 8
86 2
69 92
56 98
12 51
63 80
5 25
48 84
88 37
98 67
39 45
78 16
76 52
82 64
11 8
45 40
60 42
17 67
31 5
58 15
74 22
61 89
93 95
49 84
20 87
81 33
27 35
83 54
87 54
66 4
57 73
28 77
54 68
6 93
82 18
79 12
95 99
56 17
25 35
3 12
36 13
54 26
55 18
3 17
89 69
1 98
74 68
85 88
64 20
39 40
59 34
52 86
76 2
55 64
59 21
5 27
41 99
68 26
86 73
5 94
92 45
7 21
71 18
48 76
38 96
74 83
7 45
30 97
29 81
70 90
34 78
26 87
96 4
51 79
15 88
24 53
88 29
62 32
61 92
2 73
78 47
64 75
47 59
14 4
60 63
25 24
81 30
80 65
31 36
40 50
94 27
93 80
53 16
28 72
23 57
11 41
39 69
19 33
15 85
79 3
6 41
36 49
22 51
65 95
9 97
62 10
50 21
14 61
32 91
13 31
13 84
44 72
20 75
6 8
61 69
43 57
48 52
46 67
71 58
68 83
96 14
42 63
91 77
35 24
75 87
9 62
99 6
23 42
30 33
59 78
43 23
53 34
70 11
46 98
44 77
29 19
14 89
10 30
25 27
15 71
38 66
47 21
36 84
1 46
96 89
58 55
74 51
16 24
31 94
48 49
67 56
50 47
13 94
4 38
18 58
2 52
26 75
35 53
44 28
