100
294
12 94
82 84
33 60
40 4
28 56
2 84
43 52
51 71
55 40
46 70
71 78
50 15
63 65
56 25
60 82
26 49
87 81
23 19
5 71
54 99
39 30
22 19
54 33
79 14
82 3
88 89
60 12
5 51
82 70
74 56
3 54
97 61
54 60
30 16
84 54
98 47
47 41
20 13
93 87
88 76
29 83
91 94
83 45
76 4
32 63
75 98
83 21
98 89
13 72
29 22
17 69
69 90
66 73
80 38
82 99
53 7
91 14
95 32
68 98
37 8
57 87
43 78
27 61
34 88
38 50
38 95
5 72
50 80
99 84
83 22
16 79
56 19
13 52
21 77
94 31
95 80
46 99
14 35
27 59
1 44
56 23
21 7
39 14
53 85
4 75
12 3
85 38
96 27
59 62
1 92
46 2
96 100
36 15
16 94
6 47
28 20
48 74
48 25
100 93
51 11
93 96
60 3
55 86
20 52
12 91
10 1
9 22
16 14
37 63
5 20
68 47
73 90
53 83
40 58
76 89
5 52
81 68
65 36
48 23
71 13
50 95
17 66
93 97
48 56
24 20
41 98
100 87
96 59
90 17
3 99
57 6
2 90
15 95
23 25
23 9
18 62
61 59
67 39
69 46
97 27
34 55
90 70
86 42
4 55
58 55
66 69
78 11
72 74
70 2
77 85
34 4
9 83
4 88
47 81
77 53
45 53
27 62
10 18
88 40
31 12
97 59
29 21
30 67
25 19
36 80
42 55
96 97
57 93
63 49
72 20
35 16
6 68
99 70
35 91
42 58
6 100
10 44
64 59
77 38
89 75
57 100
2 69
36 32
77 7
21 45
77 45
66 18
79 30
49 8
86 8
85 7
48 24
7 50
17 73
68 87
81 41
91 31
76 34
42 40
62 92
7 38
92 61
49 86
76 41
57 64
73 69
42 26
33 91
85 50
3 33
28 72
1 18
13 24
72 24
92 44
52 71
32 65
52 51
46 84
32 15
34 42
39 35
89 47
75 41
26 37
48 28
53 21
64 100
18 92
23 22
58 8
63 36
17 10
26 8
76 75
96 64
9 19
60 31
25 74
37 32
90 46
27 92
49 65
79 39
66 1
62 44
86 58
80 15
10 66
16 39
13 5
75 88
34 40
65 37
44 61
63 15
12 33
94 14
80 85
2 73
95 36
78 51
97 64
58 26
25 22
37 49
43 11
18 44
43 71
19 29
9 29
28 74
28 24
35 94
43 51
6 81
8 65
98 81
31 35
6 87
70 84
9 45
68 57
33 31
89 41
79 67
86 26
10 73
45 29
24 74
61 62
64 93
82 54
1 17
294
67 58
94 18
94 15
10 15
40 89
82 44
2 94
44 7
9 66
25 37
6 44
60 11
80 18
88 99
31 28
28 85
83 11
10 18
92 61
59 22
43 24
46 10
88 51
42 47
18 46
25 98
31 71
61 19
64 63
73 31
52 96
46 80
65 76
64 47
16 66
48 9
81 29
14 63
54 79
37 83
23 6
55 83
90 56
36 37
29 14
84 35
81 21
2 42
56 86
50 21
71 62
66 67
59 91
30 25
88 87
13 22
55 12
77 17
66 90
55 72
10 17
3 98
100 4
91 65
50 30
75 93
43 40
69 59
43 89
8 74
3 37
99 33
35 22
26 34
78 74
72 44
48 13
49 68
30 36
88 33
39 65
34 62
3 83
79 97
40 34
15 17
98 37
45 77
1 33
85 100
45 32
3 12
51 79
65 93
32 18
75 24
62 28
32 86
31 85
15 46
23 19
41 43
78 61
54 28
56 67
86 77
52 33
22 91
63 47
59 93
27 57
92 78
24 89
13 35
99 97
69 76
83 60
100 26
84 48
16 90
83 12
5 45
31 70
72 7
71 70
28 71
45 17
57 19
25 36
77 90
2 49
21 30
81 36
67 16
61 8
45 86
39 69
70 73
60 72
59 65
60 12
14 47
51 95
99 1
20 74
57 82
50 29
59 76
94 49
54 70
48 35
87 97
26 38
10 86
35 91
95 87
81 30
10 32
13 91
98 11
43 38
56 45
66 5
7 12
26 89
76 22
92 20
5 90
60 7
97 88
9 84
29 64
80 2
25 3
5 56
49 46
38 89
63 68
53 8
49 80
6 82
21 98
42 49
41 39
7 6
23 82
87 51
73 79
1 88
48 58
95 73
29 63
95 54
91 76
4 40
2 47
9 58
77 56
74 61
23 27
55 44
84 16
73 54
23 57
1 97
26 40
96 33
57 53
82 72
97 51
38 4
99 96
36 98
26 4
16 58
30 29
94 80
71 100
21 36
18 15
74 92
87 79
34 100
67 5
38 41
80 42
1 87
8 57
75 69
8 19
24 93
70 95
62 4
46 94
19 27
53 92
9 16
41 89
41 24
62 100
66 58
8 23
52 99
75 43
3 11
85 71
27 44
55 7
68 47
28 70
39 75
11 12
38 40
79 95
22 48
41 75
93 39
50 81
34 85
51 73
6 27
37 11
85 62
9 35
31 54
81 14
42 64
39 24
69 65
50 14
13 76
14 64
20 78
96 1
5 77
17 86
17 32
53 61
25 21
2 68
68 64
72 6
34 4
69 93
58 84
53 74
32 15
82 27
53 19
55 60
13 84
50 63
68 42
67 90
