100
186
73 53
71 31
84 30
64 70
95 44
44 17
22 44
81 92
51 10
94 43
84 13
67 40
35 81
14 1
18 56
68 21
56 17
57 64
29 89
6 74
54 93
5 88
4 77
90 10
13 30
97 40
12 71
37 100
81 34
78 70
30 66
100 88
57 24
56 83
11 21
65 30
83 15
88 37
66 85
59 20
68 35
10 27
26 82
51 90
12 31
38 3
54 19
48 51
10 48
72 63
62 26
55 36
59 42
18 74
65 13
61 94
24 32
79 85
57 70
46 71
14 29
61 30
75 22
98 3
26 55
99 72
63 87
18 15
36 82
3 39
15 56
78 57
58 96
54 32
60 52
91 85
60 10
54 24
17 15
46 31
27 90
4 87
83 18
47 60
2 85
51 27
83 17
4 63
91 33
86 99
80 76
91 99
77 72
37 5
17 18
37 21
90 22
1 9
80 41
46 69
29 61
82 62
93 19
67 45
69 31
23 7
36 58
100 53
36 62
13 66
59 1
38 73
99 8
77 63
55 62
98 73
3 73
47 52
99 33
72 87
71 69
92 50
28 16
87 77
19 32
24 93
52 39
91 86
58 23
32 93
6 20
27 48
16 25
39 41
26 36
5 100
96 7
84 66
68 11
75 95
67 50
43 61
90 48
65 66
76 39
31 4
11 35
42 9
78 64
7 31
58 7
46 12
78 82
9 59
42 1
19 24
49 16
33 8
45 40
74 20
67 97
98 38
21 35
12 69
45 97
41 76
92 34
23 96
8 86
3 53
98 53
49 25
95 22
91 8
34 50
53 38
80 39
65 84
82 55
81 50
14 89
4 72
33 86
79 2
54 25
75 44
174
30 58
25 48
25 7
66 49
88 38
3 25
56 77
17 81
42 95
91 56
68 33
90 24
45 7
7 47
70 76
29 69
30 51
12 93
68 7
30 54
55 88
65 27
9 3
97 52
10 27
6 21
98 85
51 92
8 70
49 13
8 76
82 37
91 94
43 17
49 57
97 7
60 74
50 15
53 12
36 28
52 82
74 64
45 83
93 7
93 53
15 7
98 16
57 13
95 65
5 74
36 31
65 10
22 59
99 4
72 29
7 91
54 92
20 26
7 96
95 27
7 88
71 11
13 73
98 35
4 96
7 27
64 5
35 85
39 100
52 37
86 40
63 79
9 25
75 63
7 66
33 2
37 97
78 20
5 84
36 7
2 68
22 71
50 46
6 32
38 55
7 30
74 84
44 7
31 34
89 40
75 18
7 59
79 18
44 24
77 94
74 7
85 16
46 15
9 48
27 42
10 42
59 1
71 59
1 71
51 58
48 3
66 13
7 86
80 83
44 61
98 7
66 57
62 63
72 69
20 7
19 39
31 28
10 95
1 22
30 92
34 36
18 62
76 7
96 41
64 60
42 65
78 26
81 7
91 77
79 62
73 57
67 46
67 15
7 39
63 18
23 94
59 11
23 77
24 61
41 99
84 64
56 94
50 67
4 41
5 60
34 28
47 87
21 7
11 1
14 87
11 22
58 92
66 73
47 14
75 7
32 21
86 89
79 75
7 69
80 45
100 19
99 96
97 82
54 58
60 84
35 16
90 44
54 51
56 23
43 81
75 62
73 49
61 90
91 23
