100
185
32 68
67 9
42 62
38 37
16 92
93 9
94 61
66 52
92 97
19 49
59 35
12 38
58 23
30 2
27 49
7 44
27 19
77 21
25 59
22 91
46 3
5 16
6 24
73 67
80 92
42 8
32 80
90 79
96 92
96 98
61 92
25 35
7 17
19 47
59 75
62 48
15 27
66 76
81 92
34 92
20 32
30 100
56 70
22 97
88 79
92 66
14 95
63 45
24 45
88 57
18 85
64 54
97 91
11 42
74 95
31 95
37 96
91 71
35 41
7 13
2 100
14 31
36 82
99 21
63 24
11 8
52 76
25 92
77 99
92 44
26 45
48 42
9 50
25 41
20 60
85 92
74 14
65 55
63 26
60 68
23 81
69 92
31 74
48 11
20 68
28 53
35 75
28 34
46 84
79 57
19 92
92 65
8 92
98 12
92 1
47 49
6 26
36 65
87 84
3 84
22 71
55 36
10 86
72 92
92 21
4 54
39 18
33 55
43 56
39 83
15 47
5 78
92 67
29 89
93 67
17 44
70 43
12 37
92 43
2 51
85 83
24 26
65 82
15 19
29 94
80 60
30 51
72 86
73 93
92 87
41 75
20 80
78 16
53 34
90 88
94 89
57 90
15 49
69 88
22 40
85 39
71 97
33 65
63 6
50 93
69 79
12 96
47 27
11 62
40 71
82 33
92 74
8 48
61 89
59 41
6 45
57 69
97 40
50 67
9 73
38 98
37 98
81 58
92 26
82 55
68 80
90 69
38 96
73 50
36 33
29 61
13 44
17 13
100 92
72 10
91 40
92 64
75 25
87 46
32 60
100 51
87 3
64 4
8 62
83 18
183
63 59
49 2
82 59
90 61
3 33
11 22
65 54
42 57
35 64
65 93
37 47
90 68
91 62
47 45
70 13
79 77
14 57
74 16
47 81
29 71
89 79
9 7
61 59
3 94
97 50
43 47
41 84
3 23
22 92
32 52
82 63
18 5
24 77
15 29
51 98
26 52
69 46
15 74
24 79
13 33
92 11
69 76
14 4
37 43
75 84
19 8
13 97
87 30
4 96
100 76
34 98
52 91
26 32
32 55
95 48
100 2
17 53
100 69
68 61
39 5
85 64
80 61
35 85
30 94
56 6
4 42
95 22
96 78
19 36
25 75
12 76
67 35
34 51
53 66
23 27
48 10
62 52
90 89
60 72
83 15
77 89
68 80
83 71
74 71
21 58
16 20
16 5
81 37
43 45
67 64
17 54
2 65
26 91
43 81
58 86
42 14
20 39
84 28
21 31
36 64
45 81
9 56
4 57
7 57
50 70
47 21
88 9
7 6
31 86
74 29
33 97
91 59
67 85
72 66
29 83
39 18
45 37
54 66
88 56
34 1
92 95
86 21
12 19
96 14
8 12
50 13
33 50
73 41
46 100
25 28
42 96
96 57
71 15
29 86
93 2
31 58
87 94
25 84
64 40
12 36
87 34
39 16
26 62
1 99
76 46
24 73
91 32
16 18
62 32
55 48
83 74
66 17
20 5
18 20
86 44
78 60
75 28
56 7
1 98
41 38
97 28
55 10
6 88
72 78
9 6
11 95
93 49
38 73
70 97
70 33
31 44
44 21
36 8
44 58
51 1
54 53
92 47
49 65
80 90
5 56
27 3
24 89
7 88
