77
174
30 58
11 21
76 47
53 6
26 34
6 27
46 37
68 54
40 58
74 5
24 50
60 53
44 58
35 70
44 72
64 39
58 50
32 63
62 32
4 2
27 70
22 58
14 20
32 74
46 43
30 3
38 4
64 50
55 66
51 72
27 41
26 63
30 69
20 51
51 74
15 38
48 8
15 35
71 61
5 70
57 60
41 14
16 58
7 4
32 59
15 70
74 58
64 29
12 50
17 23
23 76
55 50
27 21
19 49
41 76
28 69
55 61
12 8
67 32
31 59
1 4
48 11
44 37
49 75
49 48
72 74
46 69
77 49
69 35
68 52
50 46
4 14
30 33
39 26
71 45
10 57
47 28
27 19
15 54
16 67
44 19
25 11
19 65
33 68
67 9
75 64
44 71
18 15
62 72
41 62
7 1
35 73
54 22
70 50
1 15
40 63
44 49
31 58
41 6
69 7
65 70
34 28
37 72
63 12
7 75
3 15
40 73
1 32
4 64
25 72
20 44
49 72
6 73
70 44
37 6
63 53
38 41
13 12
29 49
76 10
6 42
28 12
73 71
47 58
62 17
35 68
1 29
6 14
43 19
74 63
42 66
50 56
18 21
48 42
30 56
7 36
36 20
40 9
2 55
73 57
58 17
32 11
8 40
77 66
59 44
77 60
30 23
47 44
73 54
56 32
64 35
39 60
25 59
64 46
55 57
62 38
66 76
39 5
65 68
17 75
16 19
61 36
16 72
46 71
33 21
20 3
24 20
22 61
35 63
71 49
32 46
62 14
33 42
68 2
334
19 20
6 17
61 2
33 32
15 9
67 17
42 66
21 60
13 73
63 69
69 42
12 34
69 5
17 45
26 44
56 15
46 16
27 23
15 49
52 51
18 17
39 75
30 9
20 36
42 71
61 44
27 58
12 8
42 41
4 58
42 49
37 75
73 5
50 45
74 43
13 25
23 20
8 53
4 44
66 3
42 72
49 22
4 10
17 73
12 18
69 40
69 26
46 25
44 27
21 43
35 51
6 65
28 39
73 64
9 67
10 58
52 70
24 8
58 19
19 43
62 26
52 61
47 15
30 73
49 44
43 9
39 48
77 11
62 12
72 24
1 41
45 48
8 65
33 21
5 60
27 53
73 44
22 42
15 8
28 43
32 57
10 25
52 33
47 50
11 69
7 77
26 57
51 71
15 27
9 4
19 57
65 73
9 49
30 38
65 68
32 37
51 30
1 51
40 45
9 55
40 32
40 6
5 53
21 73
22 75
6 55
46 21
49 16
61 67
9 57
43 50
5 13
64 77
1 3
59 67
10 35
72 67
60 72
62 42
73 12
46 67
24 5
47 42
22 3
74 71
41 47
56 6
9 66
34 4
74 46
16 22
10 15
2 15
34 56
61 32
14 68
57 50
72 31
14 31
69 38
26 58
24 48
34 51
12 20
28 72
14 67
38 36
23 43
68 11
60 69
11 46
65 28
10 63
43 71
30 4
13 4
46 1
69 72
8 10
17 40
4 18
42 4
43 77
63 30
71 73
21 65
24 17
75 33
21 29
53 33
74 29
69 49
21 57
46 61
9 3
49 5
1 73
26 18
3 37
52 25
20 43
47 59
4 45
32 2
49 11
36 3
33 9
65 33
20 53
42 9
58 5
3 25
30 29
64 45
27 24
77 17
64 58
19 29
7 10
74 37
33 28
32 46
7 74
12 46
15 54
42 65
23 51
16 61
64 26
38 55
62 68
20 18
67 8
74 65
74 24
44 36
25 72
47 70
37 28
41 26
46 55
15 39
25 19
23 29
2 46
53 12
11 6
27 25
27 14
19 36
48 12
29 44
59 35
67 35
20 10
35 25
60 57
62 72
56 8
9 54
26 6
76 77
44 12
34 43
44 41
8 75
36 14
9 71
6 53
2 22
29 28
37 49
31 4
28 15
27 17
64 4
49 31
24 14
36 27
48 36
25 50
34 71
10 40
73 2
64 53
60 71
28 76
28 77
64 65
1 49
26 19
32 28
18 43
75 50
1 68
47 63
50 69
33 24
50 8
7 40
16 25
46 27
71 69
42 37
55 19
30 13
54 23
44 55
3 54
58 69
30 74
52 21
52 7
75 29
75 4
65 17
30 28
61 70
59 70
48 69
26 67
51 28
58 12
15 40
61 39
72 74
59 48
72 58
70 35
16 71
2 55
75 59
2 76
52 19
56 25
37 24
19 50
16 76
67 36
47 66
30 46
2 26
77 69
54 42
51 6
6 48
75 52
58 29
73 26
39 31
17 54
68 63
4 71
67 56
