100
99
1 2
2 3
3 4
4 5
5 6
6 7
7 8
8 9
9 10
10 28
28 27
27 49
49 53
53 32
32 73
73 17
17 52
52 81
81 21
21 44
44 23
23 16
16 29
29 78
78 84
84 25
25 38
38 54
54 40
40 72
72 76
76 79
79 30
30 75
75 35
35 71
71 50
50 88
88 43
43 85
85 48
48 60
60 15
15 47
47 13
13 62
62 14
14 74
74 87
87 37
37 18
18 68
68 82
82 59
59 65
65 36
36 57
57 55
55 67
67 42
42 24
24 70
70 86
86 11
11 58
58 45
45 89
89 41
41 80
80 63
63 31
31 39
39 22
22 46
46 90
90 77
77 69
69 61
61 12
12 19
19 83
83 66
66 34
34 51
51 20
20 56
56 26
26 64
64 33
33 91
91 92
92 93
93 94
94 95
95 96
96 97
97 98
98 99
99 100
99
1 2
2 3
3 4
4 5
5 6
6 7
7 8
8 9
9 10
10 19
19 75
75 88
88 35
35 70
70 17
17 81
81 72
72 37
37 53
53 68
68 77
77 38
38 69
69 62
62 32
32 31
31 12
12 79
79 22
22 54
54 87
87 60
60 55
55 16
16 46
46 56
56 41
41 82
82 28
28 27
27 13
13 21
21 29
29 74
74 57
57 76
76 43
43 63
63 66
66 84
84 64
64 73
73 47
47 49
49 26
26 51
51 89
89 65
65 15
15 24
24 59
59 18
18 58
58 14
14 83
83 52
52 48
48 20
20 50
50 23
23 42
42 90
90 85
85 11
11 86
86 45
45 67
67 25
25 80
80 36
36 44
44 78
78 40
40 34
34 33
33 71
71 61
61 30
30 39
39 91
91 92
92 93
93 94
94 95
95 96
96 97
97 98
98 99
99 100
