250
1000
207 55
225 120
185 34
127 191
168 40
9 200
248 235
155 229
64 122
157 233
91 216
226 224
238 163
152 19
160 14
228 233
153 34
211 192
79 15
188 108
80 228
131 125
98 107
198 195
107 186
229 164
162 62
184 74
83 138
54 10
93 202
201 28
212 192
210 220
98 111
29 246
107 2
249 6
148 13
144 205
242 245
187 137
77 60
169 26
218 188
141 26
153 23
205 32
132 109
97 221
49 18
58 85
138 53
221 207
236 229
116 195
81 72
36 116
65 126
110 56
29 10
222 160
75 165
55 165
238 116
170 177
205 54
98 17
81 177
57 42
249 179
248 237
66 213
93 208
69 187
24 247
164 17
180 83
8 21
66 223
78 122
130 225
48 55
219 43
67 9
11 105
235 136
114 78
10 32
99 63
129 145
221 233
137 101
232 164
114 178
56 175
182 244
195 110
95 150
12 66
232 2
72 36
206 135
228 138
25 50
57 176
80 157
188 131
142 82
69 15
87 20
36 151
113 45
208 246
62 101
24 189
230 214
129 201
219 35
47 249
208 235
73 25
170 94
10 100
37 184
42 186
162 69
240 222
114 161
174 146
177 36
62 137
75 55
230 71
138 124
87 213
55 25
120 173
136 61
43 126
81 110
99 135
198 56
166 46
157 180
239 34
165 58
197 153
84 43
22 173
245 6
73 58
172 143
241 109
20 226
204 214
63 182
121 205
204 27
172 123
250 141
196 48
173 143
88 86
191 133
127 129
235 93
65 204
142 100
152 141
220 169
84 219
73 199
62 122
100 202
150 20
125 211
163 175
84 214
65 106
225 115
195 238
218 76
215 152
11 226
74 37
155 197
164 2
138 4
114 241
193 26
183 7
38 68
227 127
75 147
194 215
49 249
103 135
4 21
21 46
111 179
59 155
244 52
76 125
224 105
125 223
241 117
242 47
75 207
57 245
246 121
236 232
75 85
148 186
24 160
84 71
121 10
131 113
152 70
169 231
17 107
234 131
150 87
127 184
232 102
112 232
2 186
43 35
97 207
168 63
107 42
75 80
190 53
107 179
207 88
87 218
205 243
40 103
41 141
192 134
106 204
45 76
162 122
47 49
206 99
90 137
139 24
50 52
150 105
203 3
134 128
220 136
17 186
68 7
144 243
209 11
37 163
234 223
156 132
78 117
163 127
96 19
1 180
219 126
230 28
88 85
180 86
148 232
150 167
89 28
86 233
240 225
22 143
17 148
134 212
39 77
79 216
128 34
199 63
64 162
246 10
166 83
185 239
132 241
64 9
78 64
219 27
230 146
90 79
92 141
158 152
94 238
198 116
199 99
29 32
245 42
41 158
126 106
205 60
142 51
224 11
142 54
178 109
194 158
197 13
132 149
200 101
27 84
95 105
203 99
22 18
54 202
158 151
46 53
222 24
213 108
28 145
225 14
31 134
149 4
66 188
75 221
195 175
30 219
1 233
87 95
122 69
245 179
46 124
190 138
199 103
72 116
208 61
178 8
213 95
224 209
34 155
56 163
29 82
93 210
41 92
176 17
118 212
244 73
184 89
194 96
229 232
88 165
154 37
67 200
189 60
12 150
196 85
139 14
246 202
80 86
134 45
50 73
71 201
45 125
190 80
9 161
217 222
175 154
222 139
228 157
184 175
217 243
164 176
35 146
88 221
125 134
208 237
61 38
71 27
88 80
53 149
56 238
248 93
38 220
180 53
229 13
69 67
172 225
126 204
174 27
8 4
134 113
234 113
6 98
183 231
49 181
247 115
53 157
168 103
182 73
109 149
201 230
14 130
170 116
94 116
12 213
187 91
237 202
154 238
4 83
137 15
41 152
159 151
50 182
162 67
125 192
121 51
212 34
226 167
58 25
17 102
142 237
26 231
37 56
156 114
124 180
217 60
140 182
31 128
160 139
113 192
8 166
169 68
172 14
113 125
235 51
126 33
62 91
128 155
102 236
226 105
136 93
221 147
175 37
23 104
174 71
124 21
42 6
217 39
243 39
27 35
6 242
164 236
195 94
250 92
6 47
36 81
92 231
158 92
239 155
182 103
191 129
37 198
41 193
246 54
50 58
161 156
68 210
245 249
247 189
7 193
121 29
201 146
17 236
189 222
8 46
173 172
85 147
90 91
70 193
97 228
19 36
117 9
169 7
234 218
18 245
83 124
20 188
148 176
179 98
187 15
132 21
214 27
29 54
120 123
105 167
48 52
34 197
80 233
65 219
178 117
209 95
22 120
249 16
118 153
56 154
225 22
43 30
118 185
112 229
61 142
29 144
69 200
13 236
143 14
101 162
38 248
214 201
169 92
32 189
118 239
147 88
63 50
69 9
74 56
230 191
180 138
99 3
249 18
57 186
203 33
192 234
153 239
187 90
167 224
2 236
175 238
155 153
227 184
64 67
145 201
93 237
187 162
118 128
26 250
164 13
140 168
23 113
181 123
15 162
181 16
71 35
30 106
89 119
92 7
62 216
126 206
222 130
76 234
242 49
176 111
147 233
72 19
147 86
32 144
203 206
12 105
70 250
240 24
31 118
4 53
1 190
81 198
181 47
141 96
161 117
250 7
65 206
106 33
14 240
68 220
244 168
200 122
248 210
213 223
243 24
208 100
1 124
218 108
179 42
41 26
215 44
1 46
84 35
15 91
178 132
76 188
69 62
152 194
70 194
33 30
98 186
115 172
228 221
148 2
110 177
114 9
35 174
100 237
92 26
191 145
12 95
65 3
101 187
124 166
99 103
96 193
134 104
170 215
139 77
123 47
161 200
175 110
183 38
52 196
80 97
16 18
240 130
218 131
21 156
107 176
14 115
231 68
170 72
31 153
151 215
177 72
59 239
22 49
239 229
33 135
241 161
110 94
190 228
183 169
3 40
47 245
128 153
204 43
216 162
185 23
125 234
228 86
19 44
112 197
44 194
122 101
103 3
81 94
226 12
196 207
214 35
134 23
77 217
209 226
232 59
215 159
54 100
183 250
128 104
5 109
13 112
178 161
86 97
22 123
116 81
154 127
237 61
158 44
99 182
59 13
79 91
223 218
101 15
244 50
199 140
246 142
90 15
201 174
127 28
212 185
189 144
198 110
140 73
4 124
43 65
182 168
206 30
210 237
149 83
117 200
176 2
109 8
112 34
200 114
49 173
153 185
170 110
211 131
41 250
129 227
5 132
11 167
165 48
243 77
59 197
118 34
7 220
191 227
96 70
8 149
246 82
204 219
50 140
227 163
206 3
231 136
169 193
193 141
192 23
143 120
195 37
229 197
185 112
164 148
147 97
171 105
73 52
5 114
130 139
156 8
106 40
40 99
50 48
41 96
230 174
177 94
120 18
78 241
57 107
49 172
81 170
165 52
38 136
144 10
179 57
171 167
44 159
197 185
114 64
115 143
220 231
183 136
161 78
247 160
191 174
95 20
62 15
78 67
212 128
78 200
160 130
196 88
110 238
159 81
4 1
18 123
226 150
168 135
65 33
51 100
196 25
178 156
46 4
227 119
40 30
144 82
242 18
77 24
158 96
79 137
102 2
144 121
146 71
108 125
104 45
68 183
235 210
61 210
111 17
5 156
73 48
3 30
96 151
72 215
60 243
72 159
171 224
140 48
20 209
233 180
137 216
51 237
21 109
27 146
89 129
227 74
116 110
221 157
66 87
236 59
248 136
36 215
223 131
238 198
60 24
63 135
57 16
35 126
139 247
102 164
36 170
28 227
163 154
61 202
130 247
37 238
159 170
29 243
55 52
133 28
181 249
111 6
68 248
166 156
219 71
127 89
117 114
139 217
70 141
20 213
74 129
118 155
71 214
207 85
242 179
126 84
46 149
87 188
24 217
144 39
199 168
175 94
13 232
209 167
32 121
119 74
112 155
54 82
80 221
85 97
217 247
205 29
112 239
20 12
204 30
40 33
23 118
38 93
192 31
76 223
89 133
209 12
12 87
11 95
99 168
166 21
123 173
144 60
203 168
5 178
39 32
57 111
216 187
235 142
44 141
54 121
59 229
77 189
39 189
165 97
220 93
176 98
47 120
195 56
32 77
53 83
121 82
139 240
190 233
75 88
17 2
190 157
108 223
196 75
51 202
61 248
177 116
55 50
220 248
138 1
106 206
202 235
76 131
106 203
250 231
63 244
198 94
96 152
7 26
40 135
154 119
1 83
59 164
240 160
223 188
203 135
200 64
150 209
194 19
118 104
163 74
158 70
6 16
26 183
166 132
190 83
49 120
90 216
115 139
18 181
192 45
42 249
7 41
136 68
11 171
61 93
183 220
67 122
51 208
64 69
39 205
155 185
31 104
212 23
115 160
59 112
25 182
129 28
67 101
61 235
46 83
151 19
242 249
208 142
133 230
199 135
36 159
25 244
207 147
53 124
211 76
194 159
174 214
172 120
115 130
223 87
5 9
31 23
178 241
219 214
205 10
43 106
170 19
163 184
36 94
111 186
41 70
239 197
16 42
81 215
147 80
152 151
58 55
1000
233 94
149 46
208 92
174 70
11 218
7 217
138 224
170 25
195 166
29 146
87 95
150 135
74 81
195 32
62 231
53 186
226 58
98 112
179 196
104 137
151 123
213 193
145 175
83 127
181 118
174 196
183 142
37 79
41 45
57 9
115 19
201 47
235 178
203 109
140 29
83 26
128 155
34 230
39 173
123 20
22 14
25 33
184 124
31 126
166 68
56 165
88 60
40 121
209 15
66 177
18 48
130 152
62 20
212 66
25 23
233 187
122 28
158 185
99 43
96 216
107 23
48 214
154 173
24 164
83 76
200 19
159 241
6 250
224 79
45 199
21 229
18 95
216 178
35 161
238 172
207 131
202 50
62 124
194 177
84 245
22 25
128 191
144 222
181 246
239 14
161 169
95 214
208 90
19 42
26 112
38 78
137 3
135 4
145 225
87 43
89 67
233 14
62 168
180 228
98 100
149 93
183 232
133 166
207 119
123 231
177 199
146 142
119 165
2 240
88 61
231 44
110 152
179 35
242 80
134 169
187 14
226 192
141 108
237 152
121 159
213 191
56 215
97 46
33 202
9 53
196 71
117 137
139 63
224 237
120 141
10 159
237 205
141 236
87 214
50 107
198 116
113 24
206 135
157 40
130 145
234 122
63 174
46 93
219 85
171 18
77 125
78 242
168 215
171 39
66 194
172 92
193 85
168 123
74 129
188 89
3 76
131 9
65 74
126 12
71 139
118 116
46 8
225 237
53 44
29 37
119 72
132 72
103 24
235 47
114 159
186 30
231 30
216 126
183 245
121 129
212 177
211 130
34 134
96 28
185 42
45 169
85 67
222 47
187 68
162 157
113 164
77 232
182 167
72 165
242 38
82 17
96 47
169 199
55 66
22 202
84 101
176 156
114 81
142 125
21 184
141 234
244 171
85 213
209 200
192 150
127 26
67 219
30 56
93 218
56 53
217 210
20 168
100 103
132 131
247 241
157 172
189 207
41 161
213 128
249 177
56 186
33 22
71 230
149 64
201 144
52 211
133 73
91 97
144 250
227 217
86 82
99 139
91 64
96 141
247 114
6 13
66 16
64 118
191 93
102 233
159 247
111 199
218 128
147 103
206 192
92 40
11 193
159 65
241 74
196 70
58 2
138 52
58 4
78 92
127 137
60 83
94 166
36 207
80 24
101 232
160 42
112 164
161 199
222 96
108 234
33 204
133 15
60 106
198 203
109 97
119 186
26 104
188 219
216 250
156 143
170 94
61 124
157 65
229 1
172 90
85 128
231 228
173 244
84 183
229 61
10 120
227 200
91 8
107 4
125 84
201 235
141 241
151 21
227 160
59 166
136 177
124 20
58 243
201 120
36 87
248 156
143 125
197 76
116 97
30 53
223 60
199 55
66 136
124 75
167 7
76 220
137 98
110 175
176 47
88 104
54 63
49 21
160 115
198 181
60 197
168 180
201 234
179 63
130 224
105 89
83 117
41 212
149 97
190 217
141 201
209 133
12 248
219 249
206 243
244 132
202 204
148 97
55 67
138 37
99 86
149 191
46 148
215 53
153 170
107 58
191 105
190 160
2 192
119 131
247 120
192 243
143 101
204 50
127 3
20 215
55 212
2 243
202 153
163 147
101 125
155 11
33 5
182 217
64 218
105 128
226 2
26 117
215 30
106 1
189 48
176 6
135 50
22 170
173 132
40 129
144 216
130 205
214 39
73 190
13 176
174 71
18 214
180 20
225 79
137 223
211 152
179 71
208 157
136 212
214 17
142 140
193 218
10 241
154 57
109 198
42 115
133 68
236 120
149 218
5 202
138 237
155 213
160 73
63 71
114 122
223 220
106 229
73 19
169 111
23 22
187 94
147 112
200 133
180 53
238 92
91 116
54 35
203 192
174 82
35 34
67 249
64 148
124 21
198 91
244 207
221 183
71 70
179 111
164 103
109 148
11 191
153 33
209 42
137 220
94 195
208 172
65 90
27 33
27 202
55 136
169 41
244 51
74 121
237 145
50 150
189 51
75 229
42 73
26 137
169 35
31 6
123 184
211 145
76 137
69 230
173 36
98 24
123 124
225 37
182 190
9 132
102 239
80 100
61 151
164 98
192 246
236 234
166 185
160 7
197 75
69 34
228 56
132 154
82 139
210 19
209 166
131 51
138 79
208 129
156 6
221 232
133 115
231 56
220 60
113 38
72 56
176 250
72 57
139 17
98 127
173 131
176 126
21 61
247 74
107 5
210 182
203 2
132 119
140 245
20 231
127 100
121 157
38 24
10 122
243 203
129 65
187 195
187 185
19 160
114 121
57 132
193 155
12 6
44 165
97 64
108 28
19 182
69 134
142 101
12 156
28 236
95 99
76 104
108 47
189 244
8 97
239 153
133 185
89 16
198 118
3 223
116 240
142 245
210 7
175 152
144 47
181 226
109 246
31 221
82 99
166 158
78 208
38 147
74 157
151 184
155 105
134 161
213 218
9 207
164 127
76 106
14 170
194 188
208 40
220 83
97 93
168 151
132 165
187 32
117 127
21 1
119 154
89 128
117 98
209 185
168 228
145 110
163 38
88 220
159 236
227 182
109 116
37 84
206 150
88 197
69 179
234 241
33 107
1 75
37 146
45 134
47 216
9 119
222 176
30 44
204 153
230 35
244 39
98 26
158 15
63 86
81 247
100 112
162 92
190 19
44 72
233 59
1 88
36 154
30 168
145 138
111 54
80 163
121 65
16 136
192 240
41 177
75 184
196 54
220 104
249 188
5 204
20 49
154 244
194 67
44 186
146 140
54 70
188 67
196 34
110 138
153 102
61 1
57 131
15 200
91 149
23 204
27 102
87 51
168 49
193 46
59 195
8 64
212 134
174 230
238 242
226 135
105 213
35 69
29 224
105 219
220 229
243 226
154 51
55 177
167 210
108 96
62 151
134 35
158 32
4 206
218 191
195 15
27 107
48 36
122 120
122 241
16 85
78 80
101 221
120 28
86 17
179 230
221 248
107 204
136 249
130 237
62 180
190 7
196 230
31 156
190 227
213 93
223 26
162 90
95 48
76 26
225 130
226 203
162 38
29 79
19 227
206 2
111 41
1 184
34 54
74 159
196 63
75 21
155 67
10 114
171 48
170 233
131 154
72 186
57 119
11 46
19 7
223 83
211 175
200 190
225 224
129 157
62 228
37 140
242 92
228 151
217 167
79 205
209 115
65 40
229 60
184 49
70 139
204 27
45 161
94 14
224 205
238 38
65 114
193 93
225 138
131 165
112 117
250 222
45 136
190 210
93 64
146 125
125 183
18 139
25 233
95 171
109 118
153 23
84 79
159 81
57 44
112 24
8 149
205 37
201 28
199 41
141 144
31 13
37 142
46 218
56 44
201 96
146 84
216 13
92 90
249 55
10 236
86 139
224 146
143 183
135 107
82 18
174 139
245 146
120 234
39 36
245 101
179 169
10 81
158 59
90 40
120 241
50 58
197 104
162 163
196 35
16 55
30 72
248 232
226 206
113 147
184 61
13 178
76 60
2 150
151 124
36 244
207 51
5 58
27 153
12 232
3 117
216 235
102 25
84 142
78 113
136 199
21 88
148 118
215 228
210 227
195 158
47 250
145 52
27 23
232 142
28 144
57 53
154 9
8 191
110 237
77 101
134 199
153 22
78 162
44 180
77 248
186 165
248 101
86 43
128 193
162 208
183 101
104 223
111 161
63 70
60 1
118 246
34 169
116 246
163 208
155 219
29 205
5 243
204 4
18 99
240 118
163 242
6 77
202 23
15 115
234 28
58 206
244 131
91 148
245 125
68 185
126 248
148 8
59 14
8 218
143 248
124 49
171 189
181 150
247 236
206 5
88 229
56 180
144 108
192 198
231 215
241 236
193 191
69 169
11 105
33 4
114 241
69 54
209 195
121 90
11 93
235 250
242 147
223 117
238 163
222 13
222 216
159 129
64 46
197 220
20 151
100 147
69 161
239 32
222 201
100 117
188 16
112 127
140 79
89 249
90 157
81 157
58 135
239 25
144 235
160 200
17 43
186 9
115 185
49 151
7 227
22 27
59 32
15 68
34 111
87 39
121 81
250 178
175 52
148 116
250 126
146 183
70 99
82 43
185 15
97 118
219 194
24 100
2 181
86 174
77 156
161 212
183 29
225 52
3 26
194 55
237 52
67 66
13 250
18 87
191 46
16 249
16 67
214 99
245 232
106 75
81 129
181 203
91 109
83 104
103 80
3 100
85 188
158 68
138 205
10 247
43 48
109 240
30 180
94 32
230 54
78 172
32 14
247 122
75 61
62 184
181 109
224 37
98 3
92 38
240 203
189 87
33 23
184 229
96 144
189 173
152 52
142 29
150 243
111 69
82 70
140 225
79 237
245 221
50 206
140 205
70 86
211 110
155 85
173 51
49 62
99 174
66 249
186 215
145 152
207 132
90 238
45 212
178 176
164 147
127 103
228 123
32 102
178 31
233 239
149 11
227 73
143 31
103 113
81 40
111 35
36 171
