250
924
36 129
7 188
184 234
80 210
88 41
220 6
95 89
203 91
176 186
66 77
99 110
51 191
36 119
24 79
37 137
188 40
202 74
34 43
34 162
223 1
24 99
27 48
204 111
190 171
79 118
177 167
188 170
121 182
206 144
201 41
54 242
248 134
185 86
239 166
16 50
134 158
226 74
61 102
109 216
122 16
224 28
204 53
155 77
201 195
111 125
142 164
1 230
243 239
228 108
43 161
169 207
156 63
222 17
36 6
176 202
110 204
64 232
4 83
193 86
37 8
32 242
94 168
47 49
184 96
65 21
94 225
248 10
15 146
82 70
189 9
133 10
111 134
21 49
154 166
200 96
199 144
204 248
215 139
122 185
248 59
234 119
41 63
203 168
200 64
196 218
22 36
228 27
246 63
169 231
93 146
196 58
183 139
184 209
43 249
145 165
214 171
190 84
102 211
192 166
82 87
15 117
141 184
94 39
217 24
227 95
153 87
155 241
143 82
168 154
191 151
99 149
158 106
243 26
61 248
3 187
15 29
114 112
232 208
103 223
137 229
23 54
57 244
205 202
198 74
19 113
161 218
19 102
195 81
49 44
162 159
221 186
71 7
196 109
15 35
61 128
117 226
140 143
240 200
167 37
3 146
67 131
133 111
203 65
56 200
213 95
235 55
218 66
222 247
70 127
241 181
133 217
61 141
93 91
247 248
43 219
85 148
81 131
52 234
66 185
46 40
183 64
62 115
19 29
7 153
107 93
19 219
27 119
86 196
215 94
9 221
3 61
11 57
154 227
24 246
28 24
46 231
122 61
81 52
221 119
194 120
120 124
245 103
7 36
135 2
94 105
13 219
115 155
153 139
158 53
207 147
246 44
223 20
242 157
123 3
75 225
138 134
249 157
3 208
9 57
175 204
168 29
66 36
57 235
188 85
224 2
211 42
16 121
238 201
86 120
17 58
90 53
190 25
132 108
51 195
178 44
219 159
176 48
124 87
16 191
159 60
16 62
110 59
130 165
17 211
225 247
245 194
30 231
240 158
89 78
214 183
214 200
11 25
43 98
233 140
147 199
246 105
16 120
221 26
138 19
36 170
213 116
167 19
141 34
220 42
155 240
242 119
66 150
114 141
118 231
73 166
230 215
107 246
39 96
97 69
64 143
119 218
230 208
90 26
194 125
195 56
215 189
11 241
118 167
137 239
142 229
69 85
112 65
60 244
44 134
177 176
223 133
117 90
87 138
104 123
187 141
250 190
125 219
13 197
168 222
223 176
130 205
84 144
28 106
64 140
148 241
116 111
117 188
217 250
187 167
44 180
211 121
163 144
238 245
225 192
148 181
156 26
210 196
234 103
235 21
5 187
226 223
134 140
196 181
238 90
214 177
98 8
209 112
69 185
119 118
81 235
78 77
95 122
18 148
195 49
213 148
223 46
193 209
176 17
219 87
130 239
238 17
23 43
213 202
144 218
61 109
246 150
15 215
19 66
215 1
138 235
205 247
236 239
230 118
131 138
118 101
16 61
188 172
91 74
66 69
126 164
171 10
62 84
21 63
88 154
137 237
3 16
153 221
94 182
153 130
70 107
45 76
224 139
81 24
246 173
113 241
45 180
117 242
82 58
218 68
49 55
248 5
13 118
203 112
238 177
75 226
191 199
82 133
49 66
197 145
1 166
47 222
96 189
102 9
40 229
77 50
178 6
86 2
196 44
42 39
31 91
186 117
119 106
86 92
118 21
224 74
27 63
129 97
221 89
171 193
221 110
112 139
84 83
58 233
154 8
122 183
86 48
77 203
230 117
220 88
108 188
167 100
157 68
197 94
156 82
207 199
28 237
57 16
178 11
158 217
103 27
141 115
198 42
114 22
105 21
210 115
17 192
218 132
60 169
164 195
158 243
26 11
151 78
229 120
67 119
50 20
81 223
204 28
241 210
186 225
105 10
137 215
87 12
247 31
38 137
197 159
173 89
9 171
24 239
79 44
105 143
203 81
94 88
11 20
205 138
74 109
108 33
69 59
19 125
225 58
163 67
68 228
192 245
216 108
12 35
180 88
86 166
220 131
175 56
225 74
227 19
244 104
32 58
166 187
187 242
207 224
38 22
31 40
105 91
183 230
25 206
115 184
17 189
10 190
147 118
8 18
182 193
175 234
34 107
35 41
181 162
226 96
246 146
35 214
161 247
50 225
41 137
201 230
2 154
25 41
147 93
63 66
45 144
70 173
6 246
139 246
49 13
17 250
248 178
24 158
149 135
45 34
176 108
58 152
233 32
175 190
199 125
70 65
15 23
184 35
74 217
214 242
53 152
199 141
110 234
207 125
46 195
28 9
1 197
43 218
202 52
58 24
134 12
31 153
245 8
235 178
47 54
229 202
241 112
95 202
126 59
176 15
17 120
173 178
77 194
39 112
64 27
55 209
242 36
205 121
223 234
238 20
71 100
174 11
168 167
172 84
220 240
157 102
177 247
113 100
143 198
130 120
192 19
72 114
135 196
17 115
152 67
51 11
199 242
49 31
200 110
220 119
163 214
113 115
232 203
215 177
71 107
61 164
91 51
175 29
1 34
101 128
59 96
175 76
12 29
134 129
27 185
17 170
153 229
111 1
85 135
141 219
19 90
215 57
131 1
102 87
160 222
108 120
42 52
9 144
189 167
102 188
210 242
196 183
41 238
104 159
169 228
122 48
187 103
127 97
114 191
6 25
222 78
59 39
43 150
72 93
45 135
95 59
197 172
173 38
46 249
120 52
210 203
219 214
170 48
130 243
9 128
4 119
194 217
159 121
231 115
196 75
229 62
35 246
67 12
10 68
100 118
35 92
222 145
17 247
43 160
156 223
207 176
7 43
144 107
89 68
168 144
188 140
230 88
247 139
127 161
203 101
112 220
240 207
73 63
190 36
63 230
238 34
146 96
196 144
41 101
169 108
75 194
78 185
195 32
206 181
246 23
186 79
22 32
15 159
44 31
28 245
198 159
227 74
82 182
170 166
140 91
215 120
64 128
210 46
202 15
240 225
198 30
87 123
118 200
198 9
243 68
151 83
66 37
15 189
97 38
32 147
91 153
56 94
186 14
228 231
94 136
70 92
51 24
243 215
216 84
35 134
154 165
209 122
51 237
224 150
21 95
215 170
186 160
55 22
125 84
168 100
243 199
124 227
207 26
169 53
229 171
24 169
94 174
181 245
195 45
116 56
23 237
116 57
81 190
4 67
64 162
34 146
9 216
161 41
49 230
242 30
229 46
78 227
41 126
230 150
225 207
89 133
1 207
220 238
145 221
192 44
125 191
70 33
101 12
118 97
25 39
220 81
121 194
75 212
21 136
45 3
161 71
197 218
151 110
55 211
128 102
89 147
204 65
247 178
248 4
215 157
64 67
179 163
220 128
159 69
213 225
135 73
244 53
52 235
101 36
72 168
68 208
75 86
104 60
197 233
83 12
175 48
75 118
221 231
90 246
200 21
61 94
27 191
177 17
178 80
79 145
158 201
239 160
130 47
60 31
26 84
22 235
235 60
165 202
109 178
142 128
212 234
30 135
79 204
208 183
107 91
228 167
120 248
172 225
37 53
25 83
71 102
15 83
179 190
248 96
195 142
84 37
177 209
49 142
249 18
59 232
81 229
107 53
60 59
58 214
185 88
143 102
44 127
154 151
153 135
158 148
130 180
68 35
137 214
168 74
241 8
68 15
231 24
74 110
51 238
80 57
4 195
148 168
203 94
177 184
30 118
185 250
199 140
232 210
117 222
25 21
61 75
44 37
98 52
198 49
55 218
14 73
213 26
33 180
200 23
88 96
141 33
97 133
83 101
149 101
2 215
28 71
161 130
35 199
241 179
245 201
42 201
89 115
240 133
93 184
17 69
115 203
158 27
246 3
28 132
83 165
97 208
145 212
43 145
82 233
27 220
48 152
40 105
153 100
99 41
168 172
88 52
22 88
233 235
89 172
45 197
67 188
202 181
5 229
213 97
8 140
107 152
48 16
9 76
160 158
202 189
108 61
200 80
174 206
80 243
18 82
21 201
192 165
230 238
88 236
185 225
192 139
96 243
150 2
191 78
170 222
211 85
1 101
195 37
237 88
28 142
12 136
118 105
58 199
80 67
27 93
141 40
176 242
137 57
102 1
101 14
70 134
35 102
194 69
995
34 166
51 125
226 40
103 27
53 179
110 144
34 229
123 93
244 118
68 123
4 100
107 106
184 227
194 222
62 32
78 237
235 209
218 8
105 124
87 178
46 74
27 85
118 131
105 33
229 150
205 64
19 119
59 18
235 201
184 93
177 235
199 42
228 220
169 52
227 228
193 135
101 228
222 182
244 70
116 99
102 219
226 110
185 177
204 110
11 173
2 59
142 27
126 213
55 48
166 93
174 86
28 49
61 63
110 172
211 25
12 69
159 90
66 245
119 55
74 22
195 162
47 160
127 222
111 241
119 122
157 220
60 206
123 243
169 140
242 64
39 155
245 37
85 216
221 127
249 33
28 124
229 77
78 25
70 106
48 95
206 139
229 74
231 218
55 157
211 100
133 51
18 65
107 20
185 240
83 72
6 133
241 87
82 173
89 67
20 234
205 218
192 45
162 45
171 236
228 222
221 73
76 137
179 28
2 142
18 128
134 52
97 220
245 243
96 218
158 44
154 79
111 35
56 140
130 19
30 242
151 232
229 225
222 248
196 62
37 235
18 236
94 202
51 84
57 39
1 39
180 244
100 203
80 220
67 149
78 178
154 190
118 104
241 151
160 31
232 155
159 162
205 132
177 15
157 246
184 229
188 191
229 66
33 81
65 24
165 4
136 21
41 81
111 133
190 211
143 107
88 108
217 88
71 224
10 188
132 62
17 9
210 40
214 27
188 187
78 243
10 164
118 5
56 191
125 42
62 185
30 223
142 240
175 129
31 226
228 17
6 100
211 13
32 4
205 61
242 68
134 150
182 164
194 134
129 96
73 215
35 172
200 100
118 157
153 110
151 150
199 19
120 114
248 189
118 100
66 88
114 181
36 185
216 47
115 184
191 241
27 83
40 176
44 152
98 241
117 199
96 145
50 235
60 238
158 58
66 203
184 103
3 249
114 238
225 176
125 210
41 219
79 123
233 80
43 222
224 196
117 78
179 111
121 28
194 150
19 92
147 238
68 46
161 112
88 148
230 94
169 119
133 225
169 83
158 89
203 113
215 102
113 16
9 158
113 52
124 17
136 168
125 248
50 174
108 209
217 147
204 40
179 59
130 129
63 102
84 110
158 66
116 141
58 19
60 3
245 225
116 29
210 166
109 145
234 119
90 233
79 68
18 81
60 51
171 169
73 222
22 210
147 72
13 243
33 128
91 189
63 225
196 211
130 235
2 50
243 237
220 197
17 171
182 172
216 13
104 207
164 130
1 126
127 54
25 24
43 175
64 196
109 130
247 11
240 116
224 205
217 86
57 169
23 88
75 161
153 182
246 75
26 75
160 214
29 117
121 248
3 54
69 59
2 51
164 201
151 234
82 85
245 61
173 110
185 100
18 216
71 164
14 16
189 175
88 70
65 161
53 93
151 244
180 7
179 125
183 237
128 203
11 45
24 80
212 115
109 238
92 239
78 119
170 185
214 168
200 34
168 209
84 244
85 135
50 137
201 92
151 40
91 182
118 57
99 235
208 12
52 147
151 181
82 193
78 232
41 94
193 115
199 96
16 1
16 180
203 104
23 58
205 203
144 151
42 207
66 69
139 17
7 15
42 66
145 76
31 222
164 1
129 142
231 241
164 146
146 217
37 219
222 92
119 49
249 90
93 10
2 36
8 64
126 107
46 174
197 166
234 16
126 215
44 124
113 188
36 94
79 225
199 107
66 98
19 133
250 91
150 21
45 107
78 40
93 98
211 220
70 237
58 208
122 163
74 218
160 5
38 47
210 8
195 95
213 29
30 1
227 178
68 56
32 198
35 235
180 165
220 143
145 213
181 135
101 235
32 51
155 7
66 37
50 147
242 13
242 105
113 85
130 218
46 49
196 191
67 168
4 216
96 20
85 43
160 15
41 75
246 232
166 218
74 198
35 193
218 122
32 104
26 173
225 50
34 239
207 165
121 174
142 185
239 199
148 4
247 162
148 195
175 165
46 92
73 84
128 48
185 13
239 192
87 134
24 18
220 6
15 197
145 141
240 17
135 157
18 182
208 85
185 128
226 232
183 73
194 211
43 23
179 65
9 218
83 229
142 106
53 39
226 64
189 8
107 32
45 81
41 230
67 229
28 109
106 2
52 114
242 85
154 220
25 62
200 228
107 4
20 24
60 239
46 184
86 151
240 30
206 54
180 231
70 160
224 75
248 106
239 109
84 43
88 96
85 132
167 193
115 67
224 50
14 53
16 98
100 207
93 229
162 110
39 32
107 162
67 169
9 184
202 140
127 201
216 121
221 80
140 69
43 59
209 3
183 148
99 216
148 29
83 118
192 151
196 183
10 130
198 163
81 160
50 181
19 177
170 231
249 102
211 18
233 213
203 164
228 63
170 173
104 199
177 112
86 214
241 152
144 171
18 9
213 95
138 207
208 39
194 119
93 231
23 204
96 28
96 208
109 208
94 78
153 106
171 225
124 39
88 33
232 196
107 202
227 197
156 18
179 142
56 93
39 148
140 115
45 31
95 125
208 196
239 5
28 74
80 222
116 191
109 131
7 228
63 5
41 116
107 119
115 162
63 188
197 125
98 57
102 207
180 54
31 211
27 191
20 177
248 47
101 130
236 215
122 74
235 214
42 187
80 99
198 158
116 138
78 198
216 202
78 170
97 109
176 67
234 100
52 246
142 152
19 157
66 169
71 130
1 172
218 12
43 204
42 149
33 28
224 127
144 25
80 51
249 4
67 73
132 245
111 145
46 34
167 40
68 24
28 13
221 164
194 172
135 189
104 200
148 184
10 221
173 64
119 99
128 107
146 168
99 53
43 83
234 92
186 90
132 36
88 194
198 222
78 239
42 224
129 87
116 218
215 249
185 140
138 34
68 176
17 157
67 31
165 176
63 150
94 107
194 208
188 5
42 147
83 114
52 123
180 161
246 135
63 213
210 152
229 137
29 31
159 198
114 159
168 112
92 204
56 239
20 189
7 170
197 207
28 183
201 36
138 44
8 114
184 177
193 86
212 6
150 85
109 64
200 231
144 247
89 229
241 240
166 167
64 72
8 89
200 109
45 72
218 6
65 99
85 213
30 128
125 43
123 111
87 247
227 22
57 87
248 40
143 27
165 114
18 13
188 26
75 174
79 102
53 13
152 103
32 187
5 65
130 102
44 192
15 48
41 33
184 130
55 189
162 188
191 49
148 54
69 87
182 61
38 195
32 120
177 164
32 176
84 127
143 203
62 64
233 48
211 89
83 167
170 218
23 62
206 227
164 186
146 100
38 248
76 33
108 121
21 128
59 110
19 82
69 227
247 188
236 203
110 215
237 215
103 199
17 8
152 200
69 45
52 230
202 6
120 229
181 105
203 130
199 38
188 74
180 175
232 230
80 246
1 167
77 217
112 39
201 6
107 57
240 191
179 223
178 18
233 26
158 83
188 34
79 194
88 71
182 135
165 81
43 145
120 133
160 175
210 26
72 131
143 198
213 49
111 96
11 55
223 12
182 224
205 214
147 3
215 190
14 120
191 160
81 236
138 106
55 194
39 7
176 85
26 167
135 40
247 227
13 11
236 48
74 4
222 23
156 36
98 64
52 31
112 90
56 115
14 132
208 220
248 110
204 128
206 170
193 36
143 54
17 97
93 88
22 244
5 42
16 135
240 150
36 220
213 39
15 156
99 39
85 62
186 65
5 51
96 98
123 215
194 151
2 108
202 214
131 167
71 16
233 173
105 148
188 90
157 83
140 166
242 211
47 111
32 159
214 161
229 44
7 27
29 10
26 103
98 115
34 162
227 239
175 80
53 55
224 152
211 80
24 34
1 216
200 185
11 85
33 51
184 212
215 159
176 95
9 56
124 64
19 223
114 245
213 167
184 88
85 51
112 17
54 14
42 186
157 148
61 106
38 63
113 78
163 175
43 62
174 180
13 107
22 2
43 166
214 217
50 62
141 129
81 26
14 208
84 106
170 74
37 64
164 69
168 244
44 208
215 79
124 70
62 17
220 187
188 166
207 97
243 5
84 63
40 82
206 31
43 12
232 103
4 221
53 113
242 9
101 229
65 80
115 52
55 176
162 7
43 188
38 60
162 129
125 99
73 241
61 88
56 18
107 26
114 89
100 184
17 137
208 165
207 209
136 47
53 213
175 57
105 22
94 125
196 99
134 27
188 167
218 81
46 123
73 147
2 197
40 246
28 161
237 222
244 218
175 62
46 83
225 55
202 124
38 153
77 161
49 59
159 123
135 103
161 241
177 103
71 51
144 248
190 79
94 4
241 14
153 149
239 133
242 126
145 24
141 219
14 149
61 206
41 60
217 133
152 123
64 230
116 143
239 38
169 25
164 233
100 117
155 184
40 222
38 55
19 169
91 138
169 24
69 237
99 1
154 201
121 126
247 88
91 64
199 218
20 89
225 227
54 12
93 55
213 229
80 63
57 81
222 14
11 236
20 118
174 221
224 21
124 146
53 77
235 12
83 143
65 33
91 23
