248
998
153 171
142 221
208 225
231 200
150 236
147 26
151 228
40 181
14 87
219 231
225 153
194 112
204 59
124 223
84 247
219 204
231 26
226 107
172 64
168 18
123 78
53 1
181 228
139 231
109 191
18 220
64 142
185 238
141 105
231 140
171 83
188 2
247 141
45 231
233 64
34 102
204 181
173 53
182 146
188 147
186 153
135 229
185 233
99 127
84 172
102 64
151 26
141 112
98 156
173 45
181 128
116 132
12 188
242 132
236 99
85 81
172 93
105 168
90 64
90 181
135 87
12 112
28 18
193 171
228 90
153 221
146 204
1 76
105 193
208 146
168 84
83 113
173 182
225 59
181 186
113 2
113 27
180 49
114 228
90 128
146 171
156 108
231 34
14 112
31 171
198 190
173 153
188 231
40 188
228 142
200 172
40 90
186 225
247 102
26 1
221 12
14 31
221 94
247 230
84 40
220 229
34 64
53 18
83 45
53 40
169 215
172 233
96 215
220 152
5 45
1 219
64 28
182 64
97 51
93 94
229 1
53 31
84 128
171 140
90 26
185 102
230 181
132 22
140 221
172 228
221 83
229 231
5 225
45 200
206 197
142 5
5 116
152 28
220 194
45 31
27 140
229 233
200 114
228 112
228 45
231 221
192 8
112 186
40 194
84 34
26 238
1 173
185 114
221 31
219 181
2 18
226 125
40 26
151 225
83 34
247 26
83 141
230 105
136 122
238 116
225 219
185 230
113 200
170 194
34 225
152 53
1 59
18 64
228 168
59 128
193 112
204 64
113 64
229 83
220 5
141 128
146 90
172 147
182 238
230 28
14 247
94 116
152 112
105 233
3 178
170 135
132 153
87 152
128 238
138 199
193 182
208 153
50 95
134 124
34 90
140 219
116 1
114 53
139 247
139 1
56 145
182 53
173 219
242 22
173 186
242 135
233 18
93 59
11 89
90 193
25 162
151 170
16 213
12 76
247 132
7 66
159 101
44 145
238 208
204 12
219 53
66 38
114 168
141 142
18 153
208 1
34 181
142 171
22 219
193 34
132 1
133 35
41 176
114 225
140 112
221 45
79 63
93 200
116 242
105 53
126 15
220 132
186 220
141 221
14 233
28 31
40 5
59 105
84 139
148 137
105 14
93 132
230 113
221 242
2 45
73 3
238 204
2 140
87 200
40 142
206 227
5 102
149 195
200 225
140 185
247 40
18 5
116 188
116 230
246 217
170 152
93 84
220 233
225 173
112 87
146 186
228 53
172 114
101 169
31 18
170 173
73 36
40 228
85 7
153 93
9 21
141 94
147 128
214 196
228 146
64 112
31 40
113 142
140 83
173 172
185 31
49 58
1 28
65 108
172 219
219 83
142 139
171 151
238 229
190 23
94 230
173 238
222 106
40 116
188 185
76 116
208 242
45 135
200 12
208 53
25 127
45 170
59 247
93 27
172 59
113 221
93 116
186 242
74 13
181 208
173 27
1 152
194 64
1 128
224 155
165 119
57 211
219 76
171 113
26 28
42 41
104 166
12 208
47 48
12 14
103 154
219 87
168 94
208 112
102 142
152 34
27 208
33 32
22 193
162 163
2 94
186 90
188 113
94 238
132 83
114 173
105 84
242 220
186 231
242 153
247 114
153 220
233 59
93 219
59 27
64 141
113 147
84 94
182 18
188 139
242 45
12 247
239 209
31 182
18 93
225 140
140 229
64 170
173 139
147 142
173 116
141 238
228 220
152 113
89 29
219 132
28 139
234 184
128 116
87 182
170 87
212 6
232 174
201 118
76 186
238 64
182 151
34 146
242 12
135 102
233 204
232 58
1 185
59 140
5 34
132 200
220 170
22 12
216 218
31 76
45 87
247 22
14 45
76 45
88 248
220 225
225 113
220 128
170 181
34 170
105 93
172 40
139 22
152 94
31 105
142 172
141 27
204 173
200 182
83 94
70 174
181 188
13 155
133 100
53 142
59 141
171 141
210 50
194 146
228 233
40 170
10 20
129 180
69 201
45 12
80 214
61 243
186 59
170 171
142 200
188 233
71 4
31 116
116 208
87 18
230 26
102 200
22 18
186 93
230 93
128 233
209 122
102 220
130 248
147 87
128 28
132 151
139 105
181 132
230 182
114 93
128 113
235 57
65 109
194 225
116 233
175 104
34 242
242 146
204 186
212 245
185 12
135 40
146 45
229 112
194 14
247 31
76 59
90 112
181 152
200 153
27 116
118 63
225 83
14 230
153 140
14 114
14 219
245 30
242 152
146 231
208 114
228 93
152 141
31 152
242 83
105 247
135 152
200 53
228 28
26 153
12 182
128 102
238 102
221 112
187 42
231 142
17 161
94 76
182 219
27 228
242 76
1 142
132 173
105 228
87 151
170 84
177 211
204 26
37 117
39 143
91 55
94 26
132 172
170 168
76 194
52 121
238 147
140 12
22 1
53 2
208 229
231 1
53 87
194 247
128 170
18 172
26 139
135 168
230 135
27 230
87 114
173 83
153 105
94 170
217 154
153 90
28 194
12 2
247 181
231 152
22 5
153 5
5 219
14 34
110 32
59 14
181 238
151 84
135 208
76 233
238 221
208 22
18 45
193 2
140 147
53 27
244 38
84 114
2 84
170 231
186 188
135 128
79 149
167 55
135 18
27 188
225 204
231 28
126 86
147 208
113 34
158 138
31 5
90 14
48 52
64 153
90 151
62 197
22 27
147 151
221 170
83 84
116 200
76 90
45 225
204 34
146 28
45 34
208 31
186 5
12 132
37 129
64 5
194 140
40 242
178 70
114 116
171 200
28 34
135 193
200 83
46 30
153 45
221 1
84 59
235 175
83 112
194 182
182 188
167 46
233 142
188 225
87 142
87 171
176 35
247 53
237 77
12 153
204 151
2 112
144 69
76 182
128 182
140 90
5 139
220 221
137 33
18 152
9 77
22 26
27 45
185 142
105 87
76 208
216 117
170 113
231 53
147 2
153 87
141 182
74 177
18 128
26 220
83 182
45 186
64 221
247 76
27 242
64 242
115 24
113 14
204 116
20 189
229 219
153 229
29 107
142 153
147 83
146 153
14 28
5 93
233 193
152 140
90 229
193 173
193 1
242 238
171 230
64 31
220 151
221 152
204 84
222 8
182 242
40 151
146 140
219 153
75 92
160 16
158 60
72 110
31 173
231 171
31 22
24 237
173 84
132 34
28 76
160 218
34 153
112 40
233 170
141 186
200 27
243 164
40 208
116 231
204 114
132 238
224 106
59 153
142 31
186 113
230 34
241 159
131 196
31 188
34 26
170 146
204 14
240 67
147 220
168 19
194 186
113 233
229 22
72 4
71 54
31 146
223 36
34 135
14 242
5 221
40 238
1 230
17 115
228 219
233 153
64 151
228 1
43 11
2 102
98 205
219 141
152 182
105 147
229 113
84 188
194 152
27 1
200 18
208 233
28 193
5 59
87 84
128 208
22 114
105 204
112 220
22 146
132 114
131 239
1 147
14 238
191 47
22 152
219 233
188 1
242 228
172 170
81 121
182 172
225 229
179 91
188 247
189 157
202 213
61 78
18 242
171 22
234 157
247 18
86 100
84 231
68 207
53 76
173 142
147 135
27 146
45 64
184 165
87 5
229 185
242 219
225 142
6 56
142 93
12 1
93 139
181 221
128 22
27 34
185 128
136 203
34 140
161 39
139 185
76 200
31 194
153 102
202 183
111 120
105 231
225 193
228 83
171 90
168 64
102 229
132 59
241 198
238 34
171 45
22 204
151 140
185 200
141 40
116 59
183 246
153 141
141 146
204 200
28 132
228 59
113 193
112 34
93 31
26 84
12 220
143 203
93 204
179 195
204 5
210 244
230 22
181 64
135 141
27 186
220 168
219 114
22 185
220 64
151 242
45 59
64 132
153 188
146 181
2 152
75 43
44 148
146 168
194 151
112 171
225 181
34 94
200 2
1 194
151 233
231 153
187 21
19 95
182 132
14 225
132 225
90 2
233 5
229 181
105 76
225 170
220 173
94 193
181 173
146 12
60 88
53 225
242 28
64 59
5 242
90 132
208 168
14 229
53 220
186 147
112 204
27 182
82 227
84 186
204 76
76 230
185 225
68 23
152 230
111 96
181 135
26 185
238 140
64 139
64 84
225 231
82 10
53 146
90 12
140 220
14 142
147 204
22 116
64 105
28 172
139 171
112 139
14 170
170 132
84 229
221 182
67 62
186 31
54 240
102 181
102 230
53 204
22 221
22 238
59 114
200 242
193 147
170 26
132 186
114 5
26 221
119 97
84 152
80 150
93 242
168 112
83 231
114 141
135 221
93 146
90 221
76 153
123 199
15 205
12 151
144 125
170 208
170 141
22 93
27 102
31 225
170 228
40 221
225 102
103 207
26 193
116 181
164 192
40 93
76 83
76 2
5 151
134 92
140 188
83 116
231 128
12 225
171 105
51 163
120 130
181 59
186 2
204 153
219 28
116 229
14 228
221 151
14 94
204 139
18 186
992
193 238
204 25
184 6
52 25
22 96
229 112
18 112
247 158
171 6
84 201
246 133
6 31
47 13
207 47
184 90
129 142
102 247
192 207
20 90
210 22
206 9
21 129
211 236
88 185
27 169
193 25
242 52
157 110
238 207
43 71
143 158
18 169
143 6
225 188
116 225
182 246
140 45
246 143
240 25
6 240
69 149
141 19
33 240
133 6
158 116
246 192
186 208
31 192
139 108
108 215
114 90
139 114
82 165
112 114
90 44
102 82
170 163
192 122
156 145
229 171
190 75
169 61
112 10
188 193
112 22
239 30
169 184
215 47
242 110
90 145
96 126
207 240
67 242
246 188
52 112
211 130
128 46
17 89
13 33
59 148
13 158
67 116
6 203
215 82
204 82
25 247
247 188
112 20
102 238
187 78
55 143
122 182
193 171
194 154
82 25
182 44
26 28
18 186
27 107
156 102
214 59
41 216
193 27
44 114
145 225
229 208
203 107
188 124
156 10
10 13
171 186
61 110
224 18
55 158
90 11
203 18
96 204
241 79
102 158
124 165
44 67
97 121
25 6
192 126
30 242
13 198
217 209
133 203
13 55
82 193
33 204
45 135
145 139
245 13
225 158
96 10
207 143
20 107
93 163
215 90
11 184
165 33
13 225
207 186
225 240
182 184
122 102
30 50
240 82
157 22
13 242
171 158
25 112
158 96
240 242
31 50
31 186
245 192
108 240
116 50
124 246
246 215
3 139
247 6
25 245
153 13
117 125
6 225
177 180
124 158
8 220
153 44
139 204
182 6
31 55
143 110
112 107
224 188
144 244
165 18
112 238
182 82
189 222
239 6
6 96
33 25
246 156
67 96
161 113
50 25
18 107
25 157
173 72
85 29
192 6
6 90
156 55
184 242
102 169
143 153
103 229
245 143
177 134
246 52
44 143
124 103
208 30
122 23
204 27
47 124
204 242
25 10
182 153
22 143
102 61
224 20
55 245
47 193
13 247
82 27
215 126
112 133
33 67
103 96
192 103
208 61
25 158
188 245
199 35
204 124
143 112
82 114
245 44
30 55
193 110
13 192
3 165
145 107
246 225
210 133
110 247
192 247
156 208
126 186
156 103
30 33
203 229
186 25
239 184
145 18
242 157
171 18
11 114
192 52
116 224
192 204
174 101
77 99
25 114
245 193
188 31
133 18
239 245
225 156
73 201
33 192
55 44
247 215
74 179
13 27
245 47
188 184
27 103
242 6
96 52
107 139
108 103
139 229
246 240
23 235
51 2
208 192
58 101
153 210
198 225
25 210
238 6
112 96
242 18
124 96
215 18
175 181
227 63
183 118
122 247
157 124
246 242
165 122
165 193
124 90
30 188
184 47
171 67
153 96
207 55
126 102
202 66
158 145
221 190
153 31
171 126
169 50
123 80
3 157
96 61
24 109
31 116
82 184
47 10
247 3
18 110
240 204
207 108
145 25
102 44
22 102
182 110
209 212
61 143
31 22
124 10
102 182
171 239
139 208
204 203
225 114
112 207
133 122
22 3
67 25
107 47
44 158
142 150
47 11
186 27
188 242
18 22
243 244
103 44
186 108
238 240
245 133
76 94
239 116
193 143
81 54
10 114
203 114
20 240
82 208
10 165
10 239
229 30
20 145
22 156
193 30
3 10
207 33
247 238
167 86
33 27
247 20
224 192
208 165
112 153
102 215
25 108
22 124
193 204
246 204
30 10
239 156
42 69
198 165
188 157
188 192
231 46
234 111
50 139
195 68
134 144
238 20
52 245
108 145
96 208
44 165
184 108
246 186
224 203
47 102
139 171
102 188
103 165
229 61
168 74
186 145
110 239
47 6
183 178
22 204
50 82
47 3
52 27
137 119
36 137
82 110
20 182
173 221
31 110
192 30
18 139
224 102
186 33
25 27
240 3
114 240
61 215
18 27
105 233
22 108
224 3
238 61
29 218
153 208
102 165
122 61
112 13
55 102
165 114
114 3
82 210
169 165
11 203
33 44
245 208
238 186
52 126
87 5
210 188
50 18
79 68
246 27
182 169
165 11
198 82
204 126
203 139
22 224
50 192
133 184
143 103
82 13
98 62
22 82
65 195
184 210
248 151
86 100
27 108
240 103
184 61
120 7
239 126
96 171
191 76
11 124
239 108
14 136
198 20
94 161
233 77
207 67
64 136
247 11
67 210
247 96
13 61
62 99
156 6
166 51
90 112
167 91
103 208
78 127
196 141
67 192
30 171
11 126
38 159
25 215
245 110
246 96
239 133
11 169
18 33
204 47
91 1
174 117
21 217
143 208
210 124
61 245
133 44
150 57
18 52
200 70
6 27
122 107
219 164
215 192
203 124
204 238
114 107
96 157
107 210
139 192
114 198
18 245
229 188
156 124
198 203
242 143
112 188
139 61
192 133
96 110
98 220
80 93
157 52
112 239
75 40
50 184
28 84
63 32
158 22
61 22
116 126
55 229
31 25
247 182
124 145
112 124
50 108
109 213
31 207
20 157
226 138
18 156
162 236
245 3
229 182
224 13
237 172
198 96
8 131
114 33
31 210
114 31
210 208
11 107
114 184
143 192
10 157
160 131
55 242
20 47
145 215
126 31
122 143
143 182
227 37
132 54
153 145
241 83
206 87
44 50
108 192
22 184
90 133
31 182
153 139
11 30
3 90
225 215
175 222
104 176
126 103
44 225
152 228
110 139
18 238
151 128
158 110
186 224
198 239
124 33
247 169
3 110
122 156
90 203
11 158
179 95
20 188
207 239
6 114
44 239
212 159
208 224
208 67
156 247
210 242
47 242
108 10
13 246
96 25
44 52
139 25
56 70
89 104
205 65
143 82
238 108
228 48
19 213
208 50
198 186
26 119
245 122
247 107
96 3
229 210
156 27
193 31
203 207
245 171
6 18
112 116
171 240
20 186
156 33
234 32
3 44
18 10
203 20
240 145
61 11
110 153
223 148
158 238
239 210
115 181
126 139
143 239
245 31
112 186
108 44
40 196
182 186
90 102
158 208
242 10
245 6
34 39
204 188
90 242
246 31
198 207
238 171
215 157
15 132
245 184
214 92
90 33
55 238
198 158
55 215
6 198
133 3
182 158
246 114
182 27
186 210
178 155
133 171
22 245
25 246
52 108
55 110
188 139
13 133
226 7
186 229
240 102
223 72
210 240
2 36
157 82
219 111
157 114
48 56
122 169
192 102
90 182
184 67
158 133
139 33
229 207
6 11
133 103
13 203
143 156
240 165
107 224
71 64
106 60
168 66
153 25
82 30
110 103
215 110
126 208
182 52
156 30
143 25
202 248
108 107
11 156
155 197
3 13
114 239
165 61
96 203
157 139
31 103
57 205
103 114
208 184
124 153
239 188
139 124
15 16
247 18
229 122
169 225
199 118
43 197
107 158
210 224
169 96
116 245
50 11
154 147
107 30
145 22
116 20
1 127
242 27
229 33
3 103
130 187
133 96
193 225
158 52
11 207
67 112
96 156
203 110
53 49
33 224
126 210
158 192
67 224
55 22
20 165
114 204
133 188
215 133
246 3
10 61
169 112
140 164
180 235
143 198
153 246
122 18
13 215
186 61
30 139
185 115
52 47
41 35
125 81
182 208
116 207
116 13
6 50
3 82
25 225
208 90
143 169
165 55
96 192
143 52
18 31
170 5
215 22
232 149
207 139
6 103
191 73
3 107
121 113
96 102
122 193
30 18
108 96
139 210
182 3
3 20
16 60
182 108
33 182
123 37
114 215
182 240
38 189
107 198
103 239
171 242
239 47
186 215
44 13
124 50
146 162
103 198
11 145
110 27
171 20
239 102
143 203
204 225
50 240
215 143
184 157
203 3
52 207
239 192
3 153
126 242
52 193
11 239
22 90
208 133
139 20
247 145
225 30
246 245
242 239
207 245
67 102
33 116
110 169
208 44
229 50
25 242
242 229
82 112
215 67
193 192
153 82
53 39
13 239
67 52
12 243
133 198
245 165
20 13
114 102
18 44
165 229
47 158
67 10
145 184
146 14
17 88
20 133
114 224
139 247
6 210
156 133
30 103
102 25
157 122
239 165
145 102
169 224
224 61
186 47
34 147
153 107
31 13
176 160
18 158
246 139
100 194
67 20
230 4
152 105
124 184
67 139
27 122
11 33
124 102
186 153
49 237
55 192
47 145
103 215
114 110
145 30
106 230
203 22
182 30
11 52
193 242
182 165
114 169
247 27
247 240
184 158
116 47
95 216
97 120
42 231
165 204
218 166
198 108
242 165
240 107
30 224
116 242
247 30
116 208
82 103
169 52
153 171
11 3
83 172
186 102
10 182
203 145
158 239
3 229
18 124
138 200
20 158
182 157
204 20
47 247
9 24
246 193
192 242
171 246
165 215
184 246
126 182
240 188
116 246
25 184
82 156
239 31
10 184
3 31
239 18
238 165
232 4
12 135
58 92
193 112
204 153
18 184
47 18
