250
249
98 131
220 178
240 166
44 221
21 59
89 192
163 1
23 235
163 87
241 96
109 128
39 125
104 52
37 49
94 176
246 16
71 34
136 31
188 185
115 223
122 192
148 117
249 203
45 202
144 205
193 27
3 211
26 181
148 186
190 248
222 57
86 79
151 59
74 219
236 17
26 250
82 1
44 35
8 208
11 119
221 55
6 63
198 111
165 61
2 239
64 238
112 247
135 73
164 153
213 134
42 214
40 126
63 156
244 187
245 19
73 180
42 183
37 123
170 174
182 110
46 167
43 206
97 51
87 159
54 76
10 47
99 126
7 150
178 199
191 82
70 188
172 51
15 142
119 158
28 24
128 243
160 75
114 121
219 170
224 131
54 52
120 9
158 53
225 236
168 234
6 179
239 116
105 168
81 214
19 72
57 98
102 159
230 78
88 29
4 108
93 224
25 117
125 56
92 107
204 60
173 249
79 177
103 28
101 201
197 209
80 149
134 105
113 136
202 137
152 62
65 30
133 173
231 32
166 147
47 215
48 74
233 101
49 157
68 5
58 85
100 58
41 203
97 4
94 36
234 165
172 77
187 129
191 194
167 175
144 227
141 18
143 31
120 196
250 99
85 182
53 7
177 121
150 17
185 25
9 139
95 153
143 116
95 77
190 142
91 80
55 175
193 66
217 38
89 212
180 216
16 245
211 118
184 14
135 106
242 56
50 138
247 171
204 76
40 103
90 176
184 156
210 65
27 115
215 132
161 164
20 162
220 169
235 29
22 151
48 130
210 207
33 137
179 69
133 20
229 60
206 110
181 240
189 92
241 43
232 50
200 205
237 83
61 201
231 100
218 232
88 67
199 67
64 160
228 198
10 114
218 33
222 13
197 227
66 146
112 123
194 124
155 186
169 83
140 189
12 209
24 23
161 3
32 242
124 223
2 90
157 154
96 69
238 127
225 216
149 230
72 34
145 154
108 212
13 200
174 68
104 62
75 195
195 141
81 129
15 22
248 145
207 226
11 36
12 78
107 71
183 208
102 196
226 86
228 46
217 146
41 84
118 30
93 162
171 91
244 21
106 70
39 18
233 35
155 8
237 243
45 132
113 152
130 139
127 246
14 5
111 38
229 140
147 138
84 109
249
120 73
27 130
45 130
22 153
170 235
158 157
157 179
122 192
30 228
59 125
162 141
34 97
177 172
247 215
193 21
41 88
241 132
51 48
68 234
124 85
93 109
39 232
50 81
14 131
120 153
98 18
150 224
181 178
138 155
51 203
115 227
86 210
55 39
105 201
229 63
135 207
158 44
31 94
223 220
183 214
66 226
239 137
42 34
174 43
225 217
25 199
199 78
151 91
207 216
225 102
93 165
248 77
90 194
165 187
62 126
246 55
156 133
36 182
121 82
246 83
173 135
9 145
19 20
208 213
167 249
179 10
160 146
17 241
99 193
77 186
218 33
230 149
205 60
53 94
171 166
102 114
103 12
7 202
247 69
13 174
238 221
107 150
220 9
89 91
226 214
40 72
54 4
97 2
83 169
52 138
87 104
116 151
140 6
23 45
100 236
143 43
211 245
180 234
5 73
237 99
134 57
3 218
127 109
215 136
213 216
100 68
92 144
16 196
200 61
8 197
182 4
169 59
239 18
25 145
79 172
96 29
176 148
20 62
106 183
117 143
70 175
108 75
48 11
141 14
197 119
212 118
46 41
63 72
124 131
212 167
110 7
80 70
1 133
137 180
221 164
111 142
101 243
117 139
60 244
231 248
74 10
245 240
206 50
69 209
78 186
27 134
28 188
88 47
42 64
217 103
164 90
80 32
168 84
44 231
36 175
205 219
184 29
101 15
2 12
24 242
144 104
64 208
38 82
209 200
105 123
195 242
52 159
156 236
163 227
21 16
35 146
84 159
154 98
161 237
243 86
140 28
114 128
116 185
31 240
232 49
184 166
249 71
96 191
139 95
40 123
222 67
155 75
147 142
108 37
162 178
206 228
250 17
118 189
188 13
168 203
76 222
57 33
201 121
125 79
177 211
30 15
113 198
233 129
185 22
61 66
47 224
128 250
223 160
235 87
92 54
26 35
119 3
113 24
230 19
190 81
115 210
74 129
58 65
173 127
58 195
244 112
110 132
191 192
196 49
95 187
163 106
152 56
190 204
1 181
112 233
107 56
149 219
111 171
38 202
152 189
85 198
46 67
76 136
148 194
147 176
71 170
204 8
154 5
126 122
161 37
65 11
238 53
229 32
23 26
