249
1000
42 148
73 112
197 115
162 38
196 76
148 196
60 109
60 197
102 242
159 54
145 169
159 153
53 104
112 72
8 12
194 76
8 76
96 153
196 40
183 3
194 96
222 206
98 206
109 148
91 201
115 38
155 136
9 36
81 112
211 232
162 60
95 123
9 42
65 144
17 100
9 73
78 9
149 36
232 60
197 142
12 40
8 194
232 208
143 148
3 221
148 221
140 203
73 222
206 208
176 96
72 76
194 78
174 42
176 60
143 183
174 81
158 30
66 13
98 194
162 197
38 148
9 174
221 232
123 106
156 149
112 38
234 171
206 153
9 54
148 12
112 78
117 125
205 77
83 42
211 194
109 162
163 137
179 24
208 194
194 112
38 232
147 105
81 211
78 148
36 148
78 73
147 116
162 149
196 206
162 156
110 56
189 166
221 8
174 54
73 153
183 72
72 142
78 232
60 222
174 148
79 13
247 18
83 96
8 81
149 81
38 153
83 197
60 142
153 232
149 78
112 159
76 222
40 148
60 9
209 230
83 222
36 40
3 174
12 112
112 142
72 221
210 59
63 136
208 36
174 76
189 19
176 153
73 206
54 76
33 184
60 156
96 9
25 155
36 3
194 40
206 54
156 232
176 40
142 143
170 160
54 221
81 159
176 83
42 156
174 98
112 40
112 9
143 112
73 149
73 176
109 40
207 52
176 142
76 149
211 8
115 153
78 208
37 168
76 42
54 81
115 83
206 3
42 78
72 232
148 206
194 12
40 162
42 12
109 12
63 223
115 36
12 60
211 78
174 194
115 8
73 76
149 197
98 73
162 143
78 36
211 73
153 197
81 232
96 109
143 197
54 222
117 195
92 27
72 38
146 173
165 113
197 72
98 54
153 72
81 78
109 149
183 73
196 81
232 112
162 81
231 2
156 148
159 149
115 222
206 115
86 102
196 162
38 183
83 142
156 159
38 222
109 72
81 36
9 142
73 8
206 156
180 65
112 42
9 38
176 78
223 138
142 196
76 98
98 12
83 162
23 246
8 3
142 162
201 31
78 109
83 60
38 3
222 72
40 38
208 73
12 3
40 142
73 96
148 73
54 83
153 9
74 244
115 60
162 36
149 153
232 40
229 177
73 81
118 130
96 149
176 194
211 9
72 42
39 44
109 8
232 149
142 42
12 96
68 111
76 159
115 211
36 232
67 59
156 38
208 112
159 98
38 73
72 96
54 60
83 81
3 96
12 208
3 40
16 118
54 112
3 73
142 149
81 194
197 183
222 221
36 60
206 12
206 72
40 83
211 38
176 196
172 150
40 197
42 211
96 78
115 54
153 221
156 98
109 83
54 96
74 68
168 104
38 96
12 81
83 72
199 88
82 233
196 60
12 83
177 165
221 156
81 38
149 98
83 194
109 9
153 3
42 221
83 98
16 164
139 152
142 221
12 149
176 211
73 162
162 206
222 112
149 83
149 112
178 10
109 76
194 60
60 211
9 162
98 38
208 197
162 112
246 178
115 78
206 76
73 83
174 197
67 237
36 156
82 120
60 98
76 232
148 149
51 163
115 81
78 83
149 194
198 75
174 162
128 48
159 115
36 42
142 206
249 239
206 109
175 57
83 232
73 159
73 196
81 9
196 194
174 115
211 72
143 153
97 11
225 138
188 135
174 196
161 57
197 194
40 42
142 38
52 131
208 9
149 8
194 159
12 36
174 143
149 72
96 42
42 222
211 162
72 98
149 222
196 221
87 229
98 42
83 221
211 83
60 78
98 40
3 112
112 156
34 228
135 192
174 72
235 108
153 40
41 113
221 143
143 40
12 222
183 60
222 81
26 144
221 194
78 38
159 109
115 72
183 75
36 98
220 29
78 3
221 73
12 143
42 208
142 73
202 187
8 156
142 148
73 72
98 112
174 153
42 176
96 81
112 174
81 98
43 213
218 111
112 196
208 98
176 98
153 162
60 72
208 221
114 192
197 81
54 156
197 156
213 4
109 73
149 196
211 40
222 176
109 222
105 21
93 4
81 40
156 115
38 197
8 143
191 158
206 42
36 176
94 64
76 156
60 221
148 194
133 121
208 143
115 196
115 40
70 236
194 72
40 96
106 120
96 112
9 149
156 208
143 60
148 208
156 196
83 153
211 112
221 159
159 38
221 109
221 211
222 153
197 3
150 187
109 3
115 112
142 3
174 149
148 83
51 95
219 129
110 6
78 156
142 222
28 20
81 156
149 54
162 115
221 206
96 222
36 96
122 185
12 76
174 232
232 42
40 156
96 232
115 42
83 36
159 96
99 215
9 222
159 232
14 242
156 3
159 78
232 54
12 142
40 54
78 40
143 176
197 222
159 142
171 186
176 174
153 54
3 83
18 2
142 76
194 109
148 153
161 90
60 38
12 232
194 54
96 143
54 3
159 222
149 211
137 244
9 221
148 9
197 232
197 221
98 142
221 12
196 143
38 54
36 112
222 36
87 61
115 208
98 143
36 197
162 222
109 197
174 73
211 3
42 54
73 60
5 7
72 81
36 76
47 182
112 83
156 174
143 3
151 190
159 208
3 148
153 36
36 211
194 3
36 194
148 211
174 206
12 196
54 36
221 40
8 112
15 128
186 126
196 36
73 36
3 60
174 159
9 3
115 9
132 32
142 194
217 127
232 162
9 83
156 194
45 234
98 196
9 76
241 240
232 3
72 208
156 12
194 162
245 167
45 66
98 3
142 156
222 232
194 9
108 125
211 156
29 216
176 206
78 206
205 233
149 38
176 81
162 78
115 73
12 153
132 245
162 72
232 148
32 119
156 109
180 89
159 60
227 92
54 162
143 72
130 55
41 107
60 208
38 42
94 124
60 206
174 109
143 156
9 197
181 99
83 174
12 197
40 206
142 54
8 98
176 162
60 81
218 139
148 197
143 115
151 116
159 40
159 211
153 112
89 247
196 78
153 76
131 11
222 40
7 225
221 176
72 9
76 208
208 54
76 38
174 78
49 210
176 159
232 196
83 156
211 222
212 93
206 8
174 222
76 60
85 21
98 9
96 206
159 162
221 174
146 1
206 232
222 148
174 36
54 73
211 12
148 176
9 12
14 100
194 206
36 72
145 181
107 235
176 3
19 236
230 77
224 31
96 156
232 115
206 149
38 8
208 109
176 112
76 78
8 197
195 90
8 54
183 196
76 115
115 3
42 73
226 231
176 149
211 143
200 22
124 30
156 176
153 211
142 81
196 38
81 206
96 60
80 249
72 176
208 81
232 194
222 143
153 196
103 97
49 25
96 142
149 115
42 60
197 159
42 194
232 73
98 162
208 153
153 81
197 176
98 115
8 9
197 54
84 50
221 38
119 62
42 81
211 98
221 76
217 35
162 96
239 243
78 153
109 232
115 221
76 81
72 3
88 141
60 153
143 83
211 197
12 38
9 232
148 72
134 167
109 98
54 211
40 149
8 42
42 3
8 183
98 78
109 153
38 36
8 36
115 176
174 38
42 143
76 83
219 69
109 211
148 162
36 206
224 214
83 38
79 226
129 193
133 237
112 76
232 98
176 38
159 12
143 76
206 143
72 196
211 142
174 142
115 96
176 232
60 40
220 141
3 159
47 248
121 170
36 221
8 148
159 148
221 81
194 38
215 50
83 159
12 54
42 196
64 71
8 153
60 112
159 72
78 221
40 208
211 208
9 176
73 12
182 140
9 159
197 73
72 40
232 143
148 96
162 76
153 42
190 157
3 81
98 221
162 221
222 98
159 8
176 8
208 3
176 208
76 148
211 76
143 36
206 83
73 156
115 142
46 175
42 109
232 8
81 148
38 143
222 208
174 211
196 211
169 241
72 12
96 197
222 196
91 71
222 194
42 197
62 85
174 208
40 8
162 3
208 8
34 26
162 42
109 38
207 10
222 8
159 206
197 112
159 42
212 209
56 248
142 109
149 143
196 109
227 17
96 221
78 12
194 73
240 154
196 159
96 196
81 109
9 156
174 12
197 206
54 78
76 96
174 8
208 142
149 208
202 103
196 8
153 156
37 126
98 96
222 78
142 36
166 44
60 174
72 8
194 143
197 196
78 8
127 27
194 153
8 162
60 8
143 9
80 6
221 112
148 98
149 60
101 160
153 98
122 154
78 143
96 8
12 115
61 69
222 156
83 183
48 35
184 157
143 159
5 33
72 156
211 206
73 143
238 216
206 38
96 208
54 148
149 42
115 194
112 148
206 112
174 96
101 15
23 152
109 36
40 76
78 197
109 115
22 179
196 9
214 53
28 204
172 58
183 115
115 148
36 159
73 40
153 142
55 86
39 198
54 176
134 1
112 109
70 238
196 3
143 81
203 204
72 54
232 142
193 84
9 206
183 36
109 54
149 221
243 46
3 76
43 114
196 208
54 143
149 3
40 174
60 148
208 162
8 142
8 83
176 109
40 9
228 185
162 12
38 208
76 197
222 3
196 54
176 12
143 109
98 197
142 78
96 211
76 176
83 208
24 191
173 188
58 199
200 164
78 72
83 196
994
153 103
6 214
248 73
239 214
34 6
239 141
98 2
166 203
167 1
183 248
98 223
98 139
176 183
221 153
14 153
172 56
171 46
221 2
90 160
34 2
221 34
207 139
138 145
148 145
145 171
98 155
27 206
227 212
231 141
5 157
214 87
211 221
100 88
171 98
249 110
176 34
108 96
117 57
214 100
207 235
175 1
79 201
145 248
162 131
148 34
13 132
148 248
145 63
218 34
214 231
33 120
103 46
100 98
23 16
63 90
34 155
90 100
86 71
138 235
79 6
46 63
90 214
35 57
192 150
155 239
103 167
181 147
183 207
45 173
193 158
218 1
14 141
106 159
175 148
6 98
223 138
217 7
248 6
167 148
196 243
160 73
171 160
53 182
63 160
70 123
235 221
1 214
59 161
183 201
79 90
233 82
191 36
235 160
46 153
87 171
46 160
231 248
201 211
87 221
221 148
63 211
145 153
103 79
223 153
104 17
231 73
14 145
155 207
176 214
14 235
74 225
211 218
235 90
153 90
224 248
100 14
153 248
231 207
148 176
152 149
71 53
14 79
183 100
211 160
195 50
237 37
201 214
223 148
183 90
160 34
239 145
111 118
1 153
73 155
6 14
149 4
63 155
1 148
138 214
128 197
171 88
1 34
126 245
51 169
34 90
145 2
224 214
141 98
171 14
103 139
145 6
63 67
88 103
235 214
73 167
145 224
58 222
183 98
1 6
235 201
207 171
175 145
239 160
103 211
65 236
171 153
214 73
118 99
138 201
139 155
153 201
73 100
179 82
88 1
224 175
90 1
14 183
121 187
207 73
201 175
234 247
155 167
231 145
90 175
138 2
63 221
239 235
111 181
103 248
79 141
247 228
47 3
248 223
153 214
155 223
223 14
207 224
176 160
224 171
138 211
229 194
2 175
214 79
90 221
139 34
103 160
46 90
167 214
207 98
235 248
6 138
138 90
88 221
148 231
98 239
2 239
176 224
183 103
218 88
2 6
73 1
223 103
183 79
60 10
141 34
148 214
55 161
167 175
207 6
90 201
183 239
88 98
87 6
231 167
202 121
176 248
239 167
230 197
127 194
176 153
201 145
103 63
29 182
1 46
239 153
235 103
63 207
235 167
67 221
88 87
221 167
176 218
223 176
177 48
1 87
79 160
87 235
5 164
31 127
88 145
39 15
78 91
73 14
201 73
95 177
43 8
248 46
79 1
100 224
63 224
87 139
176 141
84 61
148 6
239 139
40 243
235 183
87 239
128 19
100 171
88 223
138 153
231 160
46 211
73 223
167 183
79 73
79 171
241 54
63 138
73 34
85 94
2 73
73 90
34 153
87 231
223 183
100 138
235 223
176 103
184 244
231 100
79 239
176 239
103 148
235 175
153 2
176 139
73 139
167 46
148 207
218 201
98 231
90 231
167 248
6 90
165 237
218 2
153 175
231 103
231 63
211 139
167 218
90 218
145 141
239 88
211 239
100 2
34 224
14 138
148 211
223 90
192 17
46 224
148 138
248 171
145 176
9 195
138 175
20 12
141 223
2 224
175 46
98 87
34 201
14 1
223 214
55 233
98 79
221 239
73 224
223 79
103 1
98 73
145 155
231 176
63 87
77 49
183 224
218 171
171 223
12 123
64 41
44 22
231 79
6 183
1 155
171 2
140 37
216 146
175 218
98 160
226 170
87 103
218 73
221 175
214 211
207 239
214 221
141 148
171 73
139 175
231 224
90 98
171 103
14 87
63 148
63 14
87 34
201 160
87 167
46 201
34 98
211 73
46 183
218 239
79 218
148 87
6 153
211 175
214 160
183 155
155 2
211 223
201 207
159 60
14 167
141 155
88 63
108 151
218 63
224 223
221 231
248 79
153 98
72 39
95 206
167 201
3 227
176 155
100 103
145 167
20 178
231 223
86 172
100 167
79 167
235 153
211 1
1 235
248 211
141 88
224 103
42 154
218 46
67 235
75 33
201 141
103 98
171 138
217 210
239 138
224 155
88 183
175 87
152 219
147 213
211 224
63 235
145 90
235 155
87 138
207 176
145 183
160 218
88 176
139 148
137 133
88 207
141 103
239 1
14 98
211 87
145 218
207 218
200 26
46 6
46 141
145 46
6 175
109 89
97 213
40 58
239 175
214 34
141 153
167 153
214 218
41 114
79 145
214 63
91 19
38 232
34 79
83 21
201 14
214 171
79 211
167 139
6 103
141 235
171 139
138 207
235 98
88 148
145 103
88 235
28 61
193 140
73 88
100 235
122 185
136 30
183 171
231 211
220 30
145 223
231 183
1 248
79 148
231 155
166 119
175 183
73 148
239 73
221 138
88 6
102 157
139 221
63 139
224 88
46 239
63 34
249 28
64 84
77 45
167 224
221 14
100 87
171 221
47 116
73 63
180 135
34 100
139 141
175 79
63 153
228 236
23 143
171 63
231 235
231 139
34 14
242 74
88 211
211 171
89 115
167 90
92 163
176 201
90 171
214 88
50 215
167 138
169 35
46 79
1 207
223 201
73 141
138 224
183 218
88 160
138 248
1 98
224 90
80 93
6 100
145 160
171 231
155 221
200 44
167 207
1 221
100 1
207 248
2 139
198 186
248 63
207 34
79 2
155 46
231 88
2 183
135 220
248 87
223 221
202 52
105 156
205 101
248 98
129 24
175 73
221 100
201 63
175 100
153 148
189 102
155 160
205 42
225 83
175 207
148 239
155 248
98 224
171 141
153 139
224 79
88 248
138 218
153 88
34 175
229 94
90 211
138 46
235 218
183 148
139 224
224 87
223 1
248 2
239 248
21 165
234 204
221 224
218 139
155 79
141 211
36 187
221 248
211 155
26 8
103 138
239 231
139 1
235 34
231 2
138 98
153 79
87 218
207 100
88 175
214 141
46 98
148 235
231 175
14 239
34 231
171 6
235 46
150 246
98 145
73 153
248 160
100 211
90 141
235 2
93 246
211 6
221 98
160 14
231 201
223 139
145 211
214 2
224 141
14 207
221 6
101 16
239 90
32 120
201 1
75 11
63 223
176 98
189 240
87 79
218 141
167 223
221 207
46 214
214 103
2 201
153 155
142 80
153 87
87 2
199 156
46 221
176 138
171 155
248 100
235 139
14 2
98 211
90 155
154 180
14 90
210 245
14 175
113 208
139 100
133 179
160 221
214 183
11 125
67 175
70 92
63 6
211 34
218 223
14 88
248 14
79 63
6 141
113 115
176 90
90 2
155 88
230 163
63 100
79 235
138 160
167 88
87 176
176 211
141 167
116 69
14 139
174 22
130 72
6 239
34 239
100 223
153 160
59 27
139 88
1 2
183 139
160 139
138 1
34 103
215 124
73 138
63 176
201 239
79 139
148 46
160 223
201 221
175 248
104 199
153 218
100 239
212 18
63 1
67 184
100 155
175 171
223 6
87 207
98 167
201 171
207 46
46 88
114 144
73 6
223 87
97 168
107 24
100 148
34 167
211 153
214 98
10 38
14 214
178 226
141 87
209 105
49 151
214 139
34 46
14 103
231 138
90 87
141 248
214 145
138 79
231 46
175 176
231 14
171 239
103 218
6 231
155 14
155 201
224 235
148 171
79 176
46 223
171 167
88 34
203 190
162 110
43 25
2 148
244 69
214 175
239 223
6 167
141 160
103 175
175 155
235 6
219 134
63 183
221 218
183 211
183 34
201 87
145 73
183 87
103 239
171 176
87 160
63 2
238 173
146 66
48 4
211 167
183 138
145 207
164 129
207 223
221 141
188 134
224 201
103 73
223 67
88 2
207 103
1 145
196 190
248 218
2 207
90 148
248 214
211 207
155 87
218 98
112 31
141 100
34 138
138 141
46 100
132 25
176 6
2 167
198 68
85 188
6 201
138 155
109 131
218 148
139 201
176 73
139 145
207 160
167 63
126 240
239 224
2 176
73 183
209 32
183 160
81 137
90 103
88 201
241 76
211 14
51 62
221 176
46 14
235 171
88 138
239 63
144 191
6 155
175 98
214 207
13 168
218 224
100 218
46 176
235 176
185 170
235 145
183 221
96 186
224 1
18 78
14 224
90 207
14 218
207 141
153 224
100 176
1 176
87 73
14 176
231 67
207 79
248 34
167 176
130 7
160 2
201 248
29 76
138 139
79 221
139 46
119 56
139 90
248 90
63 175
1 183
141 63
145 34
90 88
204 9
183 153
141 175
103 155
208 136
6 218
224 6
242 62
221 145
148 224
160 224
79 100
235 211
81 232
100 201
223 175
66 122
160 148
153 207
160 175
73 221
6 160
148 14
141 183
79 88
139 248
46 87
145 87
106 222
153 231
98 148
103 2
34 223
6 139
73 46
155 214
238 117
218 231
99 125
15 174
211 2
100 160
1 171
34 171
73 235
103 221
141 1
52 107
143 158
148 155
145 100
112 65
160 1
201 148
2 223
98 201
160 167
141 2
155 218
100 153
124 142
216 54
63 98
103 201
231 1
2 46
