250
1000
159 180
57 188
135 187
157 190
67 99
111 81
117 44
48 160
161 25
129 136
165 118
32 96
184 106
91 128
63 129
93 34
229 20
176 101
79 39
2 111
16 72
179 193
162 219
241 98
106 135
15 21
48 224
193 233
90 72
90 248
131 50
19 119
137 9
162 213
94 25
4 8
21 26
44 131
73 237
86 43
79 92
223 113
165 61
197 146
35 160
127 203
76 173
181 187
143 216
56 240
101 111
198 16
91 180
232 93
158 185
201 65
83 234
6 189
55 135
223 31
10 192
187 167
52 213
85 227
42 144
25 190
22 99
189 145
19 14
50 86
51 137
97 100
112 217
106 26
157 128
91 50
105 181
32 173
170 174
128 186
200 216
150 90
120 180
89 172
234 249
180 169
223 250
13 130
187 81
8 170
186 41
3 152
71 30
12 64
61 246
27 193
123 8
159 154
248 40
52 56
46 26
213 244
237 117
191 33
115 61
179 82
96 16
226 118
81 93
97 91
171 173
9 113
155 191
170 18
38 200
213 90
50 218
157 54
199 72
131 151
84 159
237 222
167 56
35 219
21 93
47 110
125 107
199 242
160 90
50 80
162 18
44 133
91 69
247 96
191 224
3 97
2 227
101 142
117 73
178 60
212 213
105 154
249 60
86 182
245 173
146 140
38 249
227 78
217 12
63 119
225 29
34 136
55 247
197 42
162 173
1 74
140 79
10 175
134 212
148 132
249 123
145 19
169 93
114 33
123 28
159 153
146 245
177 159
170 241
53 4
171 23
172 245
174 173
145 129
228 210
225 95
53 17
9 191
243 132
117 108
127 230
46 36
177 84
95 11
65 217
100 63
151 213
100 28
47 215
151 183
62 131
189 44
126 20
219 249
84 106
115 123
39 146
118 21
47 64
183 128
154 78
77 152
166 79
147 12
185 57
10 171
11 110
187 128
35 78
155 210
164 242
185 226
4 82
126 93
143 80
22 184
98 20
184 154
54 99
127 160
118 162
80 87
219 54
26 212
33 111
9 87
137 86
49 198
185 211
87 37
73 181
53 25
55 210
141 54
211 42
3 116
11 9
166 88
5 32
68 19
23 249
201 39
138 169
195 23
215 82
37 66
200 67
225 144
102 30
142 33
127 27
203 50
100 222
189 201
26 197
160 92
37 215
185 171
196 156
182 199
172 136
241 22
61 69
177 228
72 235
69 26
48 60
130 84
182 98
47 32
107 21
186 136
150 106
51 133
195 238
42 105
4 81
73 151
39 66
223 246
178 106
177 167
214 174
219 183
53 174
50 89
93 96
7 154
174 86
71 243
89 183
62 185
148 9
36 87
55 205
30 155
7 132
135 47
160 121
80 102
103 133
94 66
194 77
63 135
38 239
242 133
14 245
249 101
82 132
184 14
53 47
65 69
83 14
26 171
15 150
128 79
161 106
19 227
124 30
60 142
250 241
216 139
183 23
236 223
232 147
204 202
68 24
194 82
61 113
65 174
85 148
54 67
38 124
58 25
2 40
206 17
75 29
164 205
109 176
122 28
159 83
132 106
188 13
6 40
52 173
249 132
180 161
228 6
227 67
67 112
137 149
46 220
116 35
153 156
58 141
126 198
53 58
69 202
148 129
87 48
45 124
233 26
223 62
164 186
163 81
58 250
151 177
160 67
242 121
49 197
214 13
7 21
4 14
167 118
162 114
212 217
105 130
223 139
155 11
208 175
88 133
44 121
16 21
79 231
242 172
174 247
56 139
90 125
106 98
243 102
50 125
17 166
49 25
91 93
35 126
180 52
240 215
18 141
77 164
150 221
66 86
235 176
30 239
132 38
193 146
87 58
163 85
35 19
206 41
136 234
85 73
213 128
115 127
151 194
225 168
240 206
64 139
223 228
106 87
48 153
44 191
58 94
82 33
71 65
118 105
117 198
194 140
11 74
228 51
163 179
119 190
16 109
15 117
95 5
143 172
232 103
132 78
247 118
2 42
67 75
7 133
181 194
83 51
101 47
80 171
95 120
74 94
103 57
188 73
138 38
200 90
232 200
31 219
157 100
39 173
99 91
60 216
170 130
133 196
23 22
53 49
178 128
188 55
111 73
34 247
200 97
54 119
19 112
188 178
53 46
90 208
187 85
250 198
191 222
215 228
182 115
52 124
167 32
206 119
26 63
132 118
185 210
182 26
152 177
79 102
29 174
152 66
143 222
87 3
114 59
17 196
174 13
183 202
104 171
6 173
241 53
51 92
206 51
102 186
31 34
114 19
47 128
178 24
175 23
87 142
220 184
29 161
59 60
84 14
107 242
238 149
228 137
179 173
117 229
157 156
72 124
212 218
236 102
23 29
147 7
15 88
218 34
101 93
101 189
235 119
222 41
39 126
216 199
189 10
219 115
213 36
18 40
75 194
216 47
41 20
185 67
207 58
231 140
193 177
141 13
115 59
142 243
82 90
163 173
106 236
110 24
16 27
16 230
178 35
115 177
95 114
46 3
168 46
120 237
5 245
120 146
200 209
83 27
134 85
93 187
35 111
157 191
16 116
30 70
186 218
199 123
8 239
62 102
112 89
123 21
194 86
150 109
122 183
114 198
3 210
10 164
9 110
71 240
49 120
87 76
144 247
27 47
179 241
97 163
144 223
82 88
110 246
107 48
184 20
33 31
39 124
134 156
67 246
194 198
137 217
62 224
218 123
96 131
178 129
213 47
72 236
176 36
118 181
19 43
183 169
59 168
58 136
30 154
132 61
118 134
27 116
223 219
216 135
106 171
68 205
28 241
17 189
198 145
20 243
69 111
148 107
173 68
44 22
248 129
227 221
132 183
172 248
250 227
3 170
131 223
111 91
142 122
34 45
121 216
40 37
136 52
94 223
184 13
189 39
147 46
169 215
73 180
110 107
206 241
196 210
168 191
70 191
93 46
245 118
115 179
78 69
178 157
91 126
33 202
111 9
195 36
250 202
189 222
118 44
208 224
52 18
36 95
55 34
139 73
226 115
69 46
250 141
199 116
235 104
228 58
242 83
45 239
166 145
201 103
89 161
61 111
139 177
185 240
22 27
132 158
104 66
180 138
248 91
228 12
64 163
20 232
122 198
142 230
51 42
142 162
107 205
64 228
87 241
79 219
134 89
161 138
49 148
87 147
57 37
105 12
74 118
15 94
212 182
189 226
96 142
167 115
94 97
66 25
31 41
240 42
170 88
189 119
76 180
201 56
103 229
211 198
176 156
61 11
70 230
68 43
166 76
185 64
246 202
89 156
108 216
215 138
97 103
68 137
62 154
182 130
170 199
17 232
71 170
68 80
57 62
240 129
126 109
204 170
182 56
247 170
71 1
222 160
192 75
223 208
238 58
218 183
203 51
51 63
230 122
15 219
19 151
39 61
8 147
237 27
45 218
68 168
19 15
21 31
146 247
213 23
1 50
248 237
8 205
59 242
154 86
31 95
221 213
211 169
32 113
143 71
150 71
83 19
169 216
20 151
52 36
220 55
51 136
19 89
142 250
207 47
151 79
93 221
36 85
144 191
42 30
100 220
7 70
195 173
227 231
53 97
199 115
235 127
14 10
2 57
244 232
187 244
150 13
234 73
212 236
28 25
14 100
2 35
217 126
240 74
73 100
7 26
32 243
245 92
201 15
169 248
152 73
9 208
120 209
55 137
49 146
24 245
151 186
185 188
66 114
187 71
58 157
48 4
199 211
226 19
146 219
96 126
217 233
13 71
143 166
39 132
145 71
18 194
98 179
88 200
153 83
162 184
168 130
173 246
18 38
42 88
185 206
133 49
212 4
167 20
214 236
12 63
51 235
175 121
204 55
84 78
44 27
198 164
27 168
59 204
240 138
191 47
144 117
207 34
117 155
235 135
43 119
168 86
228 143
70 62
166 139
154 225
238 13
204 74
4 49
93 155
174 77
241 41
228 150
159 75
226 117
56 2
106 165
189 19
34 241
50 36
7 143
53 72
136 57
220 94
136 238
88 182
107 155
226 37
56 62
135 103
217 75
221 117
24 92
137 176
110 65
151 46
132 175
40 158
191 188
138 245
189 229
18 248
24 58
101 199
2 38
236 204
219 27
235 80
150 199
171 86
131 14
26 237
138 233
28 36
35 110
118 139
33 62
165 103
132 223
84 194
198 110
46 44
191 20
138 43
160 98
27 79
15 155
117 200
44 150
57 227
80 1
45 28
60 228
138 6
90 34
82 223
55 83
60 94
204 112
140 247
166 44
51 134
20 36
132 65
127 64
78 158
78 54
203 222
83 6
63 165
9 170
179 165
45 116
239 135
105 63
190 138
204 194
112 202
16 112
147 2
178 130
26 22
193 247
134 220
238 114
141 224
242 155
162 76
25 201
101 244
189 84
6 14
207 156
174 5
35 46
119 234
112 98
247 241
120 249
13 16
48 227
8 246
42 45
92 32
52 188
249 242
28 108
202 48
227 93
142 149
3 212
155 83
105 39
115 103
135 189
128 160
197 137
240 60
3 106
180 79
1000
29 22
64 74
118 216
145 175
70 234
59 215
105 112
63 6
196 207
189 83
25 29
98 183
19 39
97 54
179 225
139 242
118 104
123 149
72 244
237 98
142 99
44 50
182 100
115 160
192 11
58 228
82 109
188 149
119 59
95 19
240 54
228 219
26 13
47 137
38 66
144 70
210 152
100 92
67 245
153 14
206 236
242 149
141 179
50 149
168 179
2 1
163 30
243 105
6 120
221 134
8 150
118 201
114 67
164 187
116 2
122 134
77 187
85 150
39 28
179 123
245 244
235 26
22 212
31 110
75 3
200 209
230 218
55 18
110 232
43 134
143 24
24 233
149 248
197 209
239 91
239 209
181 83
250 120
206 237
155 118
16 58
74 118
192 62
32 235
115 246
127 192
7 68
39 88
64 3
55 50
83 46
142 78
182 164
210 167
157 121
202 8
126 89
232 151
115 177
174 77
67 115
112 111
206 158
3 35
4 127
178 236
191 110
128 137
11 215
189 198
29 227
56 129
32 12
145 138
69 71
113 176
64 248
117 15
114 112
135 156
197 126
226 122
11 72
29 178
87 208
219 20
120 217
184 228
48 133
163 109
209 71
139 83
174 46
190 39
132 235
121 24
78 196
9 188
243 235
173 1
231 193
137 84
211 40
212 34
65 219
173 184
12 236
15 196
56 36
46 249
2 85
174 34
236 30
126 250
40 43
97 170
168 210
113 144
44 35
76 115
81 229
140 57
16 56
27 5
36 158
27 208
213 103
130 99
132 93
32 161
206 194
80 173
235 5
96 108
208 16
207 210
118 102
96 58
136 96
240 209
53 20
52 180
206 20
153 36
190 216
249 110
57 14
72 41
96 24
218 232
140 71
220 122
110 207
209 233
20 234
87 213
205 225
139 8
236 103
114 118
193 227
198 210
157 212
118 152
185 138
239 31
231 98
206 233
106 213
126 91
156 129
246 219
214 250
234 67
36 71
108 115
12 167
96 120
247 52
227 226
93 149
168 184
89 85
65 230
16 20
202 20
53 195
185 114
30 150
249 148
89 73
202 210
249 36
112 162
164 109
121 154
52 183
93 138
51 207
112 23
68 82
40 195
186 76
197 159
78 220
233 126
147 172
225 109
247 33
62 27
225 132
219 245
187 198
210 72
197 183
121 129
72 25
240 88
159 188
158 72
4 207
235 163
26 245
8 204
186 117
57 111
210 22
138 54
228 227
196 113
103 223
212 49
178 18
182 206
248 12
98 65
232 154
131 32
67 94
38 64
229 72
208 147
247 116
100 189
131 21
55 71
116 4
127 229
188 4
24 61
211 232
58 168
11 208
135 192
41 78
128 210
18 216
209 68
190 250
76 206
152 46
161 79
153 238
225 235
172 221
176 182
156 44
103 203
12 250
94 13
86 39
85 39
67 30
126 214
212 67
178 100
141 178
244 170
17 220
242 233
157 70
234 98
210 125
188 156
200 159
162 78
106 139
158 12
100 228
68 31
30 205
246 186
6 150
153 58
30 13
239 41
33 236
107 118
39 13
39 113
194 200
26 105
131 243
47 68
193 162
171 159
128 181
98 137
163 62
100 221
222 111
110 213
20 65
116 32
96 189
85 83
133 192
128 101
150 155
236 72
27 165
69 124
229 105
177 220
173 114
204 7
105 79
42 78
169 162
104 92
101 211
72 147
159 224
157 80
38 154
244 12
127 238
227 22
87 50
99 219
97 110
238 111
59 46
66 110
104 134
233 62
136 40
212 93
8 227
28 215
13 236
201 184
6 13
166 114
11 54
8 115
26 62
44 193
226 45
192 19
69 143
73 209
223 212
147 61
166 216
36 142
233 47
86 128
61 117
150 199
112 71
79 110
73 48
246 229
162 63
130 50
54 13
136 134
201 148
163 204
128 49
175 241
108 194
117 129
120 238
155 233
132 17
43 209
248 201
81 48
105 183
225 196
41 243
119 204
57 107
107 85
104 250
76 202
146 50
101 198
155 102
95 225
13 138
83 67
134 38
155 230
95 174
140 75
127 32
150 65
212 24
221 12
234 187
149 34
244 116
44 163
204 115
209 91
42 74
47 187
68 184
193 187
121 222
226 233
240 90
75 43
31 67
109 167
113 149
247 185
61 78
247 109
12 208
71 236
59 104
161 233
228 115
230 63
191 41
12 71
28 239
158 159
239 36
60 217
50 233
72 192
151 89
160 184
59 194
21 112
68 231
20 177
86 223
144 75
118 231
238 116
13 22
146 69
241 192
172 50
128 54
224 66
235 73
174 7
214 159
140 156
112 91
12 101
232 20
117 145
247 151
78 245
83 107
59 147
130 69
5 171
62 125
31 233
175 170
8 224
130 151
23 188
240 222
234 180
129 136
121 84
226 242
149 162
87 123
46 31
206 119
15 204
124 239
150 191
118 52
126 26
102 85
169 31
157 208
28 14
159 7
248 8
208 143
231 170
103 93
203 213
37 104
44 89
199 226
171 201
243 51
182 90
103 244
31 82
110 144
214 108
185 33
40 150
242 237
139 31
179 153
66 207
250 167
245 215
145 41
33 78
248 242
229 194
176 163
223 141
244 187
1 70
161 61
200 66
246 20
83 207
21 133
176 148
68 2
103 28
51 131
146 52
73 45
208 85
78 149
167 44
70 173
45 179
51 175
94 136
122 160
155 2
106 6
166 35
124 12
124 71
250 137
159 108
220 60
19 227
54 150
160 140
75 39
130 163
192 52
92 62
109 101
37 154
194 109
103 54
212 100
85 16
205 138
120 84
92 249
245 143
38 71
116 110
96 62
156 107
248 103
110 128
99 204
146 76
60 76
29 217
93 42
49 86
93 158
51 60
22 160
150 145
94 140
190 77
9 155
37 152
64 130
98 178
104 193
89 179
218 231
136 140
241 112
90 104
45 35
1 83
86 115
191 245
17 49
79 250
54 72
201 182
54 10
196 208
212 12
160 42
172 219
102 171
84 69
47 78
122 190
81 101
221 64
120 18
66 12
137 155
210 182
64 15
4 72
18 153
47 200
194 135
99 224
109 106
232 80
144 95
197 12
134 76
51 228
130 187
3 228
218 234
95 198
79 206
120 248
24 11
17 240
33 229
214 189
107 228
29 247
149 213
20 147
89 188
51 78
200 176
190 90
26 3
12 157
164 19
36 245
63 179
113 33
209 130
62 117
221 118
227 10
63 77
165 147
55 223
204 198
50 94
94 182
128 32
242 39
34 135
48 35
72 76
17 196
168 216
67 57
36 145
144 45
213 2
169 196
75 113
107 30
170 3
183 33
102 160
38 15
182 191
246 52
156 101
195 77
227 127
220 238
171 53
18 156
36 179
54 89
171 141
29 18
182 119
78 159
150 218
177 50
146 16
153 141
229 22
26 87
37 30
23 120
208 3
36 196
111 45
203 76
190 138
35 130
206 244
134 79
108 130
133 109
191 230
243 19
230 55
77 11
227 68
217 51
20 109
104 57
181 161
183 75
177 249
134 37
7 23
27 158
25 193
191 121
149 202
165 201
188 94
150 108
192 113
71 6
116 113
122 38
55 228
215 110
19 203
61 118
20 58
160 218
35 19
152 211
114 99
225 104
144 118
129 149
83 142
239 165
77 78
27 212
6 74
108 22
174 231
95 70
4 77
231 165
170 229
5 53
93 15
147 144
227 159
190 66
87 128
15 143
84 36
212 195
41 223
125 176
32 76
121 95
27 136
3 113
183 158
116 221
162 36
175 53
213 152
69 247
236 16
238 181
241 51
107 91
240 248
32 135
112 220
109 191
122 212
80 97
3 130
198 215
151 58
132 42
58 174
80 169
125 175
20 106
73 220
175 160
111 181
40 101
213 53
84 161
199 147
205 124
90 39
153 54
234 55
143 221
38 63
118 133
43 217
116 80
232 138
215 41
135 237
130 39
76 119
10 105
127 35
26 192
33 63
6 163
100 249
45 98
20 42
235 25
133 156
229 23
227 125
192 231
207 246
177 13
127 170
129 127
78 109
52 106
146 214
192 98
194 35
211 12
200 228
160 77
163 201
89 86
80 171
242 123
116 182
236 168
25 128
92 29
207 104
170 69
223 114
191 59
62 238
20 119
227 54
188 61
37 117
112 215
240 215
92 202
50 197
69 248
240 188
242 219
227 12
199 191
244 169
221 218
146 65
69 210
85 73
111 220
4 51
156 153
209 47
37 56
216 45
152 137
236 187
231 106
207 190
28 117
242 197
130 212
102 11
88 220
66 92
214 139
227 80
249 230
41 204
65 191
113 178
53 10
98 241
29 44
190 202
250 113
27 57
61 63
177 120
224 61
196 3
151 152
52 119
182 41
166 178
15 189
26 157
53 48
190 10
182 81
209 87
124 219
228 153
227 223
237 108
146 85
9 3
14 212
51 107
166 50
140 241
64 43
93 234
113 49
200 185
74 51
3 219
144 210
250 148
119 195
155 216
192 107
38 37
203 235
224 210
117 54
164 55
110 61
210 158
102 40
149 9
123 114
248 56
