250
289
91 162
128 199
224 97
186 77
227 2
145 97
186 247
112 183
243 206
186 155
66 247
217 84
193 105
48 129
152 186
101 154
203 142
186 59
234 186
5 194
109 186
90 200
24 166
7 31
186 140
208 186
179 110
69 189
73 222
113 181
166 121
151 186
227 186
74 235
186 223
51 52
186 126
80 221
88 75
105 186
186 123
188 186
223 210
3 78
195 19
9 176
206 186
170 214
114 186
115 157
100 88
186 72
250 94
141 186
186 111
186 6
210 10
215 186
92 212
32 219
64 186
37 186
14 201
125 186
193 15
186 82
169 31
68 168
186 54
125 32
93 1
186 56
127 232
186 191
98 186
197 70
15 105
7 169
186 209
44 13
232 186
186 115
129 25
186 160
186 171
172 186
144 186
194 186
196 239
125 219
136 139
72 146
58 144
89 77
96 95
43 198
114 30
157 143
134 248
185 186
141 175
36 114
45 57
120 149
33 186
186 57
87 116
162 186
239 211
110 186
186 203
189 186
71 186
186 21
207 124
39 209
186 8
25 186
186 170
22 74
33 246
186 38
112 186
215 20
186 164
186 27
237 171
202 89
25 48
60 87
42 186
168 167
64 190
135 108
186 149
186 102
186 134
93 56
160 51
107 230
227 225
52 160
186 78
186 49
106 144
205 184
197 186
186 74
182 186
86 195
249 186
137 233
133 250
154 46
29 186
96 17
2 225
186 180
99 194
186 83
149 177
43 186
68 186
65 189
242 26
85 81
162 226
186 228
186 158
186 176
75 100
23 131
184 188
186 199
186 218
50 113
140 245
186 4
134 41
10 223
215 61
104 44
186 101
186 23
186 55
55 132
135 150
82 238
92 186
46 101
186 75
76 212
120 177
186 204
91 226
235 22
90 161
217 186
178 186
186 242
95 186
42 159
186 236
97 186
116 186
20 61
181 50
201 182
192 147
158 229
1 56
186 119
113 186
216 208
11 186
63 186
204 165
242 213
186 62
186 192
186 104
156 130
222 186
24 121
186 148
67 85
126 16
153 118
233 186
104 13
186 124
47 186
186 122
68 167
148 241
103 6
182 14
65 69
186 163
94 133
77 202
28 186
220 186
200 186
19 86
186 173
92 76
186 35
186 118
128 244
12 4
224 145
35 231
187 186
81 67
186 174
186 221
186 67
230 27
173 117
155 34
36 30
186 135
186 19
213 26
116 60
115 143
79 119
95 17
41 248
186 250
130 186
211 196
186 136
150 108
188 205
106 58
239 186
102 18
121 186
186 138
186 53
40 122
199 244
240 186
107 27
200 161
186 169
5 99
287
149 20
145 113
201 20
20 219
130 118
165 159
149 4
138 154
147 85
138 20
75 20
201 211
168 184
20 243
20 11
164 143
52 20
153 20
208 140
199 16
116 20
20 93
224 79
27 39
20 127
111 239
20 55
120 182
214 74
87 97
157 219
249 20
34 35
65 20
20 220
161 197
20 167
20 210
159 20
246 32
238 20
20 90
20 139
85 38
20 215
20 199
205 209
60 20
73 20
54 20
82 112
20 174
177 20
20 56
145 12
20 77
53 20
26 178
29 177
20 113
20 169
216 176
136 20
20 69
112 61
126 24
42 37
20 203
80 133
170 137
248 83
243 124
195 162
49 169
174 230
20 79
231 202
234 20
38 20
153 247
228 236
57 20
142 92
42 20
242 217
155 20
29 235
20 137
93 150
25 63
20 248
114 20
20 164
20 102
20 227
21 241
219 107
100 20
20 14
158 20
199 33
64 182
107 157
66 36
172 194
154 10
20 121
18 66
98 20
39 2
36 18
100 80
33 16
88 102
125 232
120 64
20 71
146 96
17 1
20 118
62 20
131 159
204 47
20 239
84 26
233 20
20 208
200 183
235 177
214 115
104 20
69 109
15 119
57 15
92 129
7 149
49 212
20 126
223 81
242 20
142 129
237 20
20 115
188 20
20 34
106 246
190 20
20 204
20 173
3 136
4 7
20 68
108 217
10 138
17 91
20 207
221 69
168 20
134 23
146 114
88 141
195 213
119 57
222 22
206 20
188 117
45 20
92 20
225 116
104 6
44 20
19 20
114 96
128 34
8 172
187 175
175 20
185 20
20 191
244 20
162 213
181 20
95 20
163 20
20 87
40 71
20 226
25 19
70 179
133 100
91 1
20 43
122 121
20 84
99 103
63 19
189 52
135 148
228 152
194 20
131 165
61 20
9 250
28 78
245 20
20 229
198 95
20 144
250 218
20 86
128 35
61 82
160 50
38 147
105 20
20 101
20 205
23 151
218 9
67 43
20 125
89 207
20 213
207 48
98 94
160 20
21 20
32 106
123 101
183 20
12 113
236 152
240 20
20 171
194 8
20 134
20 46
196 222
230 58
193 40
62 161
108 242
20 64
20 103
76 20
2 27
20 192
180 54
134 151
163 5
62 197
166 20
20 9
20 148
158 132
20 32
178 84
17 20
20 156
20 70
20 231
191 13
41 87
110 20
30 14
58 174
78 20
186 20
141 102
212 169
89 48
176 20
59 86
74 115
72 20
97 41
196 22
51 43
20 22
36 20
2 20
67 51
221 109
31 60
20 223
71 193
152 20
