250
744
168 150
240 115
38 241
55 147
151 168
152 223
28 6
19 94
203 55
109 58
139 191
192 141
3 176
103 119
29 177
205 213
14 158
29 22
65 197
162 26
78 29
156 70
143 36
223 1
193 196
222 88
18 28
157 94
205 30
163 149
168 247
182 58
108 34
188 90
199 224
180 53
162 41
135 81
43 180
199 153
164 190
39 12
66 154
68 69
137 170
169 218
27 89
175 206
4 233
155 13
116 20
114 188
140 111
197 228
60 54
174 38
179 56
132 111
105 184
10 79
91 27
5 93
138 9
229 187
50 9
217 3
2 198
87 107
118 83
7 247
109 84
86 3
227 228
71 132
162 69
210 95
198 238
26 68
201 32
85 197
1 126
48 238
48 11
195 172
131 239
123 236
97 57
183 10
52 202
37 95
80 74
208 181
85 101
12 165
32 236
136 172
99 19
141 247
18 98
235 239
80 121
42 185
204 242
8 160
67 151
3 134
228 85
193 83
135 212
57 83
167 69
211 70
121 243
194 229
143 189
231 111
22 177
171 16
55 196
128 76
212 102
106 206
70 17
177 166
151 93
143 186
10 202
85 65
229 77
92 164
66 238
89 221
211 24
214 94
56 127
166 29
235 113
136 183
97 191
74 209
206 19
57 237
27 221
91 221
143 81
232 45
116 31
91 147
161 191
74 84
220 163
35 33
106 46
25 250
22 79
187 162
173 50
121 75
72 136
117 16
145 235
86 102
124 216
84 80
241 52
201 131
12 18
245 170
211 215
93 21
166 22
79 125
80 178
120 111
55 193
75 243
185 232
84 178
239 128
109 249
169 20
134 217
80 96
166 139
106 99
214 99
16 153
116 58
4 210
249 84
46 63
140 35
196 147
234 110
216 130
86 104
97 23
212 81
143 226
24 215
158 59
88 218
239 123
176 104
141 184
139 78
148 126
98 33
61 234
91 89
125 10
176 68
126 107
90 32
208 87
38 100
129 180
18 142
177 79
167 229
104 26
130 170
48 230
211 121
9 173
229 41
59 25
219 127
205 181
171 152
223 126
142 39
215 121
200 40
88 159
149 114
95 99
102 135
5 8
17 215
138 213
48 66
233 114
157 37
64 155
46 144
209 109
196 91
249 182
3 104
204 222
112 242
136 202
59 225
13 127
129 53
210 246
219 155
178 96
84 243
119 248
115 138
122 94
221 132
167 162
54 148
117 153
216 13
122 4
181 30
148 107
149 188
7 150
161 97
50 200
232 110
7 67
158 227
184 192
150 141
250 242
222 242
41 167
209 249
190 232
87 148
196 221
198 66
19 214
98 165
20 207
103 184
244 23
35 12
81 189
214 175
165 33
128 236
136 79
13 124
249 178
102 217
244 139
76 235
42 61
113 128
172 52
204 250
53 179
37 4
67 168
25 158
41 69
227 225
182 109
231 120
67 93
44 238
108 64
121 96
115 9
216 137
181 115
87 1
26 133
70 24
13 130
198 144
234 40
174 145
197 92
177 183
164 15
62 231
200 234
130 245
189 36
209 31
61 40
236 201
34 53
152 16
183 125
237 55
241 100
189 226
98 35
119 105
222 73
179 108
137 245
233 37
11 70
238 144
44 198
49 159
108 219
223 16
100 145
227 101
28 47
21 67
45 92
175 2
64 56
220 236
21 8
217 104
230 44
240 30
175 106
178 74
221 71
110 42
212 134
65 45
157 19
155 124
224 43
223 107
198 63
190 15
90 246
36 135
56 219
187 41
145 241
71 111
135 134
31 169
152 126
117 171
224 153
50 61
60 30
34 129
58 20
62 140
110 185
115 205
218 73
132 27
172 72
101 225
89 147
200 61
75 211
200 185
39 6
217 212
42 234
219 64
124 219
62 111
202 72
104 133
49 88
72 10
73 159
11 17
199 129
208 54
48 154
17 211
43 153
2 206
52 195
189 186
139 22
81 36
123 201
215 96
243 80
99 94
190 185
75 24
233 246
131 220
74 109
5 47
146 186
142 28
224 129
101 14
26 176
40 50
15 65
192 103
145 38
43 117
150 151
196 89
86 217
57 23
2 144
102 134
160 47
85 92
85 225
171 153
71 27
163 32
51 57
53 108
165 18
156 230
107 54
42 200
248 103
31 182
76 100
61 173
82 77
239 76
169 49
71 120
189 135
81 102
213 173
163 201
205 9
14 25
133 68
77 167
45 197
203 237
63 238
142 47
220 188
82 170
130 137
3 133
87 54
172 174
130 194
237 83
25 204
82 229
152 1
245 216
213 40
247 150
100 113
15 232
14 227
82 245
62 35
70 230
42 190
21 5
5 6
62 33
119 192
157 99
112 204
60 208
97 51
59 250
176 86
36 212
179 129
46 206
230 154
234 185
128 123
116 169
66 44
170 77
92 65
8 67
164 232
240 181
11 154
165 140
181 60
73 49
132 231
73 112
120 27
158 242
133 69
240 208
9 213
95 157
243 96
184 247
4 114
127 64
5 160
194 77
30 115
156 11
79 183
131 128
227 59
17 24
151 7
213 50
163 90
245 194
51 118
2 46
235 100
38 235
166 78
112 250
202 172
118 57
192 105
143 146
138 30
163 188
203 83
32 220
250 158
107 1
20 31
186 226
178 243
7 93
116 207
65 164
203 193
83 51
6 142
29 139
138 205
159 222
159 204
191 244
182 209
167 187
144 175
127 124
68 162
188 32
91 71
113 239
249 74
88 207
64 179
164 45
160 142
89 55
124 137
228 225
214 106
59 14
14 225
216 155
98 12
25 242
150 184
122 210
90 149
138 173
21 160
17 156
58 209
171 199
33 231
166 191
62 120
126 87
23 161
90 114
141 168
195 72
224 34
10 136
156 24
246 4
203 147
94 95
148 60
97 244
226 36
202 195
69 26
201 220
237 193
207 169
179 34
43 171
68 41
174 52
141 105
49 207
134 86
226 146
39 18
39 98
125 29
159 112
13 137
63 66
236 131
23 118
113 76
215 75
38 52
127 155
161 51
120 132
154 156
6 160
233 210
8 47
248 105
228 92
56 108
244 78
145 113
58 31
199 180
182 20
19 106
208 148
195 174
72 183
116 218
214 206
114 246
78 191
54 240
95 122
161 78
46 175
56 53
73 88
63 2
76 123
11 230
151 21
49 218
165 35
44 48
44 154
222 112
241 195
237 118
199 43
105 103
75 96
233 149
82 187
140 33
22 125
133 176
117 152
157 122
173 40
125 177
15 45
244 161
28 39
131 123
8 93
23 51
194 82
197 101
149 246
190 110
47 6
147 193
187 77
170 194
7 168
240 60
144 63
118 203
224 180
15 110
122 37
12 28
210 37
223 117
228 101
207 218
192 247
16 1
180 34
241 174
231 140
744
139 36
90 28
232 146
7 231
179 22
38 102
60 104
234 64
75 96
189 183
242 180
43 68
170 109
116 78
135 50
31 41
72 35
15 83
235 244
107 74
29 179
207 84
9 250
125 242
65 125
12 52
178 72
159 66
114 96
99 199
173 176
120 192
191 232
125 59
115 54
38 184
239 234
26 39
217 62
61 190
146 192
130 137
224 39
106 117
67 99
75 150
3 72
49 220
218 8
191 121
106 211
57 101
238 25
17 158
97 131
1 211
202 148
10 79
97 135
243 115
175 42
83 66
94 49
15 27
239 153
83 104
188 187
214 223
246 223
168 58
185 2
80 55
11 220
163 148
69 87
109 92
77 228
173 45
227 33
193 118
123 134
22 79
106 206
84 121
23 180
57 170
199 73
116 163
190 129
187 110
53 133
121 107
224 26
26 47
37 53
15 60
154 226
126 43
147 179
1 215
195 226
86 24
86 192
46 241
16 134
184 102
40 105
35 71
2 144
114 169
88 8
124 127
20 131
179 237
175 247
13 162
132 11
183 169
151 216
112 65
204 99
191 118
239 64
75 44
56 165
100 220
135 250
244 70
89 194
19 53
152 184
154 138
216 248
233 193
197 128
182 131
122 173
171 151
239 79
78 148
108 200
78 149
103 153
61 155
40 151
203 150
122 45
23 132
94 11
63 224
125 70
50 8
181 208
93 236
206 219
144 89
46 11
61 111
75 77
216 133
177 200
77 44
66 104
72 73
82 126
161 16
238 188
103 234
13 209
192 162
186 55
227 242
194 185
80 210
168 189
184 166
234 153
168 12
205 122
141 176
42 181
167 183
245 2
185 36
193 93
102 152
177 108
228 58
38 3
5 80
17 211
44 150
122 141
80 186
146 207
114 167
120 13
106 1
16 95
163 214
47 115
202 62
240 140
42 36
149 230
207 120
238 51
2 194
147 29
226 198
63 54
180 112
134 210
32 95
25 152
181 21
38 72
35 3
10 147
91 23
89 2
101 109
5 90
95 134
191 207
197 7
39 41
123 32
133 19
24 192
48 249
172 140
157 236
48 98
50 142
178 3
204 199
164 225
216 165
101 81
68 98
75 167
164 25
201 52
117 1
180 227
40 171
229 60
235 65
197 34
82 67
49 132
41 52
5 4
219 56
38 178
120 146
212 119
140 66
91 33
195 138
14 154
62 69
246 214
1 219
47 224
244 129
110 197
174 127
169 189
93 157
228 169
247 181
32 134
187 164
136 31
236 107
184 178
122 176
135 142
213 20
161 173
73 204
88 221
85 203
45 88
63 39
64 29
113 44
41 224
119 147
124 160
74 236
55 4
104 140
190 108
14 138
146 162
57 243
181 139
68 212
209 240
183 114
219 117
33 132
99 35
86 13
231 197
110 128
141 88
244 61
215 17
98 119
128 7
10 22
201 169
50 222
30 135
247 139
220 46
112 242
23 227
235 59
91 180
76 213
64 22
248 19
170 160
221 222
74 191
7 34
248 171
92 115
162 145
206 53
245 144
154 195
105 100
73 71
244 59
145 120
198 158
178 166
188 164
117 206
34 110
208 247
233 157
91 94
223 230
223 182
62 233
210 186
129 61
4 90
51 152
123 95
220 132
32 186
182 214
101 243
142 30
164 110
143 111
182 76
24 172
240 27
1 198
247 130
68 237
101 92
139 21
198 215
85 226
7 60
58 189
9 20
228 183
114 77
92 57
239 103
47 63
196 103
166 102
124 6
158 154
123 205
69 148
196 137
48 126
240 159
168 31
243 54
143 61
243 92
37 56
238 225
117 37
176 205
9 135
42 21
138 113
153 196
35 204
170 6
68 119
70 59
4 200
18 241
237 10
239 22
54 47
102 225
161 205
116 148
8 221
136 39
145 146
248 40
224 136
217 69
56 206
199 67
27 66
41 136
43 249
43 82
25 187
219 37
3 166
217 233
31 201
13 24
171 216
40 100
142 222
236 233
194 21
193 107
143 108
158 211
89 245
102 51
167 228
143 190
155 129
8 45
14 150
117 215
198 211
227 112
76 250
165 19
124 174
186 134
67 249
70 242
160 6
156 139
108 111
89 185
230 182
156 89
58 169
118 121
235 70
213 223
145 207
92 54
40 18
91 227
12 39
99 73
235 129
15 104
36 156
161 95
172 86
87 148
165 171
118 74
199 82
128 229
159 140
202 69
141 221
108 28
214 230
112 125
98 147
32 80
93 62
128 34
130 208
178 71
184 51
29 10
203 113
246 163
159 172
72 71
79 29
205 16
156 185
18 105
60 231
85 14
214 149
51 225
166 38
138 203
213 230
19 216
118 107
176 16
241 220
206 37
234 196
137 208
94 132
236 193
6 127
5 28
142 9
183 58
116 202
59 65
90 177
249 82
166 152
14 203
10 179
80 90
137 103
85 154
16 123
77 96
18 100
165 133
238 187
201 168
238 164
152 225
12 136
208 175
209 86
213 182
248 151
28 177
49 241
210 95
218 88
112 91
247 42
231 229
44 96
130 103
58 201
87 116
160 127
199 249
151 105
143 177
131 213
242 65
84 145
28 200
14 113
62 157
188 110
8 222
37 133
97 9
179 119
149 116
208 196
123 161
158 195
56 133
25 51
15 66
41 12
53 165
160 81
159 209
211 215
200 111
250 20
200 143
209 24
240 24
121 232
31 52
64 79
97 76
181 175
63 26
3 71
145 232
156 21
27 140
84 191
46 49
17 198
232 84
77 167
74 121
60 83
28 4
49 11
81 109
155 111
194 156
96 167
113 75
119 237
137 234
106 215
150 113
59 129
125 180
241 100
157 69
162 120
185 245
217 157
126 212
151 18
249 126
48 68
30 250
195 17
115 63
212 43
5 55
19 171
155 235
57 109
195 85
210 55
153 79
217 202
26 54
250 97
64 153
186 5
190 111
204 67
226 17
74 193
30 50
229 83
161 176
188 128
212 98
12 31
209 172
101 170
222 218
221 122
115 57
163 78
168 52
158 226
124 81
228 114
248 105
109 6
7 229
48 43
85 138
136 26
9 30
73 35
87 217
21 36
126 67
147 237
192 13
246 230
130 196
205 173
207 232
221 45
244 155
149 246
137 175
33 11
174 160
27 159
98 237
197 229
173 141
76 131
48 212
45 141
30 218
241 105
86 162
87 202
23 94
52 189
47 243
56 53
4 177
149 163
93 107
204 82
84 118
188 34
210 32
23 33
65 70
81 6
218 50
104 27
240 172
78 87
190 155
225 25
130 175
20 97
96 150
33 94
76 20
88 222
34 187
189 201
90 55
100 46
83 231
106 219
218 142
29 22
170 81
203 44
71 99
78 246
131 223
18 46
36 194
233 93
231 15
139 42
