250
249
1 2
2 3
3 4
4 5
5 6
6 7
7 8
8 9
9 10
10 26
26 28
28 166
166 182
182 112
112 153
153 149
149 218
218 125
125 239
239 155
155 174
174 76
76 17
17 58
58 199
199 69
69 143
143 136
136 27
27 211
211 83
83 230
230 186
186 60
60 77
77 234
234 37
37 39
39 207
207 227
227 117
117 34
34 164
164 134
134 135
135 126
126 100
100 61
61 138
138 104
104 213
213 119
119 72
72 65
65 97
97 188
188 130
130 184
184 185
185 228
228 206
206 52
52 157
157 148
148 176
176 33
33 190
190 178
178 75
75 214
214 67
67 193
193 172
172 150
150 90
90 141
141 167
167 103
103 106
106 115
115 233
233 240
240 48
48 194
194 98
98 154
154 114
114 197
197 49
49 133
133 220
220 63
63 29
29 24
24 236
236 183
183 30
30 84
84 82
82 109
109 93
93 116
116 36
36 201
201 73
73 215
215 118
118 189
189 169
169 139
139 124
124 22
22 208
208 70
70 31
31 123
123 224
224 222
222 129
129 51
51 198
198 216
216 165
165 144
144 175
175 235
235 160
160 111
111 226
226 15
15 146
146 223
223 87
87 55
55 177
177 54
54 159
159 102
102 205
205 110
110 40
40 202
202 74
74 210
210 19
19 108
108 107
107 62
62 11
11 57
57 140
140 238
238 219
219 200
200 156
156 42
42 192
192 16
16 163
163 101
101 80
80 78
78 171
171 181
181 35
35 14
14 25
25 131
131 92
92 44
44 191
191 32
32 151
151 204
204 64
64 137
137 173
173 127
127 46
46 180
180 91
91 56
56 203
203 105
105 21
21 168
168 71
71 229
229 79
79 41
41 179
179 20
20 81
81 195
195 158
158 66
66 18
18 99
99 95
95 209
209 89
89 128
128 152
152 225
225 232
232 237
237 162
162 47
47 86
86 85
85 13
13 38
38 142
142 12
12 113
113 170
170 88
88 96
96 45
45 43
43 161
161 121
121 50
50 196
196 23
23 53
53 59
59 145
145 231
231 212
212 68
68 94
94 221
221 147
147 187
187 120
120 217
217 132
132 122
122 241
241 242
242 243
243 244
244 245
245 246
246 247
247 248
248 249
249 250
249
1 2
2 3
3 4
4 5
5 6
6 7
7 8
8 9
9 10
10 17
17 67
67 236
236 48
48 19
19 86
86 139
139 41
41 13
13 28
28 170
170 186
186 135
135 83
83 145
145 30
30 44
44 73
73 193
193 122
122 146
146 51
51 136
136 129
129 63
63 151
151 168
168 21
21 176
176 224
224 118
118 153
153 43
43 163
163 229
229 61
61 161
161 185
185 123
123 174
174 119
119 77
77 196
196 180
180 24
24 36
36 130
130 220
220 31
31 47
47 62
62 184
184 164
164 22
22 152
152 179
179 59
59 231
231 49
49 88
88 209
209 225
225 53
53 35
35 18
18 138
138 20
20 23
23 79
79 237
237 57
57 192
192 95
95 126
126 189
189 172
172 58
58 85
85 155
155 105
105 26
26 124
124 103
103 178
178 158
158 76
76 29
29 171
171 142
142 46
46 205
205 200
200 149
149 197
197 112
112 92
92 211
211 223
223 206
206 227
227 14
14 55
55 235
235 137
137 199
199 226
226 133
133 66
66 34
34 239
239 75
75 173
173 216
216 233
233 240
240 87
87 121
121 147
147 74
74 38
38 125
125 195
195 40
40 37
37 154
154 214
214 27
27 56
56 202
202 110
110 25
25 101
101 115
115 213
213 167
167 234
234 15
15 82
82 107
107 230
230 81
81 148
148 132
132 221
221 156
156 99
99 222
222 165
165 212
212 181
181 144
144 188
188 204
204 97
97 89
89 68
68 60
60 45
45 70
70 160
160 71
71 218
218 219
219 113
113 52
52 228
228 106
106 64
64 128
128 54
54 143
143 134
134 111
111 117
117 238
238 187
187 39
39 120
120 140
140 12
12 208
208 42
42 90
90 114
114 72
72 198
198 169
169 11
11 78
78 94
94 190
190 127
127 98
98 32
32 203
203 150
150 201
201 65
65 157
157 96
96 215
215 131
131 69
69 141
141 108
108 232
232 104
104 109
109 91
91 16
16 175
175 177
177 194
194 50
50 102
102 33
33 80
80 217
217 182
182 84
84 207
207 93
93 183
183 116
116 166
166 100
100 162
162 210
210 191
191 159
159 241
241 242
242 243
243 244
244 245
245 246
246 247
247 248
248 249
249 250
