243
827
102 228
81 121
175 167
118 27
9 27
85 239
207 236
189 230
126 98
237 211
81 228
112 152
189 21
228 47
208 233
165 156
241 201
87 93
197 113
55 201
207 206
2 39
66 135
112 64
14 106
39 191
232 117
13 122
1 155
226 39
121 43
169 27
220 175
7 171
179 28
92 125
242 110
62 133
102 20
125 58
114 33
145 34
134 62
190 133
204 138
73 72
207 221
164 214
232 155
198 31
148 75
174 190
97 240
210 85
155 227
59 11
39 153
1 44
179 72
191 195
102 107
53 165
181 14
33 125
182 47
164 197
105 111
154 69
51 173
186 70
223 42
126 33
167 42
70 146
102 196
113 230
168 19
90 94
97 140
70 93
114 172
123 191
206 141
228 20
71 122
162 25
38 16
11 74
86 17
75 172
22 231
32 141
24 18
217 72
107 75
76 45
32 74
66 39
39 145
192 98
189 12
233 196
184 14
153 155
109 92
74 138
28 13
3 110
136 134
43 72
50 139
152 66
186 10
239 35
54 23
101 3
122 208
122 5
234 132
49 206
82 72
41 43
71 68
170 204
147 11
235 241
125 149
104 27
76 110
30 1
56 171
64 2
228 16
54 1
30 42
219 26
99 224
37 91
218 59
240 238
154 75
160 29
90 200
158 122
60 32
12 61
8 18
240 27
58 206
228 131
93 177
169 144
209 241
213 66
53 57
79 228
27 222
78 2
198 179
92 90
133 24
187 2
155 201
86 120
235 74
128 224
181 107
149 240
3 31
222 159
45 8
122 203
73 217
33 173
193 133
68 59
11 76
137 177
120 240
212 64
118 117
82 107
41 227
51 62
151 37
221 223
9 79
121 16
50 166
110 217
159 167
169 6
88 34
188 237
177 191
120 64
43 59
57 238
222 225
133 56
94 19
208 91
208 218
22 39
196 120
169 155
99 94
102 50
238 77
27 63
29 16
19 76
28 41
32 65
57 161
44 177
121 199
144 159
112 155
207 17
117 38
67 205
222 74
189 114
92 154
153 132
98 92
150 217
210 74
145 95
231 115
124 189
100 15
79 133
85 68
39 36
237 16
40 236
108 68
143 181
8 92
34 153
10 213
233 101
40 32
154 128
112 59
175 42
77 186
131 212
2 181
70 40
228 157
168 103
82 100
38 171
40 13
48 4
18 92
106 196
240 147
221 36
47 116
140 201
213 167
21 136
128 162
38 126
60 73
201 6
80 153
172 180
118 197
201 114
44 206
217 179
232 231
238 223
125 153
146 116
137 228
175 103
72 38
229 82
106 35
82 203
35 145
1 204
136 243
52 68
43 60
207 88
235 75
222 62
165 45
202 143
198 116
38 46
178 45
197 239
79 113
72 8
201 197
141 135
214 232
20 63
116 183
82 215
1 152
22 66
205 23
182 152
112 240
108 191
209 206
206 2
29 2
97 229
32 178
236 106
223 168
161 229
178 194
203 23
192 56
61 157
20 191
207 191
196 188
197 44
48 191
85 61
136 65
179 158
207 31
177 71
29 208
206 43
84 58
119 231
131 206
212 128
82 7
165 110
225 150
177 225
188 109
96 232
35 33
77 198
124 52
215 122
116 15
162 235
155 47
16 223
179 100
196 103
102 38
66 56
92 84
87 214
45 58
45 143
161 98
92 189
94 225
32 134
88 57
115 138
21 172
89 45
18 217
83 112
159 46
210 153
196 215
115 207
219 151
151 172
96 34
233 25
214 155
151 169
151 162
56 47
230 150
126 115
200 41
153 143
123 39
184 23
96 141
22 31
172 39
49 92
40 161
218 99
45 41
105 32
239 63
203 115
49 237
102 55
166 43
126 172
182 38
154 113
137 99
44 35
85 97
35 167
85 86
64 154
215 243
75 44
176 58
147 122
210 57
183 191
62 238
28 83
233 225
94 215
21 96
41 75
165 218
156 140
143 176
89 128
217 165
140 229
93 91
210 36
106 146
50 186
215 188
228 117
218 170
99 44
216 62
16 104
135 217
168 95
9 100
136 168
72 228
59 121
77 195
190 16
118 166
1 50
115 83
183 144
175 33
125 193
118 31
6 36
1 172
155 75
142 116
79 185
52 140
62 199
194 72
79 243
98 38
115 199
50 112
217 111
138 146
59 143
72 145
47 217
91 233
228 188
134 81
228 92
175 135
102 51
95 155
53 210
221 137
130 15
143 5
221 16
73 210
151 184
166 24
20 64
49 124
78 212
129 241
153 150
158 63
54 14
166 106
20 199
241 160
136 187
41 208
101 202
131 82
30 195
86 239
142 131
35 203
131 103
85 94
126 211
90 207
59 53
127 185
126 143
115 93
11 169
212 143
159 235
25 90
186 18
221 133
85 133
211 203
221 106
99 116
209 234
167 63
103 229
211 34
189 228
83 109
50 203
45 139
146 242
186 78
118 228
145 12
36 23
26 97
82 196
72 166
197 94
221 44
67 97
171 153
214 104
75 236
141 186
54 46
71 55
150 157
83 18
5 40
234 76
167 68
150 26
181 112
22 12
28 32
122 15
177 187
163 85
165 209
164 178
88 111
24 218
45 170
171 77
150 125
162 234
240 101
42 164
223 171
191 122
32 242
190 206
53 132
40 195
213 243
114 65
171 96
7 47
78 168
171 25
173 101
163 143
138 107
195 143
221 169
158 13
114 175
190 195
136 17
9 243
123 63
170 200
38 42
168 170
22 158
167 96
14 205
184 24
210 58
47 243
239 102
172 5
182 193
22 74
78 230
107 39
104 141
175 174
176 60
225 205
98 113
155 210
221 111
133 183
67 227
83 232
101 13
132 137
176 13
89 164
202 227
2 166
37 54
48 26
77 104
217 139
99 146
130 157
107 143
180 184
186 55
109 112
71 182
198 182
191 228
216 210
16 226
26 204
198 180
201 154
175 136
161 133
185 236
58 199
142 190
80 16
169 56
221 119
181 98
177 166
153 223
151 57
78 41
100 185
22 54
216 129
176 211
5 110
24 213
36 8
45 61
223 82
2 4
217 116
8 100
71 25
123 2
74 196
128 107
228 116
104 140
3 115
39 25
242 224
134 37
158 54
129 183
20 15
143 175
131 107
109 120
217 60
20 217
168 114
73 153
61 70
197 126
91 229
30 9
159 94
172 99
161 193
110 169
196 119
72 158
47 11
128 137
45 12
185 19
152 184
121 113
131 144
26 218
88 82
23 31
222 221
139 40
125 204
228 198
206 10
63 70
174 96
146 193
208 169
159 223
67 38
183 214
229 166
149 184
123 52
181 175
110 191
45 156
94 68
22 28
147 93
117 227
221 212
4 130
80 99
215 54
27 121
109 9
89 127
97 105
192 221
199 130
89 225
16 88
132 215
85 184
218 64
53 185
110 97
191 33
90 80
123 87
134 204
233 43
86 8
180 215
206 28
61 188
153 185
108 155
198 197
34 133
69 139
25 170
25 186
7 10
228 97
222 150
131 211
236 149
78 62
241 172
132 199
138 48
8 60
67 206
12 165
137 27
143 83
42 108
119 33
13 157
78 107
116 232
7 192
23 169
61 204
76 177
153 95
113 241
52 72
3 9
90 103
98 117
176 243
51 18
62 27
82 146
43 84
228 127
218 116
161 106
15 168
213 82
221 136
44 222
43 30
186 31
50 202
240 222
236 49
173 81
201 83
175 118
149 28
195 170
3 61
73 53
113 152
69 18
205 55
190 238
225 120
208 224
26 236
218 100
16 192
51 2
242
95 214
68 60
78 68
46 214
115 24
176 109
10 66
13 168
154 185
176 68
119 60
219 186
227 22
183 219
151 199
68 171
236 70
100 199
102 57
162 125
160 179
137 143
55 120
63 139
171 76
153 137
124 63
203 19
62 101
150 70
227 175
241 132
126 107
31 164
38 228
28 22
82 158
215 159
180 68
87 70
201 90
129 176
94 24
169 94
224 127
27 74
194 143
5 43
211 21
83 114
230 27
144 130
226 133
26 157
104 48
42 141
182 39
85 183
241 171
183 182
42 232
235 214
32 73
227 193
51 180
145 61
170 133
230 140
4 70
92 190
109 200
161 126
36 168
233 113
208 203
2 133
233 77
55 20
242 155
27 171
106 145
198 96
241 14
121 80
229 12
125 27
95 59
62 99
174 12
135 132
65 23
207 134
118 2
1 65
57 225
47 110
147 178
16 185
226 112
238 117
81 10
233 40
238 191
111 61
148 156
35 162
93 170
54 67
145 85
64 80
231 209
21 47
58 153
204 120
75 172
182 13
38 41
101 214
50 188
163 148
13 157
72 158
91 12
66 25
148 155
1 27
100 239
117 133
38 122
237 81
53 58
101 75
101 21
55 148
98 147
17 32
159 167
134 46
239 81
159 68
15 120
101 37
161 158
67 55
59 205
230 213
29 95
183 49
239 222
144 185
155 202
171 153
61 105
196 127
68 70
16 134
157 136
24 152
187 182
27 17
237 234
16 165
48 43
146 197
225 152
221 157
224 166
2 132
59 91
195 206
142 77
125 63
164 126
59 7
105 190
34 9
169 8
124 216
109 147
148 241
45 46
134 218
30 94
124 44
79 242
81 214
214 220
184 65
124 128
197 18
71 85
197 129
203 146
138 132
1 195
39 97
46 69
113 181
12 177
180 149
81 121
93 52
239 116
237 182
217 106
94 231
151 3
160 48
89 2
6 91
21 90
212 10
48 152
180 103
108 232
11 148
38 157
13 171
2 161
188 147
108 186
224 161
192 39
131 176
12 240
162 227
38 189
160 183
173 24
223 157
34 161
27 86
33 68
88 45
210 100
115 40
189 123
218 84
59 96
56 14
243 143
26 114
