250
497
60 175
61 166
242 122
45 106
68 207
56 24
123 112
23 58
49 73
68 230
209 200
27 238
21 244
210 183
134 58
57 59
78 169
29 76
103 247
111 151
250 193
180 157
8 48
111 102
106 193
55 233
186 119
222 29
153 127
224 149
45 42
51 94
195 200
158 220
10 184
200 81
223 171
189 96
179 5
13 85
107 129
183 26
152 171
205 209
72 168
65 232
107 236
191 37
32 216
231 103
32 225
121 15
194 144
33 146
98 219
241 174
125 9
178 228
42 215
141 162
242 172
154 88
34 170
249 199
150 204
19 7
62 98
165 60
157 18
6 191
62 219
103 11
25 166
34 198
120 85
215 193
129 92
133 63
28 3
120 168
35 12
14 165
163 92
194 68
232 230
247 56
218 239
124 45
38 59
183 197
76 145
159 79
189 180
105 118
13 2
213 232
108 154
39 67
73 64
175 192
213 123
31 40
25 30
159 88
229 192
123 240
52 234
226 8
100 145
99 89
51 219
21 91
92 55
175 241
190 12
22 39
130 19
140 124
79 88
158 126
131 237
212 28
136 61
217 30
67 227
156 189
18 63
190 116
215 106
141 89
119 163
246 21
214 44
249 67
134 130
137 115
122 246
174 229
149 220
195 81
14 143
138 210
86 37
114 145
149 126
74 80
201 185
77 18
250 106
142 238
250 244
127 110
22 15
117 93
48 115
137 71
108 88
61 30
156 96
93 181
24 189
167 245
135 99
225 84
227 15
8 115
35 14
30 1
44 51
43 126
249 39
147 194
95 93
176 54
97 179
91 250
198 44
136 161
188 173
230 207
97 49
37 109
203 234
225 80
69 31
138 148
89 130
105 33
29 131
81 209
133 27
115 226
65 240
212 216
239 206
247 11
169 127
6 37
212 3
243 146
144 53
46 148
60 143
79 66
74 125
139 177
182 152
207 232
185 21
76 222
221 15
174 175
150 101
57 28
58 7
187 138
82 248
146 199
101 83
90 168
151 102
111 117
154 152
231 100
214 170
118 104
216 3
191 102
7 134
167 177
57 3
94 219
55 107
63 238
182 108
209 113
164 2
4 220
142 41
140 42
147 118
77 156
62 132
6 102
191 111
187 234
212 84
248 171
229 86
17 206
155 12
188 131
9 10
40 69
136 47
40 161
65 213
36 142
196 163
182 154
176 50
98 132
224 126
202 127
78 128
95 181
184 9
23 134
72 121
195 160
143 116
113 13
20 169
135 162
198 235
124 42
222 114
120 90
52 187
146 105
41 224
181 71
217 1
192 109
68 53
64 5
95 151
95 117
162 176
244 91
201 122
36 238
85 2
128 20
235 94
109 229
228 211
163 186
195 155
240 66
26 197
201 246
17 202
199 243
16 32
197 64
113 81
96 24
104 33
136 166
193 91
174 192
121 87
202 153
210 46
242 203
71 93
76 237
4 101
6 86
22 227
54 135
158 4
194 53
161 69
97 54
41 43
201 70
241 165
9 74
25 61
77 180
12 160
176 135
66 112
162 99
230 53
150 83
116 35
52 138
223 182
117 151
2 205
10 74
143 165
153 110
109 86
56 96
4 150
17 218
5 49
38 57
105 199
156 180
132 59
59 28
35 190
188 237
236 139
103 100
107 233
184 217
218 206
19 89
25 217
64 26
164 85
110 169
196 204
204 83
11 231
208 245
36 41
132 38
87 72
177 245
203 75
16 125
216 84
139 233
98 94
173 131
147 104
60 241
188 170
203 172
92 119
114 100
82 223
235 51
197 73
121 221
141 19
36 27
166 47
208 167
78 20
66 123
32 84
99 141
5 73
22 221
45 215
235 44
144 104
27 63
110 20
225 16
236 177
148 187
149 158
173 170
80 16
1 184
196 83
67 243
227 39
200 155
125 80
168 164
160 155
147 144
90 72
160 190
159 112
246 185
208 218
244 185
137 181
233 236
171 82
18 133
173 34
237 29
77 157
50 54
179 50
157 133
129 55
118 33
58 128
223 152
65 207
247 24
34 214
202 206
43 142
211 69
97 50
214 198
38 62
186 196
239 208
220 101
205 113
226 137
213 240
224 43
124 48
112 79
242 70
17 153
87 90
31 211
129 119
70 172
7 130
159 108
161 47
211 178
205 13
167 239
245 139
243 249
70 122
120 164
26 46
23 128
87 221
46 183
47 40
210 148
178 31
1 10
11 56
14 116
145 222
75 234
140 48
75 52
231 114
179 49
8 140
186 204
75 172
226 71
78 23
497
221 19
57 30
87 50
36 42
43 232
82 159
100 82
55 117
24 96
172 219
142 139
184 38
209 110
164 244
224 107
202 24
53 151
96 202
158 208
158 140
230 146
61 145
128 133
35 135
133 16
98 163
150 86
228 57
238 202
239 82
240 109
230 81
161 123
19 223
99 122
46 11
63 61
248 177
184 65
197 140
49 192
135 212
92 147
187 139
69 195
61 200
44 158
7 174
84 34
62 178
230 1
24 80
118 40
39 14
36 123
6 55
160 171
6 164
70 198
33 115
80 66
224 180
42 97
52 233
119 225
235 215
173 51
146 161
217 120
49 17
57 129
127 211
149 5
96 238
207 37
154 241
165 4
120 2
144 134
95 87
133 74
198 98
66 190
180 215
99 86
141 223
205 243
237 95
116 141
245 28
119 111
54 13
244 5
167 245
199 238
183 69
45 156
132 12
240 150
182 64
208 8
74 128
193 159
221 143
171 222
81 1
126 186
59 127
74 16
236 249
204 37
203 178
189 228
18 72
5 247
213 51
215 56
113 143
249 114
187 2
28 216
147 81
14 223
104 88
160 222
37 192
153 67
217 82
215 185
199 96
97 15
109 26
22 169
148 214
28 139
72 12
172 250
81 92
212 209
244 149
58 40
134 18
227 193
151 197
126 13
191 8
147 1
166 110
11 201
190 177
55 138
233 32
79 84
222 137
227 100
1 68
3 208
98 166
22 26
24 66
47 250
248 247
23 52
54 121
21 143
157 3
174 179
195 171
141 14
60 133
168 145
22 194
144 182
25 109
20 91
78 30
203 124
46 135
163 110
178 124
162 154
27 131
190 248
27 107
166 89
9 175
129 78
21 113
55 219
85 112
246 94
130 52
138 164
219 138
213 173
25 22
122 65
125 237
9 210
51 246
132 214
87 237
58 121
148 72
236 113
111 17
29 63
4 214
170 101
93 196
119 17
116 14
235 180
103 116
64 144
176 134
85 54
45 220
197 191
86 109
142 2
39 223
207 31
126 241
196 189
172 117
78 231
197 53
250 155
76 231
195 160
211 59
170 68
206 155
33 59
153 15
117 155
73 189
230 68
60 108
46 201
204 226
130 23
97 90
137 237
79 229
61 29
119 49
153 181
6 149
15 181
182 20
44 3
42 90
216 105
186 162
154 186
63 162
92 107
234 150
142 120
207 226
71 57
115 238
204 83
48 167
7 156
143 19
85 58
47 34
115 199
241 186
30 71
115 211
211 33
41 247
221 39
167 105
194 26
33 199
168 232
108 16
131 107
65 10
242 235
152 183
219 117
35 209
218 193
29 162
116 88
207 204
146 68
161 101
70 79
185 235
247 177
156 220
112 58
53 191
38 91
91 182
76 167
190 80
99 234
233 118
50 45
153 130
90 36
127 178
132 4
214 12
52 118
165 157
159 100
123 42
180 56
229 198
84 188
134 64
175 106
239 100
127 62
227 159
124 62
224 56
103 136
27 56
23 233
25 240
157 44
232 93
179 7
75 210
205 54
99 150
187 216
73 228
183 242
88 141
122 10
8 158
79 34
129 231
210 106
89 212
32 112
67 181
21 236
236 114
168 93
163 166
83 37
76 48
38 65
41 5
126 243
137 125
175 203
242 152
222 125
86 240
165 3
169 114
30 129
148 18
124 106
177 41
170 161
36 101
94 51
50 95
75 174
130 67
83 192
201 35
163 198
196 43
17 108
176 64
62 59
227 218
43 93
31 226
75 9
63 154
250 206
118 32
7 220
168 200
225 192
128 246
170 146
144 91
140 8
60 16
248 80
47 188
165 132
176 18
213 94
90 15
85 121
140 191
189 43
13 243
136 11
89 209
122 234
20 184
104 136
83 225
38 20
218 31
241 243
23 67
39 19
102 152
246 74
101 123
200 145
110 89
171 102
179 75
225 49
69 152
10 234
34 188
98 70
220 50
174 156
25 26
245 216
104 103
196 73
172 155
102 69
194 169
94 128
244 41
121 205
184 10
157 4
188 206
203 106
239 120
102 195
76 105
245 105
148 12
164 149
231 48
87 125
103 88
205 13
6 138
160 137
72 176
136 46
28 187
111 108
84 229
229 70
210 175
185 183
173 77
40 32
145 232
31 193
179 9
242 185
208 44
200 29
92 131
213 77
111 60
2 139
194 249
202 66
147 131
201 135
169 249
40 112
71 228
11 104
45 95
47 206
97 181
21 221
142 217
224 27
113 114
48 78
73 71
217 239
35 212
218 226
