193
1000
174 19
10 32
129 93
145 84
178 24
174 166
119 36
100 121
95 77
120 158
183 170
36 123
69 113
130 182
52 58
189 68
167 123
115 183
172 170
39 58
1 71
26 76
120 151
52 112
38 118
169 53
143 73
181 144
98 50
48 85
78 32
60 172
123 145
160 134
171 70
65 131
118 72
114 76
110 114
182 50
153 172
87 93
137 154
162 176
186 87
132 173
59 190
32 57
28 170
192 168
164 108
86 94
41 87
77 60
61 84
193 17
1 3
185 75
131 123
53 60
144 123
13 147
109 132
12 148
174 61
72 8
75 144
88 10
48 185
19 187
65 34
121 119
188 58
13 22
53 181
61 16
57 114
1 62
158 5
149 94
95 26
51 59
165 82
93 128
14 124
86 155
113 114
55 94
159 106
68 182
47 191
38 36
68 132
151 41
175 29
47 51
166 143
169 128
155 119
28 13
64 108
99 187
73 136
187 7
94 175
105 50
11 157
10 54
56 183
173 41
181 125
31 143
151 84
129 83
98 43
178 187
172 8
160 72
105 9
37 169
76 22
77 36
129 1
104 180
101 143
188 25
101 139
85 117
140 179
22 79
109 124
116 188
96 158
131 156
131 106
131 192
98 96
5 29
82 155
89 73
122 158
126 172
115 133
14 68
89 70
100 159
27 100
152 84
53 109
162 17
15 89
124 67
71 109
110 6
101 163
183 190
59 127
76 92
104 144
175 70
24 47
101 13
182 101
162 30
122 84
3 139
20 54
170 116
86 178
6 119
69 36
134 51
56 3
171 52
77 135
13 105
59 69
55 181
193 11
158 141
164 90
33 23
191 20
18 120
7 81
124 134
31 19
97 62
70 93
145 151
4 176
106 95
160 4
137 72
44 71
183 98
47 174
3 54
182 70
29 145
166 117
83 169
108 190
19 118
115 48
125 192
161 167
102 186
35 143
2 132
120 41
111 61
45 22
27 186
36 50
65 101
23 106
115 76
12 9
29 134
69 190
106 74
96 121
94 24
143 59
186 191
171 186
49 135
27 51
130 113
38 65
133 94
16 167
57 78
23 130
101 142
135 139
63 70
121 4
91 5
158 32
112 98
165 46
132 190
28 123
11 187
3 101
127 187
143 55
10 26
56 164
167 41
12 30
72 73
21 71
38 23
133 46
154 100
121 181
112 155
182 176
139 150
11 29
111 139
188 73
3 102
38 169
54 150
161 34
140 144
149 173
76 30
133 154
47 87
155 96
37 129
97 173
114 189
48 77
121 137
79 153
6 163
181 16
114 150
88 47
107 103
34 191
150 97
36 24
128 179
71 111
99 174
81 186
96 48
171 14
37 55
47 180
39 43
111 177
59 176
59 29
163 192
108 92
68 157
149 136
21 100
25 67
161 152
191 57
12 152
89 35
82 137
49 56
90 146
36 14
165 75
50 60
191 128
191 123
103 108
7 16
19 60
7 98
12 158
115 126
3 185
44 173
190 87
73 99
97 29
77 52
146 23
180 38
2 80
193 186
96 126
165 136
184 73
77 127
110 48
17 47
34 143
175 32
74 8
34 21
106 58
118 159
14 42
77 186
186 70
189 169
42 56
155 184
94 41
128 6
107 154
164 40
126 13
84 166
81 110
159 59
169 54
73 163
46 90
85 171
183 50
82 31
147 19
111 138
84 169
33 71
142 53
156 145
129 84
190 148
140 176
46 189
18 37
2 11
85 59
56 62
115 23
76 136
154 170
98 20
29 3
144 44
181 21
113 96
150 86
18 153
78 53
58 185
192 151
61 52
56 31
31 12
39 13
184 11
110 192
123 180
150 50
105 71
85 49
170 132
90 123
118 145
139 153
43 76
104 10
193 75
31 125
68 81
115 29
185 84
16 92
77 115
65 84
182 144
70 151
43 117
102 130
86 31
52 3
142 40
7 170
1 152
118 54
190 173
88 20
36 64
127 149
34 179
57 183
164 82
181 60
120 91
133 20
30 33
147 41
10 157
55 180
56 127
165 60
113 75
67 63
49 130
68 115
48 17
134 110
121 72
161 51
101 32
177 86
183 182
112 78
117 42
67 9
130 143
130 87
90 43
8 105
16 138
86 173
178 153
178 119
126 33
89 10
75 191
80 52
67 134
144 22
84 32
25 168
188 84
146 139
173 159
59 105
132 104
158 15
57 94
179 61
120 104
108 180
147 43
129 66
3 24
44 91
161 145
95 160
183 168
92 182
20 177
118 174
97 46
112 106
20 123
57 74
28 26
119 75
94 32
39 165
171 60
136 80
94 13
106 4
74 17
64 39
167 126
99 164
74 89
24 56
107 174
110 37
39 60
40 90
116 122
171 36
84 165
68 107
55 75
181 131
26 192
53 97
94 18
160 30
158 105
12 177
133 98
141 7
171 61
146 112
80 171
165 181
164 112
51 146
55 122
130 104
86 60
107 34
11 4
111 80
147 179
136 174
188 125
93 35
184 152
14 18
123 93
112 171
182 189
25 175
66 38
28 104
191 83
37 163
4 141
12 109
130 190
162 170
49 149
128 7
166 5
31 89
141 154
69 121
193 129
43 23
10 20
42 97
88 28
116 68
14 96
13 111
126 61
57 67
161 82
19 137
31 177
141 47
192 180
29 65
95 68
161 134
175 15
12 190
124 171
173 142
22 40
39 143
58 5
19 65
133 15
116 131
136 75
142 77
39 162
95 72
155 9
176 143
117 161
160 96
155 142
151 160
113 134
74 101
27 33
186 61
10 62
162 74
150 21
58 150
17 40
53 190
115 75
21 111
176 40
5 142
8 99
75 10
53 161
171 118
6 41
10 122
186 19
172 150
63 156
75 48
192 81
99 65
119 2
46 21
86 37
37 94
124 158
11 182
118 64
80 105
167 69
146 132
188 152
178 118
107 9
22 169
95 53
90 20
80 97
103 192
102 179
162 179
128 77
173 176
176 76
37 156
166 131
88 85
110 67
102 53
98 13
174 55
142 181
180 91
189 32
43 13
160 41
41 122
96 13
162 50
31 162
67 171
57 162
87 162
39 135
134 144
61 75
116 55
15 46
130 16
96 29
132 22
37 57
82 1
131 66
34 92
62 51
10 182
74 186
118 107
165 40
87 125
97 24
4 102
131 1
25 62
148 6
183 80
192 45
65 45
11 17
131 120
42 128
11 13
86 174
159 71
93 105
151 96
182 36
36 118
182 139
124 191
49 30
154 22
45 94
136 117
7 78
176 63
40 70
87 118
161 86
187 157
37 22
147 143
15 149
128 123
167 27
169 134
139 93
138 50
123 25
187 149
119 41
2 148
122 141
124 93
174 27
86 139
185 184
66 23
47 159
57 184
41 112
89 53
33 168
71 129
88 114
13 90
190 171
123 49
101 30
158 159
107 61
42 181
119 27
141 27
13 87
136 102
22 49
108 23
123 148
141 163
61 142
172 55
171 113
152 49
86 123
100 180
74 25
162 120
164 151
103 114
190 174
125 140
44 40
113 1
65 112
29 177
63 6
5 23
43 125
120 82
126 138
12 126
95 99
133 41
75 190
191 69
65 58
168 41
170 22
128 36
15 70
30 13
171 40
81 13
94 174
146 189
46 84
34 175
62 57
43 161
98 145
45 4
98 179
42 5
73 76
121 147
35 162
165 146
77 136
24 77
6 56
161 144
161 42
47 109
118 150
114 40
124 22
158 50
111 55
17 49
185 57
139 17
65 15
151 37
91 133
119 100
158 118
87 142
2 14
117 41
87 89
154 46
129 179
20 150
149 170
22 27
149 115
128 91
178 102
146 167
161 169
97 117
176 44
89 98
89 159
6 175
23 137
50 89
119 86
69 75
146 60
70 90
77 163
65 32
38 176
38 98
136 186
118 103
111 54
149 84
133 176
82 8
69 166
137 40
57 12
154 42
62 170
152 104
148 170
187 156
3 17
136 21
172 165
183 111
109 90
175 132
156 141
50 79
168 44
15 27
49 116
73 174
131 100
51 72
177 45
89 119
189 3
49 78
89 94
193 50
108 22
101 87
192 97
12 16
35 180
61 182
10 101
9 11
16 159
136 34
55 30
77 38
146 148
100 79
49 95
25 180
130 185
10 192
52 106
21 176
178 29
112 39
174 113
146 72
63 9
34 11
84 83
177 112
70 109
87 34
19 39
29 155
128 136
75 60
62 134
30 57
78 73
165 133
32 100
29 125
174 41
19 136
46 58
191 63
58 40
92 155
61 51
73 82
141 81
31 7
52 25
160 21
7 127
54 6
171 6
190 160
173 38
117 115
46 122
11 86
70 132
89 158
142 52
50 94
186 37
50 33
48 191
142 88
133 149
173 78
107 130
104 72
27 188
8 193
27 74
82 114
183 91
171 121
64 46
162 90
139 88
19 155
10 176
21 52
73 20
21 91
79 107
137 7
65 57
38 51
67 3
36 34
181 85
40 39
119 152
145 157
117 74
161 4
31 39
105 32
19 178
36 98
44 104
52 165
100 36
11 98
166 10
95 152
52 51
65 185
1000
175 29
1 26
176 166
135 172
42 104
130 63
123 88
131 24
90 45
134 68
134 92
97 92
71 138
159 190
74 151
88 36
117 191
81 114
171 95
105 77
50 189
150 23
193 128
89 11
59 33
169 61
94 90
51 165
171 54
34 181
132 136
171 93
104 61
10 68
166 135
147 183
135 17
161 13
42 5
136 175
21 83
20 156
101 103
107 18
147 130
122 163
6 181
5 67
141 133
170 176
149 33
56 126
145 99
51 66
24 83
89 116
162 179
106 47
130 25
75 33
14 41
57 10
161 22
16 186
7 138
185 156
179 24
33 125
14 54
43 107
182 151
174 155
2 61
41 173
38 138
150 47
172 90
16 1
173 146
14 86
171 68
47 95
159 152
16 44
173 6
134 56
10 117
53 177
141 73
101 92
188 81
50 29
92 15
29 176
157 82
45 20
41 37
142 192
4 134
138 46
23 17
191 190
36 176
78 58
137 145
48 142
145 128
9 30
158 56
70 137
87 45
13 163
188 54
120 6
117 56
111 178
47 189
178 114
134 136
140 9
64 10
151 49
183 148
157 18
28 10
17 48
32 111
186 104
129 99
24 90
63 32
107 148
61 15
142 81
118 53
155 86
170 65
155 152
91 93
10 4
82 170
41 182
15 114
168 80
91 48
174 11
138 83
10 171
177 122
111 17
64 56
101 97
138 33
137 150
90 9
189 66
187 110
66 150
99 128
10 186
96 103
15 185
77 27
78 154
68 12
76 87
54 8
6 193
170 52
122 138
141 88
5 89
66 161
28 59
67 37
84 85
187 82
176 118
62 106
124 175
81 87
105 137
40 61
2 125
75 140
175 100
54 87
153 25
64 180
57 105
11 68
85 160
56 139
121 76
72 192
162 1
96 50
146 45
29 39
60 42
182 42
164 171
4 109
169 87
100 86
121 82
89 25
162 94
47 35
54 22
143 176
138 1
90 59
18 165
91 126
68 156
144 175
100 25
177 15
26 140
133 107
181 33
186 150
178 61
99 179
8 19
88 55
14 127
185 56
62 171
81 170
165 6
85 156
46 69
191 138
154 93
122 52
154 177
129 81
83 182
41 166
160 33
107 86
137 188
26 52
45 9
120 12
39 53
155 161
71 46
118 181
19 11
28 40
32 31
75 101
51 181
109 186
83 132
107 69
134 7
113 21
140 95
28 177
22 170
137 56
104 152
188 71
113 38
79 83
32 58
89 191
67 164
88 49
176 153
6 82
38 75
17 110
95 87
11 38
58 170
35 45
109 119
57 141
95 38
16 43
32 91
145 6
59 128
86 157
180 126
111 31
120 125
92 159
183 170
192 11
162 190
54 131
136 185
48 50
53 2
22 70
178 9
91 189
140 1
90 134
53 52
169 69
73 145
33 9
13 144
64 136
93 86
4 68
139 88
34 5
184 15
24 190
108 129
80 160
181 95
33 70
149 37
89 165
188 32
138 67
39 187
89 55
27 173
157 112
142 54
191 102
23 186
129 93
191 101
78 80
191 32
185 82
84 74
155 133
56 105
64 126
11 171
86 58
169 126
83 81
2 135
1 157
131 56
37 144
176 154
74 178
185 74
52 34
104 84
144 136
60 16
36 85
161 191
55 72
61 3
120 11
161 49
172 187
129 168
129 13
37 43
26 184
125 138
111 155
136 163
66 86
96 163
131 112
44 143
53 36
80 15
39 67
103 174
103 7
33 82
115 140
68 154
131 3
51 167
2 174
1 64
179 33
158 155
176 55
107 52
136 45
12 87
74 182
80 87
81 104
78 192
77 176
117 70
162 134
187 25
32 184
14 43
174 160
176 86
141 33
8 157
111 76
42 169
110 81
100 174
172 112
22 18
135 108
128 116
149 147
130 176
39 87
32 23
33 85
154 31
90 46
41 52
181 44
65 71
125 74
177 141
78 70
186 192
94 157
34 140
160 79
120 20
138 192
19 176
69 30
1 75
45 16
15 150
24 91
134 153
34 178
103 48
3 126
128 22
115 178
154 155
172 70
128 138
12 116
141 39
156 183
23 173
70 34
110 11
92 71
150 144
31 175
85 144
115 36
26 4
28 113
51 44
112 4
118 110
83 46
110 157
3 26
77 179
33 47
70 119
72 181
178 185
35 96
129 56
126 1
84 139
158 177
79 57
112 128
155 14
40 53
35 29
125 105
77 104
46 120
10 165
13 134
16 166
125 123
158 115
1 19
25 47
193 181
54 109
111 124
12 113
63 192
6 62
22 127
148 43
79 172
146 86
80 120
98 91
146 138
114 125
14 95
60 9
176 139
160 15
90 23
125 29
59 32
131 158
144 96
81 164
187 119
46 157
17 87
158 112
147 184
142 94
28 125
106 184
109 107
144 19
78 139
37 29
37 38
48 69
94 134
158 114
128 141
175 95
180 145
133 84
114 23
150 131
172 100
85 165
71 56
156 116
193 55
104 129
177 54
170 29
186 143
54 86
90 70
73 51
147 167
9 80
48 119
90 61
117 103
48 123
31 53
178 68
145 133
20 165
162 129
17 184
189 87
1 172
37 105
137 172
140 134
127 132
58 70
65 45
102 72
172 114
154 171
59 112
163 140
48 191
154 87
21 64
150 53
144 31
1 186
190 51
187 44
78 144
109 35
36 81
131 58
159 151
41 70
184 144
101 86
152 183
72 64
115 58
4 103
21 168
130 121
19 65
48 130
25 71
55 103
163 15
68 117
28 172
104 108
86 149
106 140
9 116
146 37
90 18
100 147
14 159
116 49
80 48
84 176
56 174
125 136
122 191
103 127
95 192
25 188
58 102
146 191
169 30
3 36
107 28
50 44
166 43
36 179
76 150
138 99
191 35
168 35
86 135
37 96
48 151
104 7
47 176
98 166
106 89
115 51
182 69
192 55
91 86
158 186
18 137
123 8
31 22
117 121
53 13
22 87
53 152
116 71
130 77
193 138
185 26
115 146
33 81
56 69
122 9
157 116
145 86
163 103
184 97
191 76
154 193
60 84
149 122
3 132
83 9
98 62
25 55
62 185
136 52
66 67
103 36
182 30
133 64
114 126
55 32
86 88
46 108
138 104
189 61
1 67
24 9
165 75
3 141
124 86
186 85
157 164
50 27
76 147
113 105
101 175
138 156
33 193
149 81
135 169
19 149
170 133
34 56
125 45
104 98
117 71
41 86
145 138
43 146
31 134
71 60
100 94
20 32
103 190
36 118
94 48
98 47
81 130
6 87
113 151
135 165
44 77
151 143
130 82
5 85
164 160
137 95
64 160
144 83
95 139
24 50
191 2
151 83
108 67
51 8
34 44
76 141
126 89
127 50
87 112
80 172
73 67
30 36
44 172
133 4
100 105
123 37
116 18
90 131
38 25
55 84
119 114
123 114
134 61
130 55
154 45
89 125
87 53
168 48
143 139
55 118
106 120
128 166
190 113
80 55
69 41
187 139
92 34
133 100
186 126
42 26
99 86
52 86
64 120
76 65
71 191
96 94
48 88
152 58
75 61
39 125
185 40
154 72
36 59
29 66
178 37
96 164
121 31
41 39
32 145
91 141
148 87
33 99
138 183
65 136
12 108
153 118
152 30
26 106
130 154
75 119
66 87
119 103
75 136
30 2
86 128
171 158
5 182
65 142
182 149
141 21
139 85
33 38
173 68
98 53
94 66
138 63
83 36
28 60
96 25
186 118
100 92
97 86
187 114
36 123
137 127
8 129
120 55
143 60
102 44
57 185
5 180
128 118
55 121
123 42
169 187
17 31
66 39
111 64
87 58
70 134
82 43
52 22
64 35
53 46
55 182
152 7
163 120
72 62
108 35
174 26
44 29
64 106
129 41
147 104
164 29
185 85
39 22
63 33
59 58
189 140
6 134
167 83
189 168
192 85
115 54
98 37
166 103
193 188
178 150
136 34
121 92
122 57
177 100
15 109
105 148
142 125
107 80
29 147
140 102
161 60
72 175
95 1
127 172
121 24
136 102
13 178
2 111
32 53
137 87
152 107
180 73
171 105
16 175
180 138
28 36
180 17
17 76
13 153
140 121
123 69
44 78
85 102
36 86
193 51
7 101
134 38
10 97
121 21
190 96
6 142
30 156
143 26
157 48
73 112
144 92
64 124
85 127
174 129
179 191
14 75
40 78
30 80
41 190
21 39
173 54
54 39
155 181
157 129
38 151
20 80
64 188
151 64
126 77
169 164
35 163
76 173
118 43
69 162
164 175
25 141
19 102
104 183
167 24
133 166
98 125
171 138
175 123
138 43
190 61
187 31
115 59
95 11
98 103
91 20
105 179
164 168
168 16
83 2
85 98
103 42
54 158
10 170
37 169
174 1
187 154
122 136
82 69
147 38
29 47
62 36
75 10
27 161
81 51
105 43
42 191
31 7
59 104
21 32
145 184
20 178
149 78
117 92
173 131
144 14
165 139
69 171
36 191
18 106
149 136
13 102
153 72
106 90
13 142
42 147
150 57
113 137
75 188
5 68
49 71
144 161
