220
1000
31 218
42 56
172 120
213 3
13 19
21 157
105 208
40 3
2 41
73 58
122 107
213 45
162 78
84 189
33 31
175 71
153 211
69 109
63 90
141 2
168 62
21 83
50 111
179 214
40 123
17 123
36 60
203 111
136 142
125 202
149 4
10 131
151 106
28 103
85 169
30 10
49 183
157 140
200 36
88 113
191 217
182 6
63 209
70 201
56 113
199 16
114 213
106 43
8 30
109 60
159 132
189 108
17 203
28 176
95 20
84 138
23 126
30 166
120 16
189 38
109 55
8 119
49 96
121 166
128 12
114 63
208 49
168 57
187 96
213 87
171 46
23 125
109 29
128 152
199 38
100 57
162 98
76 101
123 177
115 147
150 185
41 87
92 121
58 50
157 114
133 199
85 152
118 25
53 143
56 11
152 197
196 178
18 58
136 62
36 212
50 99
138 80
211 67
209 34
21 146
179 176
75 82
187 139
52 128
43 217
6 141
103 194
30 153
97 18
210 12
61 63
57 192
218 211
85 124
88 63
185 112
134 157
111 193
52 19
187 142
205 135
85 43
88 132
14 212
157 19
167 154
26 118
148 147
186 196
71 50
212 4
211 188
121 120
13 87
201 100
145 9
156 27
43 153
189 67
96 52
108 133
10 110
198 162
177 16
129 97
98 105
48 150
139 59
14 121
159 43
89 142
124 82
171 219
188 45
11 18
170 183
102 51
214 199
163 75
140 190
44 62
97 209
51 31
95 154
119 47
215 109
35 101
117 106
44 79
85 64
30 91
104 91
99 162
125 153
68 166
36 154
163 177
48 129
76 106
84 205
217 67
104 23
6 165
173 68
113 185
78 77
105 111
59 69
182 186
200 157
84 33
152 13
87 71
118 110
129 115
171 55
110 160
44 11
89 73
150 179
90 196
122 137
128 116
188 26
128 148
154 105
38 208
14 69
187 15
88 104
162 27
72 104
152 129
157 15
69 48
192 202
37 61
113 127
144 41
106 27
29 7
209 75
122 77
110 45
158 196
181 126
37 184
190 48
154 218
209 158
166 91
80 191
32 163
146 102
71 5
152 34
4 139
178 151
108 201
92 149
149 138
39 182
120 218
149 148
52 33
148 189
141 99
3 184
78 218
150 4
149 182
6 106
20 46
153 166
57 71
41 96
138 22
138 110
13 185
176 67
64 67
56 141
103 42
192 61
160 188
48 220
136 22
170 19
34 188
29 163
178 93
56 87
76 41
103 25
163 144
9 212
33 56
192 9
46 57
77 12
60 209
130 70
19 113
32 65
134 82
149 86
126 156
23 118
135 91
181 123
89 105
122 14
94 198
120 151
175 129
45 42
85 212
20 79
138 7
61 97
156 85
160 208
59 192
187 121
67 187
46 207
89 66
136 111
115 142
140 214
35 64
83 158
45 187
10 205
132 18
53 166
8 132
205 20
120 40
64 60
104 211
92 66
95 76
169 132
14 12
169 71
123 22
156 165
204 132
131 175
114 191
61 18
33 64
16 179
155 136
161 54
56 91
106 152
32 2
14 163
50 93
4 125
210 158
200 38
99 26
5 162
21 201
208 90
35 198
123 53
216 181
70 217
78 34
178 157
150 182
127 94
95 114
58 169
160 40
35 190
122 102
210 84
194 166
60 152
81 210
98 185
30 55
173 188
171 101
90 99
25 127
155 201
1 10
94 88
203 119
74 125
161 189
83 192
183 152
201 207
204 167
33 138
9 161
123 45
68 115
180 188
120 171
31 175
182 107
120 145
41 92
195 151
84 154
142 127
139 192
159 112
94 90
171 143
95 55
82 76
108 124
138 150
157 202
217 184
182 124
106 196
94 36
114 90
109 145
176 32
89 117
151 58
131 216
202 181
10 15
185 34
148 51
153 66
59 138
92 39
16 43
48 88
175 1
91 106
54 149
56 63
98 49
103 12
98 169
99 142
137 166
54 183
192 125
28 186
100 132
62 131
172 99
14 215
76 2
210 173
38 144
215 177
30 40
181 217
27 77
185 31
202 100
158 104
128 26
61 213
149 201
207 124
180 29
159 107
21 39
118 2
174 206
9 18
193 71
142 210
138 188
146 76
135 202
127 143
191 179
7 152
38 27
135 144
183 202
24 120
129 183
117 136
165 54
147 67
37 128
16 187
118 166
105 10
78 158
206 42
85 46
69 187
145 154
161 217
65 18
195 93
11 88
195 169
170 59
208 193
203 107
156 86
18 110
90 177
74 81
80 2
193 164
158 59
70 213
102 94
153 155
217 59
188 178
141 92
126 200
105 15
54 18
57 195
91 167
37 220
100 26
147 91
136 134
8 214
156 95
46 47
31 49
147 81
112 208
102 60
104 168
111 35
156 105
59 206
84 60
123 190
161 17
197 61
191 40
99 187
90 65
170 31
69 174
106 126
19 117
111 140
24 146
150 91
151 124
169 127
54 109
154 23
84 30
138 162
74 14
91 55
126 74
46 4
41 127
187 194
118 49
111 152
6 65
86 218
215 213
87 114
29 216
88 47
151 114
176 129
191 157
118 168
157 39
104 219
116 96
212 129
24 58
29 113
28 23
185 86
71 194
215 170
60 165
18 78
132 118
147 204
138 101
135 216
157 188
38 120
194 68
66 58
4 132
7 99
124 27
138 37
158 81
85 100
81 47
194 182
20 98
195 102
29 28
75 19
173 84
188 218
188 59
195 179
108 4
55 40
128 55
46 203
102 188
93 139
186 43
83 11
132 2
134 46
76 77
169 6
159 18
48 53
125 147
42 140
201 116
176 126
46 68
107 146
122 17
116 93
215 39
100 188
161 172
51 5
25 120
43 98
206 128
140 177
38 96
150 12
104 17
97 136
68 56
170 10
73 192
214 154
181 152
50 189
94 11
30 120
142 40
167 152
45 175
59 200
85 165
126 113
116 9
183 106
128 73
110 184
208 171
135 74
111 188
114 9
211 196
154 112
82 25
73 93
133 6
60 138
214 137
169 194
149 38
138 127
52 39
66 13
113 139
99 125
148 18
40 54
14 97
193 165
53 125
76 197
102 85
93 219
50 47
3 130
86 132
113 118
173 160
159 199
146 99
51 177
210 48
217 34
172 40
40 144
129 210
35 213
15 172
72 119
107 57
220 90
214 147
42 78
205 133
178 219
34 41
83 173
204 27
93 83
217 96
175 58
108 57
31 38
81 76
153 192
199 196
59 95
163 132
112 10
180 116
35 149
130 98
80 202
129 75
189 64
167 81
210 38
87 164
20 54
158 89
88 18
13 78
164 162
60 115
204 19
87 70
129 74
205 31
152 156
36 98
163 117
208 190
7 75
97 4
105 138
162 20
149 118
1 153
155 183
126 213
69 62
87 34
43 50
107 184
180 141
130 201
172 26
68 54
136 70
125 142
205 155
150 198
199 48
140 163
196 190
215 101
147 26
165 112
22 193
166 83
32 170
169 105
206 84
111 124
34 157
96 53
11 150
10 42
116 31
4 45
79 58
87 18
210 183
220 143
96 97
218 103
177 150
217 15
33 98
137 28
48 154
105 24
112 75
31 103
213 78
201 144
32 31
89 61
144 9
90 130
101 108
188 75
149 24
126 144
214 92
167 110
63 123
83 95
15 80
187 124
198 43
142 177
143 15
207 45
143 27
181 128
146 2
169 107
115 214
183 172
160 141
180 3
105 193
193 134
135 83
165 141
9 11
104 9
119 24
3 22
63 167
123 5
61 44
164 145
16 93
194 191
208 172
82 67
57 47
15 62
47 78
156 78
22 39
52 210
104 48
212 149
124 147
31 150
161 98
181 40
31 188
82 219
121 154
68 125
213 12
93 148
151 177
1 209
102 82
180 126
203 199
44 18
152 47
196 23
16 38
141 91
89 70
51 18
154 201
173 74
212 217
72 173
134 160
22 143
97 88
90 203
8 206
145 28
209 92
106 94
3 125
178 203
115 197
94 32
72 73
15 34
212 58
15 8
148 202
30 68
91 23
150 24
70 80
98 209
109 153
113 111
168 76
11 40
198 139
6 111
57 143
108 200
203 140
215 212
11 117
93 126
134 1
90 201
157 109
85 150
62 4
35 99
46 81
145 123
27 13
95 63
157 135
155 176
203 2
25 163
47 121
170 109
197 39
70 122
109 48
22 6
175 162
61 35
135 7
137 178
86 219
77 19
151 138
159 56
98 174
165 20
17 51
104 210
143 205
143 64
52 48
58 142
183 25
6 160
186 87
150 83
212 103
138 16
146 187
108 144
115 92
75 111
68 10
119 162
124 75
113 174
145 219
205 134
117 44
14 46
78 121
77 105
114 81
218 90
67 85
8 37
125 30
218 25
218 48
137 80
85 196
121 22
134 173
82 7
104 75
122 6
213 24
13 160
160 183
88 56
199 60
99 145
99 174
18 25
135 24
130 13
69 220
105 66
171 8
60 105
213 63
177 214
120 147
191 23
45 88
178 65
201 175
1 46
35 39
94 150
165 62
160 60
53 219
219 133
116 143
45 72
24 180
802
29 161
5 19
47 199
181 133
199 94
196 117
138 121
144 141
33 9
90 12
159 160
71 20
1 110
87 33
118 187
107 75
47 80
199 56
34 154
139 64
207 51
198 133
124 8
183 61
141 36
161 70
119 212
93 115
202 13
32 78
126 204
127 178
93 48
132 166
22 177
50 125
174 128
148 121
152 88
112 9
185 192
30 216
54 186
142 136
139 33
26 50
49 111
166 84
106 200
42 175
153 193
1 136
33 21
7 107
98 39
172 219
44 59
21 123
48 129
149 35
205 129
23 47
108 122
103 101
62 218
195 169
62 165
151 177
189 27
198 147
150 8
135 214
181 94
56 43
213 53
32 89
55 25
9 81
141 193
31 83
99 214
89 38
33 59
129 124
70 57
123 146
21 163
73 19
29 115
52 205
122 146
107 79
117 30
193 98
43 140
218 180
34 59
164 56
183 200
6 132
64 211
44 104
75 65
88 134
169 14
122 135
139 74
127 28
95 155
179 116
187 164
91 53
82 4
187 168
80 85
162 116
88 138
41 62
173 104
182 47
220 142
107 109
1 214
129 33
107 200
13 181
127 65
13 200
22 151
30 214
189 7
96 203
187 11
205 161
173 91
205 160
81 1
89 138
96 170
12 185
149 100
213 120
74 68
189 174
102 196
129 209
49 119
95 137
36 46
68 122
72 177
187 53
10 216
187 137
184 62
124 194
172 113
37 45
57 60
184 127
67 158
40 17
88 63
169 183
164 129
123 166
122 177
220 102
197 103
40 45
187 1
167 72
3 96
33 148
177 39
73 67
68 173
56 149
170 29
200 78
213 87
38 6
39 32
90 135
209 192
21 65
103 171
25 106
62 140
155 183
212 182
31 25
29 191
93 1
70 144
103 31
200 155
215 126
105 25
172 127
128 215
170 45
212 162
86 30
136 73
103 68
130 12
185 172
109 159
61 217
9 136
55 117
42 147
57 176
76 155
16 158
133 34
71 182
106 107
92 187
45 201
170 32
168 14
142 154
22 13
180 79
98 207
71 111
35 106
180 170
220 182
49 131
145 106
50 145
154 23
169 185
59 206
19 155
210 200
40 185
23 40
219 27
213 141
20 120
20 28
136 89
46 102
212 157
12 116
115 76
36 140
87 41
126 176
209 35
50 45
173 179
35 151
100 31
195 109
66 76
66 122
123 51
192 188
147 96
53 195
11 94
216 122
181 155
145 213
154 98
168 47
119 78
32 67
116 92
188 160
20 153
153 19
148 47
52 200
150 47
96 89
46 169
74 132
102 16
87 202
131 9
150 70
77 82
11 173
111 40
186 134
211 128
24 61
86 18
174 31
14 15
39 154
66 206
202 174
157 209
51 30
17 146
64 138
151 37
200 132
55 106
96 194
160 77
49 63
36 116
4 117
116 203
16 49
31 81
208 7
148 213
27 80
9 192
206 26
183 43
134 194
127 194
157 202
57 126
114 126
62 33
47 65
56 172
158 8
77 35
163 106
192 82
20 205
105 106
134 23
35 6
93 107
64 137
211 163
218 192
85 59
43 103
168 23
37 144
4 112
126 49
24 161
35 5
84 41
142 54
185 92
177 143
8 105
199 113
64 131
161 143
73 118
167 210
107 90
196 163
121 42
122 55
163 76
178 7
92 45
83 103
102 203
175 142
162 31
16 53
172 92
54 91
107 54
157 45
107 181
29 216
175 24
99 194
193 30
100 124
120 168
102 44
104 38
201 56
159 219
74 191
163 81
4 157
54 103
10 81
120 71
124 158
148 118
198 206
120 17
45 140
2 183
208 129
103 207
26 35
114 122
42 171
81 114
101 74
96 137
144 143
109 138
161 144
16 194
38 116
216 47
79 142
139 215
65 160
133 73
38 30
117 122
89 65
94 116
181 57
189 26
20 161
121 68
137 13
121 21
134 187
194 130
216 184
30 26
68 220
153 67
116 81
22 49
174 185
28 15
161 182
125 62
37 38
81 205
47 53
68 124
206 5
191 96
203 29
182 129
77 181
98 139
109 26
131 175
7 5
193 19
91 2
31 70
189 167
65 104
176 135
173 193
126 26
45 165
176 10
22 3
144 41
4 132
138 210
20 38
198 213
156 107
49 108
9 157
121 217
210 101
95 182
103 178
24 15
210 69
157 54
115 121
4 200
30 140
114 145
88 42
216 44
57 107
102 41
205 112
56 69
176 219
70 168
34 197
155 35
166 69
45 142
60 95
110 84
52 89
149 132
39 70
57 90
204 22
165 66
193 84
107 31
32 213
67 36
104 59
30 32
88 49
220 108
189 20
201 25
6 213
102 53
180 113
200 30
48 10
172 88
29 133
183 50
30 215
217 24
33 213
72 126
54 101
160 87
57 198
85 74
123 144
171 2
213 67
159 62
120 180
67 214
68 61
109 126
56 36
66 52
36 23
62 83
166 61
8 32
98 96
58 169
74 150
167 108
130 71
97 179
71 50
202 83
97 166
162 134
78 49
211 168
50 47
142 82
12 103
138 99
22 60
111 59
63 30
169 168
133 93
157 24
69 24
7 76
16 99
135 57
30 217
106 176
99 211
5 151
80 10
90 56
11 202
181 82
187 31
151 126
53 15
160 108
38 19
153 196
169 65
207 129
184 192
188 72
46 121
35 215
80 12
94 9
84 177
83 155
110 119
33 207
193 209
188 186
47 214
49 134
126 196
28 19
33 32
70 134
119 172
216 84
68 100
2 140
33 16
64 82
126 125
66 87
206 97
59 144
203 127
100 177
191 170
99 184
28 198
98 163
65 166
182 9
145 147
67 176
191 58
153 2
86 17
43 67
72 18
49 15
58 201
178 161
142 84
132 211
197 175
180 60
144 201
24 152
111 78
41 167
125 129
107 32
142 150
102 98
193 119
141 161
217 171
18 120
142 50
114 155
201 136
87 51
13 94
15 54
88 151
96 84
125 78
20 213
80 124
71 85
140 52
52 79
48 139
123 37
38 22
14 195
197 92
180 111
51 131
146 195
113 42
3 54
156 157
126 22
41 134
77 175
23 73
217 169
204 198
202 70
27 98
48 84
108 172
28 148
51 36
177 167
153 199
103 19
193 87
80 95
45 56
63 14
83 132
42 99
205 101
194 79
219 120
104 76
4 17
177 187
209 137
3 115
135 193
137 85
160 55
27 192
166 52
93 179
112 129
150 174
17 112
109 202
74 10
114 34
51 66
53 180
5 166
124 166
28 114
212 152
128 27
81 174
106 131
53 161
202 56
59 60
180 173
6 50
69 138
58 24
75 187
200 116
11 42
162 54
125 148
12 149
185 30
73 138
182 96
3 170
206 196
210 33
15 180
207 3
196 131
13 11
46 153
196 106
211 156
144 154
98 34
20 105
126 182
60 82
140 154
136 197
55 58
16 25
99 4
102 130
114 30
150 111
188 190
64 166
4 11
199 148
9 18
132 67
107 177
176 68
153 23
110 107
181 17
200 95
88 127
206 6
80 41
114 25
166 210
97 205
111 181
12 1
196 63
63 208
82 140
121 209
213 46
171 137
144 35
199 151
112 40
60 78
95 148
137 31
145 168
36 69
113 215
29 61
203 178
136 17
57 174
34 113
183 104
81 157
128 55
212 49
