250
441
246 237
130 60
54 239
136 20
169 89
27 139
164 167
240 89
112 239
112 49
148 175
142 148
43 149
64 110
239 155
152 43
173 98
152 239
143 239
143 103
99 40
178 12
82 223
30 231
195 142
21 140
239 194
13 120
15 128
56 205
239 217
212 237
200 58
222 50
158 219
57 86
41 150
63 55
243 85
178 23
108 83
52 58
147 181
154 129
148 195
223 184
213 1
11 186
25 134
129 206
161 10
124 110
109 239
39 226
248 151
197 149
239 19
211 21
250 171
63 92
50 6
221 47
239 195
59 153
131 154
160 59
237 144
46 14
56 171
109 117
26 199
239 79
42 24
239 17
48 225
61 17
11 193
9 121
78 173
54 192
93 80
204 156
220 203
78 183
144 246
119 214
221 247
236 111
159 71
134 1
44 231
239 56
15 66
34 73
53 246
115 239
184 82
114 158
202 46
61 137
25 239
183 173
85 174
123 48
209 127
218 18
193 186
61 62
131 129
187 87
113 111
76 86
150 239
166 33
68 225
71 38
52 32
194 170
87 227
52 200
104 219
169 244
141 78
198 146
141 173
218 107
40 28
211 54
76 239
162 70
246 212
208 159
122 155
224 30
90 56
198 121
240 169
88 132
157 238
239 100
141 183
230 247
36 24
220 7
248 242
239 14
250 90
108 8
16 174
3 236
204 215
145 33
234 88
16 85
195 175
16 243
23 12
128 239
2 186
56 250
185 179
19 182
190 228
72 37
197 43
239 199
18 107
185 239
5 2
177 125
216 188
185 102
87 94
153 27
76 4
95 134
235 201
69 249
62 17
210 180
3 113
239 225
74 161
239 27
120 168
103 238
36 42
212 144
199 151
207 210
239 162
178 118
116 245
119 245
176 15
41 105
161 67
44 224
137 17
104 114
64 239
192 211
66 176
247 47
78 98
239 24
74 239
96 167
32 200
34 223
131 206
35 195
207 180
134 213
218 232
145 235
123 68
32 239
26 248
133 19
11 2
172 43
163 239
198 115
139 153
4 86
239 2
153 160
66 128
139 160
242 199
240 244
191 70
188 249
138 177
26 242
208 239
225 123
217 45
75 113
84 210
1 25
135 96
26 151
157 103
68 48
18 232
118 22
184 73
197 172
67 10
101 91
41 196
214 245
53 144
223 239
239 91
3 75
207 84
33 201
213 25
93 163
234 132
172 152
112 130
205 171
35 148
248 199
152 149
239 39
37 100
239 132
31 239
35 142
23 239
239 85
166 145
94 187
12 22
54 21
210 239
122 51
164 96
104 158
184 34
76 57
165 226
113 236
239 7
223 73
239 144
128 176
138 239
213 95
203 7
92 55
77 45
97 190
239 50
16 233
106 70
65 170
166 235
140 211
98 141
202 14
239 69
239 96
39 165
239 145
232 107
174 233
152 197
33 235
83 8
105 150
106 191
166 201
49 130
114 219
108 81
126 77
198 9
97 228
53 212
44 30
156 215
5 186
239 107
3 239
38 208
100 72
60 49
133 182
35 175
239 204
91 29
8 81
38 159
125 138
82 73
137 62
174 243
146 9
158 239
29 101
10 74
143 157
239 131
20 31
4 57
183 98
5 193
146 115
236 75
27 160
206 154
216 69
155 51
99 239
90 205
250 205
136 31
116 214
239 227
162 106
239 240
44 239
105 196
209 239
5 11
239 230
238 143
142 175
239 120
172 149
58 32
85 233
228 239
139 59
89 244
179 102
140 54
194 65
23 22
239 116
168 13
217 77
64 124
6 222
34 82
115 9
84 180
94 227
81 83
121 115
21 192
135 167
45 126
147 229
141 239
111 75
230 221
181 229
53 237
95 25
112 60
239 8
217 126
71 208
109 241
209 189
118 23
201 145
242 151
90 171
111 3
216 249
147 239
118 12
116 119
69 188
27 59
227 187
47 230
189 127
191 162
164 135
243 233
224 231
121 146
163 80
239 63
2 193
1 95
241 117
22 178
67 74
140 192
28 99
150 196
439
124 22
138 56
52 11
191 220
168 195
146 72
73 245
130 118
221 129
108 58
235 160
239 143
126 63
110 150
78 113
180 188
14 231
186 87
144 238
80 229
203 91
237 7
184 54
74 210
49 6
68 223
15 166
167 23
214 248
119 163
29 235
7 233
36 159
41 178
239 20
236 210
138 48
95 176
37 132
155 1
217 164
22 171
181 236
142 199
240 209
231 28
151 22
60 199
219 116
45 228
140 82
182 232
40 69
115 10
163 195
186 57
145 38
174 211
36 197
141 16
162 70
39 157
231 67
62 234
120 106
24 33
250 11
169 24
187 215
125 222
221 26
32 209
71 68
94 186
10 104
97 5
79 33
183 240
55 3
74 236
196 78
134 205
91 15
43 131
166 203
112 182
151 171
243 103
78 105
103 143
170 184
181 177
129 220
51 146
153 137
155 4
172 48
77 101
45 90
172 56
227 125
49 157
120 218
145 215
67 14
93 114
24 3
11 55
208 34
213 21
133 233
113 196
201 241
131 193
41 225
116 144
226 77
131 83
43 83
15 127
192 54
197 183
125 230
158 9
45 205
227 222
203 15
140 106
145 187
160 189
213 47
243 20
161 225
246 9
191 166
233 158
57 94
49 208
239 103
132 33
168 163
209 167
44 70
211 24
139 25
36 240
219 144
180 224
210 185
107 241
46 150
96 149
153 100
223 71
199 206
93 131
17 18
25 198
129 26
51 39
162 117
223 146
170 192
224 30
249 199
90 228
13 161
197 240
129 130
64 176
176 136
227 230
97 99
75 114
29 160
198 139
154 92
52 201
121 189
84 147
140 53
229 184
136 64
185 100
92 148
91 127
20 143
159 240
17 118
245 190
169 3
211 169
142 206
119 168
21 18
86 117
221 220
204 207
8 202
16 95
50 9
123 2
95 155
43 193
27 126
120 53
18 118
204 122
238 116
48 56
242 57
75 93
50 247
82 123
62 208
154 165
76 72
59 2
82 59
208 244
242 186
185 74
117 104
195 119
235 121
101 66
58 98
55 250
166 92
242 94
137 100
46 110
167 32
193 83
170 54
26 130
239 224
249 60
158 7
189 29
28 14
108 98
247 246
236 185
237 143
36 183
88 65
39 6
47 139
122 207
40 216
132 79
22 105
61 182
142 60
133 158
31 190
164 8
140 120
208 234
152 153
89 224
159 197
53 106
93 87
245 31
174 24
174 3
110 111
91 166
107 52
52 206
159 73
219 179
220 26
219 238
143 243
56 108
95 1
34 234
162 44
13 81
105 196
38 215
244 234
99 200
124 171
156 204
205 12
218 140
31 73
168 35
160 121
63 246
107 201
248 165
96 42
86 104
200 175
69 172
81 135
28 145
218 106
238 179
161 81
148 165
96 177
134 12
85 248
188 156
12 102
3 211
35 97
62 34
67 28
242 87
37 33
187 42
21 47
137 152
202 144
50 246
216 184
108 86
35 5
38 187
202 217
203 127
237 84
124 151
249 142
10 117
183 159
191 88
141 194
128 229
66 226
190 73
110 77
189 235
100 125
81 249
181 74
241 52
34 232
247 9
220 130
178 225
41 109
79 37
16 125
138 172
179 144
147 237
20 103
82 2
212 250
63 186
53 218
53 175
11 212
212 55
239 243
101 226
181 185
8 217
59 123
135 161
61 232
87 57
87 94
194 16
31 189
176 167
181 210
42 177
222 230
51 72
121 29
86 115
154 148
105 113
177 149
152 100
42 149
2 25
133 7
104 115
112 22
175 99
32 23
249 206
134 102
112 61
60 206
179 116
6 157
69 216
51 76
4 1
134 79
173 14
221 130
109 225
226 225
191 65
223 163
173 28
135 13
184 192
128 80
169 174
63 27
85 214
173 231
238 14
244 62
49 39
209 23
244 34
102 205
202 83
67 173
165 92
66 77
113 235
86 10
19 162
76 146
90 207
164 202
248 229
112 232
89 30
95 4
117 115
127 166
156 180
109 178
