250
452
181 54
181 221
122 163
195 184
7 79
178 201
28 52
49 53
151 228
8 72
69 152
112 201
158 165
21 117
3 43
220 108
24 23
223 84
4 205
215 76
237 18
4 71
61 50
7 174
29 184
52 122
152 46
79 183
67 74
140 94
215 231
179 146
81 221
161 188
71 82
139 231
90 230
114 233
222 149
135 218
44 39
146 225
29 195
126 24
190 250
215 58
33 203
10 247
107 111
126 243
232 207
220 214
55 114
189 217
197 240
16 86
148 2
249 76
5 135
72 6
74 36
15 166
44 238
65 27
249 139
20 158
208 113
145 188
121 13
194 107
145 161
136 165
168 88
107 41
157 84
104 163
167 161
238 39
55 233
28 206
82 211
119 56
32 213
163 61
22 193
226 83
209 67
105 249
35 85
32 55
176 11
99 219
35 125
143 2
233 213
88 246
173 110
167 14
154 18
154 237
165 155
71 124
12 112
182 94
130 159
149 3
157 70
39 247
224 207
229 20
188 14
11 131
135 172
182 140
73 201
250 113
145 16
17 90
10 44
204 75
75 21
4 48
172 5
37 19
17 38
223 157
156 172
176 131
196 43
127 45
120 250
208 190
92 189
214 108
150 81
117 35
138 143
229 158
244 100
213 114
212 187
185 195
228 234
80 141
179 60
153 200
66 235
37 116
125 19
204 216
72 238
50 104
49 198
202 101
112 73
57 30
52 175
16 115
95 26
245 91
236 212
95 109
77 226
210 106
36 209
231 76
130 123
48 68
34 15
141 103
94 80
26 177
125 137
139 215
244 169
95 177
51 212
10 238
102 110
222 196
173 134
75 216
137 85
140 227
103 128
1 63
152 78
5 218
125 85
189 119
23 90
199 181
182 227
155 229
148 138
88 70
3 129
10 39
3 196
122 175
133 79
170 21
249 231
160 164
123 96
192 93
67 36
118 225
22 176
15 241
53 198
190 120
1 111
138 2
204 170
230 38
77 83
193 176
194 202
179 9
206 175
128 80
151 234
168 246
161 14
187 51
70 171
134 110
228 118
149 196
102 134
7 208
13 160
148 31
156 5
235 25
121 99
135 156
88 171
169 99
24 243
22 131
42 142
68 4
189 56
172 233
243 23
42 235
191 30
209 103
28 175
136 197
159 186
208 250
154 42
164 121
32 233
70 168
110 57
14 151
41 1
249 215
191 57
218 172
195 102
68 205
248 33
174 133
221 199
148 143
1 107
28 122
8 65
123 159
248 203
66 42
92 119
34 166
54 199
147 93
73 178
164 13
95 185
96 220
129 144
97 106
55 213
18 87
12 201
180 81
242 71
202 212
103 80
11 158
68 2
26 109
98 200
193 131
46 97
47 200
75 170
232 136
222 43
59 65
45 162
59 27
6 89
86 150
42 25
173 102
236 187
74 209
51 236
165 229
121 160
177 185
28 120
48 205
111 121
163 75
23 126
246 70
101 194
244 219
115 86
105 62
77 88
92 56
63 107
150 180
47 98
54 73
96 64
183 211
185 109
192 73
96 214
145 14
163 50
98 40
46 210
3 222
154 87
17 230
90 38
45 132
61 104
63 41
67 207
77 92
100 99
170 216
171 168
247 44
23 244
26 5
227 94
130 186
245 153
11 59
54 221
247 238
145 167
178 12
139 76
108 64
240 136
52 206
204 21
241 166
63 111
113 190
56 217
112 178
8 6
66 25
120 208
220 64
117 125
188 167
239 136
78 69
9 198
144 142
35 137
39 114
197 239
21 216
99 244
58 116
123 186
138 31
212 96
239 240
171 246
31 2
108 96
210 97
11 193
218 156
85 117
129 142
169 100
11 22
165 20
72 89
217 92
128 141
192 147
91 153
49 227
157 152
183 82
214 64
26 185
58 19
155 158
114 32
62 40
58 37
109 177
137 117
242 124
206 122
162 132
133 7
9 60
38 33
45 147
12 73
116 19
155 20
169 219
31 18
106 46
57 15
43 149
241 34
222 119
8 89
87 237
100 219
120 113
79 174
146 118
119 217
40 105
248 97
232 224
15 123
41 111
31 143
455
24 112
73 238
189 165
79 160
175 73
180 152
150 95
3 247
227 133
177 61
242 130
159 201
31 61
17 46
116 96
184 235
125 6
108 246
240 45
9 73
153 216
199 6
218 18
73 197
100 41
185 96
250 188
54 117
132 209
95 50
120 181
142 135
20 109
183 184
211 191
19 198
187 203
49 160
233 2
73 219
205 164
217 63
45 245
19 73
144 109
144 20
89 4
22 237
233 59
20 73
170 108
154 249
11 147
114 73
24 93
237 73
155 68
231 39
131 190
134 179
162 62
210 130
235 3
241 90
193 108
77 73
127 207
183 247
79 49
236 230
78 132
10 111
156 16
1 207
172 192
119 244
12 216
1 127
68 34
96 186
83 246
110 6
167 39
188 30
73 157
22 87
62 214
102 164
235 183
156 40
90 51
242 73
222 87
158 157
69 134
193 83
47 43
83 73
228 205
246 170
31 14
223 215
121 73
73 231
87 237
99 126
232 139
89 148
164 228
71 73
166 73
39 135
222 22
39 142
111 66
67 68
151 73
91 73
228 73
247 184
170 83
122 11
173 117
220 234
95 52
145 74
72 73
201 73
49 175
140 121
28 75
73 68
215 73
217 59
187 85
38 52
73 69
42 181
177 31
163 75
111 37
20 32
44 49
26 196
243 238
187 182
73 18
122 147
12 153
71 30
230 128
128 211
58 45
250 178
15 106
73 169
48 145
105 91
66 10
13 75
203 85
6 73
55 133
228 102
179 69
176 216
200 201
57 73
78 114
130 80
75 73
79 175
220 195
115 147
213 113
101 129
73 64
103 7
59 63
128 236
196 64
163 28
148 4
191 236
197 99
154 73
239 73
7 73
235 247
221 234
229 146
109 60
113 72
34 155
71 178
32 60
182 85
64 26
171 221
180 166
206 242
241 51
89 73
37 10
27 69
214 162
86 15
189 86
203 73
193 246
250 30
73 172
124 56
149 249
202 169
34 53
247 73
114 132
151 41
206 80
29 5
226 98
95 38
152 166
202 248
52 50
215 33
147 36
199 125
28 13
5 46
143 121
36 11
106 189
205 102
138 243
15 189
171 220
146 204
144 32
36 115
121 101
74 48
194 215
97 89
222 237
73 90
67 155
129 143
7 82
124 57
33 194
242 80
175 44
73 59
214 73
13 94
94 28
20 60
92 77
10 219
160 44
18 88
101 140
179 27
130 206
37 219
221 73
94 163
55 73
94 75
161 244
107 78
248 8
211 73
142 231
76 208
207 73
3 183
210 80
206 210
42 81
73 204
212 7
38 150
42 120
172 208
73 122
157 21
200 159
137 186
5 17
174 77
186 185
30 178
16 40
23 84
173 54
38 50
125 110
34 67
122 36
239 47
29 46
171 195
109 32
104 19
123 133
225 21
149 154
204 229
86 165
242 210
168 87
4 97
222 168
38 73
67 53
212 82
73 81
170 193
72 213
119 161
139 73
223 33
88 218
211 236
65 190
14 61
112 93
111 219
211 230
177 14
122 115
129 121
140 129
151 100
58 245
50 150
126 197
68 53
52 150
227 123
231 135
73 145
134 27
112 73
11 115
25 54
171 234
9 226
120 81
141 244
35 159
188 178
176 12
70 54
21 158
136 84
96 137
7 118
57 56
138 238
165 15
76 172
63 2
73 131
155 53
185 73
137 185
17 29
65 131
132 107
114 107
79 44
141 119
43 239
2 217
176 153
143 140
78 209
91 224
208 192
174 92
160 175
233 63
98 9
212 103
123 55
223 194
118 82
169 248
182 203
227 55
25 70
217 233
104 198
219 66
250 71
116 185
73 25
25 117
137 116
148 97
73 136
2 59
156 73
230 191
141 161
221 220
143 101
8 202
221 195
173 25
83 108
81 181
73 240
60 144
224 105
173 70
116 186
167 231
17 73
245 240
22 168
225 157
61 73
153 73
8 169
128 191
73 86
117 70
118 212
165 106
82 103
13 163
106 86
209 107
35 200
3 184
135 167
118 103
58 240
110 199
114 209
71 188
73 141
158 225
23 136
167 142
195 234
192 76
35 201
168 237
66 37
