400
1194
303 99
216 364
102 389
75 350
324 385
346 246
295 248
310 70
382 10
217 237
391 308
252 222
301 129
285 13
109 56
25 108
63 395
124 320
225 49
341 276
48 147
338 72
242 62
292 133
116 145
280 26
15 286
377 273
159 77
206 30
3 350
82 311
278 197
118 229
19 382
376 135
301 339
167 355
26 217
98 318
120 67
335 64
399 181
57 333
125 150
13 32
109 35
49 54
155 302
221 226
88 263
187 319
344 259
316 29
267 145
331 339
325 174
5 53
191 322
293 314
20 334
198 289
317 272
376 222
372 391
285 278
44 210
266 145
178 361
203 150
22 397
362 95
220 334
97 353
359 274
55 286
372 174
227 353
400 237
296 223
389 357
81 98
142 313
239 66
284 241
79 58
125 203
283 176
323 179
117 200
68 320
78 197
64 24
161 86
24 341
100 244
65 268
346 114
41 165
335 24
127 384
243 389
106 202
192 347
305 125
174 134
343 3
278 89
342 228
370 10
285 32
250 5
165 4
373 136
387 88
359 200
307 375
91 160
144 36
318 100
188 216
220 7
100 60
281 49
188 47
76 178
300 128
201 293
84 48
345 375
94 362
173 210
328 265
211 212
84 192
399 288
325 134
130 287
337 286
64 92
349 169
97 227
311 41
232 140
191 187
24 163
302 37
186 325
277 254
13 185
315 380
224 23
336 360
355 21
123 242
252 113
87 373
330 70
237 90
261 257
141 371
202 210
383 137
193 329
13 278
158 94
258 146
192 52
58 221
180 143
340 371
239 178
106 234
358 304
140 197
343 350
287 165
292 226
94 329
274 343
108 16
249 111
196 369
46 106
30 65
232 197
319 189
24 276
76 66
177 199
94 156
220 5
392 385
293 151
204 171
377 400
316 257
164 43
93 195
360 305
191 334
33 332
393 140
214 215
370 19
253 397
126 310
77 304
392 175
387 139
182 137
131 197
45 116
208 261
277 312
219 358
30 320
61 400
34 229
45 2
170 46
139 148
314 271
328 35
279 72
282 330
366 196
81 60
141 259
59 264
134 83
144 364
275 375
238 287
170 44
301 302
27 66
191 20
383 225
43 159
73 377
142 21
184 51
75 343
188 303
333 327
249 300
386 343
16 224
384 198
240 375
140 131
224 142
386 27
395 166
21 388
214 31
373 331
186 174
6 96
311 223
177 379
89 78
44 202
185 32
243 139
61 273
207 60
187 20
394 10
210 170
100 81
14 28
88 120
390 118
234 392
103 264
306 137
225 91
344 351
335 71
350 359
248 264
365 194
195 281
104 157
16 142
58 186
149 240
136 374
224 21
361 239
364 47
201 107
176 192
122 65
336 110
271 288
21 86
185 154
75 76
9 360
278 185
121 221
311 11
107 314
287 4
299 72
105 163
231 56
83 324
135 222
174 255
229 133
248 331
95 94
382 115
236 288
51 169
249 147
119 311
377 61
232 242
1 209
241 6
309 400
398 293
122 18
326 228
184 349
43 291
59 233
62 376
36 213
345 275
240 299
19 394
204 262
250 20
80 286
3 76
110 168
34 199
218 96
390 34
146 17
190 179
261 316
283 111
98 161
85 380
359 117
246 114
389 139
141 247
91 54
385 106
61 237
112 291
87 295
339 136
305 9
374 339
90 400
75 3
276 92
341 105
320 206
304 290
211 30
57 105
171 369
148 150
249 176
221 367
67 342
307 275
364 296
18 300
226 50
55 183
69 370
256 102
180 53
49 195
242 393
121 226
7 180
392 324
356 93
159 132
34 177
323 212
5 143
197 89
234 44
388 23
126 330
297 88
77 132
41 4
233 378
49 356
22 259
70 25
83 172
355 98
4 130
41 130
40 236
53 7
373 248
162 208
394 257
111 192
367 255
29 370
160 182
369 366
386 3
126 329
279 299
312 348
127 228
292 367
111 147
262 272
262 319
59 103
88 256
291 31
131 89
151 56
39 105
6 218
305 321
170 173
212 190
95 396
68 300
260 251
8 35
190 323
237 26
348 254
285 78
364 188
91 383
288 314
200 350
393 232
121 118
90 377
365 261
80 218
397 2
253 153
328 177
242 135
148 203
273 63
199 328
195 54
198 306
113 376
351 397
358 77
294 322
67 104
4 82
160 137
31 164
385 234
139 297
304 155
90 61
298 67
237 309
17 315
255 79
51 349
387 256
263 298
110 354
348 143
370 115
102 139
39 71
110 173
233 184
312 143
182 363
77 42
132 43
223 213
11 119
108 313
134 308
158 193
215 353
28 356
294 189
27 178
236 252
45 332
92 200
99 364
333 356
323 268
254 284
295 373
38 13
315 85
256 120
259 247
71 105
188 166
210 354
109 8
171 347
164 214
289 127
390 229
141 344
42 159
37 301
217 251
251 280
295 129
40 107
86 98
329 282
291 42
92 274
251 396
312 235
318 161
381 215
202 170
254 241
149 307
213 144
196 52
171 196
368 313
394 208
78 131
269 35
145 332
175 324
52 369
380 169
115 101
56 352
109 398
388 161
278 78
201 314
108 74
53 143
390 379
376 252
156 138
15 337
326 157
232 123
397 209
22 247
305 336
161 167
224 368
271 40
245 179
366 204
325 308
63 166
128 68
334 250
280 396
33 266
41 82
152 145
96 183
46 44
95 156
358 132
368 16
245 238
60 146
382 370
45 1
386 75
157 342
300 147
25 368
198 127
16 313
252 399
34 328
98 167
29 394
143 7
138 260
103 378
280 309
74 310
48 249
186 79
269 328
250 220
326 67
263 120
189 262
219 290
137 363
313 23
27 75
347 283
246 245
129 136
291 164
315 51
246 179
70 282
303 47
284 6
194 162
7 5
268 212
90 217
14 93
90 309
133 121
225 195
62 123
73 400
62 393
148 243
284 80
322 20
396 362
308 174
357 321
258 244
222 62
244 146
85 17
50 229
296 216
245 323
153 397
357 243
352 269
148 389
391 172
274 200
316 208
122 68
266 267
14 281
46 202
54 281
377 395
297 298
100 207
64 359
74 330
180 235
310 330
201 151
168 173
50 121
371 247
246 190
335 163
84 147
337 183
361 194
33 1
72 340
70 74
122 320
45 33
180 312
117 64
19 10
76 27
158 329
302 374
376 181
171 262
86 355
265 177
240 307
158 156
390 177
231 293
247 344
261 162
338 340
28 93
205 345
219 302
152 266
46 385
160 54
190 211
389 203
196 283
17 258
166 303
215 97
38 154
195 91
32 38
371 72
259 153
245 190
256 298
80 55
201 231
155 290
217 309
386 76
222 242
319 294
189 317
363 198
349 380
32 154
257 29
266 116
38 215
379 133
18 206
115 345
52 283
236 271
149 299
296 36
178 386
77 290
341 71
382 69
58 367
42 43
260 280
382 101
112 159
381 353
95 158
12 15
367 226
288 40
134 372
338 240
163 327
81 167
135 181
83 391
152 267
127 363
160 225
212 124
138 251
272 366
144 216
304 302
381 214
369 204
194 261
193 126
357 150
181 113
332 1
372 308
303 63
240 72
252 181
153 22
298 120
164 112
44 173
264 373
101 345
97 32
87 248
317 187
201 40
96 284
320 65
131 232
125 360
365 361
180 348
56 398
295 331
236 399
73 395
348 235
80 183
70 108
351 259
292 221
12 337
199 265
48 128
236 113
146 85
347 369
396 138
117 92
227 38
176 84
294 187
285 89
342 104
321 125
207 244
112 42
269 265
74 368
97 38
356 14
336 9
96 55
28 333
142 388
325 79
308 186
235 277
277 241
39 327
165 130
336 125
319 317
238 346
165 82
67 263
326 342
113 288
126 282
312 7
340 279
47 166
107 293
18 48
311 165
274 350
153 209
115 69
79 367
374 129
42 132
36 119
31 381
159 358
162 361
241 218
154 97
279 141
272 189
147 128
23 142
73 273
357 148
157 228
391 324
244 17
346 4
374 301
61 73
260 26
318 167
10 29
305 150
324 172
162 316
196 347
322 187
331 129
227 214
212 179
92 359
144 296
99 144
100 167
124 268
69 19
384 363
354 9
53 220
313 224
245 114
235 241
235 254
41 119
294 317
1 253
89 185
163 71
102 297
289 326
291 381
207 258
183 286
234 46
335 341
127 306
5 334
392 106
116 33
55 337
50 133
250 191
124 65
287 114
352 109
176 111
123 393
243 102
93 49
246 238
74 25
53 250
101 69
64 276
275 101
24 117
338 307
136 295
156 362
87 59
35 265
253 209
203 321
204 272
357 203
219 304
269 8
2 209
87 233
253 2
118 379
257 208
360 321
123 140
186 255
23 86
251 26
214 353
316 394
11 223
338 299
158 126
39 333
271 399
270 152
155 301
277 6
185 285
284 218
303 395
273 395
229 379
115 205
263 342
37 155
50 292
273 166
104 263
349 378
231 151
352 8
47 63
108 368
192 283
315 349
365 208
379 34
300 48
343 200
366 262
206 65
81 318
110 360
152 116
248 59
326 104
297 387
233 264
10 257
28 39
47 99
6 254
173 354
296 213
383 160
119 82
289 157
178 66
266 230
40 314
103 233
124 211
22 344
21 23
363 306
149 375
113 399
353 31
157 384
37 374
198 137
378 51
222 181
385 175
258 85
230 267
130 114
289 384
149 275
286 12
179 238
339 37
103 184
268 211
22 351
68 206
83 372
290 358
193 94
280 217
256 297
281 356
375 205
130 346
122 206
207 318
362 138
8 265
383 306
172 175
226 58
327 105
87 264
60 258
333 14
128 122
341 163
338 279
281 93
277 348
182 306
25 330
123 131
234 202
218 55
43 112
271 107
390 199
340 247
351 153
391 134
170 168
287 346
191 220
365 162
207 81
351 209
135 62
231 398
36 11
216 213
120 104
188 99
315 169
28 57
255 325
215 227
383 182
50 118
380 146
276 117
169 85
205 275
99 216
82 11
60 244
111 84
20 294
155 219
152 230
205 149
129 339
88 298
84 249
276 335
384 228
3 274
381 164
193 282
19 29
30 268
33 145
327 71
135 393
380 17
13 154
352 35
45 253
317 322
193 310
57 39
282 310
260 362
213 11
141 340
30 124
36 223
101 205
182 91
18 68
238 114
57 327
204 189
161 355
210 168
156 329
116 332
51 103
211 323
267 270
9 110
331 136
171 366
175 106
270 230
168 9
95 138
194 239
80 96
322 334
52 176
392 172
239 365
398 151
378 169
66 361
18 128
175 83
112 31
227 154
69 345
290 132
27 239
225 54
16 25
321 150
2 1
73 63
118 133
194 66
151 107
109 231
52 347
307 299
332 2
354 168
387 243
371 279
12 183
78 140
119 223
86 388
102 387
309 26
255 58
184 378
396 260
372 172
319 272
352 398
289 228
355 388
219 37
269 199
221 79
336 354
371 344
184 59
8 56
14 57
292 121
1194
119 231
298 25
12 135
48 3
4 159
60 104
212 15
236 192
197 359
254 175
235 64
329 30
105 84
293 400
296 238
236 211
108 368
14 217
84 47
372 91
306 347
36 289
86 42
307 138
349 307
172 243
386 7
297 20
196 244
225 212
128 331
399 142
114 142
341 180
39 85
341 258
28 249
361 89
338 27
339 314
388 210
150 64
380 112
133 92
201 339
355 90
116 361
125 224
121 177
237 338
257 302
355 37
77 141
240 178
85 169
136 373
305 110
52 122
97 198
189 44
353 161
301 222
76 180
60 114
13 272
392 248
73 330
139 316
183 381
80 296
276 305
13 68
239 380
340 9
4 143
62 52
111 329
371 124
354 55
260 58
35 69
278 389
118 328
50 96
82 382
63 156
50 14
129 308
383 81
395 66
175 277
169 376
239 32
232 190
391 209
141 355
73 83
74 383
53 168
234 221
59 294
209 340
83 23
100 239
218 124
186 292
138 66
307 25
5 195
267 105
367 280
173 99
388 163
377 300
251 387
208 27
98 331
304 185
124 108
43 105
392 225
108 51
337 193
253 77
170 63
283 85
267 250
70 33
296 376
258 120
164 246
110 389
399 383
291 9
71 75
8 29
295 305
190 28
40 230
299 179
150 382
264 223
208 338
103 367
313 99
9 391
233 326
288 11
255 120
229 378
101 56
33 148
10 143
289 279
57 107
252 370
321 158
44 339
215 282
258 53
376 85
6 19
310 200
369 157
370 53
181 295
396 99
357 258
100 356
31 182
165 25
315 363
163 306
250 287
102 77
198 234
38 17
331 318
315 343
157 375
143 334
327 68
54 30
343 5
304 384
221 368
288 338
122 145
136 342
360 291
333 50
187 315
378 265
326 12
113 205
270 324
302 109
273 210
258 101
127 17
165 7
364 119
333 14
363 5
160 267
319 63
135 233
155 228
197 97
281 295
351 227
76 133
291 206
343 103
379 266
204 62
174 311
295 110
94 268
342 373
375 38
18 375
202 94
41 75
251 228
230 345
131 348
54 146
114 28
157 41
115 180
225 15
278 22
131 181
241 69
128 318
150 235
204 122
185 99
354 7
110 271
219 390
56 357
123 381
78 293
322 270
393 26
311 65
169 283
156 319
181 34
260 139
151 347
116 358
280 6
259 95
239 33
8 94
358 220
207 73
8 49
191 167
234 336
204 52
355 254
387 249
57 328
382 323
202 8
298 386
371 218
98 1
31 314
167 257
351 72
263 123
65 174
72 119
179 322
236 359
248 95
13 155
371 51
330 266
45 260
343 367
213 215
92 358
381 263
119 227
334 10
86 177
10 290
333 325
373 2
91 160
27 394
36 279
238 80
306 273
273 117
133 115
354 386
279 352
275 88
197 126
171 93
285 346
13 251
261 51
172 20
23 233
243 39
286 351
323 205
32 100
16 313
189 314
349 397
216 122
48 179
250 149
154 213
176 296
124 261
273 137
209 360
347 388
139 377
104 327
120 357
4 10
106 273
98 282
182 117
92 116
181 271
190 399
270 94
366 228
254 90
370 335
28 60
282 284
51 124
170 220
395 165
134 262
224 308
94 46
11 27
116 220
254 285
330 207
274 28
226 18
38 71
174 244
4 348
251 68
146 29
293 177
54 29
79 72
123 335
34 131
38 18
167 302
113 230
217 174
79 286
400 109
74 399
84 160
61 146
67 256
207 379
78 121
241 362
177 78
170 87
214 95
203 182
132 333
242 156
298 165
296 85
111 30
164 293
79 227
378 277
381 335
65 7
126 236
263 168
35 398
155 366
230 205
96 196
127 18
2 224
213 303
257 400
216 312
151 279
269 186
295 389
210 151
359 321
133 89
76 255
215 284
35 40
70 121
149 84
48 322
117 137
231 351
255 341
287 373
188 128
201 290
182 106
212 248
331 188
107 264
241 240
96 174
132 127
2 152
367 6
315 6
138 166
148 356
212 259
84 267
185 194
376 176
287 147
128 393
170 358
59 248
36 352
328 264
342 390
113 235
215 98
396 304
192 47
236 91
190 114
391 191
313 32
260 316
130 89
363 308
243 283
186 19
298 7
191 340
270 179
50 196
294 248
369 375
86 70
220 92
354 298
66 349
309 57
82 291
36 77
166 45
253 141
20 269
316 300
140 356
330 24
72 227
373 390
49 202
297 243
189 31
118 385
83 326
26 128
329 303
98 284
312 122
343 6
151 388
214 75
282 1
270 299
384 185
74 304
101 180
322 162
14 196
252 53
306 388
165 397
274 232
91 192
60 249
299 324
152 224
61 49
370 263
59 75
359 97
78 164
266 24
347 93
31 44
47 372
67 140
116 170
176 22
288 27
325 375
38 157
249 327
356 16
88 265
341 115
285 141
237 62
301 269
187 343
338 204
168 357
13 387
201 353
324 46
262 193
299 268
396 256
153 342
367 292
316 377
276 278
317 235
86 121
57 264
81 232
147 149
240 398
55 7
161 201
383 194
205 235
268 46
175 184
138 260
257 293
180 255
293 246
344 90
398 178
125 152
345 40
348 334
225 259
173 16
263 335
154 303
126 91
232 114
393 331
177 246
1 188
262 337
198 221
278 365
9 209
364 231
352 102
230 362
302 400
107 328
18 325
32 356
280 19
199 366
80 176
21 128
321 247
397 386
260 166
30 154
265 275
342 2
234 158
12 178
183 119
33 380
308 195
364 183
233 83
136 287
374 244
200 377
240 362
173 313
26 188
39 238
370 381
45 58
133 361
59 95
154 111
160 47
187 103
391 302
187 5
42 121
319 275
329 213
337 351
350 184
335 183
21 26
208 52
210 306
206 82
28 327
394 11
118 57
195 129
319 265
139 166
218 228
56 258
93 388
268 324
303 111
184 344
360 206
135 23
337 134
291 332
118 264
272 155
195 152
77 352
211 359
202 29
8 46
289 171
348 34
374 55
237 204
226 50
4 334
396 185
103 6
53 56
378 275
353 334
288 320
125 342
218 155
170 242
365 176
349 25
297 222
135 398
52 237
287 219
200 320
12 398
124 199
269 280
365 276
163 273
58 349
265 229
294 259
135 326
71 369
355 346
326 73
345 362
186 222
345 205
307 58
77 37
358 63
308 152
207 24
354 311
10 348
168 252
281 278
256 99
89 76
371 366
58 138
40 113
38 369
105 149
84 43
42 177
247 368
97 321
20 186
70 42
354 65
190 142
42 112
314 203
45 139
143 290
106 163
187 195
261 371
58 66
41 95
109 391
283 39
387 68
100 140
92 89
284 303
237 27
132 14
362 40
191 302
209 109
132 196
214 59
80 22
233 12
319 87
37 141
241 40
244 217
305 389
127 325
309 328
63 242
317 113
54 49
211 158
249 68
64 382
226 325
310 320
103 19
194 304
269 222
162 299
289 102
146 30
271 131
259 392
218 366
182 189
341 120
250 105
291 340
285 355
140 313
78 257
275 229
46 49
253 36
321 198
395 349
296 22
294 95
32 140
333 127
317 345
102 253
133 130
154 146
189 161
347 171
325 17
377 166
186 280
62 122
332 382
22 281
254 344
262 328
87 63
217 96
199 371
158 198
71 41
87 229
144 216
353 10
192 372
121 246
112 33
86 246
23 24
266 207
96 14
320 394
81 142
88 378
247 336
253 346
221 336
184 277
332 206
310 394
202 46
208 288
136 390
17 375
100 148
13 228
255 130
223 225
234 247
339 161
162 179
231 72
168 56
181 305
219 147
254 350
65 55
203 117
108 261
350 175
364 227
246 78
245 364
346 37
265 277
104 387
199 218
332 150
301 243
89 116
335 245
164 257
213 282
215 303
172 283
169 39
176 238
345 113
385 57
197 236
100 380
125 129
3 322
249 104
200 300
384 81
56 252
137 106
11 320
16 67
172 301
157 75
347 210
316 166
372 126
336 261
144 48
21 393
318 1
357 53
68 104
400 167
98 318
109 191
284 213
67 99
358 242
341 101
198 247
288 394
221 108
82 9
137 306
290 339
164 400
15 223
111 146
323 235
90 346
274 114
92 361
82 360
232 142
281 365
384 194
223 118
62 312
83 330
74 142
223 212
212 392
104 251
130 76
310 11
134 193
15 392
312 145
252 263
395 25
67 173
332 82
132 226
224 153
150 323
71 214
353 143
187 363
110 181
174 374
270 268
206 64
11 208
340 360
385 264
90 175
83 24
152 129
255 115
203 106
383 384
49 29
183 245
119 245
362 35
315 103
65 374
171 352
366 272
374 217
43 372
309 193
189 339
242 220
196 217
397 298
125 2
385 223
178 233
227 231
129 224
320 300
15 385
81 399
317 150
16 140
277 350
284 329
271 34
387 272
208 237
164 167
283 297
148 239
97 211
80 365
323 317
395 397
180 120
72 286
127 226
117 106
304 383
136 153
175 344
274 190
1 215
197 211
125 153
3 312
3 162
105 147
289 93
144 145
148 380
311 244
247 221
75 369
256 185
194 256
364 123
149 219
214 41
115 130
329 154
226 333
39 376
87 156
344 285
139 200
160 372
80 278
336 368
60 274
52 338
70 112
369 17
163 137
326 23
337 286
144 162
31 203
134 79
74 384
222 292
55 386
379 330
16 32
250 147
220 361
45 66
20 301
172 169
62 216
399 232
394 300
88 350
193 107
69 240
59 41
195 363
168 370
267 43
102 36
64 332
22 365
368 261
3 145
87 242
393 188
290 353
230 241
108 336
239 356
324 179
319 229
118 15
308 5
199 51
144 3
295 276
210 163
380 70
245 231
307 395
252 381
162 48
377 310
294 214
386 165
9 360
297 172
20 222
262 107
382 206
157 71
112 148
204 216
363 129
352 289
240 35
262 309
107 309
69 398
194 396
34 110
54 111
61 29
144 312
19 292
269 292
156 275
126 192
79 351
193 286
18 17
178 69
315 5
37 253
281 276
159 271
350 344
323 64
184 88
109 167
324 94
276 389
191 209
211 126
188 318
145 48
61 30
309 134
151 171
23 73
272 228
151 93
199 155
31 117
115 76
392 294
43 47
136 219
19 367
374 311
135 178
143 201
241 35
272 251
138 45
44 201
161 44
156 229
132 50
69 12
368 51
112 86
79 337
346 141
243 169
238 85
317 205
61 54
219 250
192 197
97 158
318 282
321 234
311 55
307 66
310 300
24 73
149 267
159 334
299 322
327 274
244 96
305 271
88 277
216 145
147 390
93 279
43 160
357 101
378 184
256 173
159 131
159 34
1 331
123 245
161 290
120 101
159 348
314 44
202 268
2 153
123 183
238 376
33 42
158 359
397 25
47 91
60 327
385 225
340 391
81 74
173 396
279 171
373 153
8 61
200 316
90 285
361 130
203 137
286 134
281 389
313 67
131 4
287 390
102 37
297 301
248 259
292 280
182 314
