400
732
393 239
205 141
364 174
284 89
307 122
265 158
374 6
285 253
111 83
154 363
180 10
8 178
68 53
364 193
256 327
398 337
206 92
314 220
163 64
239 364
400 187
165 298
163 283
31 24
110 291
318 377
11 71
356 74
344 364
240 58
279 56
27 351
39 68
338 171
304 4
116 358
117 197
86 150
106 259
6 380
276 198
216 245
215 292
355 364
344 77
397 386
384 48
325 329
102 160
391 125
259 345
229 146
60 380
389 289
214 86
325 75
44 25
125 121
71 104
13 275
249 195
144 354
350 364
9 77
151 55
33 5
364 95
361 232
28 390
385 2
367 11
374 60
324 364
215 301
232 132
364 353
364 118
361 42
210 16
373 324
362 32
276 362
302 93
228 371
186 349
360 314
157 220
384 200
338 271
147 93
383 261
18 138
227 359
189 99
320 16
298 200
85 346
23 299
22 261
92 217
86 251
171 271
44 156
234 152
48 298
76 21
364 365
371 235
53 164
12 124
392 82
18 293
196 282
208 55
311 245
304 50
17 125
317 260
203 364
141 376
355 323
96 63
257 335
115 102
195 364
208 151
221 246
208 332
4 34
234 70
67 244
223 308
193 386
158 364
81 187
165 48
348 244
291 226
72 269
348 67
279 8
169 136
14 283
4 364
203 20
8 352
345 341
250 152
5 183
131 44
250 70
273 256
321 197
103 255
66 307
172 296
185 148
85 23
145 288
215 303
19 55
130 140
365 220
389 287
341 106
202 322
166 219
364 85
309 51
252 184
324 38
149 40
335 392
30 90
280 2
117 321
304 34
364 113
113 264
394 127
174 348
316 154
289 287
17 88
91 359
94 10
36 119
295 400
57 175
34 50
104 129
364 155
252 286
261 364
331 364
157 314
333 32
156 131
79 378
145 233
251 364
238 376
273 328
246 162
195 379
85 299
137 383
47 231
220 360
248 96
127 240
87 160
14 163
313 239
305 366
106 345
364 267
74 13
364 69
87 102
49 176
379 249
49 372
253 212
229 199
326 167
76 315
108 233
190 82
364 230
346 134
256 364
129 367
223 254
393 139
212 285
25 156
65 20
331 186
211 264
95 248
272 364
14 342
281 322
235 182
165 384
281 263
179 181
224 364
280 385
7 175
150 334
191 364
211 343
347 139
364 262
303 73
3 344
327 273
336 222
82 257
166 120
239 347
266 120
33 159
218 143
279 352
277 207
188 339
101 105
294 213
120 219
117 61
10 364
89 128
50 340
91 364
228 182
258 180
226 110
336 29
238 141
26 132
54 350
315 310
290 319
372 176
261 388
80 35
52 337
39 164
29 222
364 109
47 209
366 364
276 32
118 97
193 114
280 80
245 136
198 32
355 84
385 364
391 17
67 174
332 151
172 271
161 45
125 88
306 155
286 41
114 396
268 97
308 254
88 364
225 158
386 114
381 273
241 317
162 221
137 261
171 296
70 152
34 340
190 335
224 297
80 2
61 321
330 10
26 232
25 131
94 180
73 215
238 205
56 178
200 48
382 317
113 343
275 74
22 388
150 214
42 26
24 218
107 259
360 365
364 39
396 397
162 300
19 151
56 352
88 121
396 193
124 209
296 271
228 126
311 169
399 324
243 45
266 364
28 369
42 232
132 42
132 361
312 128
52 398
316 101
364 154
364 274
342 163
71 129
330 258
364 119
364 290
95 15
255 72
316 363
135 224
24 204
114 397
313 139
94 330
49 170
233 288
364 89
43 366
364 307
368 189
216 136
244 174
80 385
358 364
186 201
12 231
373 38
339 181
24 143
69 49
354 272
171 172
99 364
170 69
364 231
234 364
37 374
267 207
35 2
364 367
210 364
357 350
107 341
204 143
191 79
364 229
103 364
364 26
291 395
202 263
375 337
75 329
64 283
286 370
375 52
381 256
292 303
231 124
364 281
364 28
55 332
362 198
340 304
268 118
15 63
353 30
218 364
364 338
16 247
134 85
4 50
391 121
164 133
146 199
147 302
312 284
377 112
150 251
41 370
178 352
26 361
360 157
226 395
71 367
19 332
338 172
392 190
197 61
294 194
364 276
37 60
184 370
382 270
183 33
86 334
235 228
267 277
314 365
160 364
395 110
225 265
83 364
185 78
399 38
270 317
393 313
313 347
363 105
328 381
370 252
337 364
119 168
207 142
300 246
209 12
189 100
59 265
46 1
192 326
9 3
109 140
309 62
215 364
364 205
5 159
212 364
10 258
112 364
143 31
19 208
373 399
364 194
293 138
7 57
104 367
323 84
103 72
206 364
267 142
242 149
205 376
128 284
322 263
371 182
251 334
27 274
64 14
159 364
4 340
63 95
149 364
105 316
242 40
144 272
66 122
36 168
145 364
279 178
341 259
327 381
312 89
227 91
194 213
262 7
64 342
148 78
41 252
372 69
342 283
201 331
127 58
95 96
364 387
364 326
22 383
154 105
357 54
214 251
221 364
75 173
310 76
364 240
262 175
277 142
191 378
74 177
380 364
364 222
364 310
394 58
100 368
177 13
397 193
320 247
107 106
59 158
292 301
191 237
260 270
187 295
281 202
201 123
11 104
135 297
75 364
364 147
371 126
31 218
200 165
388 137
356 13
43 305
83 98
136 311
278 358
145 108
257 392
300 221
236 155
386 396
368 99
190 257
206 217
11 129
31 204
137 22
351 274
223 364
64 364
153 290
60 6
179 339
331 123
45 364
371 364
23 134
161 243
364 190
241 382
266 219
133 68
3 77
167 192
103 269
8 56
400 81
35 385
87 115
241 260
344 9
266 166
347 393
134 299
196 387
116 278
46 230
388 383
380 374
387 282
328 256
98 111
126 182
264 343
364 78
380 37
346 299
325 173
364 151
269 255
101 154
47 12
173 329
394 240
123 186
275 356
157 365
37 6
262 57
333 362
59 225
364 395
330 180
239 139
106 364
169 216
81 295
51 62
21 315
369 390
293 364
68 164
258 94
346 23
216 311
349 123
90 353
188 364
133 39
398 375
88 391
356 177
356 364
181 188
333 276
248 63
183 159
130 109
214 334
319 153
136 364
349 201
96 15
21 310
270 364
364 352
237 378
245 169
211 113
184 286
209 231
270 241
124 47
382 260
250 234
252 364
65 203
121 17
156 364
69 176
41 184
384 298
179 188
115 160
133 53
230 1
101 363
338 296
15 248
35 280
349 331
170 176
364 287
275 177
62 364
335 82
99 100
53 39
320 210
107 345
73 301
292 73
235 126
112 318
210 247
295 364
327 328
288 108
170 372
218 204
333 198
301 303
364 298
306 236
61 364
237 79
724
4 224
250 85
20 302
116 310
139 100
279 183
164 177
261 37
118 251
301 103
13 104
139 70
356 113
212 323
381 243
390 331
306 278
354 269
269 1
200 246
228 72
261 286
195 291
288 151
26 361
82 102
366 182
67 296
175 73
96 303
78 152
153 204
40 76
54 305
93 272
358 149
34 143
391 276
172 69
263 359
104 221
159 350
66 42
59 281
171 130
234 221
201 141
348 288
69 86
300 23
8 138
62 79
108 351
187 234
389 177
279 400
297 145
212 382
308 349
160 241
282 141
384 215
94 394
60 189
192 107
46 20
342 380
329 287
23 49
81 269
281 258
383 12
25 189
249 256
113 7
115 73
353 3
8 123
76 344
299 335
234 104
94 170
35 164
380 216
261 176
149 237
262 325
228 208
32 336
395 175
324 332
294 118
118 64
304 22
92 385
176 209
126 345
356 146
280 333
221 310
242 174
193 277
304 265
84 269
10 83
323 2
370 47
50 115
363 127
320 393
360 338
194 197
244 287
375 254
128 244
161 288
315 177
267 225
236 95
36 275
280 83
16 161
239 326
345 155
62 346
388 126
66 144
122 272
122 43
242 149
211 208
218 205
316 53
40 344
17 74
93 43
351 162
221 187
290 130
129 325
158 397
232 274
172 87
223 174
49 337
310 391
31 292
234 268
138 217
249 206
8 217
92 24
252 147
307 352
348 16
150 249
27 388
65 281
295 96
192 371
37 286
315 124
151 359
210 231
123 138
30 91
266 316
114 355
75 183
88 362
328 366
203 265
358 235
332 370
252 13
366 160
380 239
390 354
207 226
194 355
265 300
28 57
83 97
362 5
189 90
93 122
341 94
29 11
213 65
107 180
394 325
367 48
288 142
37 303
370 324
233 157
229 277
298 112
213 61
323 382
151 263
247 10
277 186
155 126
300 29
235 244
365 20
321 353
167 163
235 320
110 163
230 146
357 3
134 350
42 185
102 143
168 14
171 313
4 392
395 73
70 105
74 207
86 87
271 214
367 305
91 264
368 339
145 21
122 125
78 189
303 80
268 104
294 351
272 43
379 39
115 175
318 381
250 308
322 209
207 17
205 111
132 201
385 231
188 371
268 187
17 364
130 120
161 348
119 362
88 5
302 365
283 196
173 238
101 5
55 219
342 398
240 24
178 194
121 166
2 32
43 125
379 311
2 382
196 332
62 179
173 306
101 362
181 137
264 71
97 280
58 309
144 197
29 91
57 347
61 138
52 229
75 400
57 32
328 190
195 298
260 176
391 116
110 93
112 193
114 220
133 111
368 68
282 132
389 397
218 111
58 215
319 55
364 226
208 359
5 372
324 47
377 312
25 90
90 227
167 44
342 169
365 46
314 12
84 245
334 89
356 207
54 165
400 45
357 353
211 38
356 106
378 309
343 176
349 85
242 291
104 187
229 15
107 188
128 287
202 282
341 394
6 239
256 206
262 129
119 5
173 278
130 313
30 352
271 247
113 230
61 123
169 398
181 274
338 259
300 49
136 351
47 75
343 260
380 6
312 77
192 311
1 245
266 350
54 248
295 399
244 329
164 103
373 129
175 50
18 103
275 397
97 333
241 366
393 358
153 26
174 149
268 221
300 337
117 373
373 262
157 283
162 136
199 62
311 142
63 76
267 18
182 241
25 60
296 202
340 172
322 176
400 183
135 257
165 248
196 47
186 349
256 150
119 96
77 377
140 247
216 6
162 294
231 191
255 335
314 166
99 37
20 346
220 355
125 272
186 52
297 21
199 79
72 208
273 67
308 85
216 326
298 193
95 327
360 154
81 34
143 381
228 211
45 183
301 164
170 394
115 395
357 321
277 15
203 22
137 378
209 126
148 255
348 396
59 213
295 80
360 56
386 110
369 244
137 232
196 370
99 222
80 399
388 98
255 207
364 74
237 174
330 12
217 61
210 385
112 291
358 320
373 325
56 154
180 371
372 374
293 152
51 116
322 260
63 344
327 236
392 224
145 357
156 30
329 369
310 51
57 156
235 393
135 292
131 190
295 303
250 40
19 184
236 160
286 99
39 142
27 271
396 161
65 258
132 141
80 96
284 33
87 69
218 133
294 136
246 100
232 63
24 41
319 254
118 376
140 10
158 275
163 386
306 238
33 184
107 371
119 88
270 78
33 19
397 165
178 220
47 332
288 16
60 227
238 278
257 317
36 158
113 106
152 270
325 117
106 146
138 361
30 307
84 1
28 156
276 310
172 86
258 59
83 333
194 114
346 46
37 222
251 327
110 44
167 386
232 181
108 136
381 109
22 265
134 159
109 339
223 149
283 233
90 60
14 372
91 71
255 299
116 276
199 86
223 242
36 397
312 369
347 28
243 109
324 196
399 96
67 202
123 217
129 338
38 111
391 265
305 48
133 205
186 15
160 182
355 178
291 193
341 170
105 139
121 285
276 51
39 311
197 363
212 2
26 204
87 340
52 15
269 245
328 131
199 179
302 26
259 360
399 303
31 293
188 192
375 253
361 204
319 219
292 293
112 195
110 167
198 215
290 171
318 243
252 55
388 387
274 137
254 253
374 14
250 349
211 72
191 385
229 186
287 369
280 18
251 89
384 198
106 230
44 163
150 206
225 18
41 240
177 124
391 51
338 56
144 363
24 355
40 63
178 114
94 162
154 259
92 191
194 220
298 291
125 93
302 46
337 23
226 74
201 282
372 168
102 81
120 255
82 34
69 340
340 278
25 73
286 222
153 361
65 254
277 52
339 68
36 389
290 313
317 135
82 143
157 297
75 45
260 209
103 35
364 207
81 143
44 386
131 246
34 102
117 262
158 389
9 336
387 98
195 193
25 227
326 6
374 168
258 213
117 129
79 179
314 121
214 27
88 101
368 314
58 378
188 180
340 86
289 11
395 50
266 53
288 396
390 43
92 210
259 372
313 120
128 329
209 343
29 289
301 35
128 369
251 334
203 304
107 385
346 302
343 322
163 42
290 150
64 376
150 239
198 367
222 261
335 148
162 108
261 99
3 321
127 197
17 226
154 338
148 299
146 113
224 273
330 383
142 379
228 38
273 4
127 144
210 191
147 13
353 278
285 314
279 75
120 290
223 237
108 294
400 330
119 101
380 326
9 32
133 224
318 109
398 50
354 331
166 285
159 141
392 273
8 61
77 212
213 281
189 227
396 16
56 259
275 389
346 365
200 100
216 239
50 73
135 316
72 38
230 356
82 81
185 66
45 279
180 192
19 70
237 242
347 156
171 120
231 92
208 38
59 65
