400
727
202 394
75 384
55 39
227 40
66 251
171 165
344 379
343 307
68 191
203 92
380 288
253 76
39 239
152 293
42 192
58 9
28 230
177 400
226 282
17 169
138 335
322 157
298 35
322 156
384 36
285 249
199 314
122 128
307 211
249 11
236 284
58 8
21 280
377 274
87 202
324 396
340 97
66 31
342 317
54 15
87 372
359 30
140 273
76 78
2 242
238 348
291 95
171 137
128 339
391 96
142 257
81 209
365 140
127 193
158 25
394 120
53 127
48 146
276 262
312 271
11 294
92 269
300 220
302 2
109 211
152 373
114 103
62 325
341 231
109 385
118 300
287 36
307 109
275 189
342 275
351 390
70 290
208 142
160 205
10 289
312 105
279 153
15 233
65 126
339 361
362 223
85 44
383 89
1 229
170 104
364 116
51 130
239 7
99 21
244 288
161 267
241 4
177 162
2 334
124 264
330 34
240 332
104 117
306 226
110 101
140 390
320 60
217 378
213 370
148 69
255 159
171 201
282 371
257 208
271 253
318 384
132 160
322 14
299 195
267 34
347 280
40 321
268 333
316 103
5 22
370 369
374 52
325 7
117 12
388 156
392 77
101 63
215 59
197 94
350 273
44 204
170 68
1 309
99 88
253 78
398 227
77 83
69 386
369 173
151 91
72 100
107 46
152 286
237 133
262 297
154 131
214 27
394 55
226 357
122 358
135 309
292 376
361 128
188 364
382 300
336 17
24 180
157 244
131 56
134 381
334 254
175 218
74 344
122 200
36 93
33 251
357 371
226 371
322 388
31 33
212 21
205 216
258 278
79 143
78 271
141 117
19 377
55 224
82 332
303 278
3 64
49 145
243 52
288 301
178 99
56 381
206 336
112 50
129 209
284 259
318 182
250 318
46 150
173 265
88 178
282 357
44 143
123 198
126 151
209 397
186 185
298 360
155 311
343 109
391 208
222 378
305 183
324 130
342 189
63 348
150 358
146 45
57 143
175 60
206 169
43 223
148 155
261 169
88 21
295 6
333 67
147 61
390 70
16 221
84 314
396 321
233 54
247 137
130 222
240 272
174 395
265 272
86 280
331 175
241 265
306 371
71 262
354 10
13 162
375 215
110 63
11 387
139 341
266 83
256 47
75 230
166 97
355 52
239 315
366 181
182 125
139 83
277 205
164 177
107 358
214 268
394 224
376 204
315 283
277 160
238 63
117 170
179 349
28 172
25 304
6 64
133 304
250 234
42 198
157 288
121 304
243 374
82 225
266 392
133 121
174 263
74 379
83 392
287 93
218 331
39 394
353 358
389 56
393 113
141 170
113 395
27 333
218 320
338 49
141 233
261 206
44 79
208 96
354 289
240 225
238 110
330 267
286 18
253 312
103 215
296 30
118 382
333 214
203 149
85 79
114 215
190 199
360 194
143 219
20 207
323 188
61 346
246 81
273 163
232 318
137 165
287 75
400 164
223 145
270 255
14 156
276 297
257 391
304 147
197 181
245 138
100 228
186 97
60 331
353 150
296 359
377 323
210 154
72 350
44 219
209 246
308 288
368 228
65 151
388 14
165 201
278 73
91 65
227 119
4 265
220 49
141 104
108 299
219 85
328 169
330 161
381 301
197 366
13 392
84 204
294 249
64 10
331 262
290 16
259 236
380 157
317 275
76 312
170 12
188 116
333 126
48 291
71 276
312 78
190 314
277 216
110 348
10 3
134 56
132 205
292 204
310 200
132 216
94 397
353 46
102 153
386 148
308 157
345 330
90 220
97 185
345 267
335 180
90 300
182 184
361 122
231 139
261 336
313 342
73 368
384 287
12 104
18 50
121 237
147 346
382 90
283 7
283 239
72 73
228 72
258 303
149 387
358 46
302 242
123 42
264 329
263 23
67 268
299 340
98 92
50 60
70 351
74 168
363 280
176 340
235 162
248 163
64 354
337 187
183 371
48 95
131 80
38 1
20 231
172 230
34 345
262 87
397 167
337 281
159 399
244 380
293 373
274 323
150 240
19 135
173 213
350 248
137 201
231 207
329 31
268 176
50 286
112 286
302 334
106 295
68 57
270 328
261 17
301 56
313 189
387 203
95 146
142 391
161 34
270 136
88 212
266 77
285 179
57 191
247 171
184 125
214 67
328 136
339 122
13 235
254 242
138 180
94 366
252 158
8 311
24 245
237 304
375 114
27 268
356 326
101 348
39 224
257 96
207 139
80 210
179 257
59 114
82 240
71 297
168 99
306 357
200 281
19 323
169 336
144 183
367 379
256 183
73 100
398 40
135 38
277 132
269 316
274 19
303 319
150 107
148 311
123 215
207 341
92 387
351 140
393 382
260 325
383 193
79 219
111 91
370 173
64 289
108 340
385 188
368 72
98 149
32 378
186 360
45 187
175 320
69 155
298 194
86 363
167 251
385 364
161 345
367 344
129 81
90 118
269 29
70 365
282 306
281 310
6 106
311 386
279 102
327 393
37 61
245 180
305 144
76 271
138 24
375 103
126 91
379 168
105 53
134 389
26 233
320 331
248 273
367 252
108 195
340 195
81 397
278 319
260 62
65 146
177 345
232 234
285 349
112 18
374 355
366 14
63 76
92 149
260 245
258 319
375 59
2 254
382 220
306 153
231 230
166 185
280 115
186 166
270 352
24 335
201 247
217 32
155 238
198 192
167 5
218 60
347 216
303 373
129 246
311 69
178 21
160 216
124 329
317 313
383 127
30 32
222 51
363 115
153 267
327 113
89 256
3 289
389 381
290 221
124 334
243 355
100 368
332 225
168 344
387 98
390 365
99 212
119 40
324 321
195 176
151 111
131 210
27 67
140 70
367 168
165 247
111 126
369 213
236 201
255 399
244 308
55 120
374 131
242 334
134 301
384 93
84 199
189 317
20 341
38 309
120 39
139 20
178 212
123 192
369 346
115 347
80 154
181 94
203 98
211 343
86 347
224 120
116 385
393 395
33 66
389 301
337 45
228 73
356 229
395 327
96 142
141 12
261 354
4 272
316 29
252 25
109 295
351 365
352 328
354 3
362 43
142 43
84 190
58 84
174 23
229 326
302 254
7 315
363 347
296 290
356 275
145 338
275 313
75 93
174 180
85 143
398 119
129 397
108 176
9 8
353 107
159 227
259 184
352 136
37 147
206 17
334 277
250 232
115 86
118 220
272 241
37 346
101 238
176 299
275 137
308 380
196 53
245 335
22 167
135 1
36 75
234 318
291 146
111 65
155 386
47 89
163 350
251 31
192 374
59 103
372 202
246 397
196 105
367 74
26 41
743
383 110
43 237
6 44
117 70
75 390
149 390
154 110
383 106
35 390
381 346
359 309
194 225
137 83
268 234
36 86
379 218
372 331
185 191
290 159
319 63
85 233
144 307
172 143
318 205
35 297
181 164
155 113
390 36
188 396
116 8
218 274
15 38
112 319
303 19
257 92
21 395
41 218
390 185
12 149
319 399
46 304
269 214
2 189
293 75
309 360
58 328
16 250
238 272
291 142
380 20
390 22
133 353
62 321
368 214
360 14
102 15
352 379
395 81
229 348
199 349
391 163
391 327
235 231
308 397
94 375
390 204
266 38
370 89
60 120
64 376
176 160
155 228
106 154
343 326
200 151
390 203
206 95
101 30
27 329
24 281
10 111
198 237
385 108
346 140
104 246
182 132
361 46
300 150
6 128
245 201
261 341
61 58
99 58
163 203
164 157
69 141
91 64
294 79
381 330
134 40
300 275
186 366
322 246
17 236
271 364
89 315
339 179
297 239
145 249
174 29
303 124
371 390
232 190
372 217
320 390
390 251
261 338
216 134
275 192
332 292
308 171
139 77
89 390
324 151
338 70
277 390
139 166
288 257
389 72
39 319
210 186
390 133
235 133
170 343
83 390
61 99
129 118
390 263
119 373
386 88
146 259
3 107
241 308
400 373
391 203
254 347
374 276
100 199
28 79
298 358
28 136
47 327
390 6
124 19
355 199
238 189
388 26
136 294
36 306
350 224
390 270
332 7
393 335
312 170
80 68
390 331
390 63
335 73
114 367
276 8
282 32
351 188
58 262
302 154
34 223
367 320
205 280
220 368
8 390
4 354
241 171
100 349
265 192
211 76
347 390
279 372
357 159
385 236
63 399
111 174
366 210
223 390
181 157
144 208
390 205
123 98
390 288
265 275
114 125
361 304
305 21
220 269
43 78
153 184
167 149
397 171
3 128
346 330
72 369
390 356
295 282
383 302
390 41
75 152
260 378
95 390
388 25
4 53
253 235
65 200
114 320
1 124
317 104
65 213
223 260
34 260
117 338
18 175
318 280
191 56
302 106
158 389
252 102
107 44
141 386
158 72
13 390
18 109
293 152
99 328
362 390
43 390
345 45
127 142
212 19
152 209
5 390
132 390
310 131
397 390
390 316
227 94
83 255
275 150
218 352
1 212
304 250
11 22
103 251
92 288
206 67
264 162
32 287
229 172
47 163
98 371
377 243
331 279
84 390
5 40
184 396
248 80
117 261
241 397
114 177
351 390
91 376
267 120
252 15
42 87
28 390
125 320
33 228
116 374
207 392
334 118
263 190
390 313
298 390
265 150
37 86
65 151
333 82
225 187
84 148
32 295
354 53
164 390
287 282
219 279
29 178
240 337
232 263
77 247
105 362
24 182
290 168
63 39
173 301
276 116
300 192
240 390
167 12
20 195
374 135
57 143
211 165
39 399
179 375
247 139
67 95
341 117
286 278
323 196
140 390
193 292
201 97
274 41
183 301
122 298
155 33
217 331
233 161
209 75
273 169
193 7
34 378
199 390
101 390
273 296
137 255
88 141
243 256
165 176
363 394
380 101
12 215
293 209
227 179
97 245
390 243
9 340
314 56
390 94
14 309
307 208
120 390
317 390
286 362
170 326
305 81
390 145
314 185
390 301
185 56
195 30
196 283
144 390
256 377
334 138
131 347
102 266
380 195
187 194
252 38
63 112
98 382
390 334
84 248
325 189
317 322
26 25
221 345
73 393
22 344
342 268
392 13
57 172
28 294
272 2
387 316
231 253
337 146
339 227
16 304
252 266
180 140
80 148
123 371
50 223
332 193
20 30
303 212
303 1
45 329
390 324
90 35
221 390
207 13
396 351
3 44
37 36
179 94
242 400
59 390
258 9
202 294
244 126
378 223
74 354
242 119
231 353
29 111
277 196
230 168
283 323
390 228
39 112
135 116
390 384
347 310
314 191
42 390
382 66
101 20
73 204
236 390
390 19
195 101
86 306
156 62
324 213
188 184
389 48
131 254
27 221
390 109
148 68
61 262
267 147
40 216
264 390
396 153
219 217
189 272
51 9
226 387
284 249
221 45
139 390
87 365
21 81
367 125
393 204
127 291
48 72
188 153
360 359
44 128
60 147
174 178
70 261
253 353
279 217
287 295
323 23
369 389
57 229
85 161
390 46
25 390
299 67
390 252
48 158
270 161
8 374
133 253
343 390
177 125
165 390
156 321
71 247
227 375
247 166
52 224
269 368
302 110
41 352
150 390
336 322
328 61
324 65
325 272
380 30
342 234
118 138
180 381
282 93
254 310
238 2
341 70
55 121
21 390
23 196
296 169
69 88
258 340
52 350
367 177
102 38
2 325
384 311
390 309
130 103
336 317
50 260
357 230
126 49
135 276
390 290
215 167
312 326
240 146
71 77
386 390
355 349
277 283
192 150
274 379
17 108
200 213
267 60
34 50
305 395
299 206
390 9
238 325
246 317
107 128
165 160
289 390
197 56
96 115
324 200
74 53
140 330
123 66
32 93
211 160
140 381
386 69
277 23
231 133
264 55
52 285
10 178
62 390
143 348
53 390
329 221
139 71
361 16
189 390
373 242
292 7
145 284
41 379
268 59
104 336
191 197
79 136
295 93
306 37
147 120
270 85
111 390
382 123
93 287
178 111
16 46
230 290
345 329
355 100
27 345
371 382
129 138
258 51
357 290
222 232
370 315
112 399
364 390
95 299
226 316
201 390
239 35
42 398
166 71
248 68
57 348
94 339
31 384
390 262
390 220
248 148
266 15
168 357
166 77
46 250
80 84
212 124
344 11
54 271
341 390
160 76
362 278
177 320
383 154
105 286
311 31
143 229
398 365
340 51
350 285
338 341
250 361
331 219
283 23
110 106
359 14
219 372
313 333
87 398
54 364
153 351
323 277
6 107
198 78
356 363
142 390
99 262
328 262
356 394
49 244
108 236
235 353
82 313
237 78
233 270
29 10
27 45
337 259
351 184
42 365
202 79
10 174
234 59
136 202
335 204
121 264
259 240
390 302
149 215
172 348
373 390
3 6
173 183
202 28
343 312
330 180
222 190
322 104
163 327
282 390
358 122
285 390
239 90
224 285
66 98
300 265
55 162
8 135
19 1
263 222
151 213
175 109
390 169
292 390
43 198
168 159
216 5
228 113
115 289
176 211
132 24
47 391
385 17
314 197
74 4
134 5
400 119
129 334
182 281
68 84
289 96
48 369
72 390
327 203
132 281
339 375
371 66
50 378
390 376
165 76
230 159
185 197
251 130
176 76
346 180
105 278
390 57
187 390
47 203
274 352
342 59
297 90
390 366
390 244
336 246
33 113
214 220
121 162
158 369
