400
2000
363 321
134 268
91 343
26 378
122 96
38 102
393 126
45 73
32 242
336 85
55 360
211 319
26 167
55 153
275 203
364 234
396 65
82 313
3 57
279 298
205 177
127 188
79 41
371 178
199 229
203 20
334 265
359 64
76 65
101 372
122 278
285 214
20 75
265 129
273 235
168 374
376 301
199 209
302 101
89 349
279 32
51 273
332 56
366 220
80 330
198 348
1 326
341 244
211 30
76 347
396 257
279 70
109 87
122 85
218 332
222 65
3 214
139 238
321 135
22 65
396 136
351 394
163 29
35 313
72 25
222 105
272 182
37 355
268 142
266 22
296 9
370 350
132 375
37 324
113 221
227 234
18 101
240 192
114 242
381 317
382 296
366 232
201 98
19 388
369 81
176 399
261 263
30 89
32 286
151 119
199 36
65 56
367 119
167 62
370 284
205 129
382 371
49 236
151 339
390 121
276 32
2 294
240 77
359 178
222 303
157 180
283 377
324 295
122 275
65 126
340 88
251 21
182 16
48 218
197 308
212 12
343 331
33 276
310 219
39 320
370 184
231 4
11 392
50 212
175 21
224 300
231 124
140 269
316 199
15 100
152 17
163 148
95 297
16 175
32 398
159 133
200 229
113 240
113 209
208 78
182 36
197 245
321 267
188 119
270 363
98 14
293 139
341 36
95 242
159 256
98 340
141 294
213 158
345 67
211 333
227 229
191 266
134 228
167 374
5 281
325 11
361 343
208 52
121 224
166 112
400 185
253 160
69 332
47 201
110 239
208 126
188 346
84 141
316 130
22 334
1 72
150 295
174 309
51 225
231 146
288 55
340 274
132 335
344 205
223 199
335 333
190 382
361 185
204 309
46 166
354 344
125 4
168 376
65 93
293 107
216 206
182 39
341 165
244 158
379 275
180 54
235 69
178 174
116 235
385 168
108 166
288 195
186 298
142 104
34 6
347 106
48 267
87 113
218 205
382 284
339 320
228 361
112 299
261 6
257 19
338 280
366 6
315 392
385 162
151 152
139 267
58 280
207 274
342 278
35 365
346 25
196 238
29 27
191 230
33 400
70 328
150 83
126 129
202 221
99 173
362 111
290 216
397 374
338 102
378 199
224 354
111 168
177 23
236 72
322 139
45 271
290 391
230 231
84 161
86 114
347 107
35 51
192 372
62 240
142 193
76 2
219 100
13 144
190 140
7 55
117 170
101 88
372 50
223 39
365 168
375 391
165 39
82 59
216 264
5 398
3 362
37 187
213 109
83 252
116 373
350 236
40 259
103 26
397 329
317 281
196 280
190 303
344 223
121 146
97 333
120 102
252 87
342 329
276 17
233 344
305 130
324 329
164 244
229 334
210 64
207 354
398 175
272 167
283 92
206 120
142 124
394 32
317 274
257 142
124 9
48 350
104 60
241 192
301 282
188 197
254 130
342 7
146 47
343 327
124 371
109 58
12 114
305 4
5 31
12 215
380 83
345 400
188 391
238 161
212 276
379 78
83 329
16 12
279 62
5 380
351 325
51 245
396 121
77 237
92 231
61 328
166 15
337 361
186 290
117 194
248 111
245 293
243 350
228 349
35 205
196 309
17 242
225 190
355 316
346 43
231 6
255 120
57 269
225 70
141 257
316 12
16 384
371 213
119 347
112 293
271 195
315 223
14 377
350 9
349 304
59 277
64 283
61 375
30 362
116 230
111 23
277 15
59 221
183 146
296 332
143 383
212 154
324 238
368 282
181 44
78 290
28 171
312 179
255 363
337 247
310 12
276 61
31 232
139 242
137 376
329 40
186 115
14 12
168 222
77 151
138 40
194 88
83 240
344 317
217 257
318 90
133 391
29 332
383 285
98 69
248 388
283 51
399 155
323 306
209 9
241 259
313 123
188 13
363 386
59 5
82 48
307 152
373 292
295 317
293 53
324 23
360 359
48 165
318 83
166 395
122 80
267 25
19 94
226 93
108 226
236 73
47 196
148 395
153 135
289 119
388 203
68 322
359 123
64 211
177 143
206 6
184 83
30 311
213 202
181 111
1 351
33 152
239 312
391 243
180 67
225 43
284 239
224 39
45 195
212 375
50 141
222 215
351 336
319 223
303 353
289 141
146 189
176 16
354 209
182 361
312 59
60 362
212 38
6 278
373 79
121 54
390 287
324 388
62 148
386 301
124 77
99 360
344 253
223 4
59 114
350 96
28 354
95 161
208 257
315 90
147 209
63 309
283 138
96 69
62 44
54 395
253 12
129 188
85 347
326 224
279 107
98 93
195 254
96 279
89 140
305 79
363 246
215 17
59 85
170 121
274 335
353 274
270 248
391 35
129 255
245 161
246 144
139 18
234 65
366 5
349 26
157 44
277 352
297 97
236 292
256 339
64 373
187 346
104 297
205 3
174 32
395 123
156 348
69 203
3 280
164 293
390 186
386 313
293 216
341 32
382 120
146 400
293 278
278 346
121 2
389 268
170 32
308 242
146 48
318 205
218 77
305 354
254 345
186 215
74 330
38 126
114 302
300 398
353 13
288 224
146 236
11 186
158 330
164 82
99 245
334 51
34 309
314 348
97 153
367 252
243 249
223 278
326 357
346 303
116 271
42 21
37 121
105 16
246 258
23 344
349 30
146 300
395 200
321 358
220 34
269 266
391 321
64 127
56 236
194 392
226 341
195 58
79 317
50 327
322 291
329 393
37 338
107 179
306 163
101 291
298 217
164 44
362 163
15 257
315 140
54 55
367 273
231 22
382 142
281 240
130 158
368 75
348 222
286 220
105 144
141 168
384 128
188 21
232 380
146 153
62 291
46 329
282 369
353 265
147 178
139 114
326 293
44 123
290 106
346 331
130 101
21 360
335 45
302 338
76 382
286 247
341 34
118 80
274 69
3 277
369 394
108 357
336 296
173 333
49 197
8 54
218 143
319 330
62 383
56 222
211 308
143 298
286 111
199 277
178 153
302 359
301 238
187 55
256 204
393 139
149 32
275 375
341 163
167 56
27 388
164 389
394 143
43 356
266 386
23 290
157 112
5 284
4 51
145 239
384 106
123 62
179 10
325 148
315 209
109 263
273 103
79 31
294 138
333 34
120 307
97 331
325 183
285 217
364 298
234 307
109 147
250 136
122 349
320 131
381 372
81 195
286 261
339 49
249 234
59 187
64 294
254 384
329 320
301 384
4 31
53 237
1 277
20 332
371 246
343 217
246 376
217 260
29 279
386 256
400 343
321 307
10 210
192 235
291 393
243 189
82 375
167 216
291 222
177 289
34 250
176 24
60 250
126 120
306 351
179 317
380 11
234 144
37 21
263 85
257 190
150 85
142 321
208 185
22 252
336 83
34 80
83 126
209 289
287 238
360 208
36 72
116 355
386 292
326 218
240 149
74 276
228 129
170 187
324 140
134 216
210 235
320 10
30 344
66 169
213 66
288 258
159 296
288 160
106 143
108 207
359 221
93 110
217 86
296 224
241 168
203 152
349 360
204 65
176 305
60 286
3 327
239 87
262 386
275 70
265 132
82 12
393 240
17 383
1 336
378 35
378 271
120 122
15 184
300 330
298 227
330 305
184 65
142 93
192 313
77 211
330 99
119 399
389 309
400 76
185 124
223 207
7 34
124 50
67 93
390 88
220 136
152 304
33 129
95 258
241 290
362 144
370 249
145 60
257 149
140 282
271 173
385 72
355 318
368 12
138 242
391 185
204 23
67 249
112 138
178 348
138 362
5 243
30 164
229 137
373 186
71 238
322 199
196 322
367 5
52 202
352 61
181 350
218 39
213 285
132 362
207 28
188 215
84 82
87 5
188 58
27 234
271 260
51 310
208 329
105 172
126 168
69 388
173 254
178 311
188 23
112 240
140 99
21 270
227 66
250 23
308 354
324 262
108 36
106 125
273 242
183 62
146 330
6 300
369 281
106 283
115 322
19 334
46 361
357 345
299 157
345 117
242 350
212 323
61 50
38 247
221 316
84 369
326 294
194 394
276 75
362 366
251 184
205 101
10 290
36 131
41 118
136 97
211 381
88 214
271 44
311 220
292 222
171 37
193 187
202 127
380 14
42 182
275 256
187 356
15 195
323 168
296 200
224 10
281 111
63 321
53 226
220 9
37 254
215 73
384 345
164 197
122 92
8 256
197 59
192 204
321 188
331 138
64 92
148 22
344 28
249 262
227 126
383 145
8 345
190 43
60 232
308 225
196 305
246 314
249 317
193 71
155 191
314 379
394 121
132 72
52 108
397 115
312 95
238 148
88 87
262 197
114 250
156 108
46 206
382 97
130 350
197 116
142 164
24 48
327 18
282 377
332 311
250 107
275 145
10 312
245 71
382 72
54 2
384 165
291 8
179 81
12 194
63 377
307 187
371 140
240 392
81 18
133 288
322 265
175 193
311 143
38 93
235 68
7 335
102 10
185 267
359 298
179 66
356 291
38 231
190 104
168 221
66 116
16 29
136 268
245 254
150 325
164 299
130 62
95 166
133 375
388 269
71 261
330 188
134 141
122 169
376 5
193 41
117 38
51 378
363 300
171 179
249 98
398 305
314 242
320 370
246 255
352 117
230 338
69 375
388 12
174 288
23 83
301 105
226 33
308 126
350 168
367 333
47 140
387 334
306 354
282 279
80 47
194 28
293 1
183 209
266 296
258 238
108 183
11 326
223 5
187 295
352 187
301 35
400 211
80 19
86 306
156 63
136 189
124 136
84 208
13 41
147 290
28 320
375 365
298 360
200 43
370 321
370 292
319 57
70 284
141 349
241 276
179 55
95 81
248 284
373 169
144 115
137 188
194 114
220 377
338 237
324 344
166 63
362 171
123 222
30 195
93 73
156 219
386 389
139 337
291 67
355 40
1 380
390 311
58 351
87 196
3 391
72 49
244 271
208 320
338 240
380 127
323 6
258 318
195 17
9 304
156 249
17 287
212 319
366 258
385 7
141 351
100 363
203 6
291 74
250 236
100 307
93 191
267 217
128 315
387 56
18 297
87 218
39 374
231 288
382 68
201 76
302 79
133 166
219 142
117 398
125 374
359 19
3 172
394 275
70 66
79 393
348 357
148 289
266 264
87 387
165 170
222 399
32 222
375 34
317 262
35 318
189 156
91 105
122 307
90 95
226 392
319 56
330 13
68 260
259 82
100 233
247 238
265 60
398 93
336 33
135 121
151 342
10 42
311 29
98 161
337 68
80 168
334 363
391 295
247 192
89 153
311 119
55 289
293 223
4 219
66 4
31 180
148 362
380 246
394 278
328 78
227 314
328 341
230 400
2 27
381 379
16 324
317 213
362 310
277 246
373 301
361 122
364 372
102 280
269 182
3 55
116 183
382 305
199 66
373 281
12 154
387 110
126 15
383 173
124 357
153 102
395 260
64 289
184 219
67 359
398 221
271 245
213 145
145 240
319 255
388 170
165 1
211 53
189 165
10 367
360 325
139 376
146 356
142 314
1 119
238 311
18 60
158 4
364 333
99 166
106 333
309 13
338 394
125 64
397 145
31 357
35 1
203 125
326 26
145 174
245 188
32 114
153 391
276 377
131 220
59 37
265 255
81 88
68 75
315 226
359 176
340 119
162 350
280 253
399 40
192 36
377 330
275 97
395 384
189 129
394 166
269 337
99 141
146 135
155 88
342 223
19 81
130 132
395 288
335 86
288 79
346 382
392 87
396 346
394 370
380 54
180 2
101 232
168 369
360 190
97 176
356 386
245 277
196 104
231 237
44 301
181 301
393 178
113 127
172 60
1 230
312 225
97 344
99 381
63 4
243 244
234 374
153 231
208 313
168 86
215 98
356 65
327 163
108 182
356 14
314 34
265 254
94 52
387 217
298 326
10 166
313 44
42 9
83 382
335 228
117 75
305 231
287 130
140 73
193 118
145 225
364 350
216 241
83 372
373 277
323 253
324 10
158 128
235 182
290 230
337 245
18 323
192 110
275 324
168 169
368 284
357 259
369 181
63 360
75 307
47 70
373 94
52 291
210 393
124 166
69 109
28 318
75 28
114 52
196 105
292 185
198 163
374 335
57 90
379 239
207 8
75 400
208 235
184 365
102 217
23 34
112 167
18 221
254 358
323 330
292 196
231 82
223 16
321 372
150 108
132 267
116 156
215 29
161 243
80 290
18 111
62 89
394 159
69 150
85 392
300 11
48 324
294 354
315 56
327 71
337 302
203 33
272 173
113 235
77 328
57 107
277 399
328 325
69 294
387 331
375 154
87 13
83 312
170 367
246 347
140 392
41 84
363 61
122 99
278 120
322 209
308 146
27 266
172 381
313 4
292 340
295 122
149 250
109 198
156 296
183 61
374 95
218 174
295 63
182 81
328 226
60 76
251 256
158 216
159 267
18 122
48 199
165 372
385 199
241 338
36 298
98 155
159 48
358 34
77 26
379 338
334 385
378 58
160 87
200 199
152 370
216 86
332 133
28 140
68 91
122 43
30 208
191 247
384 320
106 227
150 91
6 28
347 13
114 371
45 370
131 199
4 237
1 82
294 33
80 241
227 21
320 282
324 386
231 86
53 266
51 271
311 6
86 290
364 141
115 163
133 71
51 322
369 383
32 71
330 189
328 91
185 181
71 139
195 205
396 85
299 83
319 106
188 27
347 375
301 145
24 347
205 397
136 122
189 354
137 335
291 87
281 163
293 348
335 242
256 359
343 96
303 41
231 272
271 384
319 391
172 373
16 332
201 195
91 254
317 228
385 254
298 97
203 145
213 306
365 278
35 127
394 329
335 263
234 302
389 109
293 9
104 249
116 144
285 159
270 265
223 388
344 118
196 66
12 400
50 350
292 143
223 324
162 331
197 11
285 349
308 214
172 39
145 164
357 369
326 59
270 370
76 316
161 25
48 99
69 102
283 221
51 102
281 328
70 102
78 61
200 155
379 376
367 124
265 65
333 229
77 248
299 229
225 376
286 96
202 314
303 348
1 116
129 204
299 98
40 315
331 87
206 41
371 176
65 133
377 142
135 337
25 93
297 30
273 67
369 2
37 287
122 191
124 112
1 68
397 231
162 27
262 157
264 37
80 278
174 111
206 149
269 284
58 370
88 47
174 303
196 341
150 273
356 382
111 360
302 370
168 138
138 219
175 291
381 389
139 226
289 179
88 140
11 102
5 232
296 26
233 88
189 247
125 181
217 351
307 399
356 143
110 153
227 378
298 237
3 117
150 396
383 131
294 213
257 187
288 348
333 277
184 148
277 109
126 262
295 75
322 342
13 351
261 239
59 340
222 263
169 11
136 280
349 47
124 244
289 133
163 36
193 338
281 103
170 329
14 135
388 230
309 398
124 347
361 7
231 258
328 146
323 122
231 166
309 70
68 201
253 100
287 51
24 125
20 318
237 286
388 287
45 338
324 182
263 55
48 354
309 198
253 76
224 340
96 328
153 193
271 350
316 67
106 181
148 14
237 236
100 9
147 233
71 37
103 180
308 207
101 47
123 339
341 144
15 161
188 293
281 49
354 213
312 260
157 224
379 113
45 250
78 353
28 260
314 190
187 203
304 399
239 332
137 69
234 360
257 323
314 307
339 394
315 178
25 357
72 350
57 322
359 284
121 120
61 213
290 353
89 173
299 161
234 204
176 221
40 110
288 18
195 185
287 286
158 111
187 212
392 179
303 323
166 186
326 35
269 211
274 128
267 367
36 314
157 312
370 56
200 188
4 308
6 164
202 320
367 35
239 10
265 348
146 188
250 169
31 204
132 164
166 218
274 266
95 48
318 338
327 54
233 15
363 205
65 2
310 277
37 231
30 81
199 49
214 58
53 272
179 78
322 125
185 344
82 39
135 224
16 354
321 376
124 369
66 303
358 357
236 88
329 120
380 354
259 179
331 294
152 174
22 100
163 184
381 341
5 125
363 291
212 156
82 40
303 92
33 290
349 81
378 122
365 118
260 315
28 273
315 31
9 72
206 283
187 86
21 385
115 4
60 70
253 250
153 172
195 125
235 122
231 216
170 274
13 270
93 285
187 200
77 191
46 211
168 53
222 182
115 228
371 61
18 316
104 248
253 312
264 81
396 111
157 186
250 133
32 64
78 228
364 8
394 31
342 179
121 263
114 51
394 255
8 181
8 134
186 310
301 281
55 248
144 263
281 349
174 296
212 150
205 46
56 72
294 192
171 151
74 211
358 270
354 35
180 197
163 247
252 109
123 247
90 328
281 333
207 356
396 154
276 246
370 125
115 232
192 248
264 379
65 273
1 254
34 16
47 167
23 309
170 344
57 215
315 146
349 198
192 111
331 30
227 81
282 198
127 126
270 99
158 16
151 216
18 252
350 4
149 219
185 143
397 283
394 179
65 138
109 57
298 135
378 215
59 106
131 116
55 352
198 36
342 64
363 65
279 203
346 288
128 189
323 309
373 345
241 229
381 400
368 351
93 47
158 261
374 226
256 70
228 221
108 124
135 360
210 107
15 117
93 130
363 160
84 157
281 279
362 238
199 342
274 116
77 163
84 154
79 264
92 349
358 110
70 178
39 310
145 313
9 76
309 242
56 248
15 213
325 69
366 250
130 207
195 304
360 128
388 285
301 320
27 45
264 338
193 100
263 81
12 240
338 189
336 323
385 83
276 288
206 297
235 348
103 109
288 250
351 23
216 273
212 191
344 21
296 213
391 182
143 6
232 212
102 114
36 380
322 211
163 385
100 142
221 352
108 278
122 76
351 385
345 307
259 70
250 353
393 177
302 83
25 315
236 306
194 176
319 351
275 301
378 317
334 373
317 327
187 335
374 109
195 358
93 370
310 372
94 173
235 214
354 93
157 256
325 185
269 38
395 276
100 249
175 70
62 236
392 244
1 396
146 229
277 45
82 196
36 274
317 376
215 295
282 347
172 70
170 317
178 324
251 180
46 3
284 283
75 87
379 166
364 274
138 318
49 398
63 174
171 176
182 314
255 210
232 234
116 285
123 246
229 150
335 51
6 141
151 199
98 25
197 298
138 149
30 246
198 147
71 396
69 79
2000
393 250
82 165
23 397
298 257
233 352
50 206
25 42
27 8
127 90
225 215
235 13
222 332
237 346
42 394
250 206
391 135
258 246
138 154
313 333
170 396
213 163
11 74
302 242
35 97
265 237
179 127
301 176
122 111
3 214
125 270
335 387
209 331
320 367
262 156
220 397
62 308
288 64
134 284
300 213
304 133
233 165
328 159
258 120
387 78
193 183
265 139
336 67
122 1
66 352
374 271
5 162
156 18
311 68
383 76
138 128
78 64
131 321
344 236
348 141
86 122
70 136
128 145
229 29
224 244
105 207
275 325
207 36
19 165
201 357
359 174
286 12
62 257
146 150
162 313
336 52
110 274
265 388
239 287
148 169
138 281
261 131
199 320
145 347
167 173
278 23
87 111
388 341
131 379
263 342
142 138
31 108
47 259
319 357
74 178
116 201
143 372
319 146
147 148
43 341
296 84
24 192
324 103
331 358
61 179
300 16
45 339
126 37
164 143
259 256
320 89
336 365
54 355
309 275
68 179
31 225
251 378
117 257
341 184
244 380
196 263
22 139
186 226
38 187
57 119
192 116
194 45
377 84
290 199
361 375
315 34
334 268
301 148
297 130
144 207
223 292
38 91
126 141
218 225
303 382
268 342
360 107
173 392
288 256
145 329
398 338
270 175
117 11
7 384
13 155
222 316
50 267
103 319
287 42
154 227
325 72
116 349
180 291
135 147
100 50
351 101
112 266
150 219
376 284
307 313
362 64
85 36
3 38
379 341
55 168
247 123
212 360
168 62
47 302
114 34
243 123
279 197
91 290
221 241
238 86
397 390
253 256
27 44
354 315
114 57
330 243
34 139
249 37
265 195
106 279
28 144
126 216
30 269
243 245
378 109
160 55
210 400
57 303
182 394
2 350
395 15
114 116
81 195
331 6
357 18
333 167
99 229
187 206
342 14
359 112
27 371
6 330
271 379
399 294
211 250
101 273
12 367
44 16
125 285
65 16
82 41
109 355
358 392
109 165
169 397
345 290
38 245
60 389
220 98
124 77
23 129
380 178
163 118
331 56
141 176
332 42
60 352
149 174
350 231
93 151
268 148
9 213
150 376
53 112
148 227
36 133
108 175
118 259
102 15
293 276
268 194
155 368
254 113
14 105
70 254
375 108
268 189
316 46
111 312
284 345
140 294
368 365
31 90
23 368
250 121
20 58
232 45
118 391
356 147
388 293
377 326
338 251
335 231
235 26
69 258
49 320
16 352
397 356
234 27
210 218
228 113
386 86
259 241
379 352
214 107
233 212
95 199
133 374
292 120
136 112
196 34
238 73
63 183
211 329
17 243
147 355
336 1
342 134
352 243
278 380
349 18
19 258
340 379
43 85
204 234
82 30
249 108
266 60
94 203
42 64
72 151
61 327
288 341
180 159
5 125
123 202
250 132
343 234
392 16
274 373
219 193
171 306
183 359
154 283
286 354
323 157
81 145
355 336
257 27
262 335
264 281
186 255
279 188
140 105
258 158
104 110
135 229
242 235
142 250
200 295
180 9
372 145
326 117
63 275
75 219
52 122
8 51
167 51
2 176
171 19
58 272
132 274
28 7
243 170
337 156
269 277
197 292
271 242
77 218
235 373
197 14
189 42
321 137
247 48
152 42
151 353
133 183
349 140
199 265
5 202
21 264
369 240
149 235
92 198
217 283
255 328
316 3
177 289
369 97
364 70
366 151
390 206
202 127
306 217
276 28
245 269
368 74
167 343
317 116
143 162
250 36
200 73
251 364
327 9
178 310
29 54
49 356
249 76
152 214
79 264
322 36
359 36
165 268
295 248
319 190
309 129
96 360
112 398
353 185
254 299
168 237
61 86
161 264
317 241
315 337
44 243
388 226
165 284
1 300
265 202
397 329
93 318
265 204
216 367
371 331
37 85
118 368
150 23
180 7
210 277
347 344
21 167
399 22
390 142
252 105
356 379
295 296
245 150
64 270
38 208
245 26
156 317
160 275
82 62
169 340
3 2
123 291
65 243
316 150
114 279
262 221
124 341
273 10
107 341
180 171
297 364
138 163
197 151
154 265
235 103
349 195
128 321
71 117
280 241
201 37
302 348
26 321
297 9
273 237
340 247
187 261
343 159
65 263
300 187
170 134
177 218
202 73
134 7
201 161
259 297
284 153
354 267
296 178
167 154
228 338
34 7
153 111
50 287
290 389
327 299
95 52
398 37
138 121
202 126
37 312
397 56
69 293
74 399
203 190
360 269
18 22
250 78
237 199
278 5
112 385
382 142
307 23
118 128
271 260
139 217
84 63
31 104
142 349
395 6
154 110
326 6
185 193
96 364
151 215
389 369
340 86
327 207
164 398
234 265
241 365
228 376
249 172
344 150
300 275
106 43
382 117
347 14
371 59
113 245
242 247
225 372
152 347
229 121
280 57
74 356
155 297
107 188
330 339
16 346
236 159
124 111
243 174
398 216
158 356
186 47
356 16
359 74
97 281
313 13
168 38
94 177
223 13
232 259
364 199
244 276
159 366
115 47
113 339
200 107
383 300
299 143
327 256
100 394
341 336
31 156
30 317
78 300
18 214
91 278
53 212
314 394
248 103
166 144
139 353
45 380
5 388
356 285
340 28
170 67
79 382
81 289
312 326
345 66
282 254
230 249
26 277
39 66
130 305
193 90
347 390
8 20
236 264
44 30
346 216
42 60
271 146
367 159
215 138
229 384
99 131
326 130
342 1
386 120
240 56
227 273
17 392
53 172
384 184
50 59
143 50
153 353
242 338
376 305
122 382
261 347
124 319
153 384
344 129
51 340
315 200
66 75
254 38
334 146
105 76
18 169
74 255
291 301
124 193
182 146
123 373
380 188
38 183
243 74
19 391
272 331
87 79
87 235
132 331
245 4
194 183
66 65
156 151
314 195
153 300
118 55
5 39
265 196
274 221
269 376
358 390
94 89
102 50
359 222
373 179
130 35
324 359
371 378
219 224
194 220
333 133
268 241
116 112
316 59
349 32
322 373
389 236
85 132
59 263
396 273
196 199
65 306
338 307
313 112
185 179
164 313
81 160
336 235
54 336
206 242
153 331
180 6
72 207
20 333
166 339
345 4
298 233
307 282
297 192
214 105
363 358
312 202
67 220
230 308
181 375
115 190
370 223
325 279
292 57
379 318
105 157
200 91
296 116
228 80
234 23
375 190
188 95
93 42
382 400
328 81
277 146
129 356
224 61
17 318
13 101
111 154
19 306
396 245
72 122
361 329
97 118
317 124
310 285
284 169
77 107
374 333
182 185
273 73
195 359
149 366
56 119
332 98
176 278
91 314
228 16
91 260
88 346
140 26
269 21
105 31
400 15
290 87
284 184
40 330
385 372
336 381
200 374
204 10
221 320
77 12
290 203
131 123
117 110
151 382
136 231
125 304
220 347
24 102
74 249
16 237
41 287
267 323
354 144
54 92
108 131
299 87
344 128
367 106
290 237
333 292
102 20
334 142
65 1
59 287
108 144
298 217
313 296
105 21
280 225
294 56
110 29
45 329
52 376
225 313
127 312
44 45
25 124
209 184
310 142
220 82
175 94
77 310
281 229
205 366
23 258
13 4
69 226
30 208
386 147
119 207
387 122
348 95
331 213
21 79
302 337
72 135
143 147
157 251
335 333
271 144
42 166
303 11
352 136
17 327
320 60
5 356
290 34
239 176
195 243
198 184
151 128
287 82
57 163
380 325
101 213
388 222
156 86
144 280
128 400
12 284
175 258
93 114
282 283
361 220
135 212
345 308
82 223
275 391
329 137
254 207
364 47
312 63
195 83
228 68
56 111
84 293
4 366
60 334
397 167
124 165
361 328
39 140
14 356
69 192
181 83
192 385
262 83
215 147
226 148
268 19
34 223
135 81
99 65
194 208
102 378
72 24
66 322
97 235
250 230
147 391
347 8
377 159
320 179
81 87
153 138
262 354
189 75
314 334
12 25
265 298
375 103
363 4
88 369
174 306
152 175
180 205
333 46
348 330
294 126
3 287
59 19
43 3
127 274
361 28
161 9
86 169
288 142
215 316
242 160
39 395
183 73
369 243
63 237
305 249
391 341
185 223
12 69
231 104
62 5
200 377
147 91
67 58
87 116
70 163
281 127
44 140
344 9
244 12
275 173
201 42
87 362
153 176
292 246
152 293
324 302
367 338
33 16
148 304
365 224
30 45
341 152
357 122
271 152
276 239
341 100
112 219
65 315
345 5
85 355
72 279
192 124
17 100
312 150
166 117
177 180
319 387
36 50
37 358
220 343
181 340
190 81
67 355
357 175
289 331
180 239
244 22
281 28
374 218
352 161
392 345
95 27
171 103
69 115
126 322
107 35
303 323
144 281
242 348
395 140
93 128
267 192
109 370
276 241
238 262
260 235
126 168
207 70
384 63
23 105
303 133
192 369
106 20
11 380
363 18
151 130
299 294
258 81
316 360
6 95
222 192
54 42
394 233
323 109
162 391
251 186
372 84
283 148
371 223
118 184
260 55
99 222
134 8
31 233
242 230
170 368
155 98
290 63
387 233
178 266
102 75
1 305
10 283
306 77
341 304
295 218
201 372
343 11
249 134
54 27
79 260
173 295
300 64
293 189
317 59
302 84
63 220
69 125
216 383
269 301
177 321
177 52
300 389
309 66
263 265
88 297
111 221
288 91
116 328
295 350
367 9
393 256
200 376
192 98
270 315
307 89
124 56
275 277
287 110
141 25
399 152
163 174
361 362
321 183
16 169
393 116
348 306
333 142
318 144
284 231
190 289
326 14
126 255
180 104
61 18
32 41
19 156
167 185
38 280
250 318
120 166
153 219
198 144
310 191
344 211
366 326
127 354
339 400
77 393
282 120
214 378
382 175
226 14
107 87
114 345
185 339
93 35
343 308
386 215
77 249
292 85
199 373
114 389
275 69
95 372
90 12
48 82
367 177
340 366
109 101
395 76
311 213
218 83
327 112
14 265
341 2
231 23
298 258
181 29
374 343
137 163
240 78
315 67
157 73
267 239
51 24
193 358
244 32
268 76
46 219
343 368
287 66
391 44
297 174
219 350
240 64
375 327
280 25
250 395
380 353
268 182
290 12
76 66
83 37
289 237
52 143
105 329
122 269
335 215
101 361
64 30
26 388
19 343
236 165
25 120
378 67
289 84
23 102
144 340
22 264
337 84
365 151
8 396
221 7
234 290
10 18
20 283
76 373
228 65
368 89
261 161
289 224
396 283
389 277
8 334
177 336
389 335
176 220
285 348
51 272
85 229
318 61
303 190
189 271
29 26
252 83
358 55
79 121
362 182
185 213
346 313
47 150
205 349
285 48
57 29
25 43
376 37
339 170
141 326
279 76
154 212
144 85
45 188
169 102
74 346
64 141
311 67
52 147
92 108
346 33
272 229
274 42
263 80
316 178
59 32
53 68
265 197
16 232
123 270
308 95
146 14
351 7
236 50
260 374
331 327
120 318
384 32
275 45
396 358
71 165
399 375
79 266
173 119
109 339
234 185
259 168
165 350
39 262
204 245
353 146
238 39
204 213
174 264
345 133
24 235
294 19
117 41
209 380
94 37
190 347
273 158
240 172
324 109
83 155
395 263
365 232
397 26
391 161
144 283
255 364
12 101
269 13
330 122
367 234
106 354
56 330
245 276
256 140
271 19
336 396
110 300
66 258
196 77
90 268
364 18
136 201
383 84
90 369
58 128
65 109
27 214
132 21
41 24
332 68
41 3
261 247
237 135
233 232
298 264
87 259
41 230
128 46
329 167
128 129
94 83
202 289
310 281
342 30
333 321
360 131
95 315
161 95
150 77
113 374
371 47
398 153
361 351
142 10
344 161
216 370
110 61
168 279
18 99
142 194
293 142
376 23
251 44
365 131
271 175
295 178
206 246
219 137
2 301
261 192
323 396
20 347
25 198
221 135
67 152
207 31
99 304
232 272
377 69
268 221
212 302
129 121
291 91
12 103
69 59
287 76
251 14
259 357
306 123
228 58
245 328
289 16
297 112
226 132
96 393
308 35
386 345
107 377
390 221
346 13
198 315
228 20
83 3
95 291
10 119
333 227
361 20
47 383
195 399
58 56
124 67
17 256
172 340
49 86
314 32
81 134
254 244
216 51
202 287
90 150
44 365
249 125
237 387
33 324
305 183
350 253
400 198
127 285
289 269
398 214
340 79
293 159
210 259
99 164
251 346
42 50
142 105
398 215
50 93
311 21
283 96
318 80
155 99
31 106
219 17
317 304
272 194
348 296
170 199
363 112
106 212
164 315
226 238
296 303
31 273
6 246
239 273
363 277
135 13
379 361
347 246
171 97
65 95
267 317
25 370
188 268
145 71
298 313
151 46
212 307
102 192
378 364
1 38
347 125
68 12
374 172
212 65
274 229
264 332
333 268
7 45
181 329
300 305
370 266
138 38
275 87
116 45
298 126
396 76
377 357
293 140
50 43
157 248
233 348
350 103
194 257
270 324
128 354
282 338
248 382
274 388
338 104
172 298
39 398
384 135
289 325
256 284
167 87
76 283
150 397
323 386
72 386
106 269
196 397
231 244
217 155
134 311
299 277
201 323
113 45
20 284
123 330
186 281
33 30
138 75
59 150
112 185
316 88
363 207
47 238
381 88
143 49
321 324
88 368
123 156
180 241
387 89
34 44
62 66
18 188
385 61
177 377
329 387
248 274
240 156
89 66
303 316
231 228
390 42
271 177
263 346
38 166
73 141
137 42
249 207
137 82
375 85
82 212
135 354
133 129
119 127
232 132
269 68
179 328
267 327
254 382
138 179
163 35
182 285
286 339
83 19
167 81
282 316
396 158
385 86
211 7
287 247
272 193
354 107
169 328
238 101
130 363
126 30
122 239
151 304
232 366
222 13
6 278
313 120
325 144
131 310
250 229
178 61
202 329
313 87
73 286
102 35
82 343
240 159
33 288
155 205
176 323
157 77
233 21
51 19
144 147
86 231
236 43
88 87
194 359
40 363
74 100
59 353
57 268
74 44
120 358
185 346
307 261
324 136
1 294
340 345
148 142
195 42
6 252
208 78
71 399
281 161
324 181
149 341
25 201
358 155
169 109
72 64
244 204
259 309
336 344
116 134
169 289
93 289
364 161
23 37
298 4
269 179
296 171
119 163
247 279
75 354
385 393
144 343
4 257
106 66
253 189
271 225
173 149
302 18
141 191
317 274
233 87
120 214
211 187
141 23
159 355
68 99
229 102
274 138
192 177
216 148
259 42
3 392
173 179
43 152
324 375
199 186
297 110
192 127
75 186
243 166
347 90
68 82
19 78
256 322
5 14
335 152
244 35
209 361
244 175
68 301
336 243
158 340
395 123
269 304
6 396
40 23
7 159
347 43
338 208
277 80
36 105
94 202
28 198
32 274
147 59
202 60
383 151
278 97
116 44
287 277
316 265
79 9
150 225
148 99
227 348
355 96
307 154
216 140
59 153
212 92
156 248
254 2
296 287
308 159
63 363
260 322
103 90
24 96
77 229
242 88
16 339
182 314
165 140
53 10
338 327
109 333
90 140
357 189
389 240
54 256
148 193
178 200
388 289
368 326
49 365
42 175
318 301
381 324
64 121
371 335
335 66
230 196
126 287
215 350
34 372
345 274
378 212
82 183
79 308
220 310
142 36
315 322
62 302
207 57
184 298
120 391
176 18
169 307
144 26
117 31
156 375
360 46
296 1
303 254
72 115
367 365
317 360
117 203
357 279
143 229
373 389
108 388
286 386
334 283
156 349
77 213
226 193
341 283
249 185
67 203
148 82
263 312
174 98
344 52
45 366
238 146
249 129
381 131
88 314
352 59
396 394
309 179
45 219
225 265
141 178
51 311
124 360
4 358
48 189
287 312
279 203
223 368
181 270
40 67
30 139
306 204
171 133
11 276
63 341
311 129
224 367
290 276
62 224
29 366
353 178
28 336
234 282
5 212
181 2
74 236
276 128
378 59
274 277
65 284
265 254
126 290
32 198
141 385
360 83
155 206
218 263
168 137
142 52
378 113
356 161
52 117
387 158
149 397
400 89
317 224
197 329
334 207
371 61
309 264
243 16
166 10
324 252
158 144
95 61
384 40
333 208
395 168
3 165
182 313
351 143
10 90
298 82
172 238
246 224
346 260
339 314
41 135
224 105
7 246
326 75
208 33
186 108
112 125
385 114
274 267
157 59
216 30
170 181
320 154
309 115
344 238
312 238
201 246
336 232
281 108
107 223
22 201
229 381
43 354
135 282
350 53
216 329
221 183
249 332
357 182
219 140
366 99
51 352
318 150
222 226
362 210
100 303
127 250
383 382
333 341
324 394
53 181
252 55
397 123
332 40
191 377
88 58
307 289
360 213
290 279
19 238
354 126
181 373
43 41
59 163
313 23
374 162
112 243
121 272
149 168
172 171
338 284
157 295
359 12
108 239
251 374
325 225
204 100
9 52
296 19
397 17
228 102
45 268
243 331
300 50
281 265
82 390
174 289
10 115
128 395
215 389
361 54
354 23
62 239
27 347
270 127
225 135
298 173
60 368
170 217
313 131
349 37
335 144
169 275
95 235
334 89
191 21
78 182
216 317
146 279
31 239
247 65
383 380
255 302
311 7
51 148
146 354
134 26
2 20
6 61
179 140
226 312
260 220
342 350
76 263
71 332
89 239
127 302
395 367
199 274
70 176
278 34
44 56
208 166
256 370
395 202
65 232
353 301
313 102
271 381
318 371
367 87
48 330
29 352
255 104
89 38
221 282
279 273
186 76
191 397
162 110
85 278
394 134
130 26
59 346
108 167
15 219
16 281
37 255
17 386
230 67
89 296
180 224
119 24
325 379
114 130
263 303
400 37
87 221
309 293
163 310
174 3
46 201
286 80
116 204
15 170
23 327
135 300
386 26
215 71
299 142
248 327
325 28
150 226
64 12
203 386
85 388
45 370
230 98
267 324
15 227
352 177
289 326
31 258
179 4
379 244
232 189
