400
399
1 2
2 3
3 4
4 5
5 6
6 7
7 8
8 9
9 10
10 365
365 340
340 13
13 90
90 147
147 122
122 248
248 387
387 309
309 284
284 37
37 264
264 298
298 379
379 108
108 292
292 247
247 209
209 31
31 95
95 127
127 161
161 333
333 265
265 47
47 220
220 171
171 290
290 258
258 206
206 294
294 241
241 249
249 24
24 163
163 272
272 158
158 329
329 238
238 236
236 275
275 321
321 136
136 146
146 51
51 260
260 367
367 221
221 369
369 366
366 49
49 312
312 23
23 20
20 101
101 63
63 240
240 142
142 180
180 36
36 324
324 109
109 338
338 68
68 94
94 126
126 307
307 154
154 21
21 196
196 207
207 174
174 257
257 364
364 116
116 42
42 319
319 54
54 332
332 271
271 390
390 263
263 355
355 191
191 322
322 237
237 193
193 38
38 359
359 361
361 148
148 276
276 168
168 239
239 339
339 378
378 336
336 104
104 297
297 11
11 57
57 295
295 285
285 99
99 187
187 88
88 243
243 129
129 216
216 251
251 315
315 347
347 320
320 227
227 262
262 102
102 351
351 17
17 349
349 376
376 222
222 70
70 385
385 261
261 138
138 282
282 167
167 15
15 368
368 246
246 210
210 230
230 140
140 205
205 157
157 346
346 40
40 386
386 164
164 32
32 86
86 299
299 80
80 84
84 277
277 201
201 348
348 245
245 83
83 85
85 113
113 152
152 121
121 266
266 30
30 155
155 139
139 125
125 377
377 170
170 107
107 69
69 166
166 289
289 308
308 313
313 300
300 213
213 66
66 172
172 194
194 72
72 343
343 318
318 330
330 363
363 274
274 64
64 217
217 208
208 328
328 131
131 381
381 18
18 223
223 111
111 92
92 124
124 306
306 357
357 214
214 103
103 117
117 105
105 106
106 65
65 231
231 184
184 314
314 370
370 52
52 173
173 291
291 182
182 186
186 203
203 326
326 337
337 55
55 162
162 45
45 175
175 98
98 235
235 53
53 41
41 149
149 132
132 134
134 181
181 350
350 279
279 199
199 354
354 360
360 316
316 190
190 242
242 177
177 93
93 253
253 195
195 301
301 317
317 303
303 39
39 22
22 145
145 141
141 27
27 188
188 382
382 120
120 288
288 89
89 59
59 71
71 73
73 198
198 211
211 310
310 252
252 304
304 250
250 218
218 97
97 123
123 76
76 82
82 29
29 372
372 34
34 25
25 255
255 331
331 115
115 352
352 151
151 81
81 270
270 362
362 144
144 143
143 334
334 226
226 91
91 87
87 293
293 383
383 183
183 269
269 14
14 118
118 215
215 58
58 204
204 61
61 178
178 353
353 19
19 287
287 114
114 384
384 244
244 156
156 35
35 342
342 373
373 75
75 44
44 128
128 212
212 305
305 254
254 159
159 48
48 46
46 380
380 278
278 192
192 232
232 268
268 325
325 228
228 96
96 375
375 43
43 225
225 281
281 62
62 345
345 137
137 229
229 176
176 110
110 150
150 273
273 302
302 112
112 79
79 335
335 341
341 26
26 283
283 50
50 358
358 256
256 224
224 344
344 233
233 388
388 28
28 130
130 356
356 74
74 202
202 267
267 296
296 189
189 259
259 77
77 100
100 16
16 160
160 165
165 327
327 119
119 78
78 286
286 133
133 200
200 12
12 323
323 280
280 135
135 197
197 67
67 234
234 185
185 153
153 374
374 56
56 179
179 371
371 389
389 33
33 311
311 169
169 60
60 219
219 391
391 392
392 393
393 394
394 395
395 396
396 397
397 398
398 399
399 400
400
1 2
2 3
3 4
4 5
5 6
6 7
7 8
8 9
9 10
10 353
353 199
199 350
350 25
25 109
109 299
299 96
96 71
71 85
85 212
212 266
266 75
75 51
51 198
198 188
188 58
58 383
383 377
377 231
231 263
263 291
291 154
154 380
380 302
302 177
177 208
208 261
261 41
41 72
72 286
286 368
368 219
219 389
389 128
128 202
202 275
275 304
304 90
90 348
348 26
26 340
340 390
390 102
102 19
19 283
283 189
189 319
319 336
336 138
138 77
77 282
282 254
254 218
218 44
44 63
63 48
48 339
339 312
312 207
207 126
126 364
364 158
158 151
151 330
330 385
385 164
164 205
205 258
258 28
28 232
232 210
210 366
366 296
296 82
82 174
174 235
235 357
357 122
122 118
118 103
103 386
386 301
301 363
363 15
15 236
236 95
95 332
332 59
59 162
162 297
297 293
293 52
52 150
150 354
354 49
49 257
257 284
284 200
200 107
107 384
384 334
334 246
246 381
381 245
245 38
38 209
209 43
43 333
333 206
206 29
29 20
20 56
56 169
169 178
178 285
285 298
298 155
155 311
311 196
196 373
373 238
238 294
294 214
214 67
67 94
94 146
146 268
268 322
322 367
367 115
115 68
68 83
83 370
370 279
279 168
168 34
34 264
264 120
120 21
21 157
157 211
211 229
229 121
121 303
303 81
81 331
331 248
248 148
148 37
37 32
32 387
387 23
23 119
119 242
242 124
124 225
225 269
269 111
111 277
277 99
99 289
289 182
182 30
30 194
194 222
222 132
132 27
27 376
376 335
335 76
76 98
98 173
173 166
166 64
64 249
249 185
185 351
351 270
270 362
362 147
147 262
262 176
176 290
290 61
61 321
321 274
274 33
33 241
241 195
195 338
338 220
220 221
221 346
346 256
256 153
153 144
144 345
345 145
145 53
53 378
378 255
255 16
16 79
79 360
360 125
125 227
227 141
141 217
217 372
372 180
180 65
65 342
342 136
136 40
40 156
156 89
89 22
22 318
318 260
260 100
100 193
193 140
140 352
352 149
149 86
86 382
382 17
17 181
181 35
35 190
190 24
24 87
87 287
287 300
300 54
54 259
259 31
31 127
127 324
324 280
280 135
135 347
347 80
80 239
239 105
105 192
192 247
247 325
325 356
356 116
116 253
253 123
123 42
42 18
18 108
108 137
137 224
224 388
388 163
163 165
165 45
45 316
316 197
197 230
230 358
358 104
104 337
337 341
341 106
106 175
175 47
47 191
191 161
161 101
101 326
326 55
55 349
349 315
315 371
371 361
361 50
50 328
328 223
223 310
310 234
234 369
369 215
215 317
317 273
273 244
244 84
84 134
134 237
237 252
252 143
143 46
46 171
171 308
308 272
272 112
112 327
327 329
329 12
12 240
240 57
57 91
91 343
343 117
117 186
186 226
226 66
66 323
323 93
93 139
139 344
344 113
113 131
131 129
129 170
170 305
305 184
184 187
187 152
152 70
70 295
295 375
375 365
365 13
13 276
276 88
88 73
73 243
243 320
320 314
314 130
130 292
292 309
309 133
133 374
374 251
251 203
203 278
278 313
313 62
62 183
183 36
36 97
97 114
114 78
78 281
281 265
265 216
216 228
228 11
11 307
307 159
159 201
201 213
213 271
271 142
142 250
250 359
359 14
14 110
110 233
233 267
267 69
69 204
204 60
60 172
172 167
167 306
306 39
39 379
379 288
288 74
74 179
179 92
92 160
160 355
355 391
391 392
392 393
393 394
394 395
395 396
396 397
397 398
398 399
399 400
1 400
