400
797
83 347
254 230
308 48
226 2
81 62
171 332
396 227
246 82
215 73
273 30
70 220
160 174
348 225
267 384
316 356
298 159
277 347
141 102
139 89
96 127
270 144
2 255
117 122
166 93
241 121
11 41
1 83
131 188
242 342
232 165
143 333
210 169
138 86
351 154
148 386
61 191
341 25
358 187
96 184
122 95
80 326
44 161
109 124
83 320
109 368
28 268
127 167
208 349
149 377
361 69
399 92
47 337
84 323
223 75
161 200
306 312
9 246
334 193
160 392
396 183
349 25
350 203
221 273
30 67
30 116
162 222
304 329
163 233
180 339
312 130
58 26
321 139
285 115
292 146
315 124
337 277
1 201
301 273
370 27
283 310
332 319
384 242
85 233
343 95
168 394
46 106
196 106
60 209
113 263
164 182
380 97
279 152
62 349
255 352
119 367
96 274
38 260
158 241
30 59
94 312
240 69
186 26
388 368
319 56
174 288
244 37
169 346
40 236
320 1
254 25
359 385
363 152
388 296
340 149
204 241
226 178
207 130
134 179
42 214
345 281
55 192
101 5
201 216
206 111
197 32
23 253
39 293
244 145
300 54
213 298
166 259
20 97
97 155
307 186
322 233
125 318
253 355
98 293
280 327
265 108
127 260
335 376
325 74
333 80
219 150
242 153
384 342
128 252
325 211
318 87
264 132
29 53
12 209
46 196
130 137
123 53
119 40
200 44
365 78
365 3
346 210
149 72
62 208
175 304
371 152
49 323
214 344
344 42
361 71
54 334
113 362
330 286
92 136
383 95
108 229
377 266
360 183
13 52
155 243
205 62
400 294
301 116
313 271
235 69
386 324
224 80
209 188
172 143
395 348
51 9
63 142
4 297
134 311
295 313
68 3
140 71
224 322
247 147
15 277
239 344
278 32
72 249
195 234
297 77
152 87
106 107
363 371
157 104
77 4
173 229
330 5
263 4
327 323
70 137
8 343
93 105
36 391
39 98
305 395
129 272
269 289
108 115
309 394
101 275
261 56
165 206
400 370
391 102
200 51
58 181
79 281
110 147
338 169
26 34
298 57
377 364
170 133
358 123
126 327
159 146
195 18
338 49
88 167
35 372
180 199
262 286
399 348
379 114
271 68
259 315
119 236
55 301
73 381
369 368
294 185
112 260
82 314
162 238
254 341
94 130
138 295
53 358
8 383
305 348
311 331
141 123
41 79
342 153
278 132
146 374
148 120
370 198
311 208
310 214
336 363
168 309
49 169
360 236
280 126
7 176
262 101
34 181
275 393
35 250
387 144
213 139
44 67
99 131
93 135
220 359
373 172
291 23
121 100
91 175
69 71
382 138
276 259
182 241
48 240
118 141
51 299
216 320
144 317
176 168
24 41
178 76
219 330
357 295
36 306
383 122
303 199
196 342
31 109
10 359
291 274
233 192
170 343
13 253
37 17
321 24
229 265
282 183
16 394
140 383
164 121
396 77
52 239
380 243
64 204
283 214
291 65
220 157
198 16
217 366
11 24
194 43
269 378
24 89
190 356
375 98
176 309
248 64
302 9
366 36
27 400
310 42
84 49
221 192
360 282
33 100
79 11
292 287
231 113
196 153
28 354
145 17
28 257
378 353
131 6
20 328
2 352
92 202
266 149
335 90
237 29
21 47
177 206
12 188
160 288
254 397
156 355
89 41
103 132
375 193
354 268
63 100
172 326
257 126
22 74
341 205
390 287
226 76
305 202
280 84
81 311
116 59
187 53
128 114
293 375
234 18
120 72
239 42
267 255
372 252
186 58
394 185
265 50
111 256
79 345
48 179
305 399
180 194
203 336
376 136
110 162
231 263
25 205
373 226
330 150
324 148
21 337
285 3
284 195
170 284
164 100
351 107
375 245
82 302
381 288
88 274
387 317
85 322
252 250
135 105
315 31
278 37
5 286
38 339
139 189
258 256
213 57
325 22
17 181
322 163
213 189
59 67
77 231
207 385
318 371
112 38
156 52
27 292
102 36
247 110
289 129
153 46
50 151
398 212
227 297
43 303
329 91
5 262
247 237
134 331
230 397
339 112
105 56
269 251
276 135
243 97
65 13
220 10
143 326
240 235
379 329
142 91
360 227
321 89
380 248
16 185
370 294
390 400
372 316
361 240
123 118
376 90
296 109
316 35
185 198
140 122
250 372
99 212
168 7
159 374
275 377
366 102
37 103
232 144
230 376
217 306
385 137
336 279
76 373
247 238
67 161
98 245
81 331
10 104
349 205
228 47
107 154
163 224
74 211
238 353
64 328
85 55
81 208
237 187
309 16
287 146
131 212
392 150
12 6
136 335
367 151
72 340
210 338
382 223
151 173
190 26
125 362
177 270
186 190
352 384
369 388
307 190
4 231
290 125
18 133
33 142
1 216
346 216
207 137
306 366
346 201
368 296
184 291
215 203
225 75
117 140
215 350
158 204
103 244
229 115
145 181
385 70
353 222
276 315
397 341
230 90
279 350
398 39
263 362
34 145
313 78
221 301
68 365
279 363
117 361
61 218
283 325
255 178
249 340
86 75
261 319
328 248
365 271
117 71
359 70
256 157
209 19
234 154
333 224
321 189
87 371
133 284
161 59
64 158
302 314
223 395
317 232
282 119
391 118
356 389
353 162
391 141
307 389
96 88
393 364
111 258
355 13
104 256
290 87
184 274
31 259
314 345
12 19
85 192
110 238
99 398
350 336
126 354
105 261
65 253
217 94
307 356
21 45
61 19
179 331
44 51
250 128
56 93
34 58
374 287
92 335
264 197
173 265
150 286
293 398
86 357
367 40
246 299
381 203
90 397
45 332
78 295
154 106
133 343
303 194
249 120
393 101
270 165
243 218
345 11
290 362
304 379
390 27
261 171
396 297
202 399
166 276
73 288
124 31
191 60
193 245
6 188
174 392
125 113
316 389
395 225
284 18
324 249
158 182
351 195
76 172
177 258
155 218
180 112
9 299
107 46
32 132
264 22
294 198
118 358
338 323
267 352
3 115
48 235
45 228
355 52
15 337
219 160
175 63
329 114
147 237
262 393
167 260
99 6
228 14
281 314
128 379
389 35
308 134
135 166
50 367
14 171
382 75
74 197
300 193
211 310
15 47
167 38
91 304
378 222
23 65
285 108
374 298
235 308
29 187
381 215
179 308
10 157
282 236
60 19
244 17
83 66
280 257
80 143
278 103
364 266
344 156
55 221
39 212
202 136
258 206
386 387
387 148
124 296
272 269
313 357
257 354
270 232
373 326
327 84
159 57
300 334
182 121
60 61
50 173
320 347
340 266
227 183
210 201
289 272
382 86
357 138
285 68
234 351
328 204
251 272
175 142
189 57
281 82
251 222
88 127
63 33
275 364
392 219
164 33
248 20
22 197
334 245
299 200
332 14
302 246
54 369
380 20
7 28
184 23
94 207
271 78
225 223
116 273
194 199
73 174
29 147
8 95
66 347
199 339
114 252
155 191
318 290
239 156
40 151
369 300
317 386
45 14
2 178
177 165
251 378
277 66
8 170
312 217
264 32
268 176
111 104
390 292
283 211
268 7
171 319
242 267
21 228
163 333
54 388
66 15
324 120
191 218
797
163 228
204 283
31 324
204 50
22 213
217 105
44 104
42 266
259 152
255 124
171 133
165 117
198 361
37 369
164 140
230 335
312 9
226 71
342 6
175 128
372 74
268 84
23 122
350 381
369 55
92 109
383 17
139 232
152 262
377 37
81 154
201 339
356 21
86 109
339 33
198 354
280 383
316 337
280 87
346 145
383 122
153 297
231 329
58 142
27 92
208 376
38 296
79 266
220 34
73 69
357 399
59 144
210 116
95 105
65 228
28 329
159 245
332 167
275 206
208 233
106 331
44 62
208 263
41 66
212 326
18 299
283 99
177 365
265 130
61 64
218 367
234 372
352 56
398 386
169 268
152 358
139 85
113 154
189 211
40 210
3 48
43 174
300 48
386 39
147 254
49 125
217 275
4 345
351 199
46 250
249 30
394 112
305 18
355 108
302 25
319 176
175 352
360 173
69 131
215 344
246 11
398 332
180 261
125 189
262 267
245 228
45 86
201 393
8 178
164 269
312 377
71 267
101 158
351 53
98 169
103 155
137 364
278 310
120 351
173 75
284 18
74 379
317 174
300 149
294 126
79 366
27 289
185 300
307 138
98 84
256 195
88 384
397 291
132 139
287 146
315 218
313 14
177 31
323 226
82 257
211 326
10 337
9 195
41 34
399 181
357 181
277 134
365 324
306 62
194 117
267 323
393 202
75 78
381 368
279 160
129 6
186 222
314 304
393 339
173 34
214 55
186 334
198 363
237 224
193 69
394 14
249 172
128 56
132 58
231 385
269 137
94 57
349 305
270 272
325 328
176 56
50 43
94 242
331 46
2 180
259 262
201 240
297 188
282 209
203 136
344 223
369 196
65 245
396 230
174 78
266 366
42 74
336 185
13 398
179 196
32 24
96 199
121 316
266 371
13 39
200 153
327 117
78 183
396 341
227 296
157 163
255 123
206 151
138 91
253 129
66 345
206 391
28 171
161 89
362 273
287 196
133 225
191 100
186 2
123 378
280 279
349 162
373 24
340 118
271 74
238 57
161 113
40 290
135 360
7 107
118 252
207 223
233 263
286 223
370 314
19 50
19 43
357 46
55 196
83 395
218 128
156 159
341 367
320 11
107 206
355 222
90 5
86 129
342 321
34 360
231 375
146 179
340 106
89 330
375 385
192 59
133 28
295 179
122 276
70 325
17 279
181 46
237 281
258 151
229 285
309 229
295 310
167 386
120 271
152 267
115 314
82 388
319 215
368 47
212 110
10 96
120 234
328 70
350 40
158 73
159 191
347 172
236 348
26 353
216 310
301 162
100 394
308 189
306 44
147 397
7 336
228 157
341 218
81 385
185 7
317 78
346 298
159 54
265 182
134 111
322 277
169 33
29 13
353 273
219 309
323 262
184 47
357 235
15 21
72 64
124 51
101 251
388 118
199 234
21 390
135 183
21 318
110 187
385 329
102 166
87 276
8 299
61 119
45 92
29 79
232 132
288 176
248 49
142 132
82 114
182 205
359 52
258 275
81 375
343 256
183 317
338 101
90 205
134 292
94 263
197 187
4 66
226 294
1 320
293 15
330 154
58 167
223 215
362 59
348 373
301 161
309 285
67 321
127 338
319 344
300 3
239 303
97 384
264 292
164 137
346 121
308 125
230 108
165 63
313 112
272 22
5 144
195 312
311 117
97 52
37 55
85 187
207 286
91 307
124 123
33 202
114 342
116 298
118 106
333 107
156 400
347 249
45 253
264 60
346 210
157 289
190 384
362 26
272 260
253 86
369 287
222 334
111 264
212 211
281 224
36 237
251 338
205 392
83 61
190 91
284 349
387 306
365 31
315 175
79 16
307 384
203 148
324 84
304 160
263 376
153 188
391 107
30 64
370 115
155 313
41 360
268 324
274 178
289 12
109 45
30 119
278 216
192 362
172 30
391 333
179 287
9 377
68 392
254 57
247 193
327 127
12 109
356 390
56 175
242 238
103 203
322 348
355 334
101 73
343 11
236 373
131 188
374 382
316 145
258 217
197 241
71 323
116 40
274 305
170 204
182 392
174 19
51 255
104 306
247 200
80 157
113 89
84 31
389 93
75 135
54 65
44 20
337 53
69 247
70 364
4 297
265 370
42 371
112 100
222 180
354 363
345 297
400 394
316 10
13 16
229 166
274 18
382 233
221 147
105 141
171 225
48 149
148 2
311 165
195 343
85 241
23 48
257 67
321 114
32 236
322 77
121 145
275 151
52 302
249 119
312 214
17 280
177 260
1 83
87 383
49 281
273 26
219 229
8 359
284 305
91 60
382 208
212 197
261 136
38 227
131 200
364 140
173 135
387 378
77 111
367 396
53 96
151 391
73 193
292 60
103 313
356 99
54 156
250 340
187 241
41 220
340 252
303 201
82 67
93 259
286 213
220 66
354 244
205 130
341 230
396 335
291 76
254 397
204 99
378 62
363 389
23 276
224 49
398 39
186 180
296 35
265 115
163 65
379 271
325 282
171 168
288 215
335 355
130 370
327 165
336 333
317 43
250 331
153 345
367 315
358 259
170 19
144 68
251 63
104 20
281 36
90 392
96 337
224 248
126 194
292 138
77 348
381 290
298 210
169 202
278 209
393 33
243 209
191 156
61 72
233 374
168 225
365 260
303 240
376 242
239 184
87 122
399 76
89 154
386 332
25 178
364 328
124 378
295 146
22 270
71 294
52 88
214 377
98 202
320 246
190 307
331 181
272 213
321 6
314 160
350 116
358 93
81 330
273 59
141 95
22 150
88 190
149 23
318 15
371 366
51 24
37 214
400 191
274 299
80 27
192 5
258 105
5 68
148 136
308 248
137 140
8 25
356 283
24 236
121 298
145 10
270 260
399 235
64 119
88 97
248 125
379 42
299 178
221 76
103 136
372 120
336 3
247 131
244 361
225 143
150 286
28 231
170 50
54 245
319 288
261 148
240 339
11 256
257 252
26 244
270 177
12 27
39 16
285 20
68 90
235 291
166 219
1 246
113 301
112 14
395 320
199 53
361 354
143 168
241 139
111 277
376 94
374 95
35 237
380 226
106 250
164 227
176 352
318 293
291 221
142 167
342 129
283 170
379 371
359 25
366 29
182 130
256 9
388 252
318 390
269 227
380 126
253 6
194 311
17 160
309 20
102 347
67 114
32 255
38 36
335 108
166 347
213 150
290 350
95 382
282 243
134 264
58 232
185 3
72 395
303 184
301 349
4 220
14 155
361 353
278 243
47 381
234 351
232 85
98 268
343 246
60 138
282 70
374 141
329 133
322 373
243 325
194 380
200 188
184 240
207 344
203 155
380 294
276 149
333 7
192 144
62 387
2 261
97 302
397 221
216 295
110 211
332 142
207 150
363 93
244 353
400 100
387 123
1 395
102 172
389 198
219 102
302 359
368 239
72 83
63 127
38 35
284 162
238 254
315 128
308 326
242 57
36 35
197 110
358 389
257 388
271 372
80 289
51 32
338 158
77 277
115 304
126 311
375 330
161 162
12 92
310 209
239 47
76 235
63 327
390 99
328 140
269 296
238 147
334 108
288 352
304 279
141 217
251 127
193 158
75 183
163 80
104 285
189 326
146 216
290 368
29 16
