395
2000
148 371
48 165
227 18
154 6
66 146
68 152
372 228
40 55
156 171
350 190
120 22
152 360
209 16
303 226
213 121
7 51
13 367
297 147
298 151
42 143
362 11
14 131
51 103
322 51
232 390
364 37
46 366
114 125
109 12
291 379
394 325
155 311
247 339
253 118
64 125
241 11
74 255
138 220
147 321
378 58
74 10
194 346
248 175
88 98
210 222
60 252
315 180
275 165
34 317
62 102
331 255
249 327
392 96
194 384
347 109
143 17
161 154
39 216
175 237
14 241
243 359
141 369
161 90
235 150
67 142
215 73
60 291
342 273
38 131
362 370
83 241
18 246
339 151
379 310
206 18
381 327
220 156
309 335
382 6
334 378
86 393
103 395
268 174
124 379
114 262
69 99
89 328
235 14
238 173
73 293
175 203
73 27
52 198
293 391
54 271
298 170
242 348
261 161
326 297
282 180
389 58
356 181
49 381
67 164
171 348
350 221
222 96
261 126
24 118
378 324
295 324
86 219
311 13
58 207
390 186
100 379
288 22
386 54
281 136
250 278
298 66
100 33
378 158
84 253
80 111
76 15
361 180
146 247
303 22
261 153
75 258
98 135
216 242
210 241
263 371
167 11
343 21
61 144
102 59
382 55
226 137
370 1
160 132
345 275
298 42
161 321
90 212
10 275
175 200
147 244
285 343
6 65
200 25
365 371
33 80
55 146
294 78
371 80
21 157
274 107
65 291
102 66
130 43
252 327
359 366
235 7
219 44
217 174
146 17
111 73
86 275
342 176
293 20
101 297
323 240
313 117
113 394
30 34
24 263
29 145
57 77
286 57
314 272
254 255
135 124
270 391
170 204
279 71
2 176
309 12
271 307
66 33
50 124
214 364
31 9
234 362
76 184
241 217
171 197
223 129
64 132
318 268
349 119
233 290
264 57
355 300
353 363
316 287
140 97
201 301
168 280
385 122
197 321
352 18
258 193
272 60
4 12
241 243
3 342
47 152
80 28
183 174
137 211
34 151
238 166
12 322
305 334
27 128
282 110
292 317
353 197
322 277
165 325
205 118
226 177
275 361
71 235
105 208
287 85
88 335
159 162
229 150
78 265
364 386
74 146
330 395
124 74
236 346
337 20
304 256
29 77
141 51
390 66
361 125
239 164
46 20
182 278
45 291
305 115
198 318
52 100
145 115
270 97
217 357
210 179
149 387
53 148
361 390
275 219
43 373
332 130
284 383
74 205
256 231
237 128
378 335
297 219
142 138
182 91
90 381
60 278
284 225
295 62
287 331
284 185
220 38
82 314
191 72
283 354
43 249
342 324
258 11
301 57
74 299
247 221
183 177
230 63
233 383
355 365
169 13
57 361
105 172
23 233
185 376
258 219
107 127
153 3
51 375
95 313
296 303
271 39
328 135
7 135
275 108
95 255
42 191
372 221
86 361
145 334
236 100
325 296
195 175
283 327
154 270
27 262
335 305
231 26
346 271
13 193
229 162
59 378
132 196
58 371
285 148
226 102
206 62
387 350
319 34
296 29
234 143
355 332
295 359
198 78
110 104
69 199
182 114
326 296
321 29
188 389
71 311
260 16
1 141
3 194
106 115
15 112
120 45
8 131
196 19
92 351
384 275
388 233
123 225
394 250
143 315
276 92
217 386
297 202
344 394
340 299
285 362
108 163
192 28
115 157
328 169
218 40
200 96
194 44
29 36
152 138
199 349
90 155
22 378
335 312
204 355
80 191
232 298
228 36
96 108
245 319
251 238
32 128
219 164
204 189
196 278
324 3
15 28
54 248
160 368
348 124
314 321
214 58
3 234
369 240
116 104
361 273
380 8
334 157
217 193
238 72
219 148
32 223
101 268
196 153
262 162
70 374
348 337
115 36
334 8
92 132
327 118
334 297
30 214
198 43
181 341
352 341
123 251
39 333
187 166
209 61
133 76
207 161
228 210
288 223
132 225
13 332
172 83
265 180
223 33
320 393
382 85
113 270
178 307
155 340
394 365
159 300
242 363
365 105
181 210
112 177
389 324
205 213
265 117
84 318
252 341
184 146
368 249
262 395
113 128
176 216
162 388
277 390
79 30
316 276
2 333
258 381
82 337
130 202
13 281
344 256
52 337
357 52
31 309
270 212
207 234
129 193
233 330
362 312
195 258
27 43
174 209
366 220
191 208
130 165
90 160
144 66
32 46
332 190
369 60
266 207
89 376
75 115
22 308
336 376
202 65
317 140
219 160
92 36
241 93
324 308
316 213
219 253
56 77
286 257
16 232
251 306
331 195
42 390
130 5
133 49
189 238
231 21
119 311
275 69
330 163
113 208
195 298
19 285
156 38
280 283
386 11
59 93
214 133
134 250
272 67
375 152
248 350
229 157
12 319
177 152
312 241
61 86
120 15
64 230
239 210
212 129
234 147
130 110
146 57
121 193
272 164
319 200
182 35
308 343
93 40
326 389
256 365
85 204
42 290
229 46
36 169
130 377
149 168
320 200
202 8
109 138
239 348
250 300
231 27
50 251
32 159
168 346
377 290
159 50
382 35
215 191
295 311
138 50
134 159
275 21
332 354
336 175
59 128
322 244
264 186
198 167
271 252
395 81
282 334
222 184
369 86
114 175
47 113
204 203
67 341
361 386
351 329
249 206
276 330
242 384
170 96
395 264
329 110
2 202
344 319
254 207
258 274
140 225
41 27
224 21
359 319
381 343
106 348
89 329
93 160
329 355
168 132
49 297
130 146
161 395
130 105
209 83
394 130
387 82
57 126
207 284
227 359
118 360
42 206
264 24
5 30
156 173
22 272
59 314
32 364
200 225
229 332
180 165
37 262
374 139
23 381
32 335
41 395
362 115
340 203
211 91
336 313
142 124
313 389
129 147
278 49
94 176
108 268
165 209
107 280
83 112
373 26
278 93
120 300
309 334
96 20
156 66
297 21
195 168
73 92
295 388
53 312
160 94
56 373
37 388
254 198
104 222
68 370
340 315
340 43
135 12
385 304
243 229
377 242
60 361
93 132
262 79
314 301
52 387
228 172
150 258
162 2
185 134
229 14
175 183
176 382
333 244
189 7
201 38
66 117
383 283
349 74
319 144
331 33
67 293
131 317
259 349
238 273
157 3
248 279
333 355
269 55
351 40
225 87
274 150
31 348
119 205
326 66
105 224
338 50
246 76
99 367
322 137
29 64
67 257
199 75
384 240
114 295
183 121
322 93
184 333
37 250
110 87
314 312
8 392
238 341
292 295
310 50
83 149
332 184
351 209
170 249
128 51
94 216
74 367
79 276
244 148
157 197
117 294
2 191
256 181
174 279
341 131
254 160
190 365
139 57
338 60
257 254
38 247
333 343
313 374
373 6
183 23
300 43
273 27
101 72
69 230
246 78
4 199
16 268
137 120
371 109
1 260
332 3
154 103
361 191
383 292
55 371
90 269
252 177
29 317
319 36
58 45
163 52
393 212
358 74
342 386
82 31
29 290
126 157
226 301
91 202
244 82
311 204
304 39
387 279
27 93
16 12
308 155
329 367
210 288
201 115
314 356
245 159
388 195
3 278
365 9
27 294
233 162
363 59
60 98
121 296
77 241
239 97
69 347
77 354
271 74
372 349
216 324
292 346
350 223
95 125
385 75
228 283
367 283
110 290
354 68
355 34
112 254
139 120
89 125
254 321
9 164
114 20
365 230
134 153
310 208
154 350
325 45
95 308
79 69
82 281
295 141
341 49
113 309
253 131
297 200
241 275
205 236
261 137
101 394
214 158
102 362
301 340
9 160
87 85
100 18
342 17
261 235
59 124
171 363
47 85
110 4
20 334
388 65
314 335
89 335
367 57
209 232
282 285
310 345
8 197
29 282
265 304
236 285
241 325
117 347
169 256
132 346
357 336
20 341
113 213
267 166
273 287
47 126
17 139
212 140
347 373
362 116
31 68
233 253
279 238
138 288
179 187
264 384
277 291
244 186
38 259
195 329
355 211
345 9
221 370
256 211
37 344
364 250
42 24
389 285
69 40
193 149
56 85
119 32
293 232
293 85
314 297
185 169
229 320
42 381
359 120
255 355
173 159
287 140
51 110
112 110
70 127
187 12
220 104
366 91
352 77
341 62
230 103
141 357
380 311
280 296
103 209
387 116
16 128
301 119
374 369
249 36
280 292
114 239
57 311
329 372
225 286
141 89
284 354
227 352
122 144
220 218
148 204
168 14
138 178
116 37
40 297
296 166
56 262
291 178
117 210
16 82
120 174
151 48
54 350
181 165
44 294
298 327
306 234
157 151
103 153
78 109
11 182
299 312
67 99
221 366
275 160
102 382
325 193
73 367
151 372
64 304
82 164
342 129
107 163
353 394
384 106
52 244
21 216
116 353
114 159
273 32
395 135
277 7
167 125
269 113
135 242
312 93
383 236
259 124
108 322
359 225
349 196
323 300
304 102
395 227
219 31
1 351
97 20
275 169
35 31
305 193
278 84
262 187
373 236
292 394
240 87
188 53
270 361
86 164
227 141
209 185
300 34
112 355
29 320
391 386
276 175
160 26
115 287
384 153
342 298
331 236
69 380
217 218
125 336
270 90
381 321
106 292
357 47
219 29
304 165
115 25
135 153
321 246
31 176
129 74
335 357
120 365
358 218
179 53
136 129
87 362
342 359
178 316
99 206
309 43
193 172
185 72
366 335
290 329
25 109
344 55
83 194
380 143
250 50
173 188
128 62
288 311
268 270
259 59
79 341
160 373
128 236
171 165
276 314
367 202
363 317
78 79
271 60
4 68
82 88
136 3
240 135
266 391
243 180
65 283
168 363
7 182
267 252
198 11
278 335
351 259
370 379
252 86
118 122
57 196
147 62
145 217
30 321
167 267
239 374
92 326
244 190
19 151
307 200
379 138
285 275
382 185
223 390
244 170
288 144
100 198
336 165
81 225
66 59
281 374
309 141
33 74
387 393
247 11
74 106
291 295
181 389
83 230
64 258
205 171
94 89
127 63
97 291
53 391
152 254
68 348
125 203
65 395
89 342
207 371
287 110
188 123
247 149
253 168
162 33
227 223
48 193
322 323
20 250
159 365
173 356
38 81
21 355
90 359
276 48
340 113
301 250
342 70
299 173
324 314
172 340
19 149
95 104
195 267
225 231
309 255
200 232
234 33
49 334
248 192
305 386
92 125
292 6
327 117
247 48
258 331
366 266
41 4
342 98
178 65
191 318
386 77
159 313
116 123
204 111
341 336
66 338
209 236
51 250
50 283
366 18
53 341
385 158
129 270
205 225
218 294
203 247
78 225
4 150
4 308
370 320
246 304
173 293
13 256
335 270
77 147
155 265
67 274
278 198
282 239
20 168
55 236
299 165
255 8
95 348
207 217
176 117
296 231
268 103
247 245
101 318
26 5
143 215
238 95
62 23
163 227
43 325
321 55
21 348
7 60
120 52
107 58
373 172
288 113
213 160
148 147
136 76
90 28
107 223
329 199
194 100
276 263
14 267
41 335
115 251
187 332
36 122
304 285
316 109
65 106
262 132
256 99
44 133
336 220
361 147
85 257
125 140
126 39
257 179
339 383
103 352
44 85
285 88
13 47
16 108
66 52
232 89
104 247
201 214
220 201
382 122
156 271
382 286
29 150
319 178
197 60
9 363
154 162
54 47
74 110
151 304
45 151
178 261
257 74
368 84
362 334
304 147
103 32
96 28
393 175
362 261
246 118
314 328
44 321
355 344
393 66
232 17
102 247
246 181
323 110
95 34
203 91
391 19
189 224
68 32
217 248
161 71
230 300
134 298
101 70
363 253
365 262
285 348
167 290
157 88
288 344
306 13
260 70
331 278
200 101
50 225
304 219
362 186
351 123
92 300
83 57
10 244
194 362
57 74
46 108
83 294
381 370
280 344
200 336
125 347
138 212
30 338
324 327
60 289
119 307
321 52
25 298
22 346
336 109
57 248
243 75
263 341
361 189
256 308
29 201
247 387
148 351
172 212
82 110
205 144
25 186
233 359
157 234
50 249
281 256
190 164
273 341
339 351
100 175
180 116
382 231
229 291
111 100
285 281
73 44
372 208
236 307
297 245
282 6
352 149
377 69
81 164
177 37
197 394
49 383
277 165
122 224
133 55
367 232
138 327
121 283
12 43
274 180
265 256
350 57
309 324
23 379
176 268
216 367
308 204
38 197
174 296
353 393
30 389
8 386
232 123
300 131
393 374
178 27
3 292
315 20
277 29
354 35
395 139
187 9
293 54
374 280
338 188
63 310
150 359
225 262
349 24
8 306
210 361
166 25
117 290
68 197
82 116
233 131
287 164
293 359
28 292
288 116
388 249
233 358
308 358
143 222
248 260
46 195
251 328
369 110
38 142
176 349
134 49
134 75
183 83
283 299
134 231
41 143
139 282
158 135
22 382
195 294
380 100
328 220
332 326
313 54
62 330
110 278
132 202
343 182
299 305
318 134
304 189
113 259
186 394
42 241
9 88
143 230
211 269
19 205
173 144
209 294
29 283
336 191
18 115
100 58
94 227
55 197
165 106
112 29
78 150
208 90
2 29
175 199
392 13
369 201
391 201
359 146
220 48
377 276
36 56
165 19
95 264
121 388
174 130
157 22
210 72
84 301
332 49
373 287
390 140
50 174
107 76
372 61
125 166
69 206
294 10
323 97
145 157
344 331
264 311
154 108
285 274
205 85
123 271
218 238
153 294
224 292
70 99
153 127
148 318
23 182
32 319
188 68
207 149
372 2
89 144
356 385
208 102
36 165
271 171
70 60
132 84
63 227
290 304
52 53
228 332
312 17
196 304
103 167
158 44
381 290
229 367
137 225
153 298
212 194
170 218
216 258
315 278
179 16
51 249
227 14
70 161
46 102
278 122
304 37
166 198
53 386
183 286
280 171
260 278
335 379
272 98
379 369
354 15
354 19
383 108
184 326
195 377
359 185
376 10
157 324
47 86
380 70
318 52
1 273
115 121
362 361
186 41
378 336
233 201
388 345
376 202
78 193
209 180
85 131
373 186
249 27
380 300
52 370
213 16
183 244
219 43
40 39
106 360
175 166
73 167
303 346
135 79
193 147
208 299
263 78
329 3
16 339
133 253
84 159
202 289
347 161
273 358
87 282
254 135
95 240
364 390
276 156
176 72
347 361
207 257
219 392
187 163
327 188
37 85
58 237
197 106
105 43
289 29
98 13
153 120
30 260
17 318
156 77
142 279
155 168
226 49
50 315
342 101
3 310
340 360
187 143
45 44
394 355
308 131
331 62
262 21
63 72
334 89
52 176
356 276
263 116
197 72
197 63
369 237
146 194
135 34
55 108
194 323
379 264
215 156
212 333
211 159
239 11
108 94
203 303
148 187
312 94
85 236
84 349
216 35
395 194
327 166
131 356
221 72
42 13
132 138
253 2
142 2
108 158
385 160
257 183
201 378
24 83
122 68
1 304
268 348
369 388
32 192
224 90
356 380
19 217
30 301
260 314
136 229
329 83
67 233
360 376
347 252
29 309
209 90
77 158
250 113
12 145
202 42
318 86
323 283
304 215
341 311
108 235
294 255
44 110
353 55
97 182
373 113
167 253
394 35
330 379
63 318
106 151
126 164
366 302
356 359
142 295
103 261
95 147
343 15
55 308
219 112
6 310
2 38
113 135
225 72
111 136
172 175
97 36
151 225
261 231
207 27
233 15
294 88
47 66
82 208
317 243
169 251
389 269
95 130
382 104
278 171
198 346
395 319
292 218
370 123
62 149
256 338
371 1
56 78
207 292
126 394
15 123
44 170
178 206
382 234
359 246
45 371
50 298
207 366
40 380
292 340
66 213
206 239
35 158
117 382
118 151
275 19
352 119
161 282
328 72
376 95
150 225
292 304
313 161
30 105
179 80
166 342
296 195
270 72
227 79
244 207
69 166
219 197
195 212
78 47
221 62
313 46
185 25
203 49
32 133
166 77
329 211
148 121
361 340
306 345
322 299
261 20
102 289
390 246
188 203
335 91
300 338
283 380
135 63
355 291
79 330
296 17
158 67
369 229
238 266
25 256
23 16
323 175
179 360
126 20
3 117
178 250
387 110
21 129
241 137
44 342
22 168
11 276
11 323
320 361
278 353
317 57
144 333
94 336
215 200
83 136
64 203
49 184
79 3
327 102
16 93
196 244
137 135
43 358
52 305
99 230
68 251
256 141
274 375
126 15
218 119
113 264
283 276
291 203
287 374
358 268
30 59
306 90
47 295
45 139
155 299
278 92
216 165
133 366
47 382
390 378
188 31
135 133
242 160
282 33
137 283
224 288
58 312
149 374
44 138
55 313
376 188
50 32
133 266
73 301
165 52
162 266
297 176
125 134
342 193
80 281
116 184
256 45
294 192
315 329
164 205
303 86
117 209
321 263
171 124
194 324
99 234
141 3
281 332
168 103
45 188
374 360
16 81
21 7
220 51
334 43
187 101
342 60
224 8
280 60
354 277
324 393
361 149
293 243
291 219
16 130
224 356
192 343
219 173
236 57
323 155
375 22
170 143
125 194
372 291
331 79
96 195
68 15
311 390
161 204
29 143
192 8
351 385
263 357
33 140
260 235
231 15
61 53
207 127
130 215
210 40
137 15
249 52
367 80
21 375
17 208
72 377
126 110
225 251
314 21
71 78
382 257
321 218
227 83
268 315
202 110
31 306
99 80
67 78
170 287
361 91
163 279
24 61
322 185
67 243
232 359
190 368
341 70
374 18
72 20
190 328
189 156
110 337
79 246
153 178
271 7
13 361
295 268
223 315
48 171
130 274
307 175
213 216
228 296
207 255
135 219
250 343
383 246
375 181
93 310
184 71
95 200
24 295
134 18
64 9
231 351
179 88
59 258
307 98
151 76
85 141
375 156
44 7
345 231
214 323
169 157
356 218
107 129
56 42
12 333
53 244
252 309
115 319
243 388
392 36
96 193
59 157
367 56
86 11
17 157
394 239
280 390
90 278
202 75
155 144
48 138
98 381
127 174
2000
329 194
4 293
149 3
339 142
310 143
393 105
276 238
347 287
44 175
140 25
250 345
44 307
284 187
66 293
219 21
98 179
79 219
380 391
175 274
311 392
49 128
271 106
108 134
14 151
360 240
192 260
40 163
230 51
22 16
339 154
280 104
68 368
9 295
129 251
390 145
1 169
43 317
1 331
58 334
232 263
45 63
234 384
256 153
99 106
10 285
278 374
318 307
95 149
258 36
302 328
334 333
326 114
26 331
48 98
191 39
332 262
205 368
238 225
33 373
256 215
17 126
214 57
151 72
388 99
211 348
341 71
141 92
61 365
282 114
364 75
225 167
119 314
35 115
262 389
45 172
114 348
342 55
320 90
57 134
359 358
1 365
318 344
97 278
271 251
139 46
229 352
101 361
72 47
327 271
53 159
179 91
62 256
85 343
308 118
275 73
70 213
176 22
285 239
343 45
382 201
125 174
179 122
170 88
129 288
267 299
370 256
248 371
325 215
153 377
345 112
269 232
321 215
333 130
78 150
35 177
380 314
385 111
197 275
383 179
260 129
110 243
33 80
349 56
82 339
77 327
150 275
170 310
168 199
144 369
326 300
18 374
313 318
9 56
94 187
258 379
154 40
72 316
267 99
360 259
321 106
215 72
44 230
2 1
161 30
117 38
195 271
349 207
66 224
63 77
326 104
195 260
214 367
268 235
17 227
264 286
161 215
327 4
141 277
149 303
222 182
158 133
99 128
210 206
46 150
162 286
287 219
154 311
231 117
310 348
166 168
120 387
241 329
12 254
3 320
355 342
13 112
234 43
350 380
276 349
389 144
261 198
278 333
109 394
230 381
184 186
156 290
331 366
335 351
356 294
364 324
171 170
284 341
245 392
194 3
254 387
53 386
99 269
274 306
205 199
110 46
93 237
230 168
150 304
181 298
86 26
4 226
387 285
213 12
81 296
142 237
369 312
338 5
170 127
65 223
265 257
228 137
91 365
246 92
159 302
267 172
360 101
55 178
361 189
163 15
166 128
16 294
367 224
36 369
46 314
380 130
262 175
237 168
114 269
319 299
36 63
236 349
61 47
214 32
245 83
26 110
285 329
335 101
206 275
73 389
85 155
45 364
65 28
99 327
377 358
259 24
387 150
273 304
270 217
216 354
234 139
368 340
31 374
268 9
303 196
50 3
298 278
107 235
236 297
155 334
91 250
31 105
65 136
324 12
156 243
248 110
99 337
313 142
266 16
20 327
38 57
87 163
68 99
254 99
329 341
184 205
328 269
332 257
142 377
125 158
4 211
38 323
369 10
381 143
245 314
196 330
274 121
395 145
357 345
145 71
289 146
298 118
118 361
145 70
99 89
372 349
340 89
343 216
209 112
161 261
344 56
357 165
47 394
51 280
377 213
126 130
65 64
141 145
153 8
277 223
73 339
394 83
209 267
177 135
38 120
387 67
233 184
29 251
125 362
50 172
357 121
265 51
168 382
249 363
276 344
203 191
204 299
319 46
179 314
80 188
134 251
107 268
329 140
389 187
270 261
17 360
357 108
90 6
329 68
157 294
27 228
363 286
310 220
183 131
304 287
387 33
59 244
118 258
189 318
306 271
26 302
65 191
382 298
324 252
189 11
94 211
26 193
106 94
211 179
8 161
76 188
119 189
117 45
151 129
202 327
106 186
231 388
336 37
149 239
388 175
37 97
220 30
323 378
328 237
223 84
388 96
5 393
286 339
285 336
128 374
294 395
340 231
279 326
129 382
223 67
134 324
152 89
169 364
329 388
201 279
32 234
35 363
115 219
213 231
243 328
286 245
33 63
283 96
367 4
382 138
212 115
370 314
185 199
395 241
5 79
188 356
237 331
385 246
270 27
139 256
357 111
66 297
204 103
193 11
353 94
284 33
307 250
141 365
132 57
85 376
215 284
69 94
102 146
54 282
54 159
255 4
139 111
184 136
22 276
338 84
59 384
158 169
384 100
387 166
214 27
80 108
349 27
39 377
383 392
146 275
133 310
98 105
379 190
176 154
120 243
89 205
35 45
189 157
282 141
16 222
379 245
289 171
42 238
128 323
54 151
390 63
64 2
141 58
184 373
78 56
79 372
97 64
120 42
2 388
306 130
167 206
90 256
335 204
18 202
84 355
383 300
95 330
230 314
76 3
68 134
219 163
223 155
3 192
41 263
368 274
175 296
395 319
304 318
97 152
218 200
161 369
49 204
145 197
42 378
13 38
215 341
192 43
169 279
233 195
55 180
297 384
292 148
254 78
383 162
1 112
131 109
248 3
113 349
46 189
183 377
91 336
195 62
125 74
59 91
339 173
392 80
21 199
283 61
387 17
89 164
81 72
346 28
349 379
194 103
96 331
364 387
77 67
364 87
319 249
394 352
184 326
347 319
183 144
45 249
276 119
224 299
136 64
295 354
112 358
260 331
75 161
227 180
386 30
218 49
33 370
267 283
11 105
375 276
365 41
108 264
245 256
385 329
269 268
44 253
35 364
368 91
280 252
368 323
144 228
320 107
108 5
229 95
253 7
44 272
147 371
78 235
203 284
246 319
314 73
47 249
184 30
386 263
119 190
102 374
316 252
249 281
33 386
150 135
216 50
254 94
330 56
254 262
333 380
51 21
36 110
334 265
287 42
369 22
185 236
149 199
395 209
234 148
54 373
215 125
343 118
155 102
13 351
6 104
96 249
91 393
222 28
122 282
27 375
222 18
47 301
174 229
69 97
286 221
40 71
164 246
195 82
200 183
262 45
167 22
102 114
11 185
96 376
104 219
174 143
145 25
58 193
319 329
90 99
316 44
235 320
281 274
50 2
44 260
40 65
389 66
169 192
230 53
239 324
203 211
227 196
298 109
389 295
100 51
172 292
15 48
62 154
112 177
132 232
31 268
22 368
6 39
199 103
18 296
139 309
270 162
268 27
78 285
74 210
206 352
345 366
329 112
172 226
190 13
358 346
339 221
299 389
45 85
233 14
210 153
250 260
383 314
331 171
40 223
392 326
312 303
375 33
169 79
32 376
313 367
315 51
386 207
9 16
71 179
275 376
46 305
225 116
43 312
233 167
245 2
131 351
229 284
36 269
389 72
45 332
151 387
38 235
68 157
1 219
287 118
276 179
285 90
65 149
190 284
198 135
126 51
278 132
337 270
180 73
185 154
280 294
34 69
149 259
314 99
22 281
154 173
5 356
123 62
290 121
189 108
309 91
102 145
41 247
285 245
384 95
172 213
233 134
38 22
166 231
317 85
74 225
83 264
103 152
222 95
369 249
96 9
305 261
257 347
276 348
66 263
210 125
51 76
148 305
387 104
304 16
252 323
267 135
106 225
113 270
181 168
341 150
357 264
81 281
50 190
208 286
150 161
286 269
4 200
244 264
373 278
139 87
26 22
276 49
182 339
351 373
262 281
20 279
26 5
220 280
117 345
117 222
52 106
341 268
187 197
307 239
278 243
135 222
61 180
245 326
263 312
262 208
51 262
207 169
309 379
224 200
79 382
42 35
375 114
89 311
156 43
38 98
158 282
218 305
231 120
37 301
73 245
208 347
55 26
267 7
129 99
372 317
154 214
346 373
89 31
44 291
210 286
367 202
242 47
209 102
227 186
68 55
368 261
235 155
212 114
373 365
291 185
185 275
348 330
28 159
88 275
219 286
235 352
383 91
152 286
177 140
285 254
302 174
55 237
306 51
77 228
90 328
296 5
353 1
160 162
250 66
179 116
88 15
368 216
3 251
323 108
67 222
107 308
278 119
140 15
241 96
155 86
198 351
377 280
187 1
306 141
380 386
253 80
233 227
277 176
184 143
217 273
312 375
52 215
222 73
34 16
247 19
276 291
358 205
95 343
325 182
355 263
274 202
66 243
174 334
240 241
235 337
269 34
23 194
37 217
34 60
234 247
223 378
345 289
178 149
267 240
156 147
168 148
217 58
274 331
110 48
309 308
345 111
19 36
156 261
75 13
272 129
100 94
256 10
150 159
101 298
55 190
224 180
52 70
55 164
142 343
234 238
27 14
177 204
200 268
73 41
275 395
390 186
119 246
39 120
153 228
49 26
16 109
210 267
334 348
38 142
91 204
295 272
140 237
376 137
170 284
361 289
109 294
349 206
51 133
358 183
298 126
70 245
42 41
288 238
19 17
82 299
1 71
338 6
80 329
214 186
121 387
282 307
219 205
229 288
52 16
284 181
113 204
341 135
234 258
259 380
37 156
270 313
60 84
30 287
271 124
386 108
138 343
367 8
277 234
188 128
24 168
132 182
70 58
379 347
38 364
277 124
53 339
147 94
209 382
192 350
337 57
33 136
338 341
383 230
13 328
227 169
215 320
387 202
185 102
172 320
206 225
108 84
89 268
138 36
140 306
227 264
293 303
313 165
341 185
93 55
302 79
46 20
355 227
90 199
393 290
176 69
97 245
210 263
37 277
125 331
68 6
212 369
183 236
382 205
31 373
376 308
245 142
299 130
307 184
145 77
362 193
125 11
56 11
124 223
73 259
42 78
203 221
10 207
212 130
23 26
86 394
368 222
98 44
50 303
60 174
28 11
34 106
243 208
200 199
175 384
164 231
8 168
242 43
32 226
172 243
78 181
227 332
316 146
355 358
110 275
196 213
88 331
36 264
347 199
285 350
369 90
99 275
154 193
382 227
226 134
182 359
286 53
269 302
350 379
73 28
235 19
101 189
217 257
186 68
222 225
49 283
226 48
212 303
77 82
131 390
356 38
335 382
105 249
51 136
191 289
236 332
55 143
91 255
140 268
88 102
54 291
203 183
198 42
65 97
121 296
186 271
69 52
103 360
305 127
101 119
258 228
226 258
232 237
375 152
155 14
68 388
151 386
152 325
120 394
133 289
306 213
177 134
365 335
10 128
324 190
185 288
128 194
31 35
5 391
177 339
295 62
365 279
265 139
126 241
348 226
62 54
171 117
146 90
182 267
347 176
377 200
317 258
123 155
70 266
186 191
73 31
294 61
262 5
241 216
297 389
395 255
266 305
312 176
40 111
44 19
233 314
312 88
317 42
119 224
21 36
243 308
147 232
328 7
138 48
207 366
81 118
119 341
284 184
246 162
394 260
278 291
333 154
124 35
244 389
61 5
281 153
187 279
386 299
56 132
270 90
340 196
192 244
9 208
37 335
369 164
19 290
283 30
274 31
337 309
120 302
300 76
138 285
181 156
235 172
208 136
52 22
111 300
211 373
155 157
360 165
122 83
327 387
336 59
102 392
278 155
96 1
373 345
284 43
156 100
78 299
291 294
243 201
113 58
251 278
77 218
163 307
247 92
241 104
237 257
31 286
38 285
51 187
246 114
86 336
196 391
146 156
108 267
128 291
190 351
110 5
228 127
219 253
2 160
63 104
368 277
288 269
337 177
18 201
175 129
5 45
127 163
112 363
215 118
337 52
13 100
191 48
204 111
187 211
254 244
119 82
61 7
262 4
91 110
314 344
133 316
360 89
381 304
256 93
104 112
107 11
364 23
32 85
31 255
172 219
110 59
90 226
276 343
86 152
134 172
349 317
141 391
297 138
28 203
198 263
225 14
92 263
235 248
339 321
164 197
317 128
272 28
117 348
114 213
265 295
346 376
97 309
312 120
357 11
201 143
324 372
165 21
285 126
142 163
100 250
267 297
350 44
263 380
363 43
263 39
281 232
322 344
388 372
43 53
317 37
228 125
66 375
116 269
316 327
390 168
198 151
164 341
190 46
23 261
193 246
10 72
149 257
191 220
266 313
108 392
300 310
59 77
191 335
183 391
228 141
375 17
381 10
45 391
122 119
206 112
18 160
73 22
160 196
61 332
14 40
146 31
184 316
338 13
121 226
195 272
175 168
289 236
224 380
384 286
274 44
180 203
267 29
379 113
289 249
130 337
63 39
33 329
239 262
247 248
340 240
229 69
77 283
311 228
99 224
112 331
209 287
47 73
393 96
369 140
157 326
190 226
141 28
256 8
239 47
358 22
131 15
67 146
118 165
282 349
288 319
41 4
125 320
192 22
323 102
272 172
89 248
381 211
210 97
249 366
344 383
215 333
205 106
10 292
73 85
348 359
56 253
26 35
260 216
357 128
186 282
211 298
68 276
299 64
80 65
385 29
277 135
252 267
314 374
342 99
144 252
346 212
105 377
310 292
274 91
236 316
298 46
277 21
353 42
121 283
92 128
54 43
329 175
148 149
172 296
81 152
71 173
153 279
239 84
135 269
158 63
229 16
308 362
216 272
310 233
93 33
275 317
180 60
234 350
383 393
76 309
348 191
282 350
63 179
135 165
171 9
186 300
41 38
187 68
336 88
74 67
106 341
311 299
18 66
113 296
13 271
46 285
178 377
197 284
2 121
50 292
354 7
217 210
35 392
347 342
312 12
290 340
327 135
278 253
23 17
110 262
171 78
128 64
279 191
88 342
371 221
204 129
246 264
238 7
268 346
373 364
193 94
51 255
92 235
365 193
38 1
121 379
331 136
63 135
159 107
35 17
162 289
288 232
131 64
277 9
258 336
357 36
146 70
335 381
92 383
41 322
70 294
169 125
165 91
333 62
68 257
137 275
202 181
54 388
144 284
11 292
221 340
59 247
346 56
391 65
391 44
68 365
249 140
277 59
72 66
19 110
267 175
362 271
194 312
36 163
104 220
330 32
112 67
125 250
205 217
250 73
327 198
22 347
279 368
113 125
259 159
294 243
170 289
264 3
86 49
286 165
359 228
356 170
205 55
231 324
383 32
69 190
66 252
183 289
77 47
323 383
373 123
7 273
95 73
216 288
166 10
156 315
117 232
196 309
231 211
242 275
284 333
316 51
104 204
219 109
57 122
136 26
189 369
115 55
99 258
252 21
259 183
346 187
381 101
231 263
367 387
391 242
254 193
211 364
104 74
211 21
243 320
13 162
301 179
227 225
227 241
99 58
352 129
233 376
222 50
209 240
86 234
89 283
75 36
90 264
7 20
230 387
355 250
43 133
21 97
11 199
232 164
352 253
38 24
208 95
185 345
10 25
135 371
280 249
230 332
109 93
272 165
237 297
193 329
3 107
331 257
219 240
229 347
395 114
164 188
68 351
151 210
175 322
251 92
107 221
39 34
44 71
16 240
294 323
199 116
177 267
379 183
231 121
291 12
220 170
277 340
118 88
35 271
370 216
41 274
192 266
350 42
100 327
377 19
191 36
35 304
9 200
89 111
83 251
395 347
126 167
219 315
349 277
113 34
108 188
27 370
123 312
243 27
213 368
345 219
212 386
203 139
251 351
33 296
229 394
141 1
27 54
44 231
238 264
143 333
259 4
224 133
367 335
56 370
126 332
304 323
144 181
300 252
28 308
376 59
130 240
137 2
2 98
107 264
25 29
271 127
61 193
284 158
93 23
224 264
271 276
175 196
229 65
70 6
66 390
363 289
315 312
147 392
212 140
166 171
239 247
299 257
105 372
34 337
300 312
251 161
324 201
246 304
74 193
293 121
392 298
36 308
86 257
23 367
11 85
320 391
380 103
319 155
291 218
142 174
383 263
55 186
57 51
157 164
255 347
118 329
112 171
350 334
71 69
348 139
166 328
362 151
389 68
253 138
12 1
124 393
288 81
187 63
372 241
363 214
17 380
184 36
247 66
257 123
252 71
390 201
316 264
247 354
68 346
229 236
301 99
348 389
302 46
339 65
163 166
377 388
236 41
381 21
334 72
196 81
355 105
200 300
284 315
103 157
313 35
7 135
31 91
170 281
304 123
356 105
6 114
327 214
52 220
169 275
385 248
362 88
38 106
180 49
283 57
164 117
199 329
228 360
135 237
171 116
116 89
362 141
265 235
121 76
21 343
365 49
35 306
324 214
260 372
57 69
318 66
231 193
272 157
393 232
303 238
34 208
39 378
322 206
224 275
267 95
355 125
308 255
78 368
91 281
137 363
160 359
139 98
7 357
91 39
229 238
76 242
14 66
210 268
369 247
154 301
258 357
3 224
149 366
72 143
149 278
131 389
347 372
199 48
325 270
202 389
217 166
7 184
201 339
367 215
169 56
279 322
261 121
260 369
116 309
160 343
154 316
127 106
350 73
350 317
191 13
157 194
322 133
304 337
365 349
152 111
362 17
92 97
94 336
197 148
216 351
229 330
297 222
24 343
65 349
95 15
219 101
126 180
393 282
355 11
98 170
382 76
101 151
148 153
27 320
148 322
391 149
74 87
299 323
145 280
109 52
116 26
297 269
247 28
118 191
71 347
167 215
339 151
330 328
63 5
278 310
216 198
277 273
129 210
170 164
75 214
353 62
377 329
377 86
252 113
318 158
335 284
377 310
374 233
369 267
95 213
335 184
98 208
192 186
388 271
71 195
44 60
7 172
284 282
381 103
141 46
188 31
146 231
365 118
164 279
297 143
76 324
223 200
67 9
342 366
289 168
64 249
256 357
123 344
327 79
209 28
118 217
81 258
212 105
293 137
97 314
280 81
2 165
203 244
85 273
168 192
348 313
232 115
2 379
349 370
204 205
40 313
302 277
349 134
287 192
175 305
198 32
252 298
345 262
15 94
142 235
244 141
208 111
372 22
24 357
103 331
394 252
216 178
226 47
33 64
113 325
254 72
98 22
255 76
146 205
71 131
311 286
261 133
10 373
100 306
139 127
393 259
90 233
310 121
89 4
242 348
138 188
321 134
167 137
87 278
350 138
260 387
289 18
326 346
187 184
376 110
187 321
394 364
333 142
183 150
323 347
389 181
234 185
77 285
314 352
94 160
327 27
165 270
315 198
196 100
224 371
122 259
93 182
352 346
42 232
81 156
101 69
393 160
392 217
180 78
72 356
172 80
236 335
175 293
30 344
136 205
2 130
138 108
309 82
159 339
291 71
385 26
274 378
199 100
226 133
177 208
51 132
187 224
269 103
230 351
96 244
192 261
167 394
317 338
74 2
262 107
179 191
83 322
303 125
134 32
236 322
251 357
29 117
229 350
145 279
110 184
