400
399
225 111
385 110
16 26
335 309
322 223
37 94
385 177
53 336
390 387
242 335
172 298
106 288
371 248
118 362
208 140
129 115
52 341
34 328
376 366
349 283
158 282
316 199
266 255
180 283
211 114
356 386
26 69
35 396
369 160
179 139
246 124
324 314
79 107
297 369
145 376
318 222
238 24
257 23
342 145
300 364
325 293
334 306
23 207
87 85
320 143
272 141
398 213
137 269
319 209
344 230
2 27
35 250
333 148
85 237
352 89
138 307
229 64
30 184
147 266
384 153
41 123
245 48
356 269
179 104
33 114
199 357
274 340
217 6
212 5
118 290
93 279
202 381
271 79
244 264
243 15
81 128
59 244
208 387
390 391
155 247
36 75
66 246
361 96
14 205
236 321
331 312
155 389
341 229
137 142
25 394
29 231
103 124
302 47
257 320
361 189
45 397
377 200
238 45
279 67
183 355
221 378
388 232
86 384
263 194
7 216
315 206
76 258
397 134
11 319
345 394
302 398
84 306
68 196
193 173
380 228
370 381
100 109
58 261
239 125
76 353
274 112
178 200
400 201
60 325
83 354
187 30
329 219
9 391
286 220
149 395
234 378
165 166
210 197
28 87
303 340
165 318
70 347
354 48
2 133
150 158
315 102
308 14
367 296
65 129
337 187
214 125
304 171
383 160
214 140
88 260
20 70
301 198
373 65
144 57
264 127
135 148
115 300
399 251
195 46
110 331
233 15
271 239
99 357
365 281
241 227
63 278
180 284
81 77
188 132
8 327
56 333
201 231
95 163
282 249
32 292
68 92
62 321
389 40
10 174
348 64
117 98
206 31
177 96
157 277
169 90
18 19
330 332
263 164
342 224
351 297
113 218
181 157
43 236
210 12
22 267
399 221
268 80
162 308
374 50
62 122
252 133
12 86
176 112
32 20
273 211
372 46
4 304
178 61
138 262
82 220
225 51
116 51
259 131
359 312
349 73
134 299
294 256
66 28
218 126
268 190
330 310
72 4
139 55
324 209
63 191
192 368
365 240
9 75
173 67
230 368
59 167
182 113
327 301
217 74
189 245
346 205
254 168
191 262
91 130
198 212
388 78
100 338
88 71
29 83
150 80
170 259
38 383
182 280
175 372
91 136
392 255
275 353
379 99
228 13
101 72
153 170
253 164
1 41
364 326
142 367
154 295
49 10
161 351
50 73
323 166
103 154
253 339
313 294
3 161
131 69
285 159
27 344
105 151
33 332
363 98
226 366
256 287
276 232
130 21
186 334
281 393
298 359
71 151
111 152
97 234
233 127
132 49
207 93
216 280
288 135
223 3
44 352
265 123
286 296
174 311
18 95
270 204
104 25
186 235
94 362
11 249
360 291
105 122
17 322
240 42
90 60
44 39
17 109
176 162
348 120
292 258
273 261
339 126
310 204
146 149
136 82
36 195
38 305
248 382
338 355
190 241
222 203
317 360
107 193
61 213
329 22
53 326
116 393
52 168
54 373
224 57
309 192
317 156
89 196
159 275
121 39
6 289
184 74
347 358
377 34
8 102
42 291
267 171
97 163
40 374
119 101
56 92
243 396
375 219
350 375
106 84
19 328
265 276
305 260
295 278
21 337
392 172
379 143
37 117
183 226
141 254
215 307
197 311
77 43
185 272
146 1
293 147
270 13
121 152
202 181
24 108
235 185
7 370
119 285
242 345
299 227
316 156
55 290
382 203
343 336
350 78
58 54
252 247
323 277
343 167
386 16
371 400
251 215
313 237
250 108
289 346
144 175
188 120
314 47
5 363
169 380
31 128
194 358
287 303
399
138 274
109 5
334 71
218 381
89 282
202 351
101 67
391 97
13 292
337 49
341 344
332 43
32 359
199 217
242 7
93 96
201 33
95 339
397 142
168 106
206 143
161 364
189 272
63 291
161 25
379 108
253 184
247 40
174 73
317 154
307 182
382 300
158 353
57 387
264 224
265 245
270 224
28 338
10 370
82 91
215 154
185 130
395 62
241 128
342 70
222 131
18 189
284 347
375 325
342 58
54 121
343 260
359 79
244 311
238 384
37 88
102 286
82 398
169 188
230 250
85 45
69 312
177 163
281 88
14 34
20 227
234 389
180 113
33 133
302 46
74 290
86 168
191 197
259 304
159 340
68 373
42 208
119 16
177 67
306 257
267 146
291 311
41 299
326 32
198 220
163 165
36 31
30 368
348 27
204 47
298 51
209 395
226 116
276 196
343 235
149 50
246 165
223 320
64 125
219 262
166 65
288 9
191 116
53 287
48 346
176 235
134 198
59 375
61 126
11 248
173 84
15 156
4 195
274 204
335 104
338 40
373 129
277 172
210 131
171 388
398 371
275 302
206 194
220 152
205 103
333 21
106 314
60 122
225 17
195 346
72 27
329 178
115 234
266 84
68 130
200 91
99 149
167 53
243 312
364 48
80 365
95 155
85 175
148 347
142 129
269 157
261 385
327 258
255 112
227 251
341 211
321 176
286 264
369 382
145 371
216 38
45 208
2 11
214 170
240 44
236 303
216 252
52 69
22 392
250 223
279 123
374 6
330 397
55 145
331 87
76 372
162 257
239 135
132 121
118 356
89 183
273 65
248 238
196 182
366 231
304 75
26 316
260 386
340 278
136 203
3 58
178 301
148 117
336 360
153 219
66 380
334 337
383 290
358 57
144 319
331 37
98 71
140 268
134 114
308 126
93 233
356 305
46 143
209 348
349 360
185 295
210 201
193 35
147 166
279 252
275 277
141 309
352 128
262 115
6 119
139 159
374 387
120 378
64 394
394 97
173 292
232 75
361 74
29 3
318 259
136 229
151 280
43 162
243 188
329 245
193 296
289 237
1 87
140 390
92 144
288 335
94 231
376 221
285 328
207 225
81 320
396 187
294 350
310 283
345 357
390 383
55 23
379 293
369 16
141 197
83 100
269 324
324 59
108 113
323 81
102 86
17 384
315 241
247 299
38 62
73 50
111 9
300 355
192 305
211 306
240 372
111 318
175 190
213 222
392 368
323 158
98 137
353 330
280 249
205 79
13 287
170 319
267 133
120 156
285 160
157 202
215 258
146 378
400 309
354 218
150 72
336 127
174 230
51 103
39 315
316 112
357 92
363 44
376 117
251 271
261 99
183 246
298 52
349 361
308 152
30 135
124 76
184 83
363 26
31 192
232 355
10 256
221 186
212 282
391 200
122 263
109 297
18 172
107 354
4 151
301 39
333 110
94 60
344 90
23 281
187 283
29 42
100 377
228 217
61 307
47 101
244 314
345 124
321 24
19 207
399 14
12 194
203 358
389 284
229 226
104 268
365 362
22 317
125 171
249 78
297 105
212 396
256 49
366 265
164 155
294 385
266 25
36 253
34 186
78 8
380 362
77 19
328 2
123 313
5 322
181 41
107 138
352 367
325 169
147 90
236 114
386 160
153 237
118 24
66 21
179 255
271 56
167 339
270 399
7 28
199 276
56 179
278 313
332 295
54 150
322 273
139 77
12 351
214 296
367 80
254 8
393 233
239 110
381 263
393 370
293 137
400 96
181 228
326 20
180 35
377 310
254 190
70 132
350 289
213 127
303 164
327 1
105 242
272 388
