400
1982
86 49
347 233
269 76
299 380
296 82
185 354
398 368
347 288
354 5
328 180
155 357
219 77
368 114
368 57
199 128
349 149
187 293
291 373
277 99
147 89
368 347
155 115
4 255
334 347
99 4
4 36
88 206
219 225
367 300
144 249
252 72
187 257
358 108
323 154
376 147
376 187
216 52
130 32
32 86
233 49
293 54
293 49
189 225
259 112
77 293
74 187
74 293
381 64
281 132
251 204
114 61
295 86
54 134
337 134
58 187
348 128
319 380
156 302
373 150
155 344
291 148
261 88
82 354
319 74
35 354
396 77
38 248
344 35
381 299
69 398
121 308
52 149
176 145
264 235
398 36
364 207
158 281
346 78
88 292
85 247
27 340
175 134
206 344
380 90
254 149
283 49
157 259
398 214
319 158
37 271
384 132
296 299
148 225
8 121
49 354
52 150
283 396
202 77
398 158
130 216
130 225
88 254
291 354
314 179
88 61
278 31
299 357
220 23
77 277
114 69
308 27
274 77
329 384
115 296
233 380
79 316
242 399
8 70
344 168
89 215
388 295
340 90
295 79
353 166
134 188
329 215
49 70
261 254
362 147
158 36
299 130
188 79
274 99
396 288
47 198
130 134
99 381
4 27
73 377
296 396
381 352
86 388
149 79
5 132
121 70
8 329
215 173
9 43
32 319
334 337
77 373
215 368
148 386
167 287
296 86
225 61
237 370
376 346
182 130
337 219
288 295
310 303
219 362
398 90
219 175
346 189
324 70
158 388
158 52
242 268
348 48
215 167
57 296
274 254
329 340
344 283
132 149
90 310
349 148
202 158
283 61
88 149
32 257
243 338
82 206
134 283
352 36
115 283
6 181
134 202
99 77
32 69
225 78
35 132
155 52
149 380
52 82
321 45
257 347
121 225
114 206
278 101
149 69
346 148
279 301
188 88
337 257
202 296
117 199
106 10
352 4
99 8
319 114
261 274
134 319
8 368
388 288
123 297
175 277
155 89
150 82
143 388
206 373
132 388
255 396
147 283
319 79
274 334
380 281
389 56
61 310
54 257
316 77
214 283
349 261
1 351
250 320
70 368
392 129
49 148
153 169
226 71
288 283
223 180
354 114
283 316
337 168
88 27
74 70
398 384
340 143
8 148
288 340
324 173
214 381
388 255
195 305
7 192
70 57
398 189
142 42
215 150
281 337
319 287
277 344
185 202
99 49
52 64
27 74
4 295
132 57
376 340
27 225
86 380
214 78
83 286
351 358
167 368
52 292
130 380
74 346
28 234
185 319
77 357
219 257
238 25
4 78
165 262
150 380
368 143
387 224
291 257
168 380
4 150
138 2
90 121
8 5
91 133
219 349
111 309
368 115
384 77
316 299
148 115
115 334
88 291
384 316
113 66
217 240
255 291
299 49
181 71
294 369
132 8
111 341
340 8
188 299
69 344
254 188
148 155
349 134
384 381
281 175
4 368
18 109
346 54
337 148
233 214
188 8
316 64
319 219
86 352
376 173
185 36
121 380
281 49
74 36
214 354
219 114
64 255
54 292
61 299
225 54
381 82
143 49
4 58
173 90
72 184
303 5
283 8
314 297
130 114
255 115
396 381
8 202
188 257
373 69
218 152
43 268
147 225
299 32
64 380
255 132
54 233
191 44
143 54
381 376
320 46
185 57
219 134
368 316
147 388
52 175
36 86
219 54
219 8
89 36
27 185
74 368
303 155
255 57
132 167
257 287
88 362
57 79
388 82
99 354
63 248
274 352
148 233
52 74
373 189
189 287
35 99
114 79
150 287
347 277
49 316
74 121
282 50
299 344
54 255
61 215
316 373
347 296
288 299
283 149
149 114
219 283
5 281
182 254
28 382
214 299
236 356
130 354
15 194
175 82
295 90
189 182
149 121
54 27
8 287
364 102
177 330
277 147
354 368
296 58
130 346
380 175
142 103
8 90
188 61
185 214
291 349
77 114
130 381
277 261
396 64
273 306
277 188
14 280
134 4
384 74
352 189
277 61
381 316
388 89
182 337
225 373
54 52
82 255
352 233
349 54
334 54
150 362
167 115
57 206
219 346
147 346
288 357
100 355
319 233
261 225
329 132
381 225
292 296
82 329
281 291
293 89
388 36
373 398
121 277
57 225
384 368
296 344
380 173
87 113
49 214
114 380
79 58
368 64
357 215
349 254
115 357
82 158
347 78
130 214
299 155
334 99
78 274
167 349
261 316
16 222
149 175
173 82
216 143
202 329
295 130
185 384
257 167
143 57
36 354
319 36
378 98
373 149
344 274
64 99
82 349
182 329
340 155
188 214
69 329
346 373
210 96
168 219
324 4
49 182
344 188
335 33
185 64
123 333
233 225
376 215
189 334
277 132
340 58
81 211
257 70
79 255
388 189
188 173
225 254
61 74
134 155
319 340
233 132
74 254
396 388
4 54
372 95
225 90
347 99
187 261
219 70
74 255
185 381
134 167
86 324
344 167
148 58
337 381
69 189
206 147
362 376
281 202
52 132
291 115
329 274
349 293
23 377
373 54
214 362
274 292
158 114
202 214
69 182
19 315
283 287
261 386
189 168
54 381
8 49
188 349
149 185
190 186
189 277
295 69
175 283
175 299
388 35
143 175
206 5
206 148
158 134
308 155
69 4
189 384
233 215
352 121
206 27
354 288
215 182
143 257
58 173
303 346
150 8
362 368
334 324
57 149
284 363
398 64
354 188
173 61
86 134
70 149
398 79
155 295
381 257
287 352
293 233
187 78
167 168
254 396
155 121
64 134
175 86
27 52
5 215
9 92
182 310
78 398
340 158
216 79
115 261
86 206
168 74
58 78
202 288
78 288
99 150
310 77
308 299
293 202
133 193
64 158
8 288
89 398
173 233
250 159
295 357
64 233
255 384
317 146
313 397
188 57
344 82
155 147
148 168
260 94
233 134
281 149
324 54
324 319
79 147
398 303
149 58
118 273
329 52
341 67
308 376
64 277
150 291
55 102
288 398
340 89
283 32
36 340
381 398
216 206
284 369
299 4
131 290
340 349
285 22
108 247
398 54
233 86
155 74
61 288
77 79
82 274
287 86
82 368
283 398
303 150
51 174
400 244
131 212
91 12
384 283
398 155
27 344
78 27
99 233
329 149
84 191
4 257
395 359
310 346
173 344
143 352
173 79
187 134
64 115
296 173
303 347
257 310
354 362
89 283
202 316
261 388
295 215
189 274
202 187
337 58
362 255
64 202
296 352
277 214
149 357
357 185
396 352
88 319
143 344
121 36
319 173
40 371
373 89
86 288
144 120
8 380
238 192
257 349
381 206
147 132
261 283
58 132
150 86
257 115
115 158
319 384
288 57
149 188
148 388
396 143
170 164
57 189
368 292
32 380
115 362
52 79
368 54
8 35
88 287
8 376
202 254
70 299
283 303
187 337
308 32
167 5
215 130
384 155
381 368
49 362
187 354
373 49
168 368
338 399
58 349
143 215
27 295
55 160
362 167
366 221
54 89
147 214
79 86
352 147
167 185
219 398
324 168
319 188
269 39
253 307
173 57
396 225
198 391
293 281
261 295
27 86
130 82
61 82
292 61
277 288
134 69
27 168
373 27
296 88
288 90
324 77
319 77
219 132
35 347
188 381
334 32
49 82
39 139
281 277
384 70
88 5
32 281
5 274
89 77
308 173
175 8
61 376
52 319
148 261
149 215
276 218
311 253
235 322
86 292
64 215
52 257
27 36
296 4
324 380
206 281
58 334
296 78
347 299
88 77
5 74
365 101
326 85
86 277
40 213
398 337
168 329
368 52
277 233
345 162
158 254
32 288
175 79
384 291
327 137
70 134
173 274
295 168
68 327
77 299
400 145
189 78
329 143
114 88
289 1
4 329
52 89
69 352
212 325
274 347
57 319
58 373
57 78
293 185
373 78
388 362
337 291
308 202
126 306
272 47
69 36
148 121
274 380
80 105
340 299
274 216
147 357
79 167
324 308
296 316
79 329
90 254
303 295
287 277
384 115
254 214
21 163
261 292
292 149
274 64
74 214
187 79
310 215
354 89
90 347
261 380
357 86
352 187
264 170
254 70
346 4
77 143
362 373
57 293
310 88
115 202
206 324
381 168
147 216
45 237
173 362
60 30
225 329
311 387
136 318
121 344
376 368
344 147
155 261
35 77
8 293
171 172
296 381
362 281
380 384
175 274
368 89
58 357
288 132
58 293
5 254
326 232
221 186
335 275
182 216
187 347
58 27
310 167
283 362
147 257
274 185
233 182
396 168
58 35
79 70
340 182
35 148
74 295
70 225
325 200
37 124
78 64
381 292
158 187
8 182
319 295
110 272
334 188
27 64
346 352
230 93
148 70
331 146
384 277
398 324
388 257
115 58
308 277
367 244
167 148
344 89
296 337
52 347
292 188
148 344
188 54
362 134
352 388
77 257
168 4
187 357
346 398
90 388
308 114
99 58
292 70
121 292
299 376
10 197
216 283
299 352
274 147
373 173
354 261
32 384
215 132
255 281
185 296
74 388
130 88
32 64
206 299
319 299
78 52
274 57
143 288
134 88
398 147
281 381
352 206
346 347
79 376
78 354
233 368
82 324
53 15
303 216
334 173
11 140
61 381
36 233
77 206
69 396
115 324
258 210
69 376
376 357
233 357
99 155
308 150
352 5
340 4
396 347
115 57
219 357
349 324
384 281
292 90
189 296
147 254
215 274
277 173
316 36
52 114
381 310
161 110
324 132
295 346
189 134
79 64
376 316
396 316
147 5
349 334
329 257
168 334
287 396
354 295
233 167
185 303
322 41
381 215
147 295
347 49
228 209
396 357
254 54
219 354
292 167
349 168
82 299
396 334
24 165
233 303
70 283
150 219
114 173
352 61
277 70
396 70
214 396
206 54
379 125
185 368
166 391
206 215
360 246
116 107
219 143
288 188
153 92
288 346
17 14
274 255
337 4
89 291
346 36
129 46
303 49
116 315
346 291
233 150
354 52
219 214
63 236
290 213
316 216
283 69
340 147
119 243
288 293
337 130
352 99
69 233
252 29
202 337
384 130
352 167
69 168
349 277
130 255
291 376
291 316
36 281
254 27
245 96
132 27
362 57
175 296
283 54
276 136
337 308
216 77
147 291
203 361
337 303
324 167
324 8
79 158
303 132
188 147
344 386
370 360
349 175
331 11
261 357
200 135
206 134
149 296
288 329
90 148
255 376
173 281
225 324
344 74
79 82
167 283
134 277
334 308
340 274
328 207
114 215
98 156
187 35
120 139
373 185
334 277
371 190
121 329
54 35
293 115
54 274
316 69
324 99
291 292
32 175
261 396
321 29
155 277
344 293
362 149
27 362
132 61
74 281
104 375
8 347
150 344
319 69
277 148
346 115
50 359
175 202
214 344
44 62
283 296
255 185
206 340
329 310
99 288
27 354
130 155
291 61
288 182
337 175
79 121
310 86
396 158
182 292
352 219
295 308
227 126
114 35
3 118
281 274
4 381
334 49
54 148
115 329
261 130
214 54
115 82
130 86
376 74
114 167
346 362
215 388
121 373
291 347
274 368
32 206
173 99
132 168
130 344
169 313
362 344
219 155
185 316
219 61
300 383
77 32
287 296
373 4
158 121
254 308
187 182
154 171
308 347
303 324
149 299
292 337
206 143
175 64
8 32
362 225
233 90
215 346
189 147
216 288
354 77
150 188
132 225
168 308
303 36
274 89
352 368
225 388
287 69
310 288
336 205
69 86
319 349
347 32
87 19
396 219
130 150
362 82
381 5
274 158
332 179
78 150
150 121
143 334
122 97
287 148
293 381
208 97
49 296
172 109
287 202
27 57
334 82
121 281
215 257
34 267
233 334
20 16
90 52
368 78
88 70
340 368
74 4
346 324
376 86
4 225
384 214
292 354
27 158
291 158
173 398
324 368
114 254
337 319
187 340
189 344
5 155
245 394
386 389
147 255
277 219
214 295
168 373
301 178
281 329
274 4
299 143
349 283
99 167
77 292
255 35
27 5
280 31
373 287
94 258
114 49
292 376
27 349
344 288
298 174
173 287
143 70
173 329
77 132
157 262
393 394
57 158
69 175
308 274
182 299
388 79
206 337
8 89
4 291
5 89
150 173
206 90
357 32
214 64
185 35
295 77
373 158
148 64
168 216
143 82
21 81
202 398
64 143
230 51
368 293
381 295
130 316
83 304
114 150
344 32
79 134
295 216
373 35
255 334
257 254
339 234
372 330
334 354
384 182
308 77
134 182
277 354
368 35
216 254
82 233
362 324
188 121
149 310
293 308
286 302
292 303
381 148
182 175
287 398
52 324
274 354
8 296
310 388
8 299
216 185
310 36
396 319
362 52
132 354
339 160
287 121
355 112
277 346
277 337
88 349
168 214
99 132
293 36
201 231
74 274
233 310
211 271
8 295
303 114
274 310
78 134
354 287
380 352
376 288
61 303
292 295
373 182
385 65
357 206
196 249
388 299
261 90
291 175
319 149
59 162
337 69
266 231
149 27
115 8
99 292
219 185
287 143
130 5
310 8
69 206
79 349
90 381
61 380
187 130
134 255
173 4
77 344
188 27
291 296
398 150
350 241
132 293
379 382
215 27
35 121
36 49
70 188
185 206
226 312
8 291
384 347
182 308
68 2
363 317
214 143
334 352
281 287
384 54
52 61
347 121
149 187
254 86
366 194
214 349
26 393
8 79
261 347
32 337
114 27
57 380
293 32
121 319
375 209
287 61
70 147
368 150
277 5
220 48
185 324
293 277
36 257
90 344
316 319
143 182
346 5
215 277
255 381
27 79
354 206
288 158
216 319
89 64
27 292
319 362
357 82
380 329
283 368
89 296
69 292
346 283
384 225
324 255
293 388
214 57
287 58
305 12
233 185
86 121
324 155
319 61
143 114
215 134
285 20
78 277
13 25
173 219
261 185
149 4
32 373
392 265
232 263
381 150
88 150
214 8
296 373
346 61
296 5
216 257
216 255
274 384
223 140
219 288
233 388
5 189
206 121
150 35
121 349
168 32
78 324
8 82
61 384
7 138
134 90
362 77
35 329
225 295
281 216
187 291
357 52
90 35
158 35
188 329
343 312
177 333
216 49
298 17
49 132
69 216
88 225
150 288
175 316
121 132
380 155
349 64
214 257
64 5
384 337
155 78
270 265
90 296
175 168
178 125
52 293
349 299
352 362
32 149
130 303
57 291
115 344
149 167
203 100
158 261
121 255
385 117
168 225
233 5
291 188
5 182
173 182
175 308
84 93
261 147
296 35
99 225
115 35
215 337
282 56
398 292
158 277
141 263
214 329
346 182
175 388
267 217
132 143
77 173
241 80
77 185
57 381
57 187
308 255
148 299
373 74
368 349
130 121
75 266
132 373
277 27
121 99
49 158
152 240
287 381
27 261
216 155
77 188
233 296
36 147
185 346
308 288
287 70
99 319
219 58
277 352
380 215
291 329
150 216
132 134
5 376
58 261
5 329
257 79
183 270
347 69
233 283
90 187
22 135
149 168
354 384
185 132
287 295
115 215
34 361
396 185
61 187
185 173
54 36
168 155
352 155
219 130
277 54
233 255
76 365
202 149
201 119
77 27
346 316
69 121
357 88
323 60
18 275
189 215
299 292
88 69
390 229
299 185
308 167
184 3
292 254
219 57
86 340
214 373
143 158
287 357
380 167
349 86
334 8
216 277
121 376
151 336
295 324
352 77
130 362
24 374
58 5
398 380
373 175
176 30
167 57
173 316
308 188
86 396
388 57
283 114
70 150
52 148
349 352
173 155
329 158
261 36
155 167
303 334
149 381
384 292
168 88
175 49
148 182
362 380
205 260
99 337
64 167
256 307
299 150
122 353
352 173
148 292
334 121
373 88
36 215
78 254
283 173
316 344
208 256
384 349
354 257
49 274
345 26
287 158
373 303
36 277
296 130
158 148
90 281
310 27
150 149
340 150
150 310
4 57
295 149
216 115
296 354
288 319
346 354
75 73
77 233
308 90
82 352
183 246
134 5
206 388
257 134
167 70
281 357
148 396
74 134
32 88
316 187
225 58
384 168
356 309
163 107
277 79
283 206
42 161
158 8
53 251
121 340
70 99
182 78
346 167
61 202
99 308
281 233
6 66
99 69
219 255
115 70
277 396
396 368
164 127
219 316
215 32
239 395
173 86
189 216
150 277
74 334
308 352
342 383
347 27
86 344
69 82
64 303
292 373
99 187
296 214
293 182
380 303
303 349
175 115
283 78
90 368
329 74
143 74
214 90
225 69
193 127
308 88
303 54
216 347
158 78
349 143
380 277
277 115
255 27
228 33
334 88
216 188
114 64
64 354
283 82
182 74
167 296
204 196
368 36
340 261
115 49
195 13
158 347
214 134
288 287
64 376
215 70
396 121
88 35
225 173
149 77
155 362
216 36
115 173
115 185
167 219
99 261
368 88
303 167
151 332
398 27
130 79
324 299
115 143
185 168
124 67
347 281
27 293
299 88
296 357
143 281
281 58
188 255
227 59
36 134
173 189
134 296
324 233
158 352
219 340
347 254
398 175
5 257
384 175
49 219
188 32
381 35
291 357
215 398
88 90
173 299
115 54
54 216
329 316
337 77
229 38
202 90
49 357
334 388
388 27
347 188
293 167
86 202
32 310
279 103
187 287
27 303
380 89
90 299
206 346
318 224
261 215
289 65
362 99
296 340
41 222
159 105
374 343
99 52
143 254
334 292
147 296
130 58
398 362
299 57
346 77
310 64
380 70
8 147
376 148
4 167
57 69
378 137
141 104
396 58
295 373
396 32
340 254
74 167
155 61
78 79
197 350
294 95
381 115
155 283
35 293
281 396
362 54
130 158
114 287
388 344
4 384
340 88
254 291
254 36
69 54
319 347
175 54
342 304
5 99
324 130
106 239
390 62
188 52
52 35
1999
250 378
12 53
378 271
319 84
303 29
377 11
279 388
60 355
264 20
387 116
22 206
22 25
277 101
279 264
101 29
209 215
263 388
234 305
104 76
149 20
250 208
208 29
9 13
113 50
273 33
130 388
135 263
48 103
142 140
97 256
11 119
396 193
355 264
331 184
140 49
33 119
119 13
84 25
60 222
29 97
130 48
296 116
140 21
209 165
112 280
167 16
80 378
363 233
153 149
80 387
242 60
121 295
76 105
56 271
121 384
296 203
97 202
117 382
91 97
93 45
28 171
377 20
29 9
130 119
370 84
208 80
232 303
21 84
367 100
91 279
196 259
264 345
29 355
291 273
279 199
13 49
202 232
199 121
9 319
130 117
242 25
212 206
80 229
104 377
242 301
301 135
229 29
80 105
153 104
206 135
99 168
336 101
289 182
384 44
263 168
387 104
215 49
301 34
60 273
345 99
282 30
13 295
226 250
155 103
6 256
21 23
377 280
199 10
95 174
336 387
384 15
295 117
301 56
33 355
84 13
117 10
171 226
215 222
228 25
351 291
126 10
44 135
279 215
133 196
228 155
226 130
209 351
235 177
21 117
370 250
171 149
202 80
140 354
168 10
100 271
65 68
130 336
377 60
77 226
199 303
301 291
367 99
171 117
140 319
119 112
379 276
325 145
295 271
301 199
168 97
140 20
153 222
253 243
57 20
252 126
9 295
392 268
16 324
274 386
340 390
215 112
319 291
149 105
303 60
62 206
336 20
28 94
23 100
264 291
165 199
48 44
126 314
318 337
250 382
126 212
19 364
77 250
256 295
22 97
355 348
295 100
277 117
165 271
13 319
97 354
91 135
94 273
165 91
273 263
80 130
183 73
84 142
9 354
279 336
11 345
291 34
23 336
367 121
391 11
280 367
95 223
132 147
222 23
104 301
202 105
121 22
303 23
377 208
206 149
255 341
355 171
302 244
207 256
28 291
142 212
140 117
271 314
57 10
94 29
343 302
201 158
203 212
150 249
33 135
44 155
391 378
49 155
103 56
391 207
351 116
105 117
351 168
131 164
251 123
80 288
208 354
319 209
192 214
33 76
280 382
60 354
60 168
130 199
391 6
142 288
15 226
222 10
222 155
25 29
335 79
124 364
209 206
370 149
206 11
121 44
92 58
351 103
391 295
256 377
345 77
291 208
203 391
387 140
41 166
250 277
336 100
348 345
99 28
321 170
21 291
226 295
11 319
279 153
56 171
203 49
336 242
21 264
23 84
140 209
375 55
271 10
220 98
9 382
336 126
28 121
389 295
80 25
168 48
356 227
315 262
97 250
76 199
389 382
100 104
94 9
84 48
72 241
142 101
100 112
44 354
140 15
273 348
119 367
13 10
94 226
202 271
306 218
367 222
85 293
370 271
6 232
119 116
296 23
48 6
121 103
112 165
288 48
273 57
387 354
142 60
320 189
217 216
29 103
44 389
13 226
15 273
277 119
207 142
208 336
15 22
209 228
4 311
303 99
388 149
237 166
384 29
295 11
135 6
77 296
229 112
62 370
348 199
11 207
34 348
25 388
242 370
207 28
48 62
135 215
57 203
228 94
229 319
21 354
176 316
9 77
126 232
23 15
340 81
215 354
165 212
280 391
301 155
97 140
387 208
199 80
291 168
57 388
336 10
11 117
94 391
391 202
271 288
161 369
119 212
15 48
319 119
13 388
345 44
387 155
345 130
163 154
48 34
206 171
277 389
99 256
117 226
119 288
389 208
121 222
229 389
117 99
382 77
355 168
115 240
135 336
28 126
129 297
351 203
103 202
303 336
44 355
382 377
203 202
57 301
116 104
335 316
202 57
22 77
271 91
13 22
103 387
256 168
366 148
104 314
28 354
296 155
384 126
232 296
168 112
389 112
295 80
73 218
228 222
348 130
142 76
271 99
105 13
116 389
280 355
388 229
91 28
280 228
273 279
208 168
215 142
209 153
256 126
77 48
202 116
77 171
314 351
105 49
377 387
149 130
140 229
77 242
365 124
288 202
319 301
111 359
387 370
83 127
97 23
103 256
228 20
119 84
336 57
355 377
6 351
44 232
62 212
44 165
71 225
97 295
130 355
395 283
20 263
97 226
149 202
48 264
91 348
104 273
355 208
228 56
301 6
62 273
229 25
176 167
28 100
339 188
280 34
384 215
13 391
21 100
44 103
148 363
2 324
34 202
250 21
26 216
296 273
84 280
25 295
11 168
367 94
291 203
319 28
94 370
91 84
126 99
242 10
296 280
80 20
287 380
345 100
171 23
9 10
291 345
291 355
208 203
57 6
208 252
206 222
256 348
20 49
142 319
25 264
271 301
326 125
102 349
34 119
62 155
247 81
104 165
323 274
28 384
171 103
351 199
44 242
301 28
264 126
130 206
149 10
384 228
119 271
199 202
119 291
28 367
291 303
242 203
203 264
77 117
212 99
229 94
203 303
215 314
273 256
395 376
370 229
48 28
112 199
10 345
199 49
33 155
143 331
112 273
378 34
9 212
76 60
370 77
332 182
29 62
336 25
158 337
351 13
155 264
76 97
338 161
49 277
109 190
171 168
155 351
248 160
250 23
84 228
104 207
153 84
291 171
388 15
226 104
208 97
203 153
4 162
250 33
168 44
15 336
319 279
303 56
370 48
206 288
370 212
291 209
71 181
77 377
389 288
367 33
367 391
228 199
208 215
212 277
391 348
203 252
312 181
228 168
345 319
199 28
288 252
9 100
209 94
229 6
388 142
20 382
330 342
97 153
382 142
384 6
352 170
165 117
94 384
387 25
398 151
209 222
44 62
367 291
103 21
354 288
9 57
94 62
20 232
378 212
121 117
76 203
215 303
168 130
355 252
348 44
112 263
35 397
263 229
36 82
263 29
296 80
22 135
256 215
173 339
279 142
378 97
326 373
25 279
173 96
28 140
355 99
76 25
199 314
229 295
22 319
207 29
121 84
242 9
256 367
135 303
171 207
171 212
389 62
165 168
222 296
263 60
256 222
33 382
49 135
155 391
219 393
384 314
84 226
91 384
314 57
34 277
215 25
336 62
206 117
222 101
279 202
303 103
57 345
273 149
384 33
6 222
208 23
105 101
54 164
157 260
99 15
130 142
84 49
195 217
250 48
378 15
301 212
130 29
212 153
28 84
348 104
252 202
344 195
263 9
384 389
21 105
25 382
348 100
94 135
100 44
149 25
92 350
295 319
291 295
100 91
9 155
208 21
336 295
226 280
222 232
384 57
252 242
378 101
354 336
354 242
206 91
97 271
155 29
168 345
295 112
142 77
280 277
285 43
48 100
15 57
100 199
277 351
104 105
121 226
354 384
209 336
21 9
378 226
351 242
130 387
348 155
228 97
151 231
88 300
9 226
65 385
280 250
384 303
49 264
21 280
83 322
291 56
351 207
11 33
155 22
117 62
273 140
70 180
207 21
347 31
56 80
314 229
303 378
256 104
272 185
256 264
142 44
389 135
112 121
94 49
264 34
97 77
277 135
252 28
226 119
319 264
277 378
296 207
97 382
121 11
208 84
215 15
100 222
367 22
345 22
15 250
370 49
116 165
116 142
236 90
130 389
271 171
183 213
400 162
22 126
126 57
77 301
303 116
130 228
319 273
87 308
48 391
206 20
345 288
10 116
20 378
229 303
28 117
117 97
157 88
382 378
60 378
232 277
250 314
97 15
100 135
301 119
206 314
11 203
13 80
206 203
117 314
80 351
49 348
384 252
396 59
345 34
33 97
112 378
209 389
228 296
322 262
153 391
209 100
384 280
28 355
351 10
91 212
277 377
60 391
355 20
296 301
28 168
57 215
104 250
269 130
48 345
288 263
238 323
273 135
205 30
94 13
33 256
273 155
301 351
382 207
295 77
377 21
291 80
126 23
20 25
116 103
202 62
34 29
171 222
250 22
15 11
279 10
232 228
190 102
387 271
245 220
101 21
226 126
165 97
149 94
178 321
130 112
44 29
295 60
104 103
184 63
33 222
48 382
232 242
351 29
116 57
119 207
226 288
75 251
270 114
354 48
348 105
382 208
348 232
94 345
119 378
49 336
55 108
48 171
116 264
142 62
28 103
295 345
153 28
319 215
399 38
203 62
226 203
10 370
153 21
97 11
149 101
314 388
149 354
393 233
25 345
264 29
9 25
11 384
117 57
354 232
382 22
295 232
208 25
209 387
319 15
116 149
367 389
377 140
367 252
155 105
379 333
104 388
25 384
244 93
348 119
140 135
140 34
110 390
202 354
44 388
250 273
374 3
203 91
203 142
28 345
117 56
273 48
242 104
314 355
33 101
271 21
48 389
48 226
104 367
314 121
370 100
84 303
56 242
136 313
209 288
126 367
130 60
112 256
273 215
232 301
112 21
104 264
279 99
48 135
10 105
209 60
350 261
6 13
20 119
242 13
252 140
327 246
210 18
116 34
105 84
303 25
296 97
303 100
303 105
229 264
156 304
61 342
119 203
273 377
91 153
221 120
94 215
293 143
84 44
277 301
229 256
135 23
296 11
271 80
103 388
62 303
384 22
23 49
57 296
89 137
310 237
13 296
13 140
296 142
355 84
271 44
250 389
207 91
153 165
384 222
280 314
29 212
103 348
319 232
91 25
110 372
215 28
378 370
197 90
116 319
389 57
80 345
202 263
389 168
28 49
301 11
356 35
140 232
372 239
149 351
301 273
319 296
142 168
384 77
264 208
128 72
130 279
336 377
27 66
126 49
273 165
119 345
130 23
112 208
345 228
377 56
199 387
367 57
351 77
99 370
291 256
361 8
377 168
230 383
80 153
149 56
212 207
209 273
6 99
241 243
215 280
345 252
99 203
377 388
242 121
33 13
222 104
203 77
242 100
121 168
10 11
228 76
76 208
391 140
91 48
33 121
126 20
348 370
20 280
280 252
117 155
34 319
389 22
100 29
77 199
135 155
42 67
39 235
279 367
84 263
345 301
58 113
228 62
168 378
367 135
117 22
295 155
370 314
355 232
209 280
355 135
295 56
116 76
271 222
295 10
56 84
9 80
165 206
348 10
256 212
228 314
388 94
226 252
57 207
134 54
84 94
271 206
76 126
298 353
277 28
301 140
188 74
48 280
207 199
329 191
307 70
355 277
121 303
387 263
171 391
214 267
250 207
56 101
208 171
107 313
215 126
130 56
135 354
256 242
9 76
82 261
361 132
296 226
384 355
277 203
389 271
117 15
76 34
103 119
271 263
273 23
219 275
11 303
91 49
103 100
226 103
140 62
101 273
378 105
367 382
171 264
39 5
292 123
91 116
304 66
273 25
135 97
168 202
388 171
336 119
359 74
64 12
101 229
20 203
135 10
355 271
29 105
44 228
57 76
168 229
391 279
229 103
121 57
315 245
296 135
62 168
282 40
126 208
149 15
112 80
130 273
108 260
228 378
226 351
252 116
13 354
119 80
38 325
75 194
174 317
80 155
103 280
208 155
332 42
153 48
28 155
29 256
8 213
23 256
333 154
345 203
279 226
378 296
153 142
149 384
121 208
105 212
103 76
384 271
11 130
202 319
22 199
101 215
117 232
112 6
149 263
99 100
256 142
387 11
250 149
202 84
15 76
99 20
171 295
229 207
11 23
338 346
130 121
20 252
206 277
165 229
97 319
60 382
370 104
135 171
130 229
62 354
311 334
207 288
121 29
25 135
117 209
117 168
226 228
155 271
67 210
142 226
319 6
28 280
355 242
77 60
222 168
29 28
135 126
351 112
20 199
280 171
56 20
76 155
114 306
232 57
291 44
209 91
48 222
84 382
62 264
171 84
301 355
126 6
252 303
250 377
336 319
41 292
141 289
77 11
194 138
101 370
250 94
49 29
24 152
104 57
232 226
303 13
149 271
273 91
77 215
371 357
365 254
283 134
44 25
49 319
23 288
48 384
259 106
345 303
63 129
252 263
86 343
9 378
263 228
28 206
384 232
246 26
101 295
49 77
377 49
252 29
177 394
202 314
388 62
94 206
56 232
384 377
187 193
229 228
351 153
296 49
336 199
171 256
296 351
33 271
273 99
232 391
126 228
222 226
140 60
206 153
377 301
367 288
119 121
159 163
258 40
277 279
308 329
211 47
207 242
203 103
209 296
384 348
20 387
119 49
6 378
384 21
22 378
202 228
101 263
149 44
130 6
103 168
11 252
21 28
140 303
9 388
277 388
273 168
384 301
22 165
103 135
295 370
140 116
147 399
33 104
77 23
91 149
279 11
117 101
247 353
99 142
377 212
370 9
257 2
64 198
301 215
99 105
145 185
126 130
57 77
103 389
155 126
288 77
17 50
264 389
80 84
336 21
9 33
84 242
97 57
275 85
232 135
355 378
209 142
15 389
366 362
29 387
25 119
295 103
203 207
9 367
106 36
209 44
378 76
254 265
368 286
204 45
355 351
370 57
367 378
156 398
121 10
49 6
229 23
104 355
101 20
252 130
209 279
281 375
105 388
264 303
53 178
44 279
242 23
34 15
209 301
165 336
319 171
168 296
97 112
348 250
97 48
11 388
314 15
256 208
97 348
215 60
391 112
10 155
207 76
78 298
199 288
77 140
288 13
6 103
252 23
209 242
91 117
242 280
46 317
101 140
378 57
155 140
301 263
279 345
354 112
228 121
258 187
121 13
169 334
222 250
23 389
76 296
105 22
44 101
351 105
269 146
11 112
48 256
9 208
199 271
34 367
25 34
11 57
273 206
49 21
250 25
388 228
228 382
116 94
76 100
336 345
351 288
153 99
291 153
33 232
153 252
314 142
301 378
242 296
126 56
229 345
33 168
153 389
51 358
199 23
77 273
10 34
250 153
103 142
360 160
319 384
116 222
84 384
228 117
119 228
186 267
264 56
387 232
277 382
384 76
367 21
278 349
77 256
314 76
314 301
351 28
391 99
142 202
126 206
155 171
60 232
294 136
319 121
11 351
34 314
56 336
200 397
121 23
388 140
212 384
378 25
206 76
119 22
378 33
137 281
297 175
48 202
309 204
296 56
25 351
223 127
212 336
384 202
301 103
336 29
34 155
277 314
80 215
119 256
277 242
121 296
21 206
33 112
199 101
378 94
10 319
21 222
128 37
256 250
279 168
279 135
202 296
288 303
250 355
273 28
207 301
101 171
208 202
240 305
23 319
155 21
351 280
56 29
301 13
249 115
62 57
354 20
354 206
303 34
384 97
207 277
232 389
202 295
91 99
384 116
222 229
119 57
153 15
271 215
14 120
242 99
62 263
345 277
384 62
11 60
159 318
104 288
226 105
367 228
384 345
212 209
186 5
112 101
29 296
165 263
76 354
252 348
295 354
172 368
203 229
355 49
165 388
207 387
168 76
280 76
250 11
15 10
271 209
385 1
271 104
263 370
264 94
199 215
355 11
165 355
374 248
80 104
14 294
378 389
112 209
6 97
391 273
202 345
290 52
288 28
295 384
21 34
146 400
358 211
21 215
225 200
3 197
140 207
288 56
191 7
291 94
296 206
84 389
11 126
377 15
13 149
104 389
15 206
69 86
226 20
76 22
171 112
229 202
37 380
215 153
370 34
101 11
360 276
111 234
250 20
51 369
319 199
171 80
135 314
355 354
155 94
370 117
387 84
22 252
330 150
288 171
381 394
205 357
168 153
112 28
155 6
354 291
198 238
279 105
367 149
103 345
391 208
354 29
256 94
107 231
264 149
33 314
387 279
142 228
367 112
21 171
99 22
91 20
1 47
25 354
60 271
388 97
130 303
43 109
100 252
153 13
80 33
20 391
279 23
25 94
29 11
61 224
203 384
382 336
256 116
94 103
206 48
104 203
20 44
354 263
48 212
222 44
199 155
209 23
207 15
125 383
112 207
264 301
116 15
291 228
320 257
291 296
271 348
287 78
18 32
264 10
222 252
377 199
212 23
22 49
9 171
121 25
56 222
100 101
153 367
253 266
388 252
346 328
299 284
22 351
168 207
49 345
171 277
48 387
21 60
99 62
345 97
121 273
49 207
295 252
153 9
142 20
250 367
138 347
103 60
224 392
228 215
13 62
296 84
44 77
377 44
149 80
56 165
295 203
126 153
389 9
33 295
370 28
23 48
226 11
135 60
49 104
122 169
69 19
25 271
28 229
391 314
226 34
242 389
142 121
24 284
13 101
118 122
112 291
391 22
227 179
222 378
373 312
189 96
273 84
117 355
104 303
232 215
376 221
296 48
242 165
56 280
49 256
273 264
34 121
215 389
226 29
255 172
77 94
389 263
212 94
91 250
271 382
152 59
77 135
112 388
105 296
31 141
232 206
273 117
301 279
199 29
84 33
367 384
386 299
105 288
62 105
291 23
104 112
25 212
389 28
209 57
215 226
171 351
84 256
344 144
250 387
6 209
57 80
348 28
44 6
242 271
207 117
300 131
97 209
215 264
60 348
13 100
215 203
236 230
264 348
252 271
101 209
279 206
80 280
22 291
44 370
15 13
140 203
279 354
352 17
22 296
139 362
79 87
165 391
381 27
142 105
6 355
168 104
208 13
60 226
44 203
97 263
11 314
116 288
56 155
296 104
377 202
229 84
285 307
345 280
270 266
62 345
98 52
387 126
142 104
263 103
179 310
208 378
256 20
319 126
206 391
130 264
256 388
56 25
112 103
149 301
168 34
126 378
209 252
228 250
215 29
256 378
327 180
226 277
215 355
7 239
57 263
99 76
391 135
226 80
171 33
126 112
295 76
28 33
264 57
76 319
15 232
201 133
288 391
277 104
354 119
68 286
105 171
11 171
155 84
355 389
112 60
314 378
389 149
192 32
23 168
206 104
290 328
384 119
384 207
13 271
309 371
391 389
355 279
250 99
279 34
382 351
139 144
165 252
49 76
9 256
126 301
272 46
13 250
288 15
23 34
6 94
256 155
140 80
116 155
341 89
226 135
22 279
49 15
279 121
388 153
278 118
9 336
348 168
268 175
94 23
263 22
291 348
23 367
76 165
13 25
56 97
