400
399
238 187
198 296
284 381
330 336
126 134
58 348
121 326
341 90
337 129
359 214
244 221
325 203
144 3
116 268
382 390
39 305
392 8
281 125
183 202
223 156
235 78
219 311
26 249
258 185
146 248
159 355
231 269
55 183
2 322
341 191
218 337
66 265
192 159
378 271
373 192
81 170
200 14
78 366
353 41
336 188
263 302
207 168
130 193
202 389
131 103
40 179
164 190
151 182
234 375
213 19
186 83
147 137
4 117
240 100
165 252
167 299
44 359
95 394
393 203
391 33
224 288
177 356
331 322
194 389
287 272
257 124
277 79
167 109
126 131
1 249
221 363
11 54
175 70
225 30
372 328
234 92
56 97
308 219
380 153
57 389
44 208
102 211
26 339
327 278
337 32
387 384
395 23
307 110
339 319
5 345
113 230
29 163
135 247
294 88
394 276
181 209
196 263
205 28
316 79
219 281
59 241
99 226
215 173
122 80
120 60
148 8
74 131
130 340
382 86
24 310
179 180
138 233
88 338
204 177
232 26
228 147
298 304
345 349
363 374
178 400
123 283
52 348
34 67
91 89
148 174
211 242
353 161
384 59
114 131
234 224
395 343
186 45
285 34
164 71
245 290
64 377
41 183
376 282
219 71
341 346
105 85
118 239
18 118
384 173
122 189
98 194
19 334
169 299
33 39
26 367
332 375
61 53
358 201
373 171
70 62
157 243
153 261
214 354
282 154
33 209
36 136
128 122
268 217
400 64
245 69
243 87
210 222
88 23
200 255
246 315
8 49
5 38
253 236
319 250
106 181
90 179
284 342
95 121
324 108
362 143
151 149
265 346
260 169
124 13
278 379
17 326
294 239
394 330
37 270
178 164
370 17
111 128
256 6
243 269
24 158
264 17
42 198
13 200
206 216
349 12
333 327
238 266
48 75
50 92
311 182
22 364
137 312
392 306
318 63
68 160
396 400
109 50
30 229
355 139
20 83
55 12
376 362
175 287
152 101
341 354
127 217
140 86
178 320
236 163
207 108
192 308
211 40
86 27
172 340
343 48
215 334
36 301
83 364
68 353
329 141
108 30
363 117
152 220
206 212
361 43
290 141
176 303
138 235
371 59
57 11
259 392
324 76
77 321
52 65
312 396
379 305
380 11
31 377
79 218
186 227
35 383
398 376
119 150
62 163
100 81
322 237
316 144
352 341
91 122
136 185
304 285
115 105
206 96
318 386
269 370
385 195
290 255
51 24
34 149
256 310
300 199
74 7
337 216
293 119
280 223
107 202
248 16
155 399
46 358
269 81
351 71
56 157
279 11
310 25
246 81
205 252
150 359
275 120
366 185
332 25
83 230
348 244
347 229
195 67
226 43
21 297
110 34
84 42
366 82
247 226
199 386
235 286
358 270
350 374
32 256
136 267
53 372
335 271
397 90
2 142
145 23
139 94
147 368
9 156
75 72
127 123
278 10
339 251
331 265
299 360
368 104
57 347
135 155
273 194
60 189
270 197
354 309
291 245
388 213
350 149
289 343
282 187
197 166
132 255
133 130
385 127
91 369
98 342
74 162
295 391
35 269
342 87
196 340
328 159
261 297
180 314
302 254
365 59
344 353
73 388
250 169
384 331
222 321
393 41
127 184
147 146
143 27
317 253
291 118
199 391
15 289
5 323
228 262
246 358
101 132
29 382
291 112
15 157
25 205
274 120
131 348
323 296
1 295
241 390
186 68
385 47
31 170
286 91
271 241
189 216
393 150
176 340
101 280
254 319
93 44
195 292
19 306
357 269
204 164
391 135
292 115
124 313
236 386
222 109
399
48 8
383 258
15 72
79 263
238 328
79 8
76 96
377 321
168 262
71 383
163 324
145 225
310 319
3 342
118 354
28 55
105 90
378 345
73 71
253 15
123 197
347 133
260 388
275 347
50 293
311 148
183 315
181 53
179 382
54 215
242 369
267 266
237 121
150 165
323 377
305 216
190 160
111 256
367 32
388 247
247 368
72 271
122 371
176 387
83 129
301 191
134 372
293 189
185 379
51 143
387 274
229 227
244 107
386 337
138 16
236 341
271 334
286 362
314 11
226 23
140 29
30 25
127 141
135 16
155 298
296 152
373 136
46 294
307 58
281 190
27 343
216 94
166 324
44 146
187 161
259 171
253 166
152 44
200 239
175 147
199 370
249 228
219 292
357 176
164 245
190 152
375 47
251 338
22 265
371 41
302 389
260 117
68 350
97 177
32 201
170 395
363 307
365 63
118 31
221 69
89 102
374 284
392 304
290 67
112 77
279 369
252 313
86 30
172 155
192 368
134 149
176 186
330 238
46 212
243 289
103 330
64 156
321 18
192 1
351 339
128 265
242 378
397 153
122 207
218 21
198 325
332 129
334 237
158 14
387 131
297 126
103 233
71 175
326 35
128 219
235 39
315 5
254 378
114 268
337 50
261 320
152 174
291 234
52 250
158 307
29 59
103 107
201 193
264 58
327 366
189 2
178 28
213 224
68 198
15 45
300 25
26 320
191 109
177 364
291 390
113 23
65 285
236 158
269 338
185 269
34 264
339 70
344 142
39 283
320 342
125 81
98 56
229 318
316 347
142 315
394 362
255 160
172 60
101 223
139 325
148 218
338 306
40 41
89 346
398 186
297 135
354 193
388 211
318 127
63 317
99 249
135 318
69 181
68 74
262 395
269 243
12 17
28 33
228 104
86 91
168 179
203 196
257 268
166 66
34 340
21 38
151 391
229 309
19 111
36 98
87 54
184 222
55 329
237 202
132 220
385 233
197 119
380 228
41 304
8 116
91 206
300 146
192 92
285 255
381 374
239 167
304 322
46 327
197 153
352 312
299 295
303 30
354 291
88 85
346 13
302 180
114 365
256 308
44 280
173 7
374 94
219 176
298 268
49 315
214 299
4 157
47 224
311 141
201 144
145 116
324 108
159 228
355 91
200 137
68 143
99 353
292 169
314 390
308 359
95 177
106 223
61 175
19 362
21 272
257 12
349 374
120 375
110 253
239 358
334 43
357 315
328 110
19 214
276 256
181 399
68 24
130 204
149 199
20 143
162 30
180 36
231 311
384 256
28 331
368 241
144 64
275 217
84 240
98 87
68 184
324 136
35 143
154 318
223 227
338 106
225 194
302 75
132 329
235 268
90 210
195 102
74 209
187 217
16 188
147 47
88 388
169 220
335 70
3 277
37 87
43 286
316 115
160 212
27 339
268 270
140 208
393 348
100 157
352 27
180 274
213 355
277 223
217 311
125 327
20 182
37 267
93 287
396 80
278 271
314 63
213 204
358 32
381 251
288 43
87 7
221 282
278 151
111 232
7 376
248 133
32 319
348 124
62 279
42 333
145 287
320 353
95 122
305 166
247 166
110 78
209 8
400 336
102 250
82 243
9 293
55 246
119 295
174 80
6 309
281 290
5 199
205 236
165 36
76 254
254 299
360 163
400 182
146 356
10 211
258 230
273 35
179 146
189 95
113 115
112 53
321 41
398 100
177 84
196 2
42 122
102 7
383 393
71 118
352 344
307 12
32 316
245 30
57 67
344 116
282 146
336 129
266 361
177 139
171 143
301 74
210 366
252 308
377 395
97 59
