400
466
148 296
53 57
40 292
213 131
243 36
240 284
127 56
214 315
225 40
278 85
310 392
40 176
348 66
269 61
245 268
71 330
390 392
27 62
40 5
360 279
60 69
153 173
40 266
179 40
293 134
341 26
1 344
40 123
274 40
111 154
189 40
271 190
40 277
357 138
383 40
40 6
301 40
268 38
40 201
40 16
111 40
40 243
40 272
24 180
98 135
72 199
120 14
12 218
55 53
40 374
257 242
40 399
40 379
40 241
40 309
287 40
40 153
40 161
43 210
128 25
82 40
152 32
74 249
14 304
188 183
70 73
86 255
297 121
40 64
367 202
44 333
40 144
364 375
177 89
163 40
40 253
125 107
322 298
164 40
359 123
146 40
40 182
40 347
15 207
114 129
40 150
248 325
204 122
40 323
119 31
70 136
155 334
40 212
364 144
22 164
27 40
223 391
29 175
335 132
63 170
390 310
285 40
40 45
107 40
278 100
278 40
162 257
119 387
357 280
40 170
208 40
352 40
187 40
126 115
305 40
309 302
58 247
40 398
332 327
40 218
40 247
34 189
40 228
313 360
193 83
175 369
8 269
40 210
292 226
330 40
40 88
146 114
174 40
108 40
370 139
186 241
212 185
259 384
166 43
400 398
171 263
256 301
23 40
342 142
254 285
130 316
370 40
28 84
367 209
349 368
198 35
321 7
74 307
101 40
385 40
90 201
361 395
40 354
352 13
358 40
20 275
109 15
211 117
146 129
255 294
231 290
41 372
40 181
328 40
303 290
167 199
217 40
40 303
400 78
40 338
40 180
76 40
92 40
65 377
267 40
181 98
80 10
228 99
18 190
200 201
143 106
283 371
40 9
40 162
38 40
40 260
158 145
40 197
40 126
181 135
291 69
262 289
239 40
40 112
215 342
172 184
382 140
12 91
259 208
198 40
336 40
40 14
61 8
235 40
40 97
188 2
110 40
396 293
40 248
165 282
320 250
117 40
225 160
192 172
40 284
55 57
324 40
282 365
326 289
149 40
229 260
374 270
178 354
130 261
60 291
177 194
305 332
21 37
188 40
169 123
252 40
346 40
40 195
103 133
40 321
329 182
395 40
40 255
286 147
124 131
94 219
40 49
47 40
350 40
370 356
296 40
311 40
346 51
213 124
264 40
365 165
322 40
21 40
40 209
362 224
40 73
213 40
33 380
40 234
40 140
273 40
387 40
283 397
97 265
162 242
375 144
77 40
289 40
306 23
113 40
286 40
236 366
40 8
386 40
40 381
116 11
156 40
40 391
374 246
3 230
40 227
93 40
281 37
117 141
310 40
122 40
40 17
30 321
327 305
22 95
40 230
191 318
220 386
382 54
79 197
251 212
369 29
40 319
40 291
378 40
40 300
263 40
4 389
147 339
228 151
40 87
208 384
341 40
179 394
151 99
337 40
303 231
136 73
48 40
91 218
388 247
72 167
109 207
96 59
343 366
40 393
19 40
155 40
347 363
233 16
11 40
206 40
286 339
349 40
196 40
366 40
110 143
381 157
296 345
371 397
40 50
21 281
299 6
54 140
307 249
238 28
30 7
40 369
164 95
40 275
40 104
365 40
40 25
388 58
42 40
252 288
38 245
389 235
376 232
200 90
121 311
10 40
94 196
340 226
39 108
185 251
193 40
40 317
236 343
377 40
261 40
186 205
40 142
280 138
40 396
313 40
350 314
345 148
166 210
68 40
75 355
40 52
194 89
120 304
40 67
145 46
387 31
40 244
40 250
202 209
203 234
313 279
238 84
214 40
183 2
311 297
273 56
353 40
113 308
277 132
103 40
40 118
137 40
40 44
326 262
40 380
145 40
1 168
359 169
40 355
18 271
219 196
5 362
40 221
66 40
258 88
59 49
40 232
127 273
176 373
40 1
5 224
177 40
110 106
4 235
357 40
86 294
277 335
101 295
142 215
264 102
216 159
270 246
40 53
316 261
85 100
351 361
276 76
184 192
40 397
398 78
40 41
237 40
40 238
40 216
40 307
168 344
46 158
141 211
331 40
81 104
207 40
351 395
161 105
356 139
40 271
241 205
40 222
152 40
40 191
134 396
199 40
184 40
312 379
49 96
292 340
470
304 92
216 318
98 304
235 304
90 252
270 304
2 304
174 304
311 20
317 41
67 348
304 152
77 205
370 22
29 98
386 57
304 289
304 77
50 147
60 304
304 110
143 185
304 320
293 31
219 29
115 351
35 272
247 193
53 334
304 311
82 362
304 384
304 391
47 330
275 167
307 304
104 40
360 201
245 304
363 304
304 163
174 296
103 304
342 241
12 224
153 304
304 398
304 17
64 120
254 222
304 4
142 175
52 304
304 321
304 264
62 109
74 304
168 173
55 304
397 21
371 283
4 12
157 385
256 304
202 170
177 28
342 383
86 161
343 222
304 162
241 383
216 19
76 300
356 379
332 304
43 38
375 79
249 312
84 304
190 34
283 187
56 59
41 215
337 196
310 258
43 105
132 87
304 230
75 304
122 304
51 229
348 358
107 242
304 168
252 282
148 304
105 38
208 88
67 358
219 98
158 333
35 99
281 338
285 304
316 304
381 58
205 85
304 400
144 250
328 319
304 150
375 5
397 304
372 6
304 262
117 398
376 304
304 107
192 148
304 340
327 367
373 278
304 323
304 120
80 304
125 28
154 80
227 304
92 195
304 274
304 365
350 304
304 352
27 110
304 388
211 210
91 369
24 128
184 304
304 287
117 199
399 141
275 304
325 151
273 337
255 63
302 214
45 242
319 304
26 16
329 235
384 121
179 307
262 266
288 304
304 344
304 147
108 76
324 279
111 380
176 142
377 257
351 23
268 129
78 51
103 251
73 191
304 368
123 276
127 203
316 335
304 223
318 19
394 261
131 24
290 100
216 304
304 113
228 304
39 304
237 304
178 347
395 327
230 180
1 62
184 212
340 112
157 297
94 304
313 144
294 399
131 128
18 265
218 207
140 304
354 304
304 338
65 339
312 304
359 166
269 321
202 138
234 16
186 3
273 196
124 377
46 304
161 106
90 282
54 390
88 236
304 83
304 158
304 146
112 331
176 175
200 174
304 101
304 372
304 232
271 57
30 134
390 304
231 63
127 304
102 304
53 118
304 342
280 145
304 63
349 304
42 350
341 329
301 304
4 224
304 313
93 304
26 234
84 305
304 284
14 61
304 348
24 304
149 304
3 304
399 304
45 107
346 304
197 304
13 87
366 197
369 304
319 393
194 121
66 220
245 44
182 246
198 8
58 96
306 304
304 359
201 304
130 244
304 139
143 304
218 304
304 171
10 253
178 52
330 314
389 304
39 286
287 209
398 199
22 304
328 393
72 260
150 68
314 47
338 159
292 304
361 368
28 304
104 292
23 115
95 335
70 245
125 177
304 137
25 246
325 304
297 385
349 7
336 140
349 277
387 304
213 201
290 309
66 365
235 341
304 371
106 86
304 119
304 240
145 304
240 136
313 250
36 304
340 331
176 304
170 304
188 304
118 334
31 263
189 308
304 72
167 374
123 304
324 304
304 334
95 316
215 304
126 227
306 373
304 14
304 293
69 323
111 37
160 279
32 8
296 200
44 70
304 135
304 5
138 170
304 392
304 48
33 304
72 165
291 42
247 322
281 159
384 194
294 141
299 303
304 226
304 309
303 388
155 284
293 263
304 381
25 182
211 304
160 324
15 226
88 304
304 129
76 304
304 225
190 267
388 299
238 188
371 187
74 181
304 337
304 156
300 108
304 204
1 304
304 161
164 301
304 182
162 49
308 248
189 304
322 193
217 392
304 385
109 1
254 343
374 275
85 77
354 206
7 277
304 382
155 326
304 265
285 243
239 172
222 304
247 304
298 304
304 59
81 119
347 52
156 133
367 395
306 278
37 380
310 352
248 189
96 381
259 304
360 213
40 292
365 220
304 327
78 304
132 13
73 146
378 287
361 364
32 198
47 304
355 311
304 116
315 223
236 208
198 304
82 304
396 75
9 152
34 267
304 351
2 11
304 132
99 272
267 304
233 304
304 26
304 105
304 353
231 255
304 10
304 71
209 378
90 304
257 124
304 271
302 304
304 295
221 304
114 113
304 172
357 304
30 304
258 352
89 304
350 291
345 83
100 309
304 65
97 304
260 165
215 317
326 284
257 304
20 355
304 261
304 379
229 78
130 304
364 368
35 304
169 304
146 191
79 5
386 271
304 37
33 183
