400
399
1 2
2 3
3 4
4 5
5 6
6 7
7 8
8 9
9 10
10 172
172 64
64 100
100 255
255 25
25 151
151 68
68 125
125 364
364 282
282 166
166 272
272 314
314 66
66 56
56 45
45 222
222 62
62 67
67 326
326 187
187 256
256 12
12 181
181 250
250 27
27 184
184 243
243 313
313 31
31 122
122 18
18 322
322 78
78 75
75 220
220 200
200 210
210 300
300 209
209 203
203 34
34 334
334 153
153 367
367 358
358 305
305 20
20 26
26 170
170 294
294 126
126 174
174 37
37 133
133 11
11 165
165 180
180 77
77 177
177 29
29 383
383 346
346 232
232 111
111 19
19 160
160 377
377 156
156 91
91 139
139 224
224 51
51 103
103 190
190 138
138 387
387 336
336 221
221 325
325 54
54 212
212 74
74 38
38 176
176 317
317 145
145 46
46 330
330 340
340 266
266 175
175 350
350 304
304 343
343 141
141 49
49 238
238 60
60 53
53 356
356 204
204 52
52 94
94 335
335 245
245 258
258 228
228 362
362 375
375 120
120 366
366 223
223 83
83 315
315 215
215 308
308 22
22 321
321 211
211 344
344 30
30 118
118 382
382 158
158 191
191 384
384 324
324 219
219 373
373 55
55 193
193 269
269 101
101 341
341 274
274 76
76 285
285 173
173 159
159 43
43 327
327 179
179 108
108 169
169 372
372 225
225 59
59 287
287 82
82 123
123 298
298 301
301 318
318 345
345 319
319 28
28 254
254 262
262 257
257 197
197 213
213 388
388 81
81 95
95 188
188 167
167 252
252 136
136 316
316 253
253 152
152 378
378 381
381 135
135 342
342 347
347 278
278 246
246 121
121 237
237 183
183 109
109 44
44 283
283 260
260 142
142 337
337 14
14 303
303 295
295 24
24 296
296 363
363 247
247 171
171 270
270 35
35 201
201 106
106 102
102 365
365 182
182 205
205 149
149 354
354 192
192 198
198 72
72 40
40 385
385 351
351 368
368 148
148 88
88 114
114 47
47 143
143 279
279 162
162 338
338 360
360 71
71 207
207 50
50 218
218 130
130 348
348 302
302 202
202 281
281 90
90 251
251 310
310 291
291 271
271 332
332 48
48 73
73 309
309 371
371 128
128 87
87 163
163 357
357 312
312 92
92 263
263 154
154 288
288 297
297 241
241 261
261 113
113 80
80 93
93 98
98 214
214 15
15 147
147 311
311 320
320 359
359 112
112 361
361 131
131 157
157 132
132 63
63 244
244 129
129 374
374 168
168 140
140 58
58 230
230 96
96 284
284 57
57 277
277 36
36 349
349 289
289 239
239 306
306 164
164 117
117 369
369 110
110 189
189 13
13 208
208 23
23 185
185 146
146 155
155 97
97 355
355 194
194 249
249 292
292 115
115 389
389 41
41 370
370 105
105 275
275 199
199 134
134 69
69 267
267 328
328 353
353 85
85 226
226 127
127 137
137 144
144 227
227 32
32 286
286 21
21 242
242 307
307 42
42 186
186 380
380 196
196 99
99 273
273 386
386 70
70 234
234 16
16 178
178 231
231 339
339 290
290 124
124 84
84 331
331 293
293 17
17 107
107 352
352 299
299 259
259 323
323 280
280 33
33 333
333 265
265 104
104 86
86 161
161 376
376 329
329 89
89 116
116 268
268 65
65 206
206 390
390 195
195 233
233 229
229 276
276 248
248 150
150 240
240 379
379 217
217 61
61 39
39 216
216 264
264 236
236 79
79 235
235 119
119 391
391 392
392 393
393 394
394 395
395 396
396 397
397 398
398 399
399 400
399
1 2
2 3
3 4
4 5
5 6
6 7
7 8
8 9
9 10
10 336
336 281
281 63
63 255
255 45
45 362
362 26
26 129
129 28
28 13
13 91
91 348
348 196
196 238
238 383
383 124
124 360
360 99
99 38
38 370
370 248
248 142
142 390
390 195
195 376
376 358
358 134
134 227
227 292
292 368
368 298
298 33
33 313
313 273
273 72
72 165
165 17
17 232
232 27
27 330
330 127
127 130
130 323
323 162
162 73
73 61
61 306
306 78
78 283
283 333
333 345
345 70
70 185
185 50
50 270
270 90
90 11
11 158
158 16
16 305
305 296
296 316
316 172
172 160
160 302
302 125
125 18
18 86
86 388
388 97
97 312
312 218
218 74
74 121
121 155
155 76
76 145
145 263
263 231
231 247
247 322
322 138
138 105
105 367
367 56
56 267
267 343
343 31
31 386
386 347
347 137
137 132
132 140
140 164
164 55
55 233
233 139
139 372
372 363
363 324
324 110
110 77
77 340
340 221
221 179
179 150
150 210
210 230
230 246
246 143
143 321
321 207
207 225
225 288
288 297
297 175
175 275
275 269
269 378
378 190
190 146
146 355
355 187
187 215
215 320
320 291
291 369
369 117
117 274
274 278
278 144
144 260
260 279
279 384
384 102
102 277
277 174
174 186
186 60
60 159
159 193
193 81
81 337
337 53
53 83
83 387
387 69
69 114
114 188
188 41
41 241
241 257
257 47
47 309
309 66
66 206
206 151
151 98
98 30
30 157
157 126
126 14
14 100
100 116
116 36
36 213
213 152
152 120
120 319
319 357
357 103
103 43
43 224
224 294
294 89
89 266
266 119
119 307
307 96
96 245
245 220
220 289
289 243
243 52
52 163
163 361
361 200
200 84
84 180
180 375
375 271
271 65
65 364
364 240
240 156
156 92
92 176
176 167
167 295
295 71
71 154
154 82
82 173
173 299
299 194
194 51
51 153
153 217
217 276
276 202
202 198
198 21
21 256
256 284
284 101
101 380
380 377
377 234
234 235
235 339
339 94
94 352
352 351
351 254
254 203
203 49
49 35
35 379
379 48
48 184
184 325
325 22
22 261
261 191
191 331
331 327
327 228
228 318
318 113
113 250
250 183
183 40
40 112
112 268
268 170
170 315
315 326
326 356
356 115
115 244
244 104
104 382
382 62
62 211
211 128
128 161
161 366
366 303
303 39
39 178
178 209
209 286
286 111
111 214
214 265
265 258
258 88
88 122
122 133
133 95
95 280
280 287
287 23
23 212
212 80
80 239
239 118
118 282
282 385
385 328
328 141
141 317
317 216
216 123
123 197
197 371
371 108
108 25
25 389
389 253
253 171
171 147
147 107
107 106
106 181
181 192
192 329
329 15
15 237
237 219
219 20
20 354
354 85
85 346
346 201
201 341
341 93
93 252
252 365
365 189
189 205
205 208
208 236
236 229
229 349
349 308
308 359
359 177
177 242
242 272
272 148
148 332
332 350
350 342
342 374
374 344
344 79
79 335
335 381
381 259
259 75
75 54
54 373
373 46
46 262
262 226
226 87
87 168
168 109
109 149
149 58
58 304
304 57
57 285
285 310
310 169
169 223
223 251
251 314
314 300
300 338
338 182
182 19
19 290
290 32
32 131
131 353
353 24
24 12
12 34
34 29
29 293
293 204
204 222
222 264
264 44
44 37
37 67
67 166
166 199
199 42
42 334
334 301
301 59
59 68
68 249
249 135
135 311
311 64
64 136
136 391
391 392
392 393
393 394
394 395
395 396
396 397
397 398
398 399
399 400
