399
1980
76 104
390 177
77 342
356 332
259 391
167 304
64 364
272 34
382 168
137 355
282 396
14 89
192 226
67 21
239 91
361 240
279 148
311 296
394 399
151 180
107 219
274 106
213 146
159 110
239 294
288 68
5 319
30 120
90 349
144 92
89 214
25 189
385 178
124 234
323 365
314 51
30 128
316 130
226 165
74 64
77 385
233 204
139 291
142 354
58 205
42 149
231 131
2 292
271 21
217 287
134 68
223 313
243 28
359 338
143 80
232 186
36 1
315 293
141 181
183 245
381 312
383 109
162 134
201 153
240 4
280 62
212 220
100 270
279 64
376 102
73 345
112 246
227 376
131 357
346 34
294 104
9 299
396 183
211 81
61 167
28 194
80 129
307 225
259 159
197 358
397 190
27 190
299 262
29 75
269 81
383 156
241 257
326 209
165 112
67 24
46 96
375 142
255 20
388 328
178 234
221 155
353 244
255 51
54 144
36 59
371 21
200 323
266 33
257 40
337 381
202 82
19 283
147 287
299 397
125 283
172 122
383 396
179 62
99 212
52 101
54 48
363 357
165 95
198 300
268 129
7 146
303 15
106 302
105 351
224 312
55 121
317 210
78 304
73 192
153 215
251 228
53 235
291 101
116 269
374 376
256 312
378 325
58 302
251 249
13 122
190 234
192 189
105 103
338 17
41 247
382 72
86 109
360 277
337 34
107 17
333 94
373 229
239 76
73 246
35 170
221 392
32 31
47 319
267 41
222 342
218 341
103 70
268 8
320 286
19 179
316 129
6 173
92 158
195 342
372 27
133 250
180 356
369 275
357 200
41 50
122 132
389 379
113 281
125 286
90 355
374 102
214 310
397 222
183 196
384 347
157 325
275 373
33 330
318 194
39 227
242 288
36 181
231 291
147 316
337 244
318 156
79 232
38 85
123 15
85 381
225 81
130 8
267 250
129 49
318 243
218 292
192 165
398 64
199 376
106 180
202 122
143 268
323 263
220 88
194 307
367 302
267 347
226 90
383 211
101 308
61 313
176 205
267 30
217 25
209 1
241 349
348 386
135 214
34 312
58 264
158 130
390 121
291 188
208 48
336 133
309 367
88 74
194 266
10 59
340 309
370 201
110 119
221 281
63 282
17 359
12 101
121 133
167 103
207 179
318 86
212 242
255 140
240 375
28 261
76 294
263 357
236 149
4 57
5 197
295 305
338 107
106 205
191 136
178 77
124 285
26 74
261 243
60 191
320 18
105 78
347 170
7 177
52 93
289 175
348 36
294 91
285 342
3 399
198 238
348 326
197 3
179 305
105 313
340 117
342 234
79 177
340 277
29 126
10 141
105 187
393 29
112 217
294 198
361 140
150 13
240 57
277 215
321 35
67 221
375 306
53 323
223 61
332 325
388 185
189 246
254 193
58 201
72 209
271 48
321 369
155 281
223 98
175 382
239 164
97 51
257 226
2 341
342 190
302 180
319 11
101 145
388 375
31 61
299 270
353 171
239 300
44 239
44 387
303 260
247 120
166 173
397 385
193 102
232 146
197 399
279 364
251 258
254 60
29 283
123 107
261 109
271 8
70 110
387 214
346 244
75 286
165 246
153 205
274 356
57 185
373 11
152 193
298 72
178 342
87 322
5 3
342 385
252 390
181 293
349 355
383 243
43 110
395 244
48 92
55 69
98 127
167 187
52 330
171 230
253 298
32 98
5 394
392 343
113 155
84 256
104 300
339 95
112 49
348 6
328 39
302 332
55 251
49 147
220 99
290 299
67 284
269 225
5 301
38 329
87 383
380 152
23 121
321 42
120 369
37 67
37 281
133 251
2 270
117 210
206 66
289 276
179 203
184 110
248 293
216 387
311 44
116 330
372 234
117 98
43 141
362 18
330 101
74 157
182 192
144 284
294 238
366 360
66 248
335 366
118 279
91 296
46 95
89 232
242 68
27 285
202 283
206 184
38 171
340 366
131 188
24 221
17 138
130 80
336 41
368 275
188 139
70 184
395 171
229 47
294 300
128 170
122 320
352 134
383 86
280 29
276 123
314 20
176 264
265 146
158 48
1 382
79 7
10 114
202 172
6 209
354 39
385 234
64 378
9 222
260 107
91 198
127 223
190 195
75 126
4 185
262 341
398 65
93 139
155 104
368 35
16 353
258 249
343 67
166 159
368 321
335 210
178 190
377 160
161 53
247 170
323 297
113 294
170 30
376 328
148 334
290 350
284 21
321 170
355 257
358 3
258 55
98 360
9 350
161 231
357 323
45 132
314 97
379 5
224 288
25 80
315 206
371 208
346 272
156 86
25 287
252 71
92 268
11 368
371 158
145 188
399 22
28 211
94 224
35 11
350 77
304 313
139 12
176 215
23 384
18 200
377 3
137 27
198 164
38 346
287 80
212 224
130 143
142 39
283 108
105 184
88 68
44 310
316 271
160 303
305 329
111 298
287 73
273 223
127 273
97 140
83 324
186 177
271 371
219 17
5 373
246 182
162 68
238 104
237 270
216 239
227 199
237 9
379 394
177 228
149 368
221 37
76 198
100 237
203 233
164 91
239 198
385 222
329 115
267 336
36 166
313 31
220 68
52 291
357 12
193 83
313 351
347 250
319 301
44 214
137 169
216 294
206 78
315 114
136 306
301 379
374 306
90 241
69 213
127 32
265 232
90 40
276 253
76 300
161 323
133 71
351 31
179 280
258 69
54 158
136 193
89 327
154 14
147 80
291 266
181 173
372 190
370 176
53 13
282 322
102 60
132 126
212 162
273 351
382 326
136 376
338 358
122 45
13 172
278 262
197 389
83 60
153 370
230 203
228 252
236 120
348 382
39 57
316 268
355 285
201 309
146 327
316 80
175 209
204 171
5 389
334 151
278 237
58 106
171 115
328 374
186 265
49 143
334 274
175 168
235 150
324 380
273 32
33 116
253 168
395 329
349 124
167 351
289 260
134 26
370 309
378 398
92 130
127 31
362 200
18 235
102 254
188 363
41 163
201 106
33 269
303 298
58 274
349 27
54 92
354 388
114 141
380 245
60 193
87 63
341 290
12 263
63 324
71 251
193 380
49 345
304 187
223 31
169 124
77 397
339 165
63 322
212 288
393 19
391 6
298 289
174 317
42 229
174 340
352 279
2 237
397 9
254 324
35 275
226 40
210 32
96 165
68 99
58 332
50 71
266 81
142 97
37 284
256 94
331 214
43 119
127 167
102 199
267 247
372 77
121 50
126 82
335 127
55 71
174 370
273 210
220 56
44 135
286 45
212 94
389 394
159 114
62 305
1 391
45 125
163 133
215 317
161 12
328 227
16 395
50 336
219 160
225 28
139 308
229 321
385 195
163 267
182 189
150 18
274 65
119 70
359 160
386 344
339 246
20 140
271 54
262 350
398 74
34 333
135 296
136 60
390 79
162 99
65 332
371 284
200 150
333 346
149 35
109 87
207 280
291 93
108 207
224 68
188 101
160 17
169 178
243 211
215 340
34 224
187 313
121 249
65 334
280 295
28 269
308 263
88 56
16 381
220 134
326 173
380 83
183 322
163 347
382 209
263 131
91 216
285 234
173 36
187 78
310 91
252 69
343 104
307 81
307 116
69 79
136 227
161 308
305 230
98 210
83 152
42 236
117 32
278 270
122 125
134 99
100 292
390 55
56 118
101 231
338 389
334 58
41 128
149 321
86 211
265 79
24 144
281 104
23 250
291 33
371 54
15 111
62 19
177 265
217 143
289 111
149 120
236 41
47 275
259 36
109 396
4 142
386 168
325 151
15 260
391 36
279 74
317 335
121 252
38 204
97 361
29 179
369 11
360 210
326 1
391 181
325 334
368 120
196 86
139 145
19 29
50 163
5 47
363 308
352 74
14 164
373 369
144 208
66 70
330 188
319 275
248 114
344 175
359 358
282 196
6 181
64 352
238 343
307 318
399 47
65 378
360 340
312 337
385 372
244 381
81 156
139 131
222 290
187 223
58 356
280 230
186 331
274 302
226 339
167 31
377 358
42 368
77 195
291 145
55 252
18 45
73 112
191 102
297 13
112 345
331 154
1 348
214 154
118 88
156 261
213 265
8 54
253 15
277 317
369 368
198 216
70 304
326 6
184 78
26 364
108 82
46 90
196 245
356 334
251 23
367 201
329 295
13 200
54 316
6 382
17 15
120 42
254 152
153 264
166 141
213 228
25 49
343 113
252 258
179 393
318 261
363 131
111 344
126 125
82 125
278 2
354 306
86 261
396 86
285 190
45 172
352 398
395 353
301 11
311 135
271 92
12 363
299 195
233 329
275 229
78 119
230 62
390 228
160 22
82 132
21 144
378 151
25 143
330 291
135 327
73 339
370 367
397 350
25 112
304 103
80 268
373 47
148 64
398 151
15 107
375 39
123 253
48 8
150 263
293 159
361 314
321 30
182 95
315 110
28 307
23 336
365 263
14 296
275 321
52 116
26 88
66 78
72 289
293 114
238 76
347 128
144 221
316 158
150 297
154 311
282 243
349 40
362 235
282 87
261 307
246 345
36 6
389 3
78 103
69 177
125 172
145 330
44 14
244 233
343 281
228 69
33 194
259 141
63 183
79 186
320 235
209 348
327 213
16 38
357 53
62 29
286 108
111 260
42 369
104 392
288 84
154 146
155 67
148 332
298 260
297 200
35 120
138 359
88 99
307 269
138 111
236 267
362 45
132 202
314 255
245 322
293 166
169 372
62 108
295 203
395 233
56 134
85 272
20 51
139 330
307 156
301 3
348 168
189 112
30 42
233 353
249 250
386 72
123 298
310 164
148 157
240 142
141 159
23 249
315 119
72 344
43 248
384 250
93 266
272 16
7 213
314 57
158 129
304 61
257 46
139 101
240 97
266 269
164 296
199 328
377 219
208 221
304 105
66 184
207 62
123 303
215 370
91 300
364 378
24 392
293 10
356 106
126 283
103 313
331 135
46 40
173 348
61 273
310 296
53 263
274 180
219 359
185 354
298 276
182 339
389 358
322 324
75 19
352 364
63 196
185 39
341 299
235 200
152 60
341 270
306 199
178 285
114 184
192 95
216 238
297 365
303 359
75 283
283 286
27 355
365 53
120 321
59 173
380 254
231 363
248 315
301 47
155 392
50 23
113 198
310 216
358 22
352 56
353 295
339 40
81 194
214 14
286 202
338 377
264 106
361 255
26 99
180 334
154 89
241 137
311 214
52 145
296 387
346 204
387 91
378 279
237 262
241 226
342 397
168 209
251 121
1 386
177 258
256 212
137 124
355 124
324 183
155 238
327 154
399 5
356 325
392 37
236 128
331 89
164 300
340 335
399 379
249 71
316 8
270 350
328 306
301 394
12 188
272 256
116 81
338 219
379 47
145 231
35 229
366 370
202 362
4 20
79 213
274 325
118 134
256 34
256 242
281 24
303 107
159 43
7 232
257 349
52 33
343 37
57 51
70 206
318 28
157 65
30 347
140 4
175 326
87 324
119 114
312 242
358 219
386 175
227 375
282 383
282 183
130 129
130 268
217 80
273 31
281 284
334 378
207 305
367 106
392 67
138 260
75 62
263 363
215 309
243 109
266 330
394 11
163 247
225 318
351 61
359 15
84 68
109 196
331 327
232 331
105 206
196 87
72 276
7 265
43 114
227 306
71 336
317 360
232 327
394 373
68 212
10 391
3 394
331 7
99 118
345 217
319 394
367 176
384 133
90 137
393 62
193 191
230 295
43 315
322 196
84 94
138 160
184 315
169 90
376 306
77 222
377 17
297 235
364 118
374 191
103 206
353 38
302 205
320 202
386 326
290 2
252 79
157 151
110 114
219 138
77 190
129 147
60 380
247 236
161 131
285 372
344 253
96 241
91 44
123 111
246 96
322 83
167 273
357 150
203 280
300 238
315 159
399 301
282 109
232 154
240 39
157 378
160 358
264 302
9 262
48 21
197 377
336 250
216 76
190 385
9 290
259 293
253 260
54 130
39 97
243 86
203 171
272 312
84 224
296 89
322 152
329 203
240 185
354 199
218 270
339 96
172 362
277 309
181 166
170 236
300 216
353 329
18 122
213 232
243 396
292 278
345 143
33 93
7 186
66 315
218 100
175 348
398 364
28 156
263 161
74 56
26 118
225 52
390 258
117 317
157 279
157 398
108 29
178 27
372 178
205 367
375 57
349 46
162 220
396 261
193 376
9 77
210 31
59 391
160 107
172 18
311 14
169 234
231 139
7 69
281 392
73 217
222 299
71 121
27 124
284 48
34 94
272 94
109 183
130 147
27 234
186 154
16 85
211 307
158 8
248 184
35 369
12 308
118 64
387 239
7 327
297 362
156 396
276 344
101 93
169 285
198 310
384 50
351 187
119 206
208 37
325 148
133 50
133 23
350 195
219 22
333 256
290 237
60 376
335 117
1 59
244 38
389 399
6 1
125 320
4 51
246 192
144 371
257 95
151 274
226 46
81 318
106 153
24 37
174 367
337 256
11 229
99 288
309 176
12 131
273 98
57 97
165 189
357 365
337 333
364 56
373 379
254 136
391 166
44 164
245 83
10 259
126 19
41 384
28 81
254 83
356 302
271 208
60 324
266 225
371 24
215 366
304 351
4 97
53 200
297 172
59 181
135 14
259 181
29 207
153 309
247 128
226 95
286 82
128 384
265 390
244 85
270 290
295 115
217 189
98 61
204 353
16 244
148 378
119 248
358 17
225 194
347 236
288 162
244 204
72 168
386 289
103 351
137 234
367 153
323 13
195 9
172 235
245 152
152 324
356 205
176 277
191 380
165 73
300 113
123 138
280 393
56 99
278 100
196 383
364 157
180 332
305 280
142 185
182 345
208 21
131 365
257 124
230 393
201 302
38 395
334 332
309 174
262 290
104 113
213 177
210 340
231 308
112 182
343 294
397 195
269 93
296 44
48 371
189 287
21 221
341 100
220 26
211 194
387 135
268 49
374 199
135 89
13 18
24 208
229 369
115 280
40 95
187 61
208 67
203 305
82 19
11 47
93 145
355 169
49 287
335 360
117 127
333 272
217 49
245 87
268 158
341 292
393 305
26 352
65 151
346 85
56 26
224 333
374 136
333 312
174 176
293 141
326 36
200 365
13 235
171 295
113 392
127 61
72 175
392 238
308 131
184 119
197 219
117 366
305 115
201 176
211 318
337 346
170 42
388 142
191 306
313 167
65 279
66 103
271 158
64 56
24 21
138 15
22 379
211 261
74 364
373 319
34 381
227 374
57 142
207 75
260 123
349 137
146 89
195 178
335 32
375 328
54 21
329 171
245 254
182 217
228 79
94 288
339 46
385 9
384 163
286 132
34 85
115 230
350 222
386 209
111 253
335 277
329 230
30 247
187 70
23 71
118 74
76 113
146 186
148 65
87 183
266 116
230 179
20 361
391 326
374 354
96 40
196 396
286 126
264 356
278 218
256 224
276 175
260 276
344 298
388 374
287 345
319 369
382 386
295 179
325 65
394 47
170 120
86 282
48 144
395 85
51 361
281 67
187 103
110 248
390 69
17 303
126 207
248 159
111 303
389 377
278 290
25 147
264 367
238 113
265 69
117 273
223 351
191 199
242 94
261 383
317 32
336 163
243 156
138 303
250 41
4 361
250 50
63 245
195 222
353 115
221 284
368 229
144 271
174 215
241 355
92 371
241 40
363 161
308 188
59 166
354 328
236 30
169 349
346 381
344 382
78 313
155 37
149 247
35 42
312 84
250 163
84 212
398 279
258 121
283 132
191 254
199 193
350 299
323 150
186 327
16 204
332 274
132 75
347 41
152 63
220 242
116 93
363 323
90 124
22 3
314 140
366 317
352 118
112 287
160 338
40 192
387 164
95 96
96 257
320 45
308 145
393 203
332 151
345 25
337 85
320 362
366 277
223 32
197 379
301 275
311 331
49 80
162 84
384 267
284 208
389 22
30 149
1 173
73 182
297 53
218 2
352 88
301 373
237 341
380 102
342 372
276 168
105 70
336 249
207 393
189 73
16 346
310 387
171 233
388 306
370 205
276 111
108 393
240 314
96 192
214 296
2 100
350 237
229 319
32 360
59 6
380 322
88 162
298 15
94 312
52 269
149 170
134 88
391 173
46 355
115 395
163 128
8 147
185 97
360 117
141 248
359 123
137 372
390 251
222 262
129 143
110 66
150 53
146 331
166 10
136 102
132 125
226 96
93 330
277 174
310 239
223 167
162 26
262 270
90 257
338 22
151 148
320 172
375 354
59 141
235 122
397 262
228 265
242 224
225 33
297 18
363 365
10 43
242 84
143 287
275 11
138 107
43 259
66 105
98 31
92 8
19 207
176 153
76 343
136 199
33 145
388 227
264 180
149 128
159 10
84 333
327 311
148 398
89 311
360 215
142 328
231 12
76 155
210 127
381 272
370 277
377 399
185 314
258 228
264 205
381 204
354 227
289 253
135 154
338 197
177 252
189 345
180 325
107 359
267 128
288 220
283 82
365 161
71 258
259 59
259 166
311 146
249 133
209 173
109 63
25 129
197 22
246 95
335 98
304 206
162 242
137 285
344 289
43 293
143 147
339 192
8 129
87 396
368 319
152 102
51 140
264 201
156 211
206 110
150 365
231 188
240 51
388 39
324 245
381 333
108 126
203 115
337 272
165 182
252 251
164 216
204 395
384 336
75 82
343 155
183 83
24 284
237 299
122 362
70 78
289 168
205 201
119 66
233 38
104 37
387 14
4 314
14 310
249 50
108 75
253 72
157 64
344 168
268 147
269 194
134 288
174 153
3 379
55 249
320 132
186 213
92 316
341 278
23 55
388 57
366 174
161 357
191 376
194 116
55 228
181 10
233 115
85 204
63 83
241 124
266 52
377 22
233 295
340 317
58 180
202 125
337 16
362 13
241 46
45 202
225 116
45 82
19 108
185 375
27 169
366 309
347 247
1980
44 271
200 138
121 184
295 391
154 7
117 321
100 389
228 210
191 364
349 43
186 317
301 110
181 251
347 243
45 305
345 193
33 60
264 318
228 86
164 395
100 136
389 268
184 251
262 292
81 27
117 278
197 78
324 168
48 71
152 210
36 371
83 312
262 243
204 155
68 358
175 206
45 377
3 283
168 300
58 308
331 138
287 277
368 49
373 133
382 356
189 140
19 344
73 319
226 204
96 274
315 245
378 42
115 162
119 380
206 377
273 46
109 250
93 310
269 72
389 278
320 263
268 244
201 397
16 156
146 217
185 353
347 239
383 235
9 194
173 260
334 249
81 183
151 385
313 82
269 327
350 180
354 270
261 71
324 286
302 20
154 379
302 303
235 398
147 368
345 219
384 238
2 265
129 317
230 112
79 285
161 255
124 327
216 251
208 71
376 354
322 44
37 186
65 269
301 128
218 343
367 11
202 397
198 8
228 314
26 184
126 173
54 56
382 384
12 6
352 129
101 287
115 114
12 215
70 338
137 36
364 343
8 134
367 35
379 191
375 133
123 148
28 34
185 66
267 100
379 21
80 240
146 33
269 317
123 119
24 214
229 29
202 188
1 261
258 138
20 211
60 217
364 179
91 341
124 393
343 279
274 222
137 104
89 260
42 338
343 240
399 254
192 361
274 153
282 249
236 96
139 61
367 109
225 261
171 57
265 276
321 244
243 188
381 304
220 142
162 43
93 252
109 275
270 32
156 139
375 315
395 178
64 213
33 242
128 112
289 103
161 4
173 67
209 251
157 263
230 273
300 125
48 208
340 310
324 191
244 100
64 219
296 233
189 396
89 173
244 389
346 10
321 293
79 377
362 160
100 217
326 17
399 322
62 290
385 108
63 251
180 74
250 22
120 377
115 259
131 43
312 172
386 275
67 359
113 158
136 127
140 207
86 172
288 142
32 138
318 163
97 317
92 83
89 359
295 85
238 150
76 199
247 170
51 111
235 208
182 137
294 24
322 52
37 97
57 96
161 165
99 52
215 291
182 104
148 333
171 56
241 255
349 114
154 284
92 152
292 235
305 14
397 266
196 76
104 139
227 247
245 133
148 182
170 63
99 271
118 354
212 363
87 336
299 174
203 382
197 226
100 278
166 63
154 179
343 324
215 145
116 85
257 133
336 270
81 143
72 124
230 128
379 240
333 380
316 126
164 132
358 352
166 223
265 297
388 338
75 283
158 186
276 337
62 387
292 50
86 238
302 248
322 243
398 48
114 342
266 202
253 325
129 124
259 162
340 252
17 205
288 300
86 167
213 166
222 96
160 254
175 396
157 58
320 230
292 397
260 31
336 330
102 265
309 323
64 18
30 81
360 371
147 19
166 8
93 365
333 123
204 281
160 161
188 292
287 122
242 146
61 265
294 387
209 68
390 103
98 373
260 67
307 263
71 383
316 359
154 275
275 22
223 26
28 328
304 262
54 394
37 269
159 346
193 51
184 134
7 21
70 388
197 101
160 241
194 356
99 399
115 95
9 167
238 228
39 346
238 9
168 279
285 51
62 378
194 373
271 239
380 376
302 180
143 30
330 174
35 109
255 23
254 4
258 257
113 352
251 247
140 5
341 334
102 337
391 149
361 84
46 110
66 256
335 329
376 270
8 26
358 227
53 385
291 34
215 6
385 308
229 337
296 294
107 340
241 176
105 226
153 106
104 348
196 349
368 359
35 275
311 394
221 345
363 226
249 264
254 161
392 137
186 113
120 175
361 219
28 77
354 119
163 225
307 108
107 252
200 257
40 141
114 162
399 239
176 160
6 28
326 234
277 212
251 134
10 178
354 380
201 262
26 134
167 172
317 124
392 246
244 248
353 359
223 64
376 119
65 249
220 288
84 18
13 142
13 242
133 390
361 207
34 328
90 190
305 325
265 337
79 51
350 323
68 186
36 348
42 15
149 339
383 208
30 232
183 27
224 331
179 386
345 361
86 9
248 211
202 262
209 181
326 27
10 39
256 96
244 169
176 23
372 378
239 99
132 159
382 375
353 106
272 151
69 372
200 258
117 211
151 108
390 289
129 186
388 387
7 218
239 52
300 370
72 282
32 41
79 206
6 237
150 314
209 247
287 204
394 132
21 135
268 217
352 317
144 359
326 81
355 69
285 140
60 127
83 231
390 335
72 249
351 339
291 275
226 287
388 3
145 328
237 12
301 141
126 353
151 53
242 300
188 201
252 312
124 37
323 303
348 156
95 374
318 341
227 121
371 148
346 164
325 120
25 351
250 154
340 365
253 377
161 295
102 259
344 308
374 128
109 11
279 80
346 395
23 241
382 98
58 272
127 370
52 262
242 142
39 17
114 47
240 324
201 235
29 2
200 133
116 25
231 210
137 371
395 234
177 285
366 142
300 142
263 385
250 135
41 258
306 73
280 259
299 270
398 341
284 379
168 142
368 19
16 104
387 338
102 349
195 57
237 233
48 318
351 85
14 206
231 86
174 118
259 114
75 338
76 59
129 37
12 328
346 171
176 271
347 266
241 4
241 399
88 370
329 32
283 70
393 72
131 61
25 277
80 364
259 342
203 356
330 32
307 46
233 214
40 38
1 318
265 162
38 199
212 351
25 339
182 36
293 117
301 40
145 77
336 224
125 60
391 212
162 102
269 186
217 33
101 204
18 207
138 87
253 175
343 366
387 42
222 56
33 13
215 34
20 321
151 49
333 354
365 152
232 17
127 217
335 257
149 295
136 146
196 280
75 290
303 309
72 327
82 64
298 130
320 385
367 284
248 169
255 160
190 69
95 199
4 391
105 101
294 214
350 183
271 347
141 59
238 203
238 172
282 334
116 212
236 153
263 112
129 97
391 25
284 135
33 125
79 177
398 383
366 300
81 234
123 137
150 312
371 182
285 396
184 216
193 140
24 388
375 200
360 182
11 215
361 140
122 281
19 144
344 49
219 82
113 358
247 184
308 19
217 88
387 283
59 40
94 73
21 240
13 300
170 166
310 252
366 286
305 175
275 77
388 130
233 298
74 323
274 106
78 155
103 41
332 263
143 183
53 108
288 125
173 316
276 16
252 210
360 392
164 234
43 259
113 97
286 125
204 105
94 296
44 99
146 88
214 130
247 121
64 313
48 261
306 6
356 384
110 230
129 113
37 158
31 344
180 20
23 239
57 54
134 213
188 266
314 9
357 327
278 268
274 236
157 385
372 75
239 322
132 171
156 104
48 225
229 276
136 268
308 272
143 395
46 230
47 199
375 390
166 26
177 5
14 396
306 233
59 230
1 249
172 231
47 115
22 77
90 69
286 220
231 252
75 70
344 151
77 11
1 369
392 182
62 372
291 22
293 268
171 195
227 170
264 393
93 152
14 253
17 27
146 60
368 260
383 318
160 165
64 84
91 261
145 12
235 50
88 127
198 345
51 189
18 198
51 207
259 196
159 195
55 358
43 265
298 94
69 42
114 196
289 375
98 9
328 237
209 55
24 3
322 99
296 298
361 193
108 308
15 190
49 58
237 298
326 143
289 133
370 33
150 9
221 193
83 210
283 294
387 75
290 338
84 219
283 24
249 393
135 386
316 89
70 3
386 284
163 334
356 9
144 31
349 115
384 203
20 169
238 356
21 191
316 31
88 389
250 386
195 311
181 216
322 271
99 347
272 147
221 192
329 103
245 390
168 286
178 232
131 29
174 87
348 371
39 178
224 329
234 205
367 291
5 193
10 205
273 332
181 121
100 169
112 332
18 219
344 368
351 122
319 237
262 187
355 325
92 210
3 214
77 35
242 370
62 75
228 172
116 339
353 236
218 154
38 47
50 381
150 86
291 145
121 26
143 232
211 323
138 335
80 288
354 123
264 1
55 227
374 59
24 75
44 176
56 66
157 320
172 210
234 143
67 316
106 89
256 106
256 126
35 250
2 16
268 267
380 360
44 239
36 29
245 98
83 172
311 346
292 202
141 95
2 61
335 258
157 307
202 50
201 304
3 130
6 11
111 189
45 190
299 329
213 26
86 83
229 156
265 131
303 74
331 258
285 189
230 141
245 289
150 167
354 246
122 363
381 48
109 77
288 366
264 91
52 266
250 179
303 20
277 281
91 318
58 108
141 76
44 187
79 5
246 123
36 148
116 277
118 299
88 267
66 222
191 343
169 321
64 8
120 45
337 297
353 316
347 44
149 85
28 291
71 381
216 121
309 180
130 296
212 287
295 165
146 389
398 71
152 310
378 190
347 52
302 211
221 18
28 215
17 143
15 372
221 84
223 198
260 316
130 283
174 270
374 76
369 357
82 84
166 313
44 52
248 180
313 223
384 194
320 58
56 57
350 302
156 2
189 206
5 51
139 229
37 357
38 280
314 384
75 42
329 331
275 284
74 350
60 370
73 6
163 91
279 366
78 204
123 376
267 389
23 161
16 229
394 195
255 399
12 73
61 276
369 327
345 111
333 392
109 22
77 291
26 313
177 120
121 170
211 180
146 127
266 262
243 292
13 60
301 76
190 372
287 363
167 356
374 110
338 62
295 4
254 255
268 100
120 14
331 87
385 332
90 372
185 256
304 50
95 76
176 99
315 133
171 394
187 243
302 117
117 169
78 122
304 188
18 361
360 123
197 155
158 97
192 207
107 231
270 87
350 81
320 332
330 87
256 353
2 131
168 80
40 110
11 291
139 2
383 381
314 238
263 46
258 329
259 47
224 32
341 383
343 21
279 324
126 89
235 304
67 144
79 189
39 234
119 392
279 220
251 227
222 153
309 302
293 248
208 292
306 296
300 33
34 77
285 206
205 395
219 221
178 132
352 55
356 314
208 50
376 174
66 54
143 27
5 111
314 194
65 37
391 165
305 253
304 292
106 316
330 331
39 164
317 37
198 84
313 198
95 280
329 87
363 281
65 158
86 314
32 87
81 74
120 253
126 185
187 266
274 185
179 218
38 374
98 356
132 346
30 205
298 306
294 319
244 117
157 273
225 398
312 228
333 137
181 68
39 232
117 248
139 29
54 153
116 391
207 111
315 203
382 133
144 344
313 213
388 283
169 211
124 357
272 344
339 165
207 193
311 132
395 232
328 73
241 165
395 17
378 75
396 377
256 153
90 355
199 40
153 57
159 171
265 342
105 197
327 158
182 156
233 94
188 262
391 362
181 352
38 115
294 94
310 92
157 108
101 122
71 225
282 264
361 221
299 32
148 392
280 76
247 216
299 224
165 362
145 6
121 251
232 10
177 206
60 88
273 110
290 372
11 22
181 55
68 129
178 195
364 218
208 398
382 245
363 204
31 147
255 4
202 243
375 257
293 389
116 363
200 103
202 304
212 339
108 263
118 336
164 159
165 85
154 135
183 326
101 155
41 138
362 255
149 362
86 312
344 147
231 228
92 107
137 348
370 125
135 7
305 69
352 97
195 56
2 337
123 392
299 331
201 292
8 82
315 356
323 183
63 184
119 174
380 123
158 269
240 7
293 278
183 303
380 174
160 149
337 342
246 360
355 378
280 199
381 235
381 208
230 263
144 89
244 293
217 267
8 213
276 2
164 205
334 1
203 314
247 63
91 249
185 236
201 50
280 47
373 315
351 277
200 41
170 134
357 72
368 144
58 307
286 288
369 72
317 327
226 122
15 290
364 7
96 56
193 192
28 11
8 313
25 281
228 83
372 42
9 384
126 274
226 78
384 150
296 388
336 119
71 304
55 247
176 239
215 237
161 149
73 298
68 113
336 376
175 79
364 21
382 315
109 291
399 23
289 258
103 258
362 241
8 63
264 72
70 387
187 52
353 173
59 110
7 386
110 112
216 209
255 271
162 349
393 357
90 15
198 219
359 173
128 46
207 221
38 76
307 332
139 276
298 319
12 306
349 259
342 102
47 342
274 256
254 23
223 219
128 273
55 97
383 261
246 119
297 102
185 89
97 186
157 151
38 95
348 29
93 340
246 148
367 250
30 326
154 35
386 22
254 241
302 323
169 278
351 363
82 213
69 325
132 56
167 228
196 199
310 210
82 198
94 214
181 227
78 105
163 264
355 253
50 188
203 98
107 93
49 19
254 99
31 67
214 296
382 373
5 285
229 131
328 215
53 308
186 358
330 118
70 290
49 308
299 336
369 65
362 339
260 144
156 36
143 205
377 175
136 244
192 111
105 287
276 297
231 312
150 83
290 355
110 128
35 22
202 201
102 114
92 312
29 156
215 73
220 366
14 175
127 33
341 1
282 357
117 180
96 153
378 15
6 328
160 4
43 337
234 30
51 192
200 289
220 324
41 257
184 166
140 192
96 394
311 10
389 217
290 69
358 209
281 212
313 219
212 85
10 395
216 55
199 301
311 159
167 384
198 64
384 98
345 84
286 300
283 62
379 364
355 190
98 133
157 53
31 19
293 169
179 21
29 61
111 193
106 185
138 329
139 348
242 127
397 243
382 194
140 111
397 347
387 3
385 307
30 74
288 324
29 16
28 145
271 23
23 99
288 13
136 217
267 136
116 281
261 341
227 216
125 242
228 150
161 362
302 321
374 301
339 85
393 282
398 50
220 343
257 390
245 194
118 119
128 59
116 351
222 54
18 82
190 305
282 1
385 58
195 346
334 264
355 15
43 102
74 183
24 387
366 168
101 281
282 369
200 390
220 191
236 66
113 209
206 45
33 88
248 321
104 371
236 106
18 345
240 364
303 180
329 41
362 4
394 222
297 43
267 60
82 166
15 62
303 248
213 63
325 175
353 274
91 1
264 369
155 105
107 152
233 73
89 353
194 203
399 176
307 53
334 393
179 379
286 370
389 136
371 16
68 216
230 332
179 284
112 273
13 168
207 84
97 358
63 121
90 253
124 269
151 19
279 240
391 339
10 132
30 17
244 278
246 380
324 80
166 134
295 116
275 367
4 165
309 211
52 243
319 214
330 270
148 360
22 34
225 318
295 339
399 44
321 211
59 112
19 272
253 190
376 118
118 380
42 290
234 232
357 269
77 367
360 333
145 34
306 237
224 138
365 107
108 320
164 232
80 220
170 184
163 341
229 348
27 30
172 92
32 336
128 332
368 31
119 270
280 40
27 323
115 280
338 378
23 160
237 28
205 39
301 38
350 326
295 362
12 28
90 325
104 148
250 275
229 2
315 390
251 170
331 41
226 155
124 158
168 288
66 96
189 177
94 130
106 126
85 277
372 355
69 15
331 32
91 282
397 262
261 398
312 107
37 327
185 173
63 134
18 193
350 27
135 218
223 82
310 107
209 352
322 347
336 174
117 20
69 378
182 348
388 294
320 46
35 284
390 373
20 293
145 109
97 68
103 335
120 79
152 252
256 173
322 187
27 74
325 190
357 65
131 102
41 224
67 344
120 206
26 170
103 138
31 359
12 298
241 161
57 394
332 157
168 220
222 57
367 386
163 282
203 9
236 222
281 287
301 59
78 101
377 14
238 167
245 203
319 296
80 366
72 65
24 70
278 321
235 188
47 349
42 62
187 239
360 137
180 323
224 258
189 5
257 103
187 397
128 141
46 112
374 40
373 289
208 201
53 19
325 14
179 135
273 307
92 252
375 335
38 196
305 15
218 240
163 1
113 317
309 183
95 196
10 164
274 66
83 167
196 115
335 289
106 173
29 276
373 257
342 297
254 271
303 350
330 224
297 162
396 5
100 293
61 229
146 267
299 87
227 184
182 333
294 3
185 153
268 169
45 90
34 11
118 270
13 286
394 159
93 92
272 31
188 397
181 358
34 6
12 233
147 67
368 272
3 296
21 218
111 285
61 43
101 226
309 326
392 380
309 74
172 150
10 159
177 51
183 30
245 373
321 268
40 95
325 45
371 156
163 48
213 223
370 13
332 46
381 225
349 342
20 248
338 24
76 40
342 43
227 209
158 317
56 311
171 222
36 104
45 175
141 112
159 178
126 359
337 61
85 391
283 338
218 379
145 11
147 308
151 308
90 305
36 16
127 267
63 26
369 393
47 196
374 141
13 125
164 178
371 333
352 68
246 376
16 139
7 284
53 58
309 350
212 25
204 277
152 340
136 88
158 129
314 167
337 131
189 192
379 7
373 375
61 297
335 41
130 24
216 358
242 60
85 25
94 319
395 39
305 355
147 144
55 68
95 301
58 151
134 121
392 354
17 234
249 357
309 27
131 297
273 320
331 103
195 132
84 313
67 89
152 231
171 311
299 330
174 354
34 109
130 294
171 54
233 328
192 345
108 49
376 330
381 398
146 100
45 14
324 366
200 335
327 393
334 369
44 266
318 334
3 94
142 286
252 83
22 367
351 281
46 59
269 129
88 242
49 147
111 361
120 396
114 199
266 243
374 112
213 170
70 42
57 66
319 130
127 125
113 55
81 17
231 92
56 394
333 246
135 379
386 154
266 322
124 65
53 272
297 349
237 73
122 204
66 153
249 369
365 310
140 51
236 54
334 91
14 90
245 375
25 149
159 39
278 267
388 214
199 115
352 186
135 35
207 345
48 383
304 208
396 177
360 104
233 319
126 260
49 53
399 271
315 98
214 298
139 36
348 16
363 101
319 306
48 341
144 316
177 140
250 284
62 70
223 134
21 279
35 386
223 8
260 359
4 149
194 98
87 224
210 107
306 328
5 192
323 20
254 176
178 346
165 149
179 7
341 225
49 272
131 276
71 235
381 201
303 211
136 278
225 383
96 54
65 393
52 397
260 147
47 162
50 71
285 377
205 81
67 368
277 363
225 91
311 178
137 148
162 342
65 327
396 79
280 114
202 187
198 221
396 206
191 218
142 125
256 236
255 176
378 290
240 191
257 289
311 57
273 263
295 25
74 326
194 315
163 261
141 110
191 279
80 343
307 320
370 142
246 118
191 80
177 377
195 54
247 181
210 312
45 253
279 364
306 94
122 105
232 205
187 347
122 277
64 221
318 261
287 351
