400
693
292 15
394 18
194 284
162 160
138 262
261 65
96 364
393 287
338 262
173 361
335 258
400 149
308 337
62 327
398 135
110 262
322 161
55 399
339 32
2 227
379 303
324 111
305 280
262 299
72 45
358 316
16 97
262 43
2 317
245 136
145 282
189 170
88 144
87 367
6 396
262 377
398 395
262 360
185 287
69 200
84 301
51 280
164 262
382 379
145 79
218 262
60 190
18 139
262 161
274 262
203 21
108 362
169 187
105 133
237 332
9 370
229 336
155 172
262 182
354 85
271 90
330 124
163 304
1 180
51 305
294 106
21 276
349 394
237 56
321 298
205 204
262 186
253 354
386 262
311 41
364 184
340 37
318 164
311 231
11 66
138 191
179 254
259 305
382 217
90 73
136 351
78 348
229 126
230 164
67 328
140 99
297 289
262 160
221 389
101 138
377 300
361 166
247 154
289 397
4 267
47 208
348 373
294 199
292 46
241 76
390 52
99 268
262 82
41 357
256 83
220 6
146 338
262 389
111 377
119 122
294 50
118 341
202 68
174 262
128 10
39 196
277 365
26 124
50 199
94 5
149 9
341 177
289 121
376 133
335 112
107 60
55 159
366 132
98 248
262 6
180 387
228 262
336 240
80 131
63 155
278 59
370 400
262 92
19 122
238 379
204 83
247 201
303 382
286 262
341 93
150 127
209 381
156 262
250 209
239 390
59 181
171 242
15 161
306 43
262 254
388 308
269 59
241 262
355 214
283 26
358 127
357 275
302 268
36 262
262 117
173 166
262 266
250 381
113 174
207 187
323 262
251 178
259 280
79 282
262 235
239 52
257 131
262 224
94 249
262 375
75 70
275 311
360 38
366 234
220 396
207 270
120 192
395 246
262 344
142 70
210 158
45 195
193 298
339 310
1 387
115 375
385 58
84 74
24 353
302 99
358 44
101 367
217 238
51 262
77 362
88 262
10 53
262 277
255 192
376 34
395 8
363 366
351 245
148 295
328 198
21 262
204 256
55 86
337 388
39 194
89 156
383 104
36 201
180 225
389 317
343 12
292 322
54 333
103 95
392 226
329 344
273 19
185 13
322 15
181 278
296 68
8 246
83 205
300 111
373 78
14 140
127 316
187 100
309 52
262 388
262 384
35 128
213 103
161 46
262 243
139 349
196 194
292 161
50 356
221 227
339 236
34 133
316 262
262 383
365 197
157 350
125 64
193 321
99 14
316 150
383 251
219 319
29 124
49 266
298 262
205 256
397 121
100 270
3 216
246 135
117 40
362 31
256 165
264 345
65 262
356 106
366 315
390 309
386 359
22 225
374 218
114 262
224 170
335 262
270 169
369 213
212 103
320 148
134 312
207 169
30 354
262 394
169 100
78 144
96 184
163 345
20 92
19 119
370 149
55 186
11 12
398 246
126 336
339 262
11 343
152 112
350 208
397 297
262 116
291 38
137 123
26 330
56 285
293 338
45 342
108 31
386 188
89 210
262 226
257 226
310 32
97 113
262 30
347 214
287 13
250 143
231 357
137 183
176 273
348 88
191 87
386 171
61 324
213 212
321 222
212 369
46 15
165 205
28 94
298 222
138 367
21 33
41 275
276 203
373 88
63 172
134 82
253 30
378 263
346 98
395 262
262 183
325 90
51 259
156 158
243 13
393 185
233 384
165 204
383 178
112 27
110 141
5 262
262 382
252 23
305 48
59 262
159 86
290 365
262 67
135 395
349 18
262 194
210 156
118 93
293 331
83 165
129 20
80 392
262 108
262 371
130 261
262 24
262 400
34 105
331 146
284 196
355 288
77 108
41 262
119 262
299 319
255 262
36 247
262 332
85 30
209 143
304 264
152 335
107 262
333 260
260 262
240 126
296 202
100 207
285 237
102 175
242 359
342 195
262 145
215 378
199 356
243 393
311 357
117 223
283 124
262 391
22 1
324 300
348 144
25 267
221 2
11 262
142 262
66 343
58 262
53 71
257 392
389 2
71 10
71 128
262 378
107 190
318 230
186 399
248 346
212 95
239 309
171 359
288 214
400 9
203 33
116 390
153 262
144 373
81 341
35 71
175 334
188 171
262 207
347 355
232 295
231 41
191 101
309 116
262 93
215 263
39 284
262 302
72 195
245 286
367 191
54 244
1 225
61 377
132 363
262 72
27 152
29 283
63 262
267 371
262 132
275 231
387 22
269 181
225 387
95 369
73 325
175 262
48 280
4 25
103 262
262 361
174 16
48 259
219 299
372 3
251 104
307 208
252 262
186 86
372 262
314 368
226 80
131 226
236 310
143 381
10 35
118 81
92 129
317 227
232 148
147 346
315 363
14 268
320 232
350 307
208 157
106 199
330 283
377 324
276 33
77 31
198 67
87 101
4 371
138 87
211 57
62 262
351 272
206 168
262 205
56 332
224 189
371 25
81 177
61 300
262 387
50 262
7 380
394 139
27 258
188 359
36 154
227 389
44 316
272 245
327 91
176 122
368 262
147 98
132 234
302 140
62 91
258 152
285 332
277 197
281 153
122 273
363 234
32 236
93 177
322 46
28 5
178 104
374 17
211 262
303 217
128 53
26 262
323 352
193 222
183 123
136 286
89 158
159 399
136 272
340 279
47 350
272 286
119 273
294 356
369 103
73 271
61 111
151 43
335 27
268 140
313 228
242 188
66 12
260 244
307 47
262 336
26 29
360 291
270 187
206 391
304 345
315 132
114 64
5 249
303 238
78 88
262 128
150 358
297 262
72 342
306 151
80 257
22 180
260 54
393 13
216 372
239 116
264 262
102 334
262 34
307 157
265 235
29 330
223 40
286 351
248 147
113 16
84 262
347 288
398 8
19 176
333 244
221 317
163 264
119 176
116 52
159 186
279 37
258 112
262 202
131 392
157 47
391 168
8 135
271 325
120 255
213 95
93 81
243 185
82 312
240 229
249 28
174 97
262 279
376 105
125 114
48 51
197 290
287 243
242 386
262 295
143 262
50 106
74 301
238 382
399 86
53 35
208 262
130 65
150 44
44 127
293 146
234 315
320 295
297 121
85 253
217 379
109 274
262 69
262 90
338 331
262 167
184 262
154 201
177 118
269 278
290 277
380 262
182 326
142 75
355 262
14 302
346 262
218 17
167 42
667
278 342
342 155
375 74
354 107
66 190
303 29
342 311
73 342
367 8
349 377
137 155
305 176
342 99
342 192
27 128
369 29
17 276
104 368
157 125
64 198
12 232
333 288
248 86
352 83
374 361
304 88
241 47
273 143
116 164
39 163
392 250
133 23
108 2
26 169
4 226
12 364
248 30
104 376
179 342
387 351
137 272
230 19
328 86
231 123
131 136
360 59
10 395
109 332
342 42
342 335
280 199
266 342
255 280
21 373
111 226
262 342
80 342
374 308
274 106
275 243
191 316
12 345
146 356
228 272
51 293
223 75
168 167
342 361
117 285
142 335
74 342
60 151
376 368
170 165
342 138
309 342
196 330
28 342
84 306
267 285
114 389
321 357
177 187
307 400
70 302
345 364
379 389
325 367
15 212
201 185
376 112
328 248
197 342
300 67
114 342
66 372
170 126
311 92
95 286
342 96
290 242
6 103
324 159
129 157
206 170
6 229
342 226
63 88
220 34
399 52
347 142
342 247
287 316
377 203
183 261
166 125
162 206
50 200
43 194
342 65
305 253
146 359
42 269
247 341
176 105
59 186
323 342
329 287
227 192
210 380
365 160
150 234
382 342
79 30
16 115
164 217
87 245
320 389
343 105
357 342
176 253
267 46
300 334
100 110
136 342
7 342
283 161
195 244
224 195
44 178
3 400
53 371
220 4
171 143
267 239
287 191
65 281
385 1
342 283
39 48
342 330
145 228
86 30
342 126
137 145
16 295
398 101
223 309
342 122
195 342
249 274
342 246
303 43
316 350
25 160
270 187
295 299
352 355
361 308
112 104
61 56
344 397
305 343
375 32
298 327
259 342
140 129
229 103
288 211
358 258
48 250
348 256
342 10
242 154
220 111
365 310
194 369
342 185
213 146
188 240
221 342
342 291
279 263
129 125
364 232
339 135
207 342
294 185
210 15
67 49
98 102
61 222
18 342
380 15
342 378
382 147
347 335
319 102
1 393
94 47
273 171
144 307
258 110
332 353
62 22
124 76
268 154
395 251
49 342
397 149
348 122
266 186
393 62
116 301
253 343
32 74
38 219
240 342
21 386
99 64
342 158
350 329
255 199
25 365
35 378
296 237
359 213
66 342
393 385
80 135
342 314
118 291
340 124
342 46
179 242
7 53
107 233
342 209
250 342
212 388
248 79
365 342
342 124
231 342
366 373
235 14
333 211
357 27
336 150
285 46
13 151
250 39
90 284
15 388
350 191
284 174
24 396
20 313
373 386
221 327
391 255
249 197
327 82
117 267
176 343
7 371
231 214
393 342
342 358
2 156
153 96
342 355
192 127
282 11
322 11
306 342
166 129
165 162
268 242
342 151
100 258
259 57
331 319
264 32
394 92
139 184
289 269
207 78
94 241
312 56
156 236
131 37
381 203
182 209
239 117
318 288
34 111
342 248
131 175
238 153
107 302
334 67
167 33
324 118
144 3
342 346
137 228
140 166
303 342
276 189
317 186
194 29
61 54
28 130
321 297
11 169
47 78
342 191
272 145
152 68
342 8
374 252
392 39
207 241
338 16
342 237
111 4
342 331
342 189
239 46
93 383
301 119
210 342
342 203
370 73
342 101
342 21
305 342
357 128
49 300
41 55
140 157
321 27
163 392
148 363
164 119
11 26
227 127
14 342
359 356
174 90
277 314
40 172
87 52
324 291
72 342
210 212
342 199
230 58
98 331
342 184
299 338
213 342
78 94
70 107
391 199
29 43
71 5
342 58
166 342
335 384
91 138
380 388
397 342
292 284
58 19
342 351
106 197
134 215
342 26
204 298
79 328
232 345
326 7
10 251
271 246
342 225
245 399
262 362
325 8
322 169
179 268
193 118
45 390
342 2
349 31
222 54
141 33
399 342
317 266
47 207
357 297
363 18
71 342
115 342
21 366
175 37
141 167
342 364
366 386
96 238
55 342
116 119
86 79
144 400
326 218
112 368
265 237
292 174
257 63
22 385
256 122
110 358
71 396
289 42
254 175
119 217
68 342
114 320
392 48
93 89
37 136
301 164
193 159
371 218
342 104
220 226
205 133
60 13
253 105
270 177
175 136
293 72
190 372
94 207
342 353
203 31
148 18
208 235
385 62
132 342
291 193
329 316
115 295
160 310
342 150
113 278
304 63
106 249
183 342
159 291
342 200
233 354
317 59
346 120
75 309
368 121
48 163
170 162
342 107
30 328
294 201
254 37
191 329
87 399
154 290
208 14
270 342
54 312
340 76
121 376
173 225
280 391
36 337
303 369
342 20
282 169
331 102
312 342
154 179
380 212
307 342
274 197
63 315
361 252
9 65
128 321
342 304
196 260
181 271
116 217
57 180
25 310
342 172
81 158
312 61
296 265
371 326
337 342
315 257
194 303
204 82
254 136
324 193
326 53
99 198
24 5
22 1
336 234
342 134
204 221
26 322
82 298
49 334
218 7
342 141
236 2
301 217
70 233
302 233
123 214
186 360
307 3
85 323
16 299
302 354
381 377
333 318
88 315
264 375
205 23
43 369
311 394
219 342
298 221
241 78
62 1
330 260
304 257
318 211
80 339
33 168
384 142
17 189
165 126
292 342
163 250
130 69
105 305
206 126
224 244
259 180
270 202
349 381
202 187
165 206
327 204
145 155
218 53
97 362
27 297
272 155
168 141
109 353
358 100
177 202
390 342
239 285
290 179
396 5
292 90
338 115
246 181
281 9
342 205
117 46
344 149
342 275
384 347
222 312
104 121
108 156
390 77
28 69
317 360
103 342
236 108
213 356
132 216
157 166
24 71
72 51
155 228
322 282
342 263
59 266
82 221
338 295
379 320
245 52
45 77
159 118
26 282
286 342
257 88
383 89
97 262
162 126
360 266
34 226
254 131
381 31
125 140
342 301
393 22
268 290
203 349
121 112
89 342
98 319
222 56
315 304
252 308
128 297
70 354
388 210
54 56
83 355
34 4
342 143
31 377
114 379
350 287
44 342
299 115
318 342
264 74
