372
2000
214 331
56 10
307 354
45 220
320 213
110 235
146 171
3 37
331 343
202 72
40 249
53 66
88 25
218 139
216 344
92 272
118 200
36 227
12 38
252 124
212 124
68 254
321 137
34 139
276 107
352 2
155 352
38 351
76 266
333 45
360 245
15 179
162 59
110 28
319 309
9 121
306 65
84 345
356 88
171 260
332 175
145 316
203 202
264 100
222 356
367 312
369 39
313 26
350 247
65 303
84 254
3 287
138 64
276 121
262 308
155 237
298 175
271 135
191 254
231 46
217 69
302 350
340 239
164 217
194 228
96 95
108 260
218 307
226 43
332 262
69 330
168 215
309 261
242 258
262 109
338 154
4 310
226 320
112 134
121 323
340 22
242 303
294 101
277 173
232 292
361 212
65 172
56 178
28 298
110 166
326 246
207 251
370 303
283 289
219 110
72 194
146 234
114 366
288 199
257 266
8 102
50 323
178 237
276 290
25 352
170 149
96 65
80 70
77 227
224 193
19 307
301 261
73 8
86 171
44 290
317 307
310 320
203 184
80 66
91 238
32 80
242 82
291 56
310 71
68 247
205 117
135 362
304 9
45 361
227 91
214 16
309 166
74 67
65 340
156 165
11 47
13 25
220 344
296 220
174 60
109 121
276 306
177 89
206 1
287 79
19 240
312 239
117 15
229 83
154 93
259 38
7 97
110 141
346 139
54 83
347 83
193 137
222 25
217 2
263 7
335 258
285 267
120 8
104 226
288 25
113 54
293 106
102 130
233 112
10 76
24 269
164 366
225 102
177 65
13 341
87 327
127 330
227 128
24 159
272 114
219 180
275 61
48 167
334 262
210 102
305 279
316 186
82 261
179 280
186 14
116 2
149 176
130 4
113 159
101 218
85 331
62 228
287 274
333 89
302 45
34 172
45 88
115 272
308 26
286 62
295 259
107 162
367 285
120 100
43 281
256 342
191 349
279 11
163 192
47 53
166 261
205 266
120 237
360 44
345 123
30 188
88 95
266 96
202 136
86 287
156 184
185 350
44 274
156 292
25 305
81 46
38 291
48 40
54 305
22 43
237 316
293 217
90 303
184 63
366 19
104 250
20 329
362 217
316 72
200 365
140 49
333 232
157 334
225 74
37 335
222 311
364 143
194 71
325 42
320 192
118 249
43 97
127 70
26 193
196 226
25 115
78 228
331 92
275 153
140 196
153 145
29 53
267 278
36 143
251 103
281 362
157 348
146 350
242 327
251 289
87 324
48 168
33 50
337 329
185 86
360 132
332 360
36 309
153 312
160 49
137 155
319 27
204 280
204 21
349 120
70 34
119 288
246 93
103 206
112 228
336 12
56 337
88 73
270 324
90 127
106 177
364 228
310 85
85 66
178 228
317 81
236 89
291 282
229 327
327 5
159 170
354 147
9 277
342 297
41 164
4 47
113 227
233 129
209 160
138 335
342 232
322 101
359 216
245 60
213 6
360 145
287 333
320 304
235 212
343 179
62 159
88 327
69 111
69 135
69 133
12 327
155 148
139 360
368 72
283 270
36 249
271 78
258 175
161 79
348 97
188 211
94 340
167 170
75 165
52 317
196 30
280 52
319 173
344 129
303 47
316 176
294 304
67 86
138 299
191 94
255 225
198 230
29 66
222 241
278 78
205 200
307 290
237 252
5 177
237 288
51 12
193 39
278 113
290 196
202 166
312 170
162 344
209 356
292 42
303 195
157 110
309 346
360 92
191 67
318 86
345 294
248 20
183 89
35 231
328 288
255 352
344 201
271 179
13 310
99 158
223 287
224 36
71 43
331 13
329 264
51 188
187 103
64 166
363 182
310 319
301 233
370 157
60 164
274 134
197 213
338 168
370 258
172 13
95 23
18 63
164 280
314 79
15 71
341 38
328 105
278 4
165 288
119 68
65 59
146 236
183 82
98 141
261 19
279 61
36 226
256 306
169 323
220 214
156 106
263 196
38 279
45 15
240 290
366 243
201 273
73 364
146 333
13 24
288 20
340 57
351 277
223 222
370 127
4 250
313 129
14 55
292 334
150 224
365 106
185 216
30 81
161 152
327 325
323 152
355 339
132 269
349 99
108 155
309 128
1 22
192 64
145 359
150 25
82 159
306 192
41 181
162 86
89 330
51 233
94 290
23 89
102 169
129 223
366 118
115 162
68 144
334 329
289 52
78 182
20 15
234 130
132 349
101 347
268 241
194 189
309 190
311 302
228 168
160 235
239 345
204 92
170 194
197 53
90 297
114 188
27 208
149 162
233 215
127 102
328 44
93 297
105 256
231 94
188 119
87 116
16 225
69 219
202 269
229 87
123 253
110 24
29 129
230 246
99 81
210 324
346 368
73 155
124 210
77 343
199 168
123 358
2 248
125 14
95 3
46 212
245 204
47 95
137 212
321 165
30 218
17 65
58 5
110 163
74 60
137 264
126 238
114 246
145 95
284 240
210 298
134 356
159 245
299 348
330 329
46 331
283 234
97 310
280 169
6 280
276 320
325 47
296 28
56 108
224 217
135 245
216 180
207 156
313 269
159 132
67 323
368 82
177 219
179 222
191 132
129 108
75 255
6 229
10 163
91 160
249 130
68 282
45 297
35 189
197 198
291 310
41 62
298 127
148 159
47 318
138 154
11 84
371 274
298 286
37 183
342 79
317 174
85 191
202 39
9 242
252 34
192 240
337 60
205 111
25 5
139 278
57 108
74 112
305 322
81 225
124 108
125 256
363 112
161 239
311 14
182 21
31 297
99 144
349 353
122 200
82 21
106 194
19 355
250 172
262 29
229 225
63 64
225 364
94 7
246 179
197 195
266 290
308 87
119 55
355 43
300 135
55 32
316 131
369 284
94 207
225 248
190 202
44 226
41 59
90 86
98 7
169 170
46 190
44 304
72 91
21 274
234 213
335 221
220 230
171 258
203 340
277 217
146 59
125 233
183 127
34 15
286 48
280 287
90 359
84 67
50 333
255 341
311 347
142 318
194 34
348 297
312 324
286 183
27 122
327 30
70 333
227 150
154 179
342 78
282 241
198 181
203 16
153 341
300 131
91 134
208 137
197 184
314 37
64 300
91 188
356 3
64 110
214 110
24 64
300 268
35 359
221 171
364 136
182 72
189 82
121 17
20 142
186 281
80 262
163 3
273 56
210 344
337 68
320 156
45 14
111 55
308 317
145 268
248 171
184 257
352 340
61 24
10 333
193 234
322 334
246 169
130 109
243 311
50 90
321 46
58 54
295 135
258 122
283 184
270 18
230 166
317 67
143 345
230 227
321 51
251 182
41 346
115 342
338 7
250 110
281 178
308 304
246 272
128 65
361 357
41 296
278 63
349 173
193 17
212 367
307 222
346 257
3 29
33 224
17 225
317 107
210 122
315 15
348 339
156 358
271 175
168 67
147 234
186 264
136 290
107 169
34 149
248 26
263 217
85 148
214 200
174 239
40 327
283 285
358 186
187 241
307 160
264 308
327 169
73 363
219 210
124 202
347 96
277 222
307 118
5 131
75 254
189 316
366 3
229 254
233 52
37 205
134 315
60 65
193 61
5 64
345 268
326 211
83 70
210 65
143 267
305 118
290 209
17 138
50 305
16 22
244 296
130 324
66 371
24 74
258 163
150 130
195 314
206 93
211 172
6 282
333 254
110 121
220 55
323 369
308 116
164 10
262 237
370 294
23 348
309 239
225 330
314 99
139 317
365 216
12 103
99 302
128 333
107 123
17 143
304 45
237 79
249 132
147 142
214 248
210 280
171 102
8 133
368 33
25 134
195 141
338 122
43 359
198 369
193 328
6 257
301 253
42 3
328 6
360 15
35 319
119 209
163 235
73 64
303 137
33 201
56 368
160 367
93 357
176 166
99 124
358 10
363 118
170 346
191 106
188 252
33 282
82 40
179 312
86 150
347 19
46 294
193 2
311 352
118 175
27 268
291 34
20 266
310 183
297 253
46 307
232 133
23 45
124 243
106 184
220 203
163 183
294 186
60 95
181 15
67 316
310 57
79 95
246 162
278 218
49 196
333 22
287 2
315 238
90 311
296 39
101 158
215 227
346 200
289 323
104 274
221 369
121 151
57 337
108 203
362 145
247 94
332 89
367 39
114 270
325 156
105 357
350 366
239 68
300 8
334 273
372 31
211 19
156 366
232 154
160 114
362 25
131 55
320 141
372 79
45 20
62 146
161 301
338 55
102 219
298 297
179 201
286 193
65 135
47 333
83 330
45 282
144 315
368 179
302 123
370 110
281 367
344 91
195 66
150 51
200 143
315 286
340 5
201 260
351 159
18 351
350 162
272 79
273 179
103 267
145 353
167 140
167 220
360 352
279 252
111 273
256 164
272 300
291 90
215 61
31 342
366 216
179 297
17 140
121 53
174 368
369 174
28 179
29 191
28 256
119 219
217 312
321 21
357 317
316 141
141 149
102 115
211 311
232 72
321 225
47 98
154 10
54 322
203 24
331 363
5 98
319 126
84 120
151 170
208 339
84 234
333 38
261 314
357 49
287 283
272 149
236 245
140 83
80 192
59 295
179 367
288 170
195 134
184 80
247 273
135 127
42 327
289 74
110 296
218 247
167 283
82 253
171 219
24 95
64 242
159 56
245 12
143 4
237 260
260 158
262 276
300 371
236 357
338 147
290 361
178 68
149 188
200 275
23 138
141 154
205 129
50 372
175 321
62 184
246 222
365 160
249 6
142 254
367 182
272 174
144 318
245 186
135 238
284 324
370 90
72 248
357 363
217 105
239 121
257 301
336 194
218 61
52 205
238 162
93 50
256 22
187 364
278 162
48 287
311 206
31 215
320 338
101 204
175 6
261 94
296 268
10 274
318 270
231 340
39 178
353 13
199 361
350 370
350 178
105 358
152 210
307 38
277 14
334 135
164 201
31 349
131 96
65 50
269 222
361 71
110 239
158 283
59 151
4 110
318 44
186 60
217 210
285 141
143 6
128 41
78 147
136 1
61 31
46 91
347 218
347 261
317 248
9 203
254 329
325 197
45 117
29 317
210 126
351 315
280 251
102 345
201 138
214 218
354 192
117 176
256 155
328 40
51 221
172 131
297 112
69 15
230 68
50 186
181 185
110 311
213 53
281 274
280 56
169 119
137 46
304 26
260 189
366 208
292 84
63 73
129 281
276 261
228 261
25 260
66 312
314 276
323 242
231 41
110 192
141 114
188 40
244 157
288 276
39 322
245 152
290 299
84 135
74 213
145 305
326 111
55 202
173 247
137 67
215 99
252 33
174 162
244 278
322 221
321 78
309 98
254 169
143 182
360 189
14 230
48 370
154 368
137 11
175 341
54 332
289 334
347 78
110 47
141 175
343 16
74 292
324 66
71 7
96 341
46 166
136 254
307 283
157 34
119 22
285 86
230 97
277 315
101 85
78 194
325 328
361 268
103 288
123 136
218 185
20 5
288 356
110 252
42 99
359 271
247 79
37 367
150 226
257 241
131 301
281 49
136 215
363 66
206 67
178 216
233 318
99 284
331 234
315 165
330 228
34 298
7 302
127 335
167 95
217 242
27 281
328 109
326 15
107 200
140 183
321 285
261 39
248 128
160 19
369 303
136 120
6 334
174 253
252 26
165 314
98 248
170 291
225 141
270 77
178 250
189 138
172 109
23 74
18 24
347 313
188 238
194 264
263 158
30 77
157 130
183 190
121 18
247 192
284 317
170 209
236 371
132 185
201 44
251 185
10 370
211 229
315 257
278 148
261 95
362 99
339 303
125 332
52 293
217 172
363 295
304 2
187 175
241 197
157 141
314 309
42 12
226 341
148 353
356 124
346 213
119 273
178 135
244 159
284 101
257 183
231 177
115 17
323 327
117 343
26 24
231 42
11 26
2 132
110 325
61 177
314 178
44 197
221 308
220 223
131 138
234 263
101 118
224 154
12 160
24 321
264 4
157 188
306 11
328 257
49 344
185 122
255 297
192 232
203 149
268 181
145 168
323 28
149 324
96 145
118 13
241 210
236 112
320 162
308 274
113 287
109 310
6 119
4 292
368 21
234 237
318 159
306 61
87 48
263 79
237 309
93 183
294 82
165 247
222 367
246 231
147 310
317 350
44 205
296 250
117 157
331 53
65 62
15 138
350 345
215 95
179 37
106 240
288 320
254 162
102 309
24 129
122 245
367 372
209 318
110 299
258 15
362 312
86 121
9 170
145 129
61 39
138 196
264 56
191 68
319 62
35 13
13 107
153 66
104 289
45 108
31 44
163 363
199 291
64 364
207 245
321 319
54 366
222 274
101 96
235 362
147 122
108 336
207 16
326 159
368 308
319 281
285 173
28 353
297 237
371 348
343 21
169 98
73 269
218 312
45 357
149 18
255 289
241 323
236 335
39 43
192 58
99 89
362 33
242 39
297 203
321 41
356 127
271 267
218 143
65 171
275 227
206 341
190 214
196 206
271 338
10 34
3 25
85 124
39 201
200 231
122 354
192 170
163 310
167 108
188 220
274 26
1 170
93 152
292 343
319 276
232 186
118 277
61 264
176 181
80 185
100 240
54 124
245 329
68 184
144 94
282 84
179 30
58 300
212 140
11 107
365 214
37 338
372 282
55 79
189 307
335 270
356 292
168 167
203 178
46 308
210 262
73 156
261 295
256 75
177 175
174 293
93 66
48 90
81 152
267 21
68 330
168 162
168 49
16 253
77 237
246 21
161 32
286 314
354 277
89 257
285 313
307 87
77 16
273 315
249 245
262 347
223 226
341 196
69 273
287 45
180 60
82 166
191 19
264 28
17 80
293 310
225 25
219 127
25 35
52 117
366 151
25 256
180 312
177 227
63 157
219 18
291 4
80 56
37 12
176 85
209 87
263 303
98 257
69 354
353 217
78 261
88 31
312 257
243 100
341 141
216 127
81 111
11 299
147 97
5 28
172 334
294 201
363 191
240 166
261 145
271 197
7 4
230 32
297 271
120 347
224 311
309 209
255 45
116 42
249 195
51 296
56 312
210 18
244 293
67 57
197 365
154 152
190 325
18 239
357 151
30 145
63 256
175 191
293 303
203 291
126 206
276 348
37 339
226 302
273 18
22 24
261 224
267 85
251 93
57 297
306 224
227 361
7 176
215 248
110 164
246 25
352 233
367 221
82 200
133 78
304 82
49 284
79 351
258 151
9 149
28 127
336 225
163 319
303 28
111 122
273 314
20 35
57 97
231 36
271 325
286 89
179 236
372 205
161 104
270 334
215 97
151 106
214 36
319 111
8 266
125 8
287 148
167 43
90 123
28 273
294 132
217 84
347 50
291 200
275 105
161 125
344 309
163 200
53 363
254 86
101 297
369 260
172 146
268 256
103 129
146 340
351 169
345 256
186 354
315 27
300 213
46 74
277 279
329 370
242 93
4 265
49 329
294 253
317 111
109 52
200 249
251 24
354 153
53 360
368 112
30 349
363 181
295 210
36 317
23 131
207 242
113 218
162 181
228 244
81 28
240 122
107 369
105 186
117 266
224 276
349 122
253 280
2 8
179 48
107 28
214 276
53 343
345 28
122 252
268 245
167 80
177 2
196 200
355 67
313 163
231 141
70 62
73 248
81 229
310 33
48 150
370 296
145 227
244 301
329 82
133 227
144 359
322 67
221 301
70 145
142 268
223 115
260 334
18 291
16 127
139 136
58 56
177 119
178 72
143 46
338 225
74 52
104 285
257 202
236 145
52 67
358 70
328 234
197 95
205 61
81 168
202 31
345 33
323 155
40 111
339 274
266 294
15 332
276 206
39 282
247 329
296 314
71 142
177 8
343 211
208 25
351 139
2 72
307 90
14 213
249 115
324 85
283 255
106 344
38 192
193 158
301 196
134 156
298 95
68 39
141 136
140 342
139 169
99 352
102 147
234 87
119 223
34 18
348 288
289 36
134 345
36 195
366 116
58 372
253 368
360 124
153 278
79 185
31 243
323 76
221 30
103 199
59 308
106 310
215 52
85 232
296 100
175 197
221 126
33 196
66 206
237 215
329 93
221 268
176 184
164 222
78 281
218 352
166 358
150 100
168 189
120 145
242 352
256 111
273 100
245 211
82 207
101 245
222 149
72 350
97 327
269 149
262 4
313 44
58 161
80 306
369 347
240 214
69 142
227 8
259 287
53 181
17 341
259 40
151 117
54 250
229 113
291 67
67 203
208 342
322 268
282 327
151 220
80 321
72 260
36 301
124 116
81 130
27 278
85 239
62 175
324 327
162 12
43 296
151 89
123 116
53 77
17 105
349 207
314 154
72 73
197 33
161 157
6 61
124 58
264 48
156 24
32 54
185 9
352 288
353 300
105 184
164 316
11 351
115 106
7 52
53 244
225 259
167 180
151 87
101 346
186 301
292 221
78 301
191 327
89 182
364 54
182 334
308 11
163 358
145 284
351 236
13 256
299 197
74 297
21 235
52 247
235 210
152 339
287 240
149 146
236 289
264 337
26 187
162 252
151 200
85 302
232 163
287 219
209 28
256 60
148 63
144 101
54 132
323 105
368 158
372 249
197 86
370 229
358 153
186 248
31 193
236 7
256 289
195 243
267 133
234 272
94 219
330 240
158 15
148 256
1 252
354 309
90 287
50 118
42 371
4 61
226 102
8 126
111 294
35 123
137 174
98 57
41 338
250 338
321 232
84 308
100 178
299 312
134 343
354 115
289 252
196 72
354 55
369 342
38 304
272 179
47 210
200 49
168 82
85 233
352 41
360 76
136 91
71 207
44 184
150 164
268 226
177 153
70 134
341 86
287 322
293 156
210 294
227 148
219 85
82 81
311 360
271 157
99 86
262 342
43 308
100 282
63 356
16 368
82 287
195 355
109 280
208 353
257 215
204 342
80 69
307 29
275 236
58 355
116 100
9 334
320 353
212 294
251 337
162 259
161 274
174 187
146 276
143 197
42 167
370 183
231 129
324 240
291 358
266 145
125 289
80 235
90 281
194 187
226 203
173 267
75 280
228 126
171 77
15 253
176 370
238 335
2000
69 209
199 292
358 69
292 109
201 283
232 86
292 208
211 47
128 164
254 125
2 240
11 82
69 94
17 227
234 336
118 372
275 323
75 1
350 354
134 115
227 239
324 39
233 92
111 231
126 346
137 280
357 76
217 307
36 354
208 3
44 119
48 250
303 122
367 178
138 117
226 56
238 123
216 102
314 350
210 321
81 305
158 5
106 73
346 231
328 197
258 138
254 211
303 25
224 90
217 357
107 365
324 50
105 331
192 91
221 60
186 27
121 335
194 259
99 367
260 113
233 102
32 237
209 62
336 211
22 240
10 42
290 124
14 6
255 292
5 23
77 30
233 232
206 101
268 328
259 220
308 137
188 362
328 343
56 18
36 86
289 220
147 299
137 273
172 174
73 279
127 348
214 30
165 128
228 306
190 51
367 273
313 77
96 68
1 335
283 331
258 263
111 291
337 185
208 93
319 145
265 30
302 220
349 240
197 67
75 10
363 262
333 196
41 291
49 259
266 363
358 286
257 343
192 36
235 115
66 368
126 73
310 23
236 366
117 304
320 139
33 330
336 11
340 183
157 94
343 179
231 368
358 316
132 241
314 330
137 329
226 207
180 44
116 72
88 155
110 187
353 316
31 328
133 293
249 111
317 243
113 11
44 186
63 200
268 127
84 203
248 206
95 370
197 290
207 262
171 55
237 337
102 310
342 58
118 78
50 199
60 346
211 277
113 28
220 7
259 4
17 34
160 302
247 159
102 223
349 62
181 60
113 27
348 96
54 7
251 285
260 357
335 170
74 27
66 24
237 301
319 362
241 156
121 49
122 91
298 327
56 283
31 91
364 207
32 195
21 106
206 359
263 60
309 190
166 146
196 212
20 330
139 358
361 40
63 212
235 168
18 75
18 205
283 303
214 60
291 157
74 4
371 173
146 92
279 258
80 317
124 342
300 283
307 228
351 86
27 60
30 277
50 82
2 272
282 327
125 303
306 340
200 352
197 55
161 39
276 65
55 87
248 137
85 278
200 335
113 316
292 116
337 241
346 331
24 328
135 69
244 175
83 177
333 9
21 197
251 209
308 45
249 187
201 50
46 157
295 73
198 353
84 227
137 255
338 103
37 113
31 15
45 302
175 254
212 203
144 160
32 131
342 210
20 238
203 187
354 96
207 64
246 354
282 104
73 209
34 216
344 280
139 365
355 135
235 346
358 321
43 32
326 255
121 279
268 245
327 69
31 160
81 360
307 210
280 363
258 360
294 151
51 283
305 159
338 288
276 143
49 335
117 21
42 157
34 146
61 278
160 80
235 36
242 38
31 162
49 61
58 198
316 189
316 228
145 28
59 188
31 122
216 47
280 240
268 108
52 290
168 86
360 226
236 148
218 133
342 82
247 328
93 356
319 212
352 325
163 2
193 76
165 287
50 281
371 364
117 288
353 89
45 59
285 197
98 262
150 313
193 289
273 1
308 149
91 274
293 234
345 353
183 222
111 119
199 188
30 151
235 267
275 299
273 171
260 43
272 187
200 305
221 295
30 74
262 152
18 16
192 20
328 64
306 209
31 175
124 370
84 247
46 99
227 121
109 84
316 251
67 165
237 330
170 298
80 124
268 205
66 46
5 311
228 14
50 22
41 204
118 328
23 329
69 103
290 189
113 126
316 181
142 231
359 202
281 34
9 271
366 269
221 267
2 16
195 292
85 128
119 39
116 347
246 256
358 175
351 206
301 206
72 243
247 70
180 305
263 8
222 85
229 32
340 185
163 110
206 67
273 320
312 61
194 33
14 67
75 274
46 219
336 40
221 195
104 159
161 23
151 260
247 334
14 18
275 95
30 359
245 194
237 3
30 152
263 189
319 6
361 300
72 360
317 280
68 158
111 224
355 6
173 20
63 207
179 312
63 256
83 227
249 140
75 258
201 66
32 233
272 262
4 186
263 200
59 298
267 145
299 27
351 32
191 58
32 86
339 258
282 343
214 15
117 294
80 169
64 214
348 152
325 249
223 263
8 24
240 262
326 40
359 323
96 353
305 23
300 5
140 283
241 313
100 297
317 333
2 84
165 169
306 370
107 340
127 150
15 108
338 15
101 68
258 235
84 200
206 180
229 274
78 334
81 371
279 26
234 163
72 183
109 26
357 239
310 175
78 104
131 89
229 150
126 16
96 296
124 141
73 85
164 258
170 266
300 112
60 223
352 115
153 46
369 184
317 154
164 44
60 128
315 101
316 262
341 144
335 165
97 194
339 195
195 235
233 41
54 174
12 359
362 148
131 196
327 39
46 17
225 79
309 317
28 119
269 81
334 69
17 134
347 198
179 182
54 239
172 77
107 275
74 31
27 236
25 227
278 6
71 100
68 252
323 335
204 362
129 349
154 53
172 91
256 270
296 244
12 193
143 251
147 39
230 133
262 197
292 84
56 127
191 237
254 147
315 63
248 18
102 204
369 147
168 270
282 117
24 266
55 188
345 133
334 252
236 112
154 153
172 152
259 303
64 138
40 329
75 356
19 173
28 327
285 360
71 222
114 369
214 165
81 350
343 334
360 256
360 231
85 171
45 144
105 324
10 317
314 42
289 18
71 284
110 4
168 29
255 199
337 56
79 286
298 34
109 55
209 248
21 224
366 256
27 324
321 1
309 355
334 17
84 139
116 125
295 8
53 370
1 141
275 75
272 269
215 13
141 32
141 48
146 26
75 198
58 186
219 220
122 63
294 125
31 205
115 9
137 245
335 308
197 50
211 121
55 261
155 342
97 38
79 191
344 53
274 55
343 154
204 50
141 276
66 234
18 345
353 296
250 363
86 265
173 273
170 190
318 276
287 264
280 294
76 152
140 144
112 83
63 144
225 42
207 285
311 278
266 124
290 367
106 160
63 50
147 111
182 291
279 188
106 126
318 172
350 214
328 335
124 65
256 305
42 13
152 257
9 165
150 271
187 296
75 287
153 351
2 1
50 360
109 48
65 219
32 99
49 260
5 108
129 156
271 24
71 135
253 59
130 342
143 167
238 212
40 367
255 60
168 33
148 188
370 229
287 330
181 352
101 313
126 131
222 84
253 2
273 160
178 323
336 291
307 216
292 355
220 342
323 130
190 360
134 241
328 121
350 331
149 249
358 235
136 295
302 88
190 130
169 274
25 299
332 106
68 184
256 317
104 164
64 196
176 224
233 87
283 330
100 146
173 18
269 356
64 99
2 71
238 106
333 42
209 217
76 81
169 170
113 83
367 204
46 311
110 97
8 38
11 160
239 99
162 135
49 284
370 272
371 318
243 367
93 359
159 238
153 268
15 219
216 369
41 265
338 253
13 106
315 223
361 328
209 131
366 60
337 12
4 66
81 363
366 121
48 309
252 342
319 270
192 53
165 119
73 338
44 260
20 353
219 259
94 58
217 40
142 154
347 225
248 154
249 144
333 329
255 340
170 92
188 63
154 106
280 80
177 16
214 37
244 323
70 132
208 370
241 344
178 316
138 310
345 297
55 291
11 273
41 369
44 269
49 357
213 65
334 361
321 83
207 51
118 156
188 18
40 180
179 34
194 105
218 203
348 23
233 169
164 114
295 282
199 176
266 276
211 214
219 66
158 287
55 107
62 65
279 202
212 370
172 191
31 300
279 196
318 332
179 204
137 362
150 319
194 41
214 42
98 62
127 11
355 166
338 203
87 166
152 273
239 264
111 2
79 304
99 312
147 240
279 54
49 207
364 10
257 359
157 340
108 327
206 354
353 286
7 33
78 233
327 363
79 44
219 48
348 229
282 300
184 179
49 100
30 25
193 275
277 44
318 57
198 226
187 67
35 220
282 79
119 46
52 169
372 196
224 19
228 17
13 261
318 34
266 296
21 278
344 18
219 315
145 53
206 158
178 75
22 259
79 207
110 325
160 152
100 67
233 22
232 310
350 251
228 129
112 308
371 280
185 87
317 7
154 178
159 204
63 365
76 40
176 134
29 290
351 134
294 169
155 268
311 19
62 35
148 174
241 121
50 36
267 148
127 203
93 10
60 275
225 63
223 140
29 57
157 129
332 14
165 299
140 6
146 368
63 108
289 185
372 237
339 363
269 333
48 298
5 17
332 299
164 218
359 198
278 340
167 95
265 235
105 204
343 281
75 326
324 52
268 231
178 342
150 326
45 305
31 16
360 351
124 69
214 95
137 288
176 131
196 251
153 361
145 143
45 68
144 21
177 59
36 229
96 139
259 322
134 3
58 216
181 76
343 37
345 88
9 181
358 342
30 34
53 222
11 35
165 251
343 80
57 169
64 320
313 81
294 349
107 276
316 220
347 359
118 91
287 271
335 12
280 9
4 29
222 331
260 302
3 260
318 325
108 22
244 45
278 111
187 363
267 232
324 232
278 251
62 148
193 124
105 279
71 244
324 54
149 325
237 312
316 140
175 231
243 229
329 334
209 94
145 260
322 35
88 13
71 345
286 240
302 42
7 68
25 23
134 65
361 284
116 119
69 86
153 162
199 359
264 113
325 228
285 364
55 268
190 182
73 17
132 54
255 291
152 151
195 343
178 58
346 101
339 70
104 332
2 280
22 211
10 274
41 154
238 7
192 122
327 245
164 69
126 86
229 346
131 141
345 316
56 23
274 252
57 185
76 300
41 232
346 244
334 110
105 295
107 304
220 113
203 30
338 369
362 344
66 72
15 159
76 347
42 353
234 8
62 87
232 79
44 249
8 217
117 88
86 8
157 361
90 180
358 110
39 301
233 285
33 98
252 4
11 253
293 78
82 360
279 100
319 64
231 260
173 214
321 204
43 360
31 209
249 358
276 236
242 114
37 88
29 347
329 220
29 309
271 228
9 125
336 179
237 112
276 113
306 48
44 290
84 296
126 108
313 262
290 264
277 323
170 199
244 119
60 334
164 3
200 128
229 349
3 235
349 42
186 115
329 15
112 120
71 183
195 319
57 184
64 370
283 44
337 323
87 244
347 39
306 3
121 238
33 60
211 281
143 23
329 204
104 149
365 183
337 105
280 146
340 27
154 67
326 263
310 36
58 206
59 29
55 317
121 66
213 68
293 358
247 268
358 143
139 227
46 55
63 29
261 271
239 51
146 169
321 141
85 205
366 348
136 317
29 321
171 148
121 209
320 63
133 82
333 18
139 231
352 98
182 106
279 278
266 39
30 304
13 112
131 225
232 278
313 159
320 234
318 341
358 283
110 90
73 269
229 59
111 285
189 272
174 315
112 74
351 297
138 263
69 81
49 109
109 213
64 278
86 216
361 135
42 45
153 92
71 269
221 240
262 344
130 237
190 303
260 313
117 33
172 141
347 264
268 172
86 293
42 100
165 364
249 368
240 217
225 54
17 336
49 294
269 239
191 60
262 295
260 285
185 11
93 81
296 243
152 137
63 185
105 170
135 337
322 51
346 58
343 50
127 119
195 141
107 15
308 282
134 93
124 142
277 370
108 46
87 243
285 53
189 130
242 356
21 179
93 59
19 53
118 80
161 168
160 85
53 283
238 246
213 334
291 102
343 100
20 44
187 334
174 224
210 358
367 254
301 113
81 171
301 309
146 365
371 274
174 130
125 100
142 125
320 277
42 330
108 314
240 77
81 337
165 71
19 237
287 324
21 350
76 367
274 306
188 249
54 43
32 6
24 94
259 270
253 16
174 178
222 11
277 101
251 121
334 151
279 95
43 172
274 284
69 50
229 90
110 52
345 341
42 164
235 159
221 73
323 271
211 342
165 343
159 70
51 367
235 144
329 240
64 305
357 164
252 297
243 344
180 149
195 353
100 43
273 129
93 246
37 28
361 141
260 352
334 73
163 328
189 249
218 106
77 155
306 49
298 121
136 130
106 203
306 28
261 165
18 64
121 304
268 343
87 222
253 339
15 278
240 222
254 277
45 283
295 178
116 220
150 287
216 65
111 162
109 29
196 303
358 268
187 331
107 366
165 357
99 96
164 199
34 337
13 198
222 74
241 76
361 324
99 249
302 362
56 17
136 176
189 121
150 371
244 255
112 169
229 184
332 253
362 289
293 174
118 62
302 31
172 372
237 63
9 70
74 58
243 121
274 199
340 296
312 317
103 127
63 274
220 8
292 215
13 105
48 320
224 267
102 112
324 196
314 269
12 285
310 153
292 140
62 168
117 11
317 228
12 171
60 163
280 360
91 366
195 47
186 244
366 298
11 104
127 292
50 183
125 247
349 140
302 230
138 43
96 132
219 282
262 69
30 50
194 357
92 21
236 287
255 72
290 289
353 173
167 27
276 331
150 176
38 200
364 53
100 364
106 4
298 27
318 190
354 49
10 58
293 304
33 159
148 274
55 144
41 281
366 228
50 103
310 336
118 347
342 38
278 274
327 67
175 266
19 149
134 344
314 235
50 224
38 20
106 59
26 343
318 297
328 287
173 37
320 141
28 268
63 294
286 347
231 38
61 305
341 15
334 7
139 92
58 351
96 110
70 103
38 269
286 325
34 43
200 9
223 317
16 87
89 23
303 328
269 75
248 160
77 223
158 337
273 89
340 137
102 327
332 60
100 150
141 34
23 270
9 286
62 110
331 63
105 40
73 198
290 66
278 361
141 318
297 359
242 19
233 152
168 330
221 120
362 372
348 247
246 335
32 312
205 117
181 232
365 7
213 348
1 29
354 163
360 161
317 356
63 72
188 353
341 222
195 153
367 221
370 357
101 283
73 2
61 129
49 311
56 29
127 77
292 223
28 209
7 91
316 338
334 164
332 270
73 29
325 147
189 90
194 297
41 21
361 11
216 271
56 222
238 72
335 304
247 296
324 166
53 84
139 280
297 311
308 216
168 67
38 137
253 221
42 32
316 248
198 207
127 342
66 371
321 341
249 205
208 56
102 316
84 145
268 22
177 266
116 23
55 348
220 272
336 104
220 195
175 131
230 70
240 228
254 365
118 326
21 291
220 340
156 210
346 343
127 115
96 71
15 2
285 248
216 112
334 371
187 297
160 263
369 297
114 92
161 304
166 261
32 193
363 25
352 202
120 212
202 273
213 247
115 243
58 140
303 254
208 349
124 149
288 258
226 315
176 239
210 314
95 125
341 67
230 117
284 179
351 48
83 281
145 298
29 265
348 72
273 369
252 371
260 170
64 173
306 107
28 199
267 350
61 128
345 232
221 167
297 80
93 313
281 188
53 317
119 236
156 244
78 121
279 35
308 209
240 28
89 58
245 128
64 371
230 146
6 145
181 273
277 270
176 85
372 58
281 181
353 31
321 264
362 84
228 244
289 165
331 272
361 250
299 187
133 178
13 93
36 25
113 250
36 15
371 80
26 221
221 46
367 358
170 36
360 130
37 367
221 183
252 127
3 354
349 313
96 154
147 312
33 223
107 198
251 323
180 140
364 236
98 247
294 39
346 86
158 32
8 132
193 57
257 137
226 334
362 300
276 250
303 120
270 46
149 354
361 120
199 71
45 132
369 102
192 310
77 229
214 363
112 296
255 348
88 330
237 21
10 105
319 287
319 35
41 255
125 154
74 293
259 180
47 152
272 110
91 356
315 292
262 194
114 86
372 69
231 99
289 216
83 154
20 55
365 76
258 237
40 316
216 339
144 304
40 320
103 90
66 91
333 213
236 268
128 353
336 352
355 305
341 248
328 20
44 332
353 300
67 362
362 64
186 85
39 6
255 331
36 118
143 206
312 281
292 76
86 240
343 17
253 144
3 12
365 345
23 237
208 58
146 154
205 348
217 33
349 192
345 264
178 168
267 243
77 50
262 297
186 130
10 234
367 201
372 284
344 336
168 303
353 115
319 82
365 11
201 196
96 14
300 55
248 128
155 251
359 331
15 311
224 285
181 268
6 329
102 50
241 119
268 150
304 363
126 228
103 136
317 174
102 166
75 209
43 332
205 111
349 264
157 189
95 211
148 237
369 274
290 108
95 222
83 164
264 200
315 57
144 201
348 180
152 317
226 159
284 21
201 149
51 109
152 236
25 47
358 315
224 217
129 96
299 92
111 275
100 54
284 182
199 55
27 193
4 10
274 203
61 88
289 327
262 312
336 271
73 77
322 307
164 29
139 80
283 135
52 307
118 139
273 334
290 319
139 222
278 162
318 79
369 339
352 73
4 320
252 126
292 316
198 175
260 328
294 52
351 274
135 170
159 245
278 303
358 104
141 212
199 333
30 108
336 162
161 22
108 69
147 233
243 106
214 230
310 22
295 191
371 297
197 60
214 167
24 346
318 43
284 281
178 262
117 250
94 245
158 235
131 315
163 235
336 5
278 247
77 106
54 337
220 196
103 61
275 118
54 123
36 358
347 144
206 132
80 342
131 186
175 292
308 313
97 256
304 360
366 188
282 120
90 204
91 40
371 332
8 126
21 7
138 322
155 112
23 142
158 79
234 335
177 256
127 59
297 90
107 255
215 268
23 114
89 45
46 308
349 288
329 93
80 134
203 96
183 275
63 305
41 174
24 291
65 209
217 251
94 180
178 167
78 281
235 7
144 25
111 250
125 70
336 174
12 67
118 147
363 303
51 27
299 205
174 209
302 87
223 294
265 74
338 264
127 256
29 325
155 198
75 65
106 197
21 123
5 283
241 263
199 125
367 55
208 149
208 222
268 109
55 4
326 24
203 85
110 310
24 25
144 344
183 300
71 89
25 225
169 285
236 289
271 171
46 193
369 213
291 53
241 150
289 353
315 138
261 8
68 195
122 60
350 207
214 107
100 293
314 51
130 63
291 146
351 162
42 260
332 329
29 9
67 251
359 40
213 99
9 349
209 146
302 344
81 289
285 87
2 300
27 151
72 105
29 285
202 265
143 92
198 116
210 341
204 345
163 169
164 32
73 335
301 63
297 12
331 230
100 262
121 322
9 69
372 41
213 258
169 203
193 331
305 170
348 228
128 324
172 245
156 218
32 18
155 37
211 307
30 349
63 257
190 244
337 204
114 35
312 28
178 89
53 245
151 76
7 242
267 253
88 319
134 312
96 258
266 139
254 332
347 336
203 307
306 349
