400
2000
209 309
170 179
313 4
230 170
329 72
226 154
232 228
47 170
390 109
239 316
275 71
104 313
292 313
6 136
109 6
122 291
359 390
297 214
219 14
210 94
230 311
184 158
104 226
196 390
234 228
201 264
52 179
232 313
35 4
133 265
61 52
109 355
1 83
18 214
179 230
297 47
226 297
245 179
373 222
52 214
79 360
386 122
35 209
52 386
134 169
122 372
245 196
372 4
234 181
209 297
239 313
181 79
372 264
104 136
195 372
236 371
18 47
135 78
27 71
47 201
311 61
133 134
14 52
32 350
154 390
232 196
6 359
226 228
98 321
109 399
313 47
311 399
97 187
209 239
327 97
201 71
297 196
181 104
228 52
109 179
316 292
280 260
291 228
311 170
197 189
134 239
14 228
133 228
169 181
104 209
27 265
359 201
239 291
134 109
201 35
61 239
61 35
372 18
104 122
126 82
214 245
323 360
239 219
181 134
133 230
71 265
52 169
20 259
122 109
309 109
209 214
43 124
37 284
359 154
154 298
230 35
134 27
6 316
108 202
65 167
4 196
239 211
230 372
195 181
355 14
297 234
109 234
18 234
348 131
14 184
226 136
316 35
201 179
4 297
355 275
378 17
170 133
40 385
154 309
209 136
323 18
232 136
359 133
179 154
243 256
196 170
298 245
154 169
121 58
14 104
364 301
219 134
316 298
4 298
184 297
136 179
219 195
390 232
18 275
181 209
104 52
238 348
55 359
201 230
290 5
61 234
316 201
150 105
309 214
79 239
14 27
298 201
264 196
44 137
234 291
234 359
368 322
214 311
234 122
71 209
201 79
135 280
55 323
169 14
297 264
116 216
18 239
27 18
311 47
335 102
195 230
355 133
297 195
298 360
209 291
61 196
272 285
248 257
18 297
6 169
390 313
264 275
394 220
211 275
79 390
183 383
350 87
370 12
291 311
309 158
230 298
219 71
52 245
209 245
292 372
109 154
242 141
313 234
214 196
181 311
155 112
275 228
201 214
399 184
4 6
170 355
196 6
360 230
136 35
230 154
14 309
214 230
359 209
313 316
372 239
292 154
291 214
232 372
18 386
55 313
104 170
71 297
275 61
297 230
323 6
155 375
316 170
158 79
6 181
201 313
376 67
14 35
275 134
79 170
234 298
122 158
390 230
234 195
312 323
396 400
122 265
130 325
316 18
264 136
399 52
95 204
154 219
309 104
311 133
52 313
170 109
359 291
209 298
360 4
313 360
265 297
211 169
6 298
239 136
52 309
399 158
158 234
386 264
79 228
133 169
214 134
377 8
122 214
169 219
18 399
234 52
291 211
355 226
4 184
181 214
316 311
30 361
311 79
122 35
313 355
195 226
386 169
323 47
99 349
136 27
245 35
47 228
85 63
104 134
311 14
298 390
291 4
264 219
52 184
153 24
35 239
47 211
386 209
211 104
195 154
239 245
230 109
360 27
297 136
179 214
209 360
18 226
399 79
298 232
386 104
275 170
90 202
228 122
14 316
316 169
226 360
234 372
215 143
55 211
292 47
398 22
307 337
232 52
27 316
386 390
360 234
18 195
291 245
211 196
311 386
231 320
170 234
98 315
226 122
169 323
5 300
136 309
104 292
245 275
232 71
122 71
55 195
47 104
180 237
323 390
201 234
201 169
68 300
247 41
133 234
196 313
275 226
52 71
61 55
196 79
311 158
376 34
76 21
399 265
323 134
298 219
353 213
18 201
232 275
145 212
14 133
230 219
360 312
313 79
201 226
191 224
6 234
62 319
309 232
35 154
291 104
133 61
309 6
386 170
79 27
386 179
109 292
264 323
109 47
328 125
207 299
245 154
201 239
291 292
195 71
297 291
79 292
35 219
187 315
35 27
230 169
265 134
179 133
144 225
230 136
270 254
279 127
368 68
292 399
90 193
399 264
214 226
13 332
61 158
133 195
181 71
169 309
46 383
359 245
298 14
133 211
372 309
170 264
323 228
47 275
79 184
245 71
133 209
179 234
323 275
154 181
158 35
251 29
79 211
230 386
6 14
117 186
136 18
184 201
390 309
147 305
136 55
265 232
6 360
226 316
18 390
214 35
178 255
133 323
397 387
104 219
309 386
81 151
292 14
360 154
134 55
209 196
228 298
372 169
197 257
309 399
119 271
313 323
136 323
136 52
291 133
292 136
196 158
27 359
136 79
170 4
355 104
351 48
323 211
316 309
179 219
228 245
18 109
203 3
359 372
294 216
361 131
298 264
245 311
34 278
390 71
14 179
219 323
27 201
390 226
264 14
134 399
386 154
71 4
154 27
239 230
192 99
35 55
52 35
169 245
245 195
134 390
226 399
61 359
359 399
320 302
170 55
109 195
18 360
313 35
195 6
195 239
122 309
372 323
92 101
134 61
115 62
292 230
184 245
219 201
136 355
232 245
196 169
372 298
372 275
232 201
4 275
133 196
232 360
360 109
47 27
64 50
134 154
181 61
133 297
196 230
234 390
79 214
211 292
399 169
184 219
292 265
309 292
226 184
154 47
219 47
230 211
316 264
71 47
109 291
181 35
211 360
245 355
228 134
209 52
122 239
309 355
79 264
311 52
52 239
313 219
363 15
239 55
196 355
309 179
191 60
265 360
133 154
136 170
234 230
323 158
292 61
196 291
239 179
265 196
309 61
265 209
219 6
6 239
181 355
264 245
201 372
298 214
18 313
316 4
61 109
4 52
214 360
226 292
355 214
264 133
219 4
134 179
169 18
179 312
234 71
35 292
104 275
79 275
230 291
323 52
27 196
232 61
264 234
292 297
251 106
14 71
133 109
196 35
292 360
297 6
386 228
196 372
214 399
275 298
360 291
35 134
53 260
114 199
316 359
265 136
61 372
328 161
18 170
372 134
195 214
291 201
292 228
239 311
316 399
142 205
104 179
109 27
177 80
26 331
228 27
390 214
104 18
209 228
55 179
147 303
390 264
309 226
275 6
136 291
209 211
178 159
211 355
181 390
55 245
311 71
158 226
136 399
386 232
228 61
372 181
234 323
297 309
214 14
316 234
209 14
228 169
47 298
52 181
154 311
306 86
355 316
297 399
195 47
4 209
355 360
136 311
14 4
232 4
133 292
234 275
186 75
360 309
313 154
4 134
179 313
239 104
137 374
298 18
18 52
152 321
104 55
219 399
400 106
298 313
154 316
71 214
211 61
184 27
104 234
27 275
35 18
297 386
133 136
230 359
230 61
228 214
27 313
158 275
76 366
169 390
19 333
230 158
256 172
18 232
317 208
201 104
298 292
27 291
55 4
104 297
170 35
359 71
311 27
316 230
309 71
61 291
4 239
313 6
386 298
291 134
309 196
323 79
390 27
380 287
235 278
104 265
104 323
275 184
14 275
232 27
27 170
152 120
196 154
389 344
372 6
61 298
170 228
122 169
245 134
27 239
18 245
14 181
27 169
390 133
360 35
239 71
355 61
209 158
47 35
245 181
27 323
52 47
55 399
390 291
71 158
360 133
179 71
169 47
245 372
209 122
232 297
55 386
313 230
158 154
265 184
214 386
219 211
234 169
214 109
104 230
27 52
323 265
310 2
195 169
122 323
228 71
47 133
305 273
309 47
209 264
14 291
232 47
158 170
4 234
3 277
134 226
264 228
297 219
14 79
154 265
230 309
109 239
311 234
211 386
372 311
35 133
79 71
369 194
104 184
291 79
275 35
4 245
133 181
265 226
170 214
245 104
230 264
79 109
360 122
296 346
179 47
209 179
220 107
35 265
33 385
297 390
134 298
291 55
333 258
292 181
169 214
234 386
298 104
226 196
167 241
250 364
232 399
234 209
390 292
184 316
184 181
226 71
158 360
176 50
158 27
399 47
313 228
291 264
316 61
309 195
232 214
298 226
184 55
399 239
109 245
393 200
323 399
275 230
158 109
195 232
79 372
372 14
378 208
61 214
4 104
136 390
297 201
372 179
195 184
11 120
122 313
309 134
311 6
170 201
372 136
399 35
158 372
199 140
133 158
269 49
181 122
104 61
228 355
343 393
323 311
154 6
323 316
309 265
145 165
386 313
35 264
169 297
360 134
14 136
104 6
179 292
309 35
291 316
18 158
116 36
181 4
55 226
291 323
104 316
184 298
313 14
47 214
154 71
399 122
79 6
158 219
234 399
195 399
14 359
175 276
288 166
201 309
264 214
359 181
309 291
313 359
232 154
201 399
242 86
181 226
323 230
18 61
10 235
38 23
136 196
185 141
180 215
55 264
264 313
355 35
184 355
399 71
6 55
55 209
219 136
170 14
275 390
6 71
275 109
71 169
6 27
196 179
136 386
372 265
6 399
74 369
316 181
136 195
292 55
291 181
253 281
112 356
359 323
323 109
134 52
386 219
7 367
211 136
230 71
228 239
359 158
181 196
253 160
144 160
360 61
157 212
55 122
104 311
179 297
297 323
55 181
52 158
309 219
399 179
136 360
311 360
122 179
158 6
18 264
265 316
323 4
201 228
298 55
14 61
14 245
61 390
209 292
179 390
265 390
109 359
71 323
294 396
230 226
79 386
14 265
291 184
275 297
292 196
372 355
2 57
311 109
292 158
226 219
209 311
372 214
239 226
228 35
136 122
158 136
134 14
311 232
311 184
298 133
311 201
196 311
195 360
211 297
6 122
359 265
228 360
133 201
154 372
365 190
181 297
72 326
196 228
42 123
55 372
228 265
162 48
195 158
291 47
125 318
264 6
355 169
313 275
196 386
390 35
122 230
264 109
35 386
298 355
298 52
136 154
27 133
298 323
252 282
195 275
226 323
209 390
6 292
386 399
154 239
150 22
188 222
226 109
390 399
196 184
233 16
298 27
234 154
170 372
265 52
39 274
79 133
232 292
107 15
265 245
386 265
204 267
214 104
375 352
89 108
55 219
230 265
195 134
6 211
316 79
359 195
234 79
169 360
71 292
52 359
156 341
27 195
6 386
214 292
291 35
219 52
386 109
25 207
6 355
181 309
4 201
47 4
323 184
75 44
195 264
209 134
179 298
55 230
355 27
324 303
306 266
289 81
264 226
234 309
239 390
79 219
4 309
338 127
134 18
179 158
359 309
354 151
309 133
170 134
309 170
264 309
158 298
226 170
311 292
277 37
209 323
390 6
275 359
265 201
224 293
374 373
128 54
134 47
27 234
14 109
355 209
184 61
4 292
195 122
211 359
311 35
209 79
149 243
211 264
239 264
366 395
6 52
211 134
53 331
18 309
245 170
211 265
163 51
27 61
297 14
4 169
33 218
71 134
360 399
122 134
309 228
136 201
56 183
179 228
211 18
184 6
104 133
313 181
240 365
109 313
316 136
158 291
326 176
195 323
171 190
169 312
27 297
230 27
195 4
313 211
18 79
35 104
209 230
343 132
6 47
390 52
123 312
313 214
245 313
245 316
134 184
14 195
27 226
232 14
94 229
158 4
73 293
168 65
386 133
79 245
311 298
201 386
179 195
174 332
292 195
169 61
209 6
268 146
158 104
122 52
154 211
158 14
265 234
70 329
61 47
136 275
353 185
359 360
104 27
390 158
273 111
399 170
52 360
170 265
133 313
345 9
309 298
275 201
27 309
14 323
297 52
179 232
211 4
61 6
170 390
211 298
129 166
201 61
79 104
30 258
399 4
398 77
133 226
312 35
169 226
196 14
226 311
245 61
234 14
232 181
195 298
298 170
47 14
55 360
264 292
154 323
233 111
47 372
6 18
170 239
245 360
399 211
219 291
360 71
79 4
363 93
372 109
355 265
263 249
104 228
91 77
195 316
181 239
386 372
6 35
169 179
169 35
18 209
370 74
297 109
316 232
230 4
264 232
265 311
246 310
323 386
232 134
390 4
214 136
264 181
211 245
201 14
394 341
264 134
18 14
230 47
298 297
309 245
313 170
134 313
109 52
41 173
35 232
158 386
313 136
42 198
122 196
228 219
399 245
55 79
35 297
196 55
29 117
275 311
230 18
292 52
226 209
35 71
342 223
372 228
360 47
179 360
313 226
390 355
379 83
201 154
342 140
209 61
360 390
55 316
313 372
133 316
226 4
71 133
52 230
19 351
377 96
122 14
184 211
275 386
265 61
399 133
79 179
211 228
55 297
230 79
27 179
195 79
292 201
289 67
195 355
133 184
291 313
195 35
399 181
170 292
64 357
79 52
96 11
234 292
59 148
158 181
154 312
298 169
359 264
95 149
154 355
214 27
316 214
170 359
390 311
52 195
158 134
291 265
311 122
211 179
228 4
390 14
232 211
196 201
201 134
71 55
232 234
311 313
201 323
27 211
219 390
27 292
316 228
179 35
214 323
239 297
14 386
245 133
71 316
61 386
360 386
139 384
323 179
291 18
47 209
35 109
170 184
360 275
104 390
184 232
6 134
355 359
168 381
265 275
265 219
179 359
71 18
372 291
297 311
360 104
362 26
355 291
390 245
316 219
184 372
18 311
359 298
134 196
170 71
355 179
71 313
298 136
195 386
38 40
181 18
214 154
264 169
10 203
219 372
297 122
291 386
239 184
275 219
219 170
133 214
232 6
360 196
79 298
170 52
20 301
291 52
311 211
239 309
55 201
169 239
170 154
360 181
154 104
276 115
181 219
71 298
198 161
109 181
154 399
309 184
14 154
226 245
35 211
265 313
386 134
217 340
359 311
88 121
308 362
134 316
275 239
61 297
100 175
158 55
265 55
390 47
296 28
47 316
148 345
292 239
355 158
61 323
313 195
359 134
355 18
226 359
371 380
232 226
47 359
104 109
170 195
355 4
35 79
192 110
265 158
355 52
355 230
82 381
264 154
231 379
181 323
292 323
196 18
195 211
154 275
390 122
340 101
47 264
71 386
263 304
4 386
47 184
392 254
209 219
239 232
234 355
298 291
85 279
71 291
389 78
122 245
308 156
134 311
292 134
219 109
209 184
359 219
184 169
31 327
275 316
399 27
154 184
104 372
109 211
234 239
264 311
264 71
309 79
245 27
118 28
313 399
136 245
313 309
179 265
70 58
55 309
61 179
230 232
193 244
230 399
196 195
122 232
104 232
281 164
210 17
79 134
170 181
311 195
292 355
6 179
133 232
136 184
297 79
171 267
52 264
221 8
196 234
372 390
170 323
79 47
4 265
228 390
154 55
228 184
182 391
214 275
316 211
61 154
311 219
226 79
313 158
299 335
138 105
232 323
169 136
61 226
109 71
298 181
154 291
283 189
232 55
313 297
31 339
232 355
275 209
265 214
158 214
239 47
234 214
245 230
359 297
355 219
211 201
359 104
27 372
170 61
158 245
179 18
330 66
181 179
336 93
392 314
355 71
245 201
359 196
382 39
103 164
226 386
211 390
228 158
158 239
133 275
217 119
122 47
181 27
122 201
18 133
239 196
227 56
1 84
221 261
47 55
355 386
360 297
230 184
311 228
27 122
73 218
349 274
6 265
330 238
79 232
318 223
226 35
228 55
211 122
184 179
122 133
55 311
52 154
35 298
6 230
35 372
57 225
211 181
239 355
172 51
182 295
104 169
79 61
47 265
313 61
337 110
264 104
239 323
130 244
87 66
154 209
52 226
292 169
184 122
298 399
386 181
136 61
399 228
154 122
4 179
14 360
214 219
229 358
228 230
399 275
179 226
316 179
157 388
219 133
55 133
14 399
47 226
27 4
359 239
360 239
169 158
201 158
360 184
334 346
134 355
195 104
47 245
232 291
209 195
338 124
284 236
18 4
158 232
399 372
109 316
265 181
298 265
359 232
209 316
309 311
219 18
4 359
133 239
181 275
209 201
211 14
109 265
239 265
316 372
201 109
136 181
264 355
313 209
59 163
7 69
196 104
71 372
179 264
230 14
169 359
209 372
297 154
275 291
113 290
219 232
359 184
291 399
232 169
55 234
245 323
91 24
291 6
250 283
298 109
226 14
334 102
173 84
154 4
265 195
136 228
25 367
214 6
399 209
136 4
18 265
103 174
325 295
194 336
360 201
314 206
134 234
134 136
47 234
69 282
55 390
196 71
297 372
196 275
309 275
226 372
9 138
288 159
275 122
122 79
142 388
219 245
196 219
291 226
226 211
184 390
245 6
275 292
169 313
211 372
170 169
219 234
270 241
196 52
248 128
269 12
154 18
158 316
47 181
169 311
35 323
304 382
184 35
316 386
55 109
196 399
154 228
18 228
55 14
134 297
27 386
214 359
27 264
355 201
356 317
104 399
214 239
272 347
359 292
27 55
359 79
259 268
45 246
228 6
219 360
316 196
237 60
52 316
18 55
100 397
245 386
4 264
302 249
211 170
297 228
184 109
234 211
387 43
170 209
184 234
181 228
109 209
214 211
6 226
46 177
88 200
323 355
232 109
355 55
291 170
195 291
133 4
122 292
18 292
181 230
52 211
311 355
162 271
372 133
52 133
265 169
114 324
136 47
13 391
4 311
169 79
234 226
322 347
264 265
113 307
219 61
201 6
239 298
355 297
292 219
109 4
201 181
170 360
309 323
264 158
205 286
214 55
4 61
228 109
170 297
4 122
292 386
55 275
384 165
359 386
232 209
136 359
232 170
158 47
386 239
136 109
179 311
79 154
21 354
360 316
264 61
297 316
184 71
359 35
316 390
179 275
228 359
122 298
188 45
247 240
4 214
92 287
139 255
122 264
291 169
219 122
55 52
234 136
153 261
129 206
265 79
195 228
359 18
170 122
355 79
297 158
196 47
360 372
234 35
390 201
239 14
169 55
169 209
219 27
126 32
275 52
133 6
201 195
214 184
395 252
355 47
227 54
18 122
399 61
352 63
132 262
184 18
71 104
201 52
196 323
170 6
399 355
245 297
286 49
71 136
89 357
245 234
146 319
316 122
158 211
359 122
195 61
109 196
372 52
61 71
309 211
339 36
184 292
264 184
211 71
230 134
245 292
184 386
169 109
358 16
118 262
266 143
169 275
344 23
27 209
122 61
360 264
179 291
184 313
386 47
80 285
122 355
195 390
196 298
1983
326 83
385 263
99 115
285 385
220 57
223 239
144 263
210 329
213 193
144 239
285 354
359 116
320 33
367 353
207 320
391 377
120 346
252 388
109 353
109 326
74 374
326 298
382 356
385 321
322 138
153 381
48 112
261 61
29 184
339 7
252 226
140 332
252 234
187 48
392 155
33 29
353 184
351 114
187 205
144 48
9 187
71 343
34 80
234 9
184 9
321 112
15 236
263 112
367 158
138 7
83 160
379 142
389 313
158 239
379 48
206 44
322 7
351 42
44 187
322 57
27 154
159 36
194 112
362 152
392 7
144 57
95 291
160 29
198 83
298 385
23 230
158 114
354 239
205 206
155 346
206 379
42 220
225 397
194 48
392 346
353 207
44 7
217 379
138 291
44 285
114 206
335 125
239 217
127 45
83 187
48 95
320 138
138 184
57 2
246 263
187 339
306 400
48 392
223 33
391 88
2 322
322 326
33 351
291 33
184 42
220 142
392 293
127 172
198 293
114 217
114 205
246 285
120 354
367 388
206 354
198 220
44 126
42 388
285 83
351 184
326 2
83 367
42 7
44 298
337 103
44 392
322 95
44 138
109 320
291 155
99 357
9 33
138 33
362 224
385 293
326 126
263 206
252 339
263 158
321 109
307 47
95 367
217 339
283 118
83 95
346 184
138 187
190 124
7 298
392 50
187 217
175 260
367 42
351 322
112 223
70 157
50 263
252 206
104 250
303 348
48 138
353 95
263 226
9 220
285 158
194 198
226 158
114 9
241 233
372 302
205 33
50 293
112 29
367 291
109 367
220 379
322 354
142 9
142 246
142 44
235 135
205 194
320 298
50 285
239 119
83 142
239 2
6 103
184 246
396 335
181 199
353 57
351 44
126 385
160 109
285 321
285 48
346 234
194 263
198 217
205 293
120 234
291 205
295 393
112 346
298 112
95 298
293 234
360 131
187 42
144 226
187 388
264 161
123 134
354 50
7 2
198 285
2 291
119 33
322 220
234 33
285 95
239 83
392 385
272 372
116 233
353 50
138 234
184 33
187 7
326 385
394 349
198 44
119 7
291 142
142 42
388 285
346 351
379 291
291 339
322 367
234 239
226 353
207 109
385 187
33 42
33 48
220 207
353 114
50 234
119 298
187 320
346 353
132 64
364 323
194 120
158 205
246 50
379 385
57 234
239 246
217 226
326 252
158 246
239 206
207 226
205 392
120 114
234 285
44 226
379 120
138 326
119 379
388 194
109 291
383 334
339 223
248 124
234 263
198 346
129 267
206 29
138 226
184 223
346 326
148 327
184 83
119 285
119 346
339 351
312 200
14 318
347 28
246 126
355 162
38 166
83 57
33 346
205 285
226 220
353 198
326 291
367 379
217 252
142 385
120 353
187 252
184 293
119 326
207 223
119 339
232 122
319 397
30 40
298 379
57 112
293 291
284 137
202 196
50 205
28 147
2 293
367 112
95 50
377 141
322 320
263 138
112 239
207 29
280 189
138 194
255 311
42 226
194 109
321 263
119 112
385 42
125 268
83 7
234 207
252 158
291 239
303 294
385 198
38 118
223 206
191 43
120 142
205 144
51 185
291 217
252 33
353 234
385 239
291 42
33 220
144 339
74 227
285 326
392 351
293 57
292 203
322 226
293 114
48 226
379 109
367 120
226 239
207 120
379 184
246 120
50 226
310 72
155 220
187 291
120 351
2 9
291 252
220 239
223 83
44 234
194 346
351 239
217 142
56 364
50 29
388 48
29 263
2 194
2 120
217 207
220 351
234 114
198 223
285 29
187 346
191 229
246 114
194 29
9 7
37 66
392 246
223 142
29 217
339 354
354 223
388 155
385 252
326 114
42 29
155 44
298 285
252 194
83 320
7 120
77 51
317 25
9 239
367 220
392 234
144 385
388 120
142 354
326 392
297 398
50 155
322 353
354 114
252 9
217 48
298 184
2 392
358 104
246 217
320 385
195 209
385 33
287 386
155 293
119 184
223 109
176 255
187 112
138 285
217 7
205 44
198 321
142 339
48 291
252 354
187 109
9 291
223 95
321 252
119 198
97 253
353 158
220 50
207 285
91 281
95 9
183 219
2 234
9 298
95 205
354 155
109 158
285 291
353 44
291 144
57 346
198 339
184 7
346 158
44 109
57 354
226 326
226 33
9 351
48 83
50 379
339 379
367 226
321 298
138 206
351 385
234 339
50 298
114 187
346 220
351 194
59 146
367 351
138 293
57 246
205 252
126 388
217 298
333 247
290 249
155 83
158 392
112 50
207 155
367 33
207 252
7 353
187 220
339 392
353 48
326 160
2 263
239 7
9 119
351 252
285 367
83 346
57 320
299 96
72 299
392 138
155 285
142 293
321 160
205 57
98 129
109 388
194 160
29 321
291 354
120 112
321 9
238 45
121 380
351 223
367 126
379 57
388 57
187 158
9 392
385 194
263 109
226 223
114 226
249 242
158 234
187 367
321 207
109 385
119 353
50 48
198 7
29 220
293 285
326 205
346 138
320 285
144 322
304 133
109 83
223 291
164 356
168 35
353 206
2 353
158 160
234 160
82 315
194 321
119 291
220 353
301 110
263 320
163 117
155 109
207 298
291 50
379 33
46 151
211 275
354 346
322 119
346 385
246 138
252 155
143 26
42 252
385 29
223 160
142 119
138 119
354 126
322 285
33 7
126 239
29 388
252 114
217 353
263 142
220 48
138 339
160 138
138 2
291 114
320 42
351 155
184 322
142 112
388 320
9 83
33 57
114 83
7 263
198 29
217 220
379 285
285 353
351 144
42 57
7 234
259 162
57 187
2 220
270 256
321 158
67 244
14 286
155 114
217 346
246 119
239 33
258 314
194 83
298 293
48 29
95 234
326 234
48 160
144 155
7 114
205 379
339 285
57 7
322 155
239 50
139 89
354 353
29 246
293 217
239 346
385 339
119 207
326 7
126 7
2 114
83 353
42 298
351 57
194 217
155 379
44 339
238 92
353 298
100 352
153 371
346 293
388 234
322 246
206 320
206 291
20 113
285 7
285 9
119 42
138 379
158 138
226 198
361 342
234 367
367 321
109 9
339 50
289 381
380 53
95 346
42 234
142 353
112 198
220 263
206 7
239 392
234 119
275 384
298 194
33 158
367 326
322 206
160 354
158 198
44 29
392 187
29 119
220 44
126 114
261 141
126 217
205 9
351 293
29 351
114 109
217 138
73 215
367 160
112 252
29 142
48 155
84 260
206 120
114 285
326 217
50 321
239 44
184 217
374 400
329 213
339 155
57 155
160 226
385 217
109 48
160 126
285 392
367 392
256 70
234 246
205 142
160 239
240 265
379 234
2 44
246 198
157 87
7 320
252 298
298 206
217 50
321 322
7 95
207 2
7 388
198 351
54 230
266 93
234 206
234 220
95 351
343 245
137 101
328 308
326 321
298 388
155 119
226 109
298 187
263 298
12 79
184 239
239 367
155 42
194 206
363 376
379 198
158 385
2 226
126 351
226 119
79 5
321 354
220 206
389 328
321 388
379 320
339 48
293 226
234 144
42 205
44 160
42 326
63 100
354 263
246 293
263 187
184 160
48 205
206 351
95 144
326 158
252 285
226 379
33 44
126 112
248 271
29 346
57 142
126 198
223 114
9 217
223 29
187 144
119 144
158 112
320 353
163 186
155 198
269 90
138 126
322 217
353 388
322 291
252 95
326 155
126 9
252 220
126 252
120 322
83 298
267 345
298 155
109 144
392 33
33 187
194 246
126 119
144 33
189 8
83 50
245 1
322 48
2 95
273 229
218 341
112 138
194 42
228 378
298 234
39 71
202 344
305 331
194 7
388 220
42 321
33 126
326 48
322 187
396 68
220 160
217 234
207 263
42 112
2 285
326 388
244 166
392 198
178 60
321 95
48 321
322 379
252 293
198 206
346 226
50 194
293 48
223 205
109 293
109 142
367 48
44 194
217 388
321 220
179 318
142 298
252 184
321 119
285 217
205 119
105 91
322 388
48 234
388 114
346 285
142 326
239 320
239 263
66 151
119 57
326 220
286 161
223 119
198 57
293 33
158 57
120 138
24 290
112 320
351 234
320 346
392 263
320 321
50 7
383 264
158 298
326 206
194 239
385 207
388 144
187 155
385 354
57 252
339 367
207 144
353 29
337 90
366 201
220 285
95 33
349 147
155 321
242 212
112 144
42 120
322 194
354 367
126 346
330 20
182 173
266 88
158 339
112 322
346 322
220 223
226 291
87 300
160 205
114 48
254 52
353 252
392 353
246 155
126 48
95 385
367 138
226 351
50 144
346 9
354 320
353 126
158 351
160 50
94 250
392 194
223 2
379 7
298 226
187 119
206 57
339 33
119 385
205 217
263 48
27 122
198 33
114 44
13 130
155 112
291 385
279 212
388 50
298 138
320 155
158 379
144 392
29 322
263 223
67 361
367 144
273 61
95 158
83 138
385 83
220 158
126 234
222 60
19 296
158 48
58 128
156 352
57 321
321 126
9 42
119 293
160 120
291 44
354 144
326 320
184 48
126 223
226 142
392 226
198 207
353 33
50 207
194 119
50 187
142 285
33 112
354 351
221 330
120 50
207 205
113 150
326 120
95 126
294 309
258 253
44 83
33 160
37 107
379 44
209 387
198 142
320 246
42 109
263 160
95 226
234 223
187 29
351 83
293 320
322 33
195 360
251 235
160 95
187 2
392 57
83 226
322 298
234 385
223 388
112 160
339 321
316 214
176 368
354 119
220 112
135 358
105 188
114 160
339 220
95 239
322 114
207 206
181 86
320 160
42 198
160 198
29 379
198 367
160 119
354 83
9 223
263 205
2 155
194 155
187 293
348 84
158 83
226 120
351 326
243 136
226 234
385 9
126 291
89 350
112 114
217 2
2 252
268 295
42 217
207 142
144 326
385 2
9 155
311 390
142 351
11 200
120 9
278 300
114 198
217 351
62 85
246 83
373 169
246 9
387 93
351 109
106 363
351 298
7 246
226 184
50 142
194 126
190 324
112 351
57 339
392 160
254 102
252 263
263 293
160 339
144 298
50 351
351 388
246 223
7 220
194 293
2 388
47 219
155 29
120 155
320 119
144 217
367 114
257 49
142 144
263 33
206 142
205 234
114 138
354 326
379 83
341 165
298 354
271 272
42 83
2 33
320 126
206 158
346 144
57 109
282 174
207 184
184 114
338 4
30 277
366 288
223 144
179 133
57 226
206 112
239 298
109 184
160 322
326 44
57 217
220 120
339 246
298 120
65 199
288 333
48 223
205 138
119 252
207 9
321 187
109 392
160 379
351 7
285 160
234 142
50 44
386 35
398 344
276 395
107 140
11 259
95 326
239 57
285 126
388 346
155 206
293 367
138 155
246 351
285 223
198 298
29 252
207 379
223 322
367 385
7 223
115 197
210 55
109 239
83 392
326 379
158 194
239 322
33 50
221 170
246 226
112 326
13 274
320 142
252 198
353 385
126 263
234 184
142 184
57 291
142 7
339 29
346 48
339 83
7 160
379 388
263 285
339 207
138 354
69 171
120 144
246 353
293 207
109 138
144 206
48 142
158 217
142 321
354 220
354 48
120 252
182 201
298 205
65 15
86 178
263 83
106 287
7 29
144 252
293 223
48 239
353 112
76 284
322 392
354 207
367 223
194 226
217 109
120 187
114 263
226 205
354 44
205 367
50 158
12 241
50 346
388 119
83 252
392 220
223 320
206 50
42 48
16 167
29 114
353 351
205 120
138 388
206 2
263 95
308 251
109 339
354 29
198 50
322 252
367 44
217 223
379 239
180 378
379 194
134 82
239 187
351 48
126 155
169 85
126 2
239 339
24 149
138 9
339 112
21 159
379 95
246 379
112 44
112 7
385 388
223 120
205 346
144 198
293 120
126 322
57 95
359 6
57 223
326 187
354 42
58 340
379 321
293 220
44 246
369 19
367 142
2 109
282 164
126 392
83 220
50 223
223 158
346 246
395 237
158 9
155 160
126 206
220 298
320 48
339 226
206 217
83 126
57 114
326 9
321 392
57 9
283 130
95 206
246 2
346 42
29 239
217 263
262 40
198 187
57 326
83 33
158 119
354 158
2 112
128 324
9 194
109 346
223 44
223 194
194 187
184 95
263 388
95 120
392 206
353 263
138 29
279 101
207 114
322 339
246 160
291 207
353 42
339 326
83 234
170 399
78 94
25 334
223 379
144 83
112 207
326 50
322 158
291 353
392 217
207 42
150 301
252 392
184 326
187 126
2 144
346 321
353 326
50 109
144 246
247 231
392 223
142 322
234 29
285 239
346 206
223 42
298 109
354 217
49 208
388 33
351 321
126 29
263 120
29 57
226 385
42 126
322 198
226 7
320 351
246 42
206 293
57 207
9 226
388 291
354 205
263 119
119 367
48 252
385 44
298 367
388 206
246 187
312 197
351 187
44 119
144 320
354 33
388 239
9 112
33 217
2 48
158 320
252 50
160 144
322 293
298 160
198 9
291 346
285 194
42 322
298 223
112 226
353 9
109 246
298 246
234 187
291 321
379 144
33 194
29 158
2 339
9 388
53 203
339 293
144 29
10 123
234 291
353 223
346 7
126 158
320 95
298 291
291 112
29 298
185 188
370 154
280 231
109 234
114 385
48 246
142 95
367 263
42 392
120 126
298 346
206 187
306 325
29 326
298 114
224 315
173 55
7 354
17 269
42 285
9 48
270 319
321 138
316 52
174 297
120 198
265 175
158 2
120 392
385 322
155 353
320 198
207 346
155 142
216 39
321 114
184 339
205 126
320 44
54 184
120 158
194 326
206 246
44 184
388 158
142 194
281 277
186 16
239 353
196 26
217 120
114 95
194 354
42 206
7 144
379 252
393 375
7 367
109 252
204 307
95 293
95 220
2 346
367 50
42 114
293 126
206 321
293 144
394 177
353 144
246 326
367 320
155 7
206 48
263 326
44 346
354 2
59 347
291 158
346 367
293 354
321 33
23 146
390 63
339 126
298 126
198 388
48 298
50 114
205 239
109 33
320 50
339 194
198 263
207 322
42 339
155 95
326 207
155 226
392 142
144 138
354 388
392 95
2 42
371 180
7 205
144 285
18 8
57 194
354 95
370 340
43 81
388 83
388 339
354 234
373 31
69 336
198 95
285 226
184 321
109 119
95 44
291 194
48 44
158 207
112 388
109 95
206 385
29 320
44 293
285 112
226 187
326 198
112 354
239 326
239 198
114 220
320 220
305 292
246 354
109 220
207 95
239 114
142 388
142 138
119 120
291 160
263 351
109 205
33 120
351 205
29 9
198 184
160 187
246 291
252 142
293 160
42 95
310 240
385 223
385 7
239 207
80 148
144 9
2 321
298 33
138 220
83 119
353 379
379 114
9 339
112 109
355 22
276 145
187 223
57 50
353 194
218 73
184 263
83 120
138 353
217 155
57 120
114 33
351 2
293 321
194 207
285 187
206 119
291 351
293 388
10 336
41 368
22 225
293 239
320 194
95 29
239 252
138 252
120 48
246 367
291 198
7 321
138 57
220 126
144 220
263 322
83 291
142 239
223 321
246 385
385 48
388 95
108 338
345 323
388 226
109 285
9 320
217 112
42 293
285 33
385 205
216 382
160 388
2 184
126 50
165 111
29 205
144 44
351 285
367 9
252 44
2 142
48 198
9 322
132 204
126 184
293 379
291 120
18 214
223 346
376 369
246 112
95 339
198 109
252 320
392 184
205 246
31 64
392 320
215 92
379 42
291 220
83 112
205 322
320 205
56 81
138 42
194 114
9 263
194 95
239 138
392 29
155 158
351 379
143 357
207 187
206 226
7 293
226 126
385 155
298 392
120 321
239 42
263 346
198 354
29 120
291 7
171 274
83 322
95 246
138 223
114 119
263 57
158 293
246 220
339 263
298 339
206 160
385 184
206 367
155 263
243 262
385 220
246 33
142 187
57 160
353 187
44 207
293 112
29 293
112 385
158 142
234 194
109 126
207 126
44 42
354 226
184 205
206 109
194 220
9 50
144 114
114 142
252 346
96 167
44 158
392 114
217 367
353 293
119 95
44 120
392 388
9 379
354 187
217 160
226 29
327 110
48 207
2 198
367 207
367 252
3 211
112 205
183 5
42 160
114 339
285 120
367 194
68 136
192 172
388 184
388 246
320 2
119 351
217 83
207 7
155 205
158 42
44 9
7 252
346 379
223 326
33 207
339 120
234 321
156 1
50 2
192 21
392 207
126 142
239 155
291 320
57 44
263 42
44 217
7 48
138 385
4 384
296 108
298 2
120 320
353 339
160 385
379 112
205 83
75 41
332 168
339 205
392 379
111 257
119 50
388 205
392 112
388 207
228 102
119 2
158 144
29 83
320 226
367 2
120 109
207 351
252 160
9 354
236 152
46 117
121 314
291 184
50 322
207 138
126 144
263 379
206 33
119 48
144 42
326 293
50 42
320 339
350 237
98 317
83 321
198 205
385 57
142 160
149 32
158 7
222 399
313 365
160 353
239 120
246 321
109 322
379 2
346 160
289 331
217 119
217 321
198 138
291 29
234 322
354 109
36 193
62 75
321 144
246 207
187 379
184 155
367 155
278 325
33 155
385 50
339 206
9 160
220 119
160 2
342 77
206 285
83 207
246 252
57 126
29 109
339 346
44 322
205 353
353 321
194 144
385 120
217 320
9 206
112 95
184 57
234 155
57 298
207 160
57 367
138 50
29 367
291 263
321 239
83 293
351 138
223 252
392 291
379 354
321 44
97 3
205 321
29 2
234 112
160 351
263 44
392 119
205 2
285 57
326 33
48 57
33 142
379 126
375 309
346 142
7 109
17 304
78 232
83 206
205 220
44 388
177 34
320 114
302 32
234 320
234 198
131 76
354 392
184 144
321 226
139 208
145 227
293 9
2 83
114 346
217 95
95 187
95 138
155 223
