330
1407
6 289
138 281
283 258
57 224
302 108
124 142
268 56
243 115
249 59
157 210
222 177
24 123
23 306
49 316
58 66
170 278
151 188
108 165
128 35
15 209
269 191
51 310
47 300
145 89
311 301
130 209
69 260
126 68
112 306
161 154
94 279
302 137
98 306
134 317
114 81
159 232
114 39
168 247
39 226
143 278
91 154
217 295
24 158
196 24
233 86
206 303
272 179
46 261
312 325
318 292
91 248
215 245
247 267
216 186
117 278
317 243
292 272
20 301
261 194
136 148
108 318
16 148
299 172
2 79
284 229
72 313
300 234
179 262
131 63
158 261
28 117
89 201
47 165
107 78
90 213
14 130
131 96
166 18
272 46
72 258
72 277
244 303
271 181
247 41
183 13
134 168
193 167
206 115
135 256
254 238
46 223
166 176
283 179
152 202
267 178
290 47
87 209
29 321
51 279
132 302
72 160
262 29
167 116
95 56
250 133
255 262
124 223
147 79
69 261
199 186
111 182
113 16
67 204
310 27
95 208
102 254
102 322
131 253
139 276
150 279
160 279
294 248
142 307
305 156
118 180
205 175
63 70
5 257
288 19
229 256
188 156
116 295
271 270
25 111
155 7
38 21
253 220
2 178
97 302
84 93
232 44
35 329
149 330
230 88
193 233
217 241
253 81
87 22
34 81
310 118
90 252
290 262
16 2
118 301
210 135
174 211
241 9
101 141
314 273
9 130
96 228
271 329
278 308
164 212
42 174
14 112
141 86
80 259
324 5
126 315
120 135
71 3
320 68
126 174
12 98
151 28
240 140
252 303
246 241
38 272
217 266
276 323
98 239
122 37
116 298
218 287
75 147
222 33
110 18
287 38
43 264
103 87
198 250
110 91
189 284
328 7
107 138
13 101
198 147
134 238
9 305
58 75
312 135
245 329
78 79
151 226
79 4
234 97
64 279
298 299
192 177
132 233
23 194
245 199
55 184
83 216
56 111
289 190
11 107
324 135
34 70
17 117
67 186
293 121
66 126
115 79
72 190
316 291
250 204
191 217
209 34
197 181
13 254
85 20
22 57
107 191
162 47
135 81
222 188
103 141
117 308
43 81
66 26
129 296
12 75
151 133
33 126
166 228
150 76
135 119
302 153
290 49
240 215
280 251
208 129
254 203
173 262
284 290
21 307
206 188
164 250
91 252
209 54
100 204
215 209
99 301
17 291
41 26
307 252
55 174
186 286
209 247
175 98
294 117
38 310
79 314
230 37
217 304
153 17
283 280
44 265
78 55
43 247
46 264
77 76
296 98
268 213
270 52
213 305
62 330
94 271
24 302
244 4
70 15
28 276
201 133
123 327
1 246
25 247
26 285
176 277
104 325
286 147
123 201
117 77
104 119
189 89
315 87
219 46
90 179
177 106
89 151
251 51
89 289
150 15
264 212
146 19
195 201
79 17
279 238
257 25
31 322
53 167
225 118
43 195
78 53
121 24
12 60
311 244
119 73
298 110
247 281
210 98
4 93
117 37
53 312
329 198
20 330
220 133
276 285
155 128
235 237
171 99
132 49
166 274
282 235
115 283
236 52
271 3
193 274
214 275
85 301
6 265
142 148
152 316
227 155
73 321
281 65
118 147
13 248
133 313
257 273
24 270
43 145
170 225
327 219
25 137
122 157
176 81
221 138
93 11
123 99
91 171
270 36
103 116
200 279
242 292
25 152
15 201
154 49
72 276
287 257
278 3
31 210
179 181
163 3
313 40
175 212
166 244
244 173
152 108
312 154
4 94
10 202
105 169
295 10
224 130
25 113
4 294
61 183
144 278
214 84
112 107
21 1
82 219
77 232
159 229
311 285
141 225
66 251
29 184
11 155
140 286
267 131
267 52
104 206
274 244
57 259
281 292
243 99
166 168
72 17
133 300
125 295
127 270
139 82
101 125
162 301
144 190
31 95
32 39
304 44
240 156
284 198
163 95
318 62
228 329
229 269
62 153
45 155
251 144
117 227
160 216
211 115
189 185
111 157
72 5
279 65
168 117
294 224
250 122
7 174
189 241
218 111
159 57
243 165
17 329
38 284
69 63
282 160
227 11
9 34
164 15
99 246
211 83
148 254
98 11
225 277
63 27
13 157
79 311
276 57
232 274
105 213
199 172
62 13
275 127
314 69
265 56
271 285
57 225
215 29
64 76
15 121
282 172
70 89
131 90
274 183
207 247
31 160
127 85
279 283
273 156
188 298
281 51
134 220
103 203
112 330
194 217
251 203
42 46
83 197
290 251
138 42
12 6
191 86
257 265
164 302
48 277
308 300
122 240
149 140
131 176
145 70
142 248
10 245
30 216
292 34
55 265
245 284
217 102
189 264
255 25
68 249
299 33
52 229
313 170
263 274
70 42
263 166
225 106
139 232
52 88
272 143
135 49
19 239
214 279
233 172
117 226
139 306
292 24
139 313
142 312
277 174
132 320
159 296
50 123
81 140
260 309
185 219
89 88
254 140
37 38
25 133
251 136
181 83
295 34
145 111
204 326
179 118
171 144
169 323
3 276
217 45
260 182
36 281
148 276
34 6
128 162
111 305
232 144
280 270
302 304
265 99
288 40
226 230
228 183
233 189
64 200
307 77
225 234
83 28
144 234
209 114
17 173
77 201
255 44
163 31
33 140
152 132
299 241
309 114
185 54
173 114
113 60
60 151
252 276
131 5
113 259
111 236
145 180
195 162
89 248
150 123
211 226
252 136
59 209
81 268
25 7
23 295
222 219
182 248
190 39
203 131
254 241
153 229
180 77
320 125
201 131
92 223
301 102
255 171
325 226
252 181
142 290
67 130
289 224
301 181
38 10
264 97
75 83
19 167
5 28
55 227
178 201
244 294
26 67
300 45
316 267
224 301
87 135
142 96
253 310
201 76
250 212
87 44
277 166
45 1
219 189
136 302
286 58
89 275
315 105
83 294
74 67
131 231
293 3
276 282
81 249
205 157
1 73
126 83
94 267
58 199
128 312
192 165
259 253
110 38
76 294
155 305
323 235
268 117
34 57
188 56
76 11
14 227
174 193
258 103
52 209
62 10
216 102
25 313
132 207
304 307
15 168
237 13
315 56
90 298
91 96
50 210
317 186
34 62
9 326
258 94
197 31
48 58
255 216
159 261
146 91
109 219
263 195
75 99
98 96
223 210
135 35
203 48
275 186
261 98
170 121
319 64
43 283
51 13
132 222
298 89
317 184
44 291
311 33
194 312
272 118
71 298
320 232
127 166
323 265
203 229
165 218
145 2
157 239
275 11
50 5
25 267
93 135
148 152
31 11
243 18
162 329
297 142
290 207
210 29
110 253
302 13
274 300
17 254
295 228
232 41
263 129
148 234
268 181
218 68
68 51
284 169
298 209
197 70
181 167
197 149
209 105
141 117
329 230
215 179
273 62
120 176
36 329
204 144
64 272
269 209
161 245
136 64
155 247
208 31
134 125
301 103
297 94
253 128
1 150
182 24
41 221
323 71
144 129
221 62
99 187
43 206
267 132
288 44
317 292
9 312
282 186
285 89
254 138
157 7
82 65
248 65
293 34
71 125
117 33
280 327
115 170
68 325
92 36
55 155
119 194
43 12
41 47
51 78
281 236
293 77
18 105
83 16
230 35
312 138
67 262
158 215
280 212
8 100
219 98
153 275
88 24
131 94
103 140
49 118
222 23
135 177
226 185
281 102
11 125
81 28
265 52
214 299
142 67
240 159
133 262
75 128
267 257
44 71
302 102
258 68
233 49
95 82
62 155
195 261
143 101
244 176
207 185
90 188
54 201
92 319
8 176
35 327
237 94
27 327
315 326
146 147
226 70
115 196
280 262
151 85
146 102
162 321
319 165
212 293
142 127
260 218
213 311
311 87
127 246
59 1
180 271
260 38
256 297
262 34
126 149
52 235
238 164
231 233
299 288
68 21
202 151
138 46
193 243
322 308
229 81
136 137
198 96
134 111
176 278
317 164
166 196
286 135
40 267
234 279
267 292
111 30
54 140
19 213
131 297
195 212
326 41
40 238
59 215
186 112
159 172
200 142
29 71
264 240
225 6
94 124
158 159
10 196
226 318
251 45
308 208
324 80
38 61
194 222
243 135
148 71
169 219
288 170
86 197
54 6
136 142
109 315
265 239
77 45
309 181
171 219
276 52
175 200
258 16
294 228
167 255
16 214
145 240
29 99
291 175
278 57
170 199
166 164
117 290
232 313
225 303
194 19
220 200
113 34
18 120
168 206
45 13
316 7
317 210
187 92
88 166
245 39
24 134
156 49
269 224
131 126
11 231
312 245
21 139
231 224
150 135
101 229
11 288
30 105
198 218
247 2
256 72
6 206
296 313
66 225
65 298
320 272
103 19
220 270
17 69
35 43
208 213
242 13
275 309
198 290
171 297
206 197
81 173
22 286
48 105
186 16
242 228
103 62
119 43
240 126
30 51
33 182
109 202
282 130
180 328
264 137
294 97
50 184
176 115
250 307
65 312
7 304
74 281
135 18
312 25
265 71
235 146
169 267
183 59
276 124
140 328
297 19
328 221
161 218
200 188
278 214
88 267
164 185
252 173
154 72
102 6
72 178
206 82
57 117
237 26
322 301
95 57
303 293
76 239
41 252
130 8
76 161
177 162
225 312
145 82
116 100
64 276
233 54
285 147
209 79
76 14
6 252
191 312
293 127
314 118
216 108
72 11
108 214
68 245
259 20
329 318
127 177
154 94
249 181
178 250
99 274
172 210
289 55
106 173
77 21
225 18
152 255
143 73
171 106
63 148
133 192
218 250
224 267
294 225
205 134
83 62
184 176
100 144
99 330
93 118
28 312
280 224
200 81
12 200
256 59
144 206
143 248
316 92
41 297
7 253
95 251
200 82
115 149
221 30
238 110
58 282
84 179
125 326
318 27
108 46
146 162
210 72
263 315
325 182
180 225
175 8
216 299
318 92
158 199
256 203
85 105
15 131
14 198
52 325
263 138
136 303
286 115
39 47
178 151
149 162
172 145
326 137
249 38
153 279
267 212
228 152
96 81
122 126
262 175
135 172
43 18
321 85
186 192
256 283
45 247
320 327
247 30
159 222
48 329
233 322
191 274
310 319
42 219
285 146
215 111
12 328
178 216
56 108
271 187
282 96
112 43
285 293
132 73
316 225
265 184
4 164
165 71
162 226
37 72
48 300
317 37
57 88
57 260
89 3
117 52
93 72
322 138
29 96
105 276
292 212
296 183
267 136
220 86
85 245
329 272
272 251
85 39
286 223
285 314
198 316
313 109
279 192
221 8
182 44
160 63
169 278
99 319
264 206
43 95
40 68
29 149
91 303
179 101
184 179
169 299
310 160
245 69
127 272
154 187
284 175
225 191
272 36
125 110
111 207
297 148
208 203
164 14
268 44
94 84
256 163
236 305
247 261
257 14
41 316
126 276
231 219
325 94
298 276
216 133
320 46
185 315
9 193
137 44
230 124
150 275
107 183
113 41
266 223
86 252
147 209
11 180
158 306
253 302
291 273
290 187
215 140
50 175
327 130
7 195
170 281
159 45
37 242
67 77
309 65
123 104
319 102
13 257
72 328
24 66
106 100
101 237
162 134
154 19
31 17
160 228
306 329
6 158
184 199
204 58
118 132
158 202
283 159
23 283
67 278
60 8
234 305
13 200
173 160
198 24
73 252
228 35
131 27
55 81
160 79
11 64
122 83
318 214
179 110
178 238
26 16
273 209
289 309
228 39
305 76
108 17
204 322
277 143
257 275
201 99
254 171
243 180
66 91
58 294
220 74
325 156
202 214
163 247
218 179
282 262
206 22
73 187
293 253
269 204
42 208
119 236
297 329
216 37
191 28
177 265
169 85
288 223
61 53
61 161
11 239
199 218
276 87
11 298
54 165
11 317
69 67
237 98
225 318
41 238
194 54
17 65
187 68
313 149
257 105
272 16
296 263
35 113
60 171
124 263
62 165
187 57
284 145
275 41
123 309
327 213
114 271
155 308
296 193
201 196
325 187
4 210
177 53
211 1
61 212
216 85
254 141
171 294
53 80
79 7
86 122
44 117
322 191
18 4
149 12
202 271
185 104
272 157
41 189
312 227
272 288
201 21
177 153
169 326
162 253
103 142
132 159
277 271
269 246
162 259
179 86
213 154
85 234
191 167
40 171
101 307
112 208
3 212
38 271
140 92
207 214
54 269
329 287
29 192
310 158
309 95
37 17
106 143
326 300
89 24
156 249
298 187
89 325
51 293
298 245
203 192
76 174
47 202
105 322
285 194
247 103
36 166
24 62
187 306
62 45
119 112
218 228
149 137
13 9
183 48
126 71
1524
273 58
64 14
239 166
276 62
39 121
256 215
119 14
16 203
119 219
227 233
279 254
141 252
262 153
216 329
94 265
214 182
294 259
26 139
290 35
4 153
258 136
87 137
239 49
114 135
146 225
92 51
142 235
324 220
249 66
227 125
43 178
224 101
206 220
235 133
183 24
220 137
62 316
287 109
122 158
41 298
230 261
45 288
222 296
4 320
64 43
262 297
100 122
20 37
258 292
268 206
107 39
319 140
100 287
279 251
152 116
255 24
221 216
70 102
74 143
30 48
300 266
8 115
154 211
170 39
107 250
77 311
158 268
230 75
296 309
99 285
228 45
10 12
104 311
253 142
46 77
131 318
297 97
14 115
85 56
171 54
321 207
247 300
138 289
41 218
260 157
3 101
153 162
294 290
189 133
264 235
87 47
190 133
215 131
302 41
105 137
313 119
40 315
173 155
136 156
53 267
187 282
21 65
72 134
210 49
263 329
109 97
250 199
252 300
138 56
147 222
91 329
41 317
75 222
88 296
77 107
80 184
296 133
324 183
188 142
257 202
192 93
81 159
318 113
50 30
9 222
212 195
20 140
271 300
216 247
231 260
314 13
1 274
271 299
163 282
10 161
31 25
130 115
16 79
45 319
257 149
81 56
84 271
125 203
23 330
260 191
205 15
54 177
310 231
224 28
301 215
78 204
148 206
119 221
1 30
140 312
179 277
305 224
29 26
98 82
108 84
63 268
149 66
25 154
238 311
43 133
81 112
310 61
185 202
86 278
4 229
282 216
322 303
280 159
3 178
281 70
236 230
55 282
198 329
130 70
107 3
153 160
135 231
90 271
196 275
327 311
137 47
230 169
223 292
8 186
171 137
298 22
99 66
235 101
31 15
320 19
272 112
288 315
211 91
82 222
269 178
264 224
297 208
2 7
28 61
44 156
240 166
306 277
282 272
189 75
191 227
13 59
128 241
68 306
69 86
38 8
83 223
261 109
51 119
137 59
52 203
41 81
213 276
306 320
235 226
66 110
293 283
289 237
51 327
199 267
56 139
57 60
279 65
15 26
144 88
101 301
301 250
297 242
140 172
167 177
299 310
304 167
298 180
90 108
166 190
156 322
83 147
149 245
51 100
298 13
11 94
295 104
182 171
28 286
75 292
252 147
209 92
44 237
128 311
327 228
95 319
158 281
190 284
321 325
178 322
41 109
92 314
60 27
113 131
144 299
45 273
31 211
222 68
147 230
7 303
263 57
26 76
21 316
241 168
259 22
103 240
4 243
223 207
114 295
30 239
13 322
276 96
209 116
240 87
191 281
136 74
283 321
230 201
32 40
52 131
195 178
102 223
13 300
285 326
268 165
244 257
39 269
217 288
228 65
262 138
135 209
147 46
145 138
308 186
269 28
145 16
263 284
246 47
156 83
114 259
60 16
259 254
57 126
196 329
301 140
170 171
106 314
87 39
112 126
25 107
310 247
246 175
320 46
175 147
43 255
37 252
24 308
311 224
221 296
42 214
73 287
297 26
310 131
69 198
47 108
210 107
48 216
292 65
305 174
283 8
181 225
320 17
165 211
27 32
212 301
45 268
42 106
112 98
265 76
274 70
22 283
127 254
87 68
197 216
68 230
135 301
243 133
150 76
40 259
127 316
16 98
240 251
32 309
22 306
9 104
26 131
282 224
76 310
120 253
223 125
242 126
51 45
298 153
96 238
141 236
274 106
215 172
108 22
158 191
279 7
177 272
70 14
26 70
318 166
193 108
240 57
89 59
278 203
236 94
161 226
1 209
136 273
77 66
164 86
288 59
82 189
59 213
256 217
169 303
286 64
188 59
173 14
47 223
126 223
95 107
44 60
206 85
229 279
148 150
68 41
192 280
214 185
145 107
11 162
22 172
265 259
135 243
102 271
81 23
143 326
316 295
45 210
160 276
315 135
70 89
60 232
78 228
154 55
185 127
328 125
291 222
208 159
168 279
248 249
324 272
183 266
2 106
301 169
234 322
83 163
34 314
67 268
117 18
146 300
126 66
89 21
80 162
181 205
201 137
89 329
262 47
310 159
68 67
303 89
327 41
65 110
278 22
104 103
164 239
301 199
326 62
213 53
274 318
129 20
256 98
88 233
123 150
215 142
227 200
110 157
133 102
68 27
175 311
174 125
63 22
49 187
252 17
268 297
280 156
312 165
18 58
196 318
22 21
117 128
64 3
127 257
114 147
106 196
5 141
89 55
268 218
249 151
176 3
295 45
147 316
284 141
257 293
125 145
24 111
78 91
217 169
161 73
188 211
113 230
151 98
55 284
195 5
63 154
23 94
205 226
159 98
7 145
74 251
14 320
28 148
248 311
244 300
301 64
241 237
206 213
67 318
309 70
207 229
101 288
150 147
13 214
5 25
329 148
63 123
261 161
73 270
233 79
127 179
328 36
305 277
233 114
13 99
69 210
160 285
35 191
193 244
228 111
138 98
55 190
213 19
7 326
93 330
287 68
293 55
27 13
180 136
180 22
241 177
183 225
121 24
207 224
305 199
135 169
110 121
64 243
5 303
242 299
281 90
316 194
186 5
19 309
320 150
128 297
69 45
6 81
6 233
98 228
14 32
67 144
33 286
304 177
155 111
169 258
20 34
107 233
86 125
178 220
327 15
51 177
78 312
42 65
285 34
80 76
166 37
63 203
50 196
302 105
239 261
270 303
46 14
11 323
171 61
277 219
194 123
230 38
12 7
63 77
217 293
283 148
130 131
11 38
192 158
177 122
237 49
149 312
138 4
15 33
245 249
50 17
172 90
195 328
127 35
174 33
198 52
321 261
325 5
280 257
60 222
77 308
23 17
52 79
248 222
97 267
87 260
48 205
121 229
147 231
259 263
311 239
318 201
246 112
40 216
111 56
216 202
102 109
296 168
328 208
110 163
252 24
29 245
139 16
150 328
2 290
28 126
288 53
59 290
52 15
91 237
48 226
136 306
78 44
256 181
159 88
224 144
151 309
48 115
98 171
269 220
317 66
324 329
124 59
294 183
127 31
166 113
67 290
114 10
185 64
34 216
87 145
130 325
218 97
240 46
320 177
108 34
98 245
264 78
6 108
268 291
148 127
172 111
74 156
252 70
198 149
220 146
190 197
234 296
236 254
102 33
250 260
204 209
256 143
88 109
222 2
320 213
118 267
1 14
281 219
288 128
181 312
195 294
231 320
273 204
35 141
315 186
240 202
141 330
313 177
204 263
256 3
35 219
144 137
117 162
290 289
279 190
209 20
220 309
40 232
211 57
258 62
98 188
328 83
165 89
50 140
7 79
290 303
3 257
2 219
318 94
312 299
111 33
46 124
88 249
114 120
243 56
293 89
200 319
33 289
254 140
293 256
86 313
150 8
256 106
165 3
190 315
51 39
123 102
221 88
73 172
12 255
236 103
6 76
289 181
59 317
21 268
226 212
259 25
139 273
272 170
15 160
297 35
192 264
59 295
8 253
287 189
171 80
266 284
252 107
313 47
122 242
66 80
92 175
146 105
114 182
197 7
182 231
135 37
276 15
213 75
256 305
25 296
166 317
25 98
86 67
179 312
265 110
312 222
172 189
148 307
13 114
7 275
184 249
312 250
93 268
230 137
81 195
90 232
322 278
205 295
314 226
142 262
305 189
55 161
213 205
184 254
253 200
6 159
136 197
263 307
244 218
259 212
60 61
205 144
309 139
8 26
52 326
303 48
242 68
84 173
173 215
54 61
299 58
160 327
169 307
113 228
23 96
202 149
216 306
21 17
327 183
192 235
247 282
12 102
230 120
174 182
81 176
92 108
84 153
132 6
258 34
100 240
180 173
302 144
233 174
22 101
40 319
36 272
27 131
201 166
141 286
165 124
77 162
59 328
204 166
280 93
252 259
160 184
192 321
16 110
82 123
250 59
259 173
149 162
82 29
15 259
182 224
24 63
295 155
90 252
26 170
88 198
311 49
211 276
164 243
92 61
291 256
30 166
116 234
244 252
324 185
1 217
32 283
152 215
56 160
219 113
64 24
306 170
57 31
278 298
263 65
269 115
326 35
101 102
105 2
321 226
169 308
195 190
181 103
275 22
305 180
279 169
150 63
208 22
55 325
320 117
61 304
54 223
58 23
163 254
295 221
325 115
201 290
325 82
165 258
61 256
185 188
229 204
210 105
316 189
224 147
264 2
294 40
255 47
143 1
166 98
316 88
301 155
80 74
61 216
128 85
260 79
19 16
256 149
11 138
123 71
315 68
290 146
85 95
325 17
63 186
52 166
259 43
323 97
122 82
303 224
56 285
287 325
202 256
123 43
62 262
70 172
197 156
107 78
14 140
57 299
115 3
6 293
27 234
262 189
86 200
223 173
286 67
211 81
145 42
20 85
82 250
132 60
151 252
257 258
176 281
279 142
318 211
267 31
98 222
54 83
9 20
203 289
213 91
233 289
233 284
152 206
301 323
217 75
117 106
307 51
326 131
63 46
233 70
321 277
156 54
90 170
126 303
75 122
72 221
107 35
121 289
249 162
251 259
146 143
229 53
302 3
49 58
128 319
222 284
226 11
23 43
137 207
79 81
310 253
48 117
315 25
294 298
194 124
306 8
206 52
277 198
289 92
198 215
280 329
225 159
109 101
270 119
23 226
44 71
63 119
69 104
19 167
235 216
275 173
56 114
181 174
178 234
234 221
88 50
18 324
246 136
161 271
119 36
214 321
173 92
95 2
128 11
112 248
113 33
115 242
318 305
83 209
206 290
64 30
193 139
211 328
296 297
59 29
86 248
25 269
123 280
73 300
143 183
280 13
300 242
70 19
300 175
128 329
9 266
51 94
49 86
152 291
270 184
69 108
207 267
202 212
286 185
293 229
218 35
5 83
314 220
163 193
74 297
73 207
291 51
284 283
42 247
86 101
177 29
188 68
238 295
62 158
38 275
274 137
130 257
329 156
268 308
27 64
237 154
246 40
48 202
218 168
254 306
2 6
3 5
134 88
54 242
50 43
120 227
329 237
52 317
122 105
308 72
60 201
26 44
69 228
152 148
107 69
118 43
233 281
293 87
298 65
254 17
214 271
218 56
1 167
190 25
299 208
161 89
238 171
330 12
34 97
89 264
158 19
297 271
183 159
168 119
209 22
17 217
139 46
194 289
283 206
268 179
4 157
204 96
78 226
145 179
249 16
221 283
166 42
259 329
135 282
36 137
316 253
46 323
308 325
123 79
153 222
282 328
209 7
205 10
317 265
183 148
300 48
325 23
136 80
312 18
116 141
133 162
182 22
275 263
133 55
289 77
166 191
64 146
45 247
168 187
297 159
326 178
262 136
8 224
254 216
36 298
181 315
49 55
94 235
159 276
109 70
163 290
264 196
320 37
186 176
71 206
145 10
40 164
235 112
9 36
225 99
322 152
159 61
220 182
43 330
161 129
57 176
43 172
131 117
299 259
26 285
107 278
257 66
137 295
87 248
294 229
304 325
330 18
129 284
13 213
224 252
286 220
131 60
283 229
44 276
286 44
34 115
6 263
306 6
198 27
232 76
252 272
207 306
310 274
146 114
317 221
195 77
114 324
74 119
18 179
26 148
30 326
152 244
97 221
158 86
267 72
19 89
98 170
97 214
92 160
86 283
197 79
261 153
73 109
289 155
221 323
283 302
130 319
15 154
225 207
255 178
69 325
85 65
79 67
155 164
138 216
87 117
52 230
72 116
114 304
273 145
162 67
322 46
75 36
64 273
221 104
245 49
311 149
281 265
62 257
198 289
109 315
276 128
203 119
100 165
184 60
53 193
223 88
168 58
172 169
329 301
100 243
161 154
77 293
246 71
16 149
36 290
293 101
163 18
232 145
171 26
120 78
189 297
92 75
283 107
182 167
195 111
200 139
168 302
196 233
171 87
45 165
203 26
96 217
93 143
217 187
158 313
268 143
247 65
145 101
26 150
70 121
102 37
307 23
163 64
236 231
264 257
63 227
208 183
93 86
19 232
6 213
270 281
323 7
172 238
309 198
64 259
317 191
164 3
210 316
123 294
53 121
110 69
22 80
285 286
118 127
204 307
253 197
41 269
96 59
297 260
222 28
219 30
26 324
239 138
78 57
87 20
200 206
283 33
248 219
207 196
41 93
77 237
230 123
185 9
113 260
54 13
7 184
129 46
113 63
319 174
231 302
308 10
113 242
138 233
263 43
144 87
282 150
264 240
123 267
69 330
173 237
4 34
68 73
36 182
165 290
286 136
160 70
78 260
116 283
268 31
7 167
224 240
38 82
198 246
129 15
129 58
241 117
122 150
83 193
259 275
6 105
310 287
304 309
329 316
71 26
83 199
221 58
134 69
122 270
132 310
81 21
228 207
44 233
24 146
175 273
113 229
24 208
69 318
87 126
157 310
322 41
77 205
142 192
271 63
309 168
51 193
263 66
110 63
130 222
49 304
115 169
307 48
299 128
172 71
86 319
238 168
48 289
147 317
117 116
125 242
83 261
257 138
157 300
228 223
270 161
115 116
322 94
270 10
85 220
44 196
158 300
248 113
152 54
236 52
313 227
200 243
134 74
204 276
292 12
89 194
23 172
151 2
116 323
298 320
23 324
137 273
150 199
30 27
205 273
325 278
207 193
23 203
46 107
110 81
278 44
264 18
215 145
103 93
217 72
330 191
318 215
77 318
167 56
291 79
138 69
191 25
117 6
46 200
169 114
76 153
239 127
253 214
43 49
161 7
201 253
27 155
137 263
317 201
296 178
17 24
245 312
7 163
48 73
312 11
185 36
269 203
324 94
303 230
111 204
187 289
227 99
161 99
117 206
112 169
113 170
73 2
110 321
94 42
63 235
113 268
31 326
152 288
34 99
