924
1839
387 504
262 823
116 587
377 243
530 378
211 67
646 436
238 451
35 556
87 604
581 387
353 743
686 102
620 253
103 92
688 886
368 359
269 658
881 365
640 119
910 658
917 41
685 661
362 605
341 287
578 180
638 870
906 297
325 784
70 427
876 635
43 754
25 233
113 660
217 377
518 487
646 798
655 243
241 173
110 10
795 437
234 494
860 714
748 157
483 85
743 130
591 757
3 772
412 56
318 622
774 864
295 407
50 377
246 322
433 789
207 544
266 51
60 677
499 594
531 656
275 49
515 367
806 311
134 734
737 69
603 663
2 519
416 697
807 780
254 94
567 542
701 174
615 817
478 138
7 751
681 696
579 882
796 909
711 421
688 180
855 595
79 683
605 309
648 97
205 873
6 9
404 354
913 697
430 535
443 830
428 794
766 301
51 606
21 95
269 808
562 549
751 300
222 408
338 227
657 460
482 35
126 815
917 906
20 833
652 503
274 696
37 56
202 825
656 50
415 139
378 816
562 343
501 503
632 508
577 157
681 791
619 639
624 645
467 464
807 206
638 528
568 593
492 334
57 733
544 226
791 753
838 180
458 558
201 497
118 399
823 219
75 294
617 8
131 124
274 858
479 505
565 688
650 867
681 59
255 425
218 305
360 575
624 769
444 586
525 654
343 836
435 180
421 678
235 65
893 734
452 465
269 504
47 879
845 636
264 567
151 25
266 803
144 118
386 412
191 519
511 146
307 226
780 240
605 647
768 513
548 539
315 252
707 148
569 219
550 281
769 342
268 245
413 758
284 499
710 280
685 432
649 736
879 326
102 97
848 10
745 608
79 730
307 612
486 517
413 220
835 905
89 647
206 368
423 30
588 548
269 872
884 199
47 750
730 323
186 112
669 523
696 498
744 647
420 698
635 10
419 258
540 824
725 48
882 801
490 188
160 397
798 654
28 132
706 722
45 596
668 880
115 330
383 869
566 616
172 659
481 144
347 680
900 50
810 120
244 93
300 346
659 362
386 421
709 480
756 924
634 66
715 500
910 546
220 173
437 689
228 604
643 436
237 884
197 624
811 831
181 817
801 5
530 867
513 692
309 578
68 395
297 649
790 250
804 39
586 179
792 569
564 376
449 396
519 818
227 220
294 328
371 39
251 319
352 624
422 842
548 549
731 613
856 573
356 474
651 859
161 350
319 521
307 563
662 601
502 679
169 193
292 902
280 347
336 722
737 837
808 914
828 437
2 497
353 315
55 825
105 359
646 781
461 648
881 268
214 444
774 626
272 608
355 348
15 96
636 84
663 809
395 246
633 269
627 178
205 711
685 559
827 737
505 689
88 285
345 462
21 364
474 119
864 752
204 580
663 513
192 903
795 572
920 410
851 791
499 924
777 147
110 758
1 895
733 829
324 795
762 758
506 161
211 136
610 661
677 216
156 794
398 321
776 425
426 649
898 775
543 284
190 622
95 572
325 361
581 785
727 126
611 268
254 593
589 621
491 544
781 445
535 196
265 54
524 441
341 177
100 93
819 473
252 677
303 438
621 715
437 267
168 440
142 741
214 714
833 517
319 228
631 714
361 147
593 371
248 456
113 360
432 789
822 217
911 666
672 279
770 567
11 237
839 443
444 273
352 635
734 544
74 83
62 801
570 815
347 463
459 889
540 699
126 325
766 247
801 489
659 599
239 13
826 480
21 255
505 896
816 679
830 323
883 146
405 413
204 895
291 301
317 40
321 345
521 26
363 372
654 356
842 735
747 66
407 835
501 154
30 631
219 446
229 889
843 554
22 255
834 16
799 200
450 737
703 468
714 707
825 458
606 745
885 435
463 903
135 870
165 288
411 432
698 275
147 618
406 718
659 572
571 420
377 48
385 822
689 895
89 29
57 463
73 78
805 760
381 112
576 460
80 318
127 436
326 32
316 375
777 163
416 266
10 372
354 587
715 829
320 174
898 41
222 369
184 799
665 311
475 765
182 322
601 451
299 544
700 399
37 589
453 702
184 758
570 749
425 205
556 739
334 697
835 843
472 264
609 642
614 758
161 499
693 755
603 399
307 137
678 30
89 913
599 805
688 661
751 87
904 767
778 106
590 433
268 374
45 922
691 164
666 825
605 544
5 136
34 104
161 510
399 471
32 29
279 659
46 822
251 243
219 727
802 793
57 884
205 694
679 341
125 13
731 444
884 135
18 86
561 683
597 318
382 587
172 842
846 468
14 176
307 681
38 259
719 69
462 218
796 314
365 364
493 336
680 742
476 566
228 400
458 100
398 418
572 402
1 190
371 450
853 285
46 506
895 213
607 130
182 709
423 750
416 55
582 568
750 897
786 21
204 481
778 694
670 257
786 299
120 260
767 500
801 386
325 20
392 653
275 148
164 74
316 659
189 520
285 443
75 510
735 720
267 89
33 150
113 307
536 706
632 701
460 420
774 580
909 40
813 622
225 175
364 718
511 664
588 734
424 813
636 803
490 675
515 140
352 430
31 383
514 296
597 117
25 95
736 535
702 348
655 144
477 114
197 301
94 317
451 28
234 314
710 100
97 695
717 588
20 1
593 901
691 735
714 285
175 232
847 671
637 478
682 366
758 790
408 765
837 715
730 867
129 469
469 313
557 258
254 190
432 648
766 480
210 915
548 721
65 330
246 854
856 556
186 854
447 786
336 443
178 494
563 821
104 219
564 723
228 265
606 252
830 723
172 425
484 698
656 475
501 544
230 189
279 499
774 600
382 726
888 262
104 252
104 691
95 610
736 515
307 558
567 503
765 359
286 173
406 161
646 37
862 321
753 844
467 193
536 124
422 462
571 499
787 322
270 866
514 796
369 483
642 615
710 577
581 460
332 511
195 48
865 313
428 178
444 820
302 203
249 831
262 889
766 847
119 861
570 683
504 919
124 600
225 614
23 597
249 124
146 550
113 86
806 705
749 359
890 642
740 48
306 127
129 193
623 412
437 507
462 842
73 832
834 171
608 541
748 220
533 782
13 484
720 366
894 224
562 858
555 27
361 167
15 902
787 631
533 763
354 134
568 344
649 17
775 366
64 562
49 267
476 780
634 336
595 138
309 60
214 867
3 848
265 561
324 54
521 667
399 393
733 543
285 851
366 814
27 382
679 285
59 296
766 494
880 68
602 57
811 279
45 10
153 360
888 736
144 290
370 479
503 441
534 187
720 909
109 823
364 252
774 314
886 546
425 897
120 6
402 509
66 39
696 119
746 660
425 426
242 170
655 690
377 319
323 479
776 174
112 790
433 223
494 361
237 188
210 906
74 195
352 567
746 30
480 835
131 701
121 622
128 143
371 844
816 288
847 13
310 577
202 349
767 60
61 318
920 691
301 681
384 408
778 884
724 36
204 834
509 101
909 86
485 183
857 2
183 860
766 459
170 650
280 382
820 755
608 372
510 607
451 797
428 715
401 606
841 304
788 214
873 704
314 485
522 84
107 389
771 794
226 233
146 168
912 283
516 523
575 507
736 67
491 424
219 916
215 644
258 580
875 655
148 745
10 729
73 848
814 700
371 157
737 504
850 571
364 344
291 497
598 587
193 874
773 324
647 109
298 56
779 570
561 335
637 825
222 906
532 751
609 880
292 591
881 731
710 154
346 567
293 828
189 248
485 848
884 177
369 887
258 148
916 610
896 368
357 496
883 604
898 767
863 447
320 50
643 751
22 780
681 297
686 859
574 878
510 907
3 850
10 800
762 197
10 390
580 532
27 798
783 124
776 781
56 838
80 531
357 212
581 86
70 819
149 739
198 463
277 15
748 877
245 302
390 587
811 422
183 212
887 204
717 772
557 254
890 751
474 35
438 900
709 505
296 378
771 920
780 363
726 576
155 813
214 831
889 27
449 574
512 299
452 305
850 475
55 425
805 194
905 888
899 140
651 466
815 766
484 122
723 130
923 102
335 835
50 40
20 408
32 4
329 786
41 433
906 125
222 528
286 437
417 604
551 579
60 344
386 570
210 821
503 751
72 126
520 813
858 618
718 847
111 45
83 250
98 724
703 709
830 878
653 537
597 54
51 308
176 180
220 922
771 436
438 465
389 693
322 922
439 716
47 318
510 797
684 892
56 373
449 462
554 656
263 909
595 385
799 5
655 852
765 806
550 764
630 629
456 526
857 705
752 824
471 677
902 394
11 415
29 716
442 630
167 891
124 80
760 415
45 865
120 778
115 34
626 700
189 713
725 314
842 43
707 674
509 250
362 48
845 267
98 14
477 903
322 117
209 779
222 549
442 405
430 736
302 415
713 355
64 379
616 761
714 736
552 775
322 52
42 386
522 893
788 449
183 382
379 169
787 342
439 440
215 544
209 327
468 582
179 685
580 172
210 227
183 120
745 760
877 124
624 236
752 46
349 79
647 117
869 296
276 55
845 849
389 544
484 774
853 9
129 145
167 177
425 119
436 579
916 144
499 203
426 97
403 466
132 633
815 355
235 7
574 659
222 829
606 506
615 485
274 123
492 335
547 94
142 106
902 374
201 338
26 817
704 619
232 401
701 172
636 480
921 853
212 661
394 875
818 175
172 278
629 342
623 919
640 148
173 183
885 276
278 676
236 461
201 442
228 74
257 141
546 835
919 767
488 460
99 760
355 906
551 57
588 610
523 863
301 874
102 156
227 397
566 607
437 382
513 839
294 737
547 580
191 449
876 278
734 306
791 597
756 832
461 635
707 863
291 459
543 223
550 64
108 12
14 185
562 218
741 479
356 561
637 133
11 264
507 295
470 64
830 894
336 578
572 137
433 482
141 88
262 700
811 856
606 792
549 146
297 388
487 535
478 60
653 611
456 174
137 862
710 282
591 240
216 487
728 285
298 640
273 641
118 457
419 866
464 622
136 30
484 673
652 705
674 771
163 220
522 652
840 348
762 325
890 855
538 131
244 649
401 793
25 467
890 275
387 446
696 579
830 546
656 219
562 443
714 294
282 391
298 168
390 523
509 268
607 486
403 46
457 697
407 515
704 882
308 864
372 707
501 738
824 273
735 216
582 801
780 41
811 377
376 525
267 194
843 632
854 678
714 437
145 180
263 593
91 677
435 884
792 261
565 274
485 700
256 604
740 427
631 413
271 702
876 816
77 566
886 909
293 177
899 830
612 810
307 304
685 6
41 279
775 160
885 242
82 569
76 348
923 127
811 855
882 488
339 90
69 300
523 393
314 639
476 779
433 104
389 266
241 409
10 563
523 503
336 899
249 841
183 605
553 636
558 921
626 532
45 545
892 288
287 586
457 718
235 395
12 511
257 646
149 225
618 216
529 774
107 604
840 730
846 625
234 346
376 420
554 621
176 289
767 358
868 806
775 872
392 852
307 26
608 389
321 172
230 812
815 759
294 629
225 543
791 918
583 272
199 761
118 455
152 785
650 188
839 160
217 586
690 604
430 273
707 884
330 919
444 712
471 577
130 23
597 437
669 198
849 496
271 137
773 47
645 219
560 196
95 885
492 893
799 88
512 501
517 874
911 624
855 895
500 678
842 401
230 723
105 128
113 719
117 38
236 124
809 824
469 665
366 602
65 851
251 454
789 95
798 573
486 6
220 411
625 875
909 313
891 102
225 663
575 655
708 230
141 702
624 339
252 699
754 177
256 81
193 383
43 148
688 94
804 824
460 443
899 273
754 307
447 192
843 708
613 273
547 115
201 37
624 232
209 146
668 513
354 377
469 466
721 877
846 414
396 11
530 638
444 667
469 550
579 622
228 161
354 312
331 184
328 684
114 597
443 46
482 125
634 63
683 611
148 296
215 662
679 851
823 316
619 786
616 400
524 596
479 111
384 631
188 637
895 707
797 528
284 173
700 290
511 589
901 682
599 794
887 791
562 142
251 435
542 256
261 629
570 56
396 586
154 559
838 441
248 743
95 430
833 893
43 582
2 908
112 308
510 591
168 797
779 861
86 286
323 435
899 524
52 20
907 301
645 821
429 202
885 881
867 506
20 743
84 359
806 342
816 525
4 133
50 73
62 619
413 514
169 25
724 337
565 761
284 294
19 10
348 336
442 26
466 90
244 505
860 470
830 307
241 890
423 277
193 527
735 46
41 682
521 817
125 231
819 580
488 133
409 912
565 593
406 670
795 375
465 412
790 515
437 871
152 136
450 810
597 296
811 361
907 544
228 61
216 59
247 50
136 583
849 821
536 199
641 738
515 101
374 168
817 640
501 511
723 763
787 141
450 254
393 417
371 266
265 707
124 106
714 543
731 615
523 735
806 492
46 69
647 867
76 244
315 195
29 391
778 387
41 598
333 419
431 147
258 741
113 491
741 450
109 320
470 903
672 161
71 830
127 556
3 53
41 445
267 349
146 228
691 868
908 52
360 799
232 785
449 355
529 647
168 628
730 358
18 770
241 476
255 771
351 528
911 240
686 543
613 223
439 318
10 749
388 839
118 150
832 92
469 750
612 13
726 304
339 850
189 882
254 830
532 297
515 467
750 881
661 272
811 334
508 812
208 364
369 771
80 761
676 343
169 697
688 734
263 590
374 845
290 226
63 554
811 456
168 506
272 777
225 418
526 543
18 273
921 607
619 41
191 423
619 577
585 484
714 923
103 13
396 197
26 616
615 572
355 719
411 789
734 18
166 1
206 548
422 909
920 787
908 492
560 391
881 20
386 61
800 904
846 699
318 127
81 446
469 512
7 697
577 866
445 728
905 327
268 335
293 408
755 487
795 238
151 12
221 626
182 299
62 209
87 124
603 105
272 456
288 513
891 622
120 846
447 109
117 810
395 749
315 697
211 766
496 44
6 855
556 864
46 300
544 72
858 553
744 483
207 628
228 395
109 834
66 552
194 920
242 841
499 3
834 385
495 62
174 882
847 484
813 179
176 636
519 253
291 527
413 13
434 692
562 680
380 773
322 482
440 90
175 525
209 662
532 30
545 674
171 158
629 285
651 376
24 146
270 893
338 666
912 635
660 670
787 224
556 561
909 398
417 155
682 897
501 101
91 125
484 537
12 361
407 9
448 609
621 698
758 318
318 852
460 880
334 230
722 920
314 613
737 393
825 320
584 674
471 711
892 562
627 199
512 745
294 706
404 484
57 656
513 588
346 774
159 236
709 269
97 477
665 29
742 30
283 133
836 873
442 823
689 361
424 259
896 179
88 145
914 902
859 802
443 903
822 148
736 743
213 878
134 611
396 597
747 830
533 654
792 29
599 835
849 817
744 464
648 772
92 596
171 583
448 487
806 481
354 808
54 364
622 757
464 476
872 630
614 582
887 547
73 529
764 640
849 381
340 430
292 341
653 332
224 700
781 388
240 541
785 12
874 136
368 541
455 50
266 224
504 911
564 651
702 659
369 377
190 437
148 173
202 738
671 104
496 344
599 486
519 50
626 610
284 353
434 903
32 631
380 636
227 97
352 279
496 339
137 537
324 621
354 58
413 343
799 175
80 707
697 232
810 216
410 197
413 289
221 674
482 736
621 605
689 385
525 782
562 856
611 884
15 719
672 79
488 613
48 255
143 853
739 668
93 868
262 250
8 634
795 162
4 718
86 437
249 915
98 490
420 28
707 533
258 620
677 109
26 161
217 144
886 471
510 522
825 903
54 304
922 512
601 584
534 444
804 649
39 466
594 164
450 645
450 467
507 335
184 891
677 202
570 855
847 917
580 148
560 50
592 569
486 591
242 56
86 90
862 833
368 855
708 318
394 586
302 866
277 590
670 617
863 777
496 647
528 835
634 852
483 276
249 425
80 181
10 693
427 396
763 374
206 487
88 587
640 18
657 170
465 177
297 618
543 194
776 744
902 305
285 574
739 642
257 15
454 748
707 663
802 491
370 318
858 57
810 516
339 55
12 607
607 42
22 818
70 735
572 687
616 5
673 352
455 853
128 917
854 597
148 137
828 710
435 561
694 357
662 652
817 239
38 575
100 194
81 644
855 875
15 430
91 211
196 76
664 830
185 520
725 318
49 751
98 257
881 614
243 161
419 185
30 921
740 480
465 50
205 475
756 365
88 270
139 439
683 52
65 789
110 35
319 609
626 331
690 45
317 885
430 481
386 309
330 60
647 255
431 669
39 257
811 448
235 600
458 827
433 364
846 633
566 446
192 577
659 226
746 394
528 443
242 818
412 580
47 828
90 478
872 221
270 217
255 154
767 281
290 303
647 270
180 13
274 390
85 209
834 725
67 897
298 676
739 454
301 168
847 732
807 361
450 237
620 330
723 358
219 278
707 171
658 528
826 235
727 480
743 731
280 418
773 289
361 459
363 819
465 643
219 133
279 704
898 856
1225
242 259
920 543
429 431
293 369
911 374
832 513
230 381
782 701
864 263
24 332
368 271
551 594
770 19
209 615
213 754
907 759
67 210
595 815
695 690
48 693
866 812
599 222
193 816
256 775
797 222
843 165
314 481
539 896
245 372
693 78
294 627
384 408
209 234
372 409
614 612
13 224
13 234
68 624
814 563
538 616
255 213
256 703
177 671
910 749
293 116
759 816
546 373
49 344
834 675
189 149
203 659
419 761
693 233
2 675
37 596
662 380
765 623
622 247
73 837
812 752
841 214
583 722
494 532
223 719
426 461
771 335
353 419
279 99
534 558
924 219
98 62
425 336
199 890
342 154
769 201
49 819
923 673
566 292
808 24
96 209
856 206
69 278
468 195
497 643
762 610
18 675
737 548
388 597
428 710
352 91
119 494
12 389
446 564
760 25
747 649
82 408
566 302
670 564
65 128
308 302
179 338
82 69
243 832
58 912
268 392
721 93
140 682
36 229
841 135
576 582
350 90
734 22
641 488
678 891
370 513
686 660
234 245
294 234
863 815
690 82
181 920
325 498
207 593
137 33
341 47
590 166
651 587
486 273
160 850
76 791
658 17
549 704
223 61
322 58
281 162
787 821
890 226
95 646
129 549
45 249
616 703
19 455
553 139
55 708
713 132
132 642
111 897
708 591
436 128
483 394
638 220
140 908
773 836
802 553
487 446
316 779
511 848
406 37
599 856
528 527
178 743
3 193
143 489
758 204
538 126
871 14
516 40
137 759
175 800
359 124
693 218
468 16
889 204
109 660
522 22
251 794
878 109
609 362
616 391
137 185
118 58
225 460
792 243
467 106
809 21
864 122
196 526
622 428
758 764
463 394
1 775
79 745
668 913
396 694
234 847
305 748
869 215
737 894
711 534
500 789
538 84
807 39
531 67
296 364
356 245
461 63
332 815
122 114
326 142
612 138
732 107
99 304
395 692
736 324
705 902
630 580
64 882
863 395
407 535
602 335
302 524
61 797
907 583
626 751
915 90
307 877
134 212
622 883
304 201
796 103
807 763
755 872
153 671
137 472
121 556
69 212
661 71
557 115
769 332
540 669
844 401
164 670
738 365
393 746
400 655
694 114
492 482
880 362
223 281
677 229
385 497
134 483
491 357
366 72
96 690
449 130
844 161
342 530
561 792
754 301
873 419
97 487
228 461
392 357
231 398
70 326
433 775
101 805
485 208
799 442
353 161
64 439
46 450
214 507
193 436
41 806
5 35
590 840
427 684
189 923
428 290
875 449
123 803
803 354
292 488
464 826
329 372
211 415
819 828
732 460
133 421
198 395
23 649
393 678
605 754
510 593
314 869
466 674
561 342
608 70
903 890
916 189
744 671
771 813
371 846
851 567
698 903
296 73
451 13
604 747
233 284
136 597
157 155
168 725
754 846
265 320
756 309
257 126
509 12
318 739
171 251
629 231
439 39
552 725
218 94
614 501
254 329
536 516
421 835
795 688
923 160
921 811
861 713
74 669
392 726
161 58
550 105
481 141
240 332
626 785
634 193
69 244
22 129
517 183
362 375
476 804
290 131
145 70
131 376
538 86
356 562
441 93
391 262
699 145
779 460
22 667
345 450
343 914
622 584
319 661
685 775
51 77
218 309
301 365
339 191
496 539
292 247
535 699
481 604
301 778
299 840
99 858
711 113
426 554
439 412
733 259
197 130
33 547
488 171
102 76
751 840
43 866
80 72
923 22
842 856
485 36
233 419
258 120
68 867
736 309
462 377
869 31
31 757
449 234
111 581
313 579
654 788
142 919
767 835
195 133
646 812
146 238
617 647
247 234
682 480
238 894
844 440
345 405
478 103
837 253
280 19
711 247
288 275
581 371
626 665
682 397
21 892
686 391
173 88
59 595
38 589
218 573
511 664
856 160
654 567
881 344
191 713
77 758
190 658
282 288
887 780
262 510
30 402
817 561
589 923
17 537
713 334
689 77
302 746
172 273
622 512
909 752
478 787
372 455
521 889
579 279
699 649
247 69
902 557
494 819
820 403
357 502
202 722
389 500
705 239
875 707
355 702
518 411
272 660
520 647
645 815
212 170
148 858
823 341
747 30
162 864
811 317
799 688
527 675
417 68
167 143
386 383
73 569
180 734
309 391
15 539
626 386
21 87
881 160
479 20
635 143
61 10
328 103
755 372
611 234
704 154
443 140
8 160
36 810
146 366
436 229
283 804
685 555
332 750
506 3
471 923
262 861
619 586
347 443
478 171
589 700
153 763
835 840
840 423
224 207
773 564
765 693
183 53
177 783
490 249
382 400
247 399
575 145
341 3
64 267
414 306
321 641
248 88
21 625
451 395
658 532
626 246
884 337
626 307
533 98
900 670
361 445
590 55
200 567
213 85
354 334
840 337
313 919
160 621
627 135
507 831
171 429
773 799
689 302
129 222
804 671
429 742
134 691
83 345
519 182
328 437
158 871
27 616
100 28
731 85
378 252
622 819
595 35
522 677
716 272
73 845
11 298
234 459
583 420
19 22
405 744
660 870
3 650
583 458
282 335
303 458
789 628
69 458
205 754
425 101
417 266
822 252
899 666
733 716
144 99
631 426
122 107
22 478
845 706
417 746
766 406
503 619
135 881
661 119
719 44
650 160
479 422
393 627
644 150
521 413
451 300
266 56
453 763
167 151
546 689
865 732
389 624
830 689
309 848
55 460
294 607
176 624
36 705
620 811
170 81
380 827
237 413
480 794
506 874
344 314
269 619
774 389
499 234
236 860
874 95
838 193
659 739
57 902
234 915
444 877
67 336
254 492
533 542
120 412
649 276
845 714
892 775
203 356
773 600
923 234
922 659
96 488
537 10
54 319
455 347
497 365
744 560
440 176
290 844
755 426
612 808
789 571
529 248
220 32
857 242
632 481
613 182
602 521
213 76
639 368
885 28
130 82
461 40
728 645
697 422
816 250
155 22
99 116
545 286
80 299
638 495
880 736
705 349
67 528
910 648
804 906
355 626
865 112
798 276
698 596
215 486
682 341
688 855
539 522
505 367
127 825
753 487
309 730
907 275
569 504
245 744
866 731
22 300
676 330
880 363
799 279
54 491
577 309
448 465
418 737
279 477
126 416
387 530
35 75
423 462
504 185
293 751
229 478
196 781
849 393
851 449
234 753
709 36
524 692
237 866
126 259
799 294
822 421
423 745
261 627
571 905
596 649
502 699
432 740
862 745
907 439
337 360
819 29
514 166
719 215
309 237
786 53
810 179
178 583
100 571
247 254
559 626
486 221
386 331
725 854
207 471
556 594
32 169
164 388
84 758
914 295
914 797
701 193
891 66
334 337
559 228
445 519
181 152
698 676
437 803
340 720
282 392
629 666
312 921
36 22
226 784
620 292
609 572
350 592
770 503
145 550
134 505
656 441
720 70
898 362
799 183
507 289
319 17
249 189
147 761
907 921
666 759
519 145
174 197
430 728
393 258
391 923
791 122
284 15
751 241
221 498
54 195
570 566
664 736
604 637
796 407
729 92
715 604
217 159
106 254
713 61
233 20
108 650
422 9
384 109
783 887
256 34
697 197
856 431
545 390
450 618
915 378
907 822
4 488
711 587
337 678
187 323
316 383
190 896
690 165
59 160
822 449
837 425
18 597
697 354
393 348
595 802
186 708
423 419
701 473
650 287
896 193
379 6
177 698
392 677
540 50
910 555
663 494
214 136
478 250
812 135
567 917
59 390
659 351
854 904
792 885
194 248
296 702
596 289
418 847
375 582
11 737
816 126
311 397
854 533
732 463
504 901
873 160
412 343
318 713
768 816
497 125
30 528
639 696
799 892
748 13
187 69
413 41
522 489
512 833
466 125
18 22
365 919
819 794
5 687
300 357
94 602
772 57
133 721
150 612
266 82
640 510
799 696
197 913
508 464
911 435
711 373
583 460
751 448
226 290
80 135
442 410
211 135
686 598
464 263
780 374
261 629
19 122
107 803
863 727
93 156
647 470
727 110
848 644
688 266
218 60
304 859
588 639
16 866
396 190
726 896
185 881
431 46
239 281
211 545
232 278
79 90
855 829
111 63
718 305
438 73
155 877
906 671
74 421
612 537
375 590
42 209
376 556
923 99
326 1
528 764
583 64
83 253
482 104
48 88
349 372
500 482
819 896
818 498
184 113
909 367
895 91
181 327
633 922
395 443
612 793
464 489
82 544
297 98
219 890
193 839
412 603
10 484
129 888
221 667
134 270
686 265
312 772
779 272
811 548
884 113
155 910
688 260
243 541
774 875
667 713
236 209
254 243
744 456
365 36
533 540
520 276
885 148
124 740
749 560
369 702
144 725
716 824
285 731
515 209
508 690
74 185
158 912
907 176
814 288
622 919
188 454
671 572
17 91
379 424
509 236
253 805
420 653
745 380
193 893
640 158
578 434
523 143
474 199
183 571
516 429
428 340
404 619
451 90
269 781
684 654
294 399
311 454
264 133
903 520
408 712
104 523
669 270
841 21
776 378
781 225
329 609
619 330
220 429
304 735
195 674
570 159
652 241
233 457
192 268
656 818
163 456
20 350
819 676
430 312
805 39
692 680
302 198
177 882
478 762
801 336
761 833
684 183
361 163
487 452
536 668
911 641
345 193
803 918
700 116
883 606
426 365
92 378
337 730
575 139
84 292
204 553
559 853
73 237
894 673
296 250
413 234
842 632
684 300
434 540
917 816
886 608
724 736
398 135
170 848
315 214
522 533
852 508
137 86
147 193
218 405
23 694
900 485
389 468
88 130
407 726
639 560
194 671
646 438
519 322
688 438
527 777
181 871
324 159
67 683
291 888
330 474
477 809
750 753
26 784
281 228
587 906
504 699
28 10
677 324
829 731
662 108
655 360
657 745
504 212
354 636
780 600
561 721
700 224
565 365
594 417
241 453
893 475
198 411
127 534
746 886
406 275
473 245
436 127
671 787
396 277
611 588
574 677
306 705
868 450
388 599
142 516
924 276
111 117
261 378
622 370
894 721
366 575
93 356
243 795
51 647
723 516
272 158
711 760
71 341
725 152
319 713
519 579
686 540
810 52
280 773
436 217
717 124
626 382
91 681
189 820
630 762
846 571
761 89
381 182
227 224
131 860
451 706
477 128
329 550
216 792
543 799
26 467
70 424
661 761
180 221
352 762
249 27
873 429
601 509
525 38
22 840
210 8
517 151
544 334
67 879
304 644
333 126
405 295
681 376
722 615
679 411
675 493
275 130
162 90
499 469
619 650
883 44
24 922
624 909
602 173
774 770
182 235
666 472
732 272
667 575
843 913
378 274
585 126
831 213
540 510
672 545
781 875
434 236
323 719
568 250
49 371
387 313
908 867
631 521
499 175
5 570
544 325
208 10
787 1
580 411
168 288
496 68
497 829
359 512
745 708
790 641
888 741
46 256
481 419
346 306
82 34
273 442
112 259
656 376
715 258
523 593
796 246
719 98
310 356
360 876
501 101
247 729
754 447
118 6
470 365
358 359
566 7
583 643
667 139
