1000
3000
845 456
305 421
857 246
321 510
969 285
529 900
302 146
285 808
881 514
212 810
863 994
103 588
92 414
166 738
454 279
40 782
510 158
808 845
134 532
738 911
194 369
313 76
782 381
68 572
174 372
782 728
418 480
261 212
911 516
908 109
780 814
42 658
866 739
516 495
310 49
888 578
180 125
460 902
969 422
456 334
977 667
953 536
234 786
73 447
49 59
953 969
313 78
315 486
593 845
918 756
40 666
656 651
315 456
109 659
174 572
966 340
381 310
410 942
308 887
83 321
593 673
389 591
180 460
273 321
959 134
261 969
651 425
656 959
234 321
120 37
522 248
341 321
532 381
184 539
992 542
673 733
257 931
320 422
256 129
852 908
887 194
113 99
900 61
313 738
154 997
545 593
545 738
321 59
350 845
24 486
969 948
738 234
466 868
911 351
61 508
72 659
59 495
956 411
757 707
503 595
965 115
675 862
55 240
369 134
180 900
401 547
810 969
572 308
739 738
176 594
661 745
210 786
666 310
532 666
529 911
529 194
463 848
350 421
76 989
315 789
801 786
971 808
542 75
710 323
421 510
490 219
78 109
313 166
595 423
439 955
313 959
555 321
536 529
483 495
801 68
911 786
78 529
595 514
782 320
490 440
728 733
673 125
320 953
651 971
532 529
555 673
49 911
641 537
318 808
421 313
109 567
310 959
423 315
315 194
896 320
866 508
111 74
495 109
1000 866
394 667
483 195
341 212
576 583
738 24
532 514
76 322
920 149
408 306
78 510
984 635
973 212
974 758
158 532
959 510
989 210
510 973
273 76
881 261
953 61
567 495
716 198
978 281
565 210
764 275
421 49
83 953
109 318
210 797
351 510
561 504
673 881
907 134
711 964
25 458
902 578
555 68
498 928
230 14
108 568
852 944
315 529
61 989
563 267
372 495
290 263
924 931
350 651
125 456
460 456
234 174
907 673
125 320
693 303
166 593
888 545
483 180
310 261
78 908
456 666
728 659
125 285
516 989
194 59
786 425
808 334
77 21
50 223
72 320
529 486
101 324
508 195
486 40
109 134
508 800
263 553
454 844
215 889
495 40
224 175
372 49
493 718
973 134
900 59
308 503
894 423
473 260
514 728
904 384
841 383
593 1000
16 398
64 651
195 174
68 180
341 953
103 795
254 33
908 210
578 516
180 810
708 638
595 953
210 372
789 421
26 43
514 446
351 797
495 24
298 540
888 372
989 322
260 172
521 997
908 372
887 158
154 609
313 174
800 810
381 789
380 460
322 555
733 285
453 511
945 472
310 212
733 911
204 144
992 424
322 109
367 62
49 234
495 728
666 651
305 890
510 808
259 5
881 341
713 579
210 380
12 836
545 989
514 195
894 322
422 982
987 145
508 369
142 404
78 422
158 651
695 443
412 589
446 651
111 159
800 234
510 194
728 334
235 799
423 508
261 1000
754 42
565 651
739 125
110 405
888 49
404 450
688 239
585 406
801 516
896 422
234 423
666 508
595 83
898 428
83 908
285 565
513 307
887 174
94 355
460 24
510 866
133 413
902 728
528 512
575 647
308 881
206 298
495 174
166 508
880 848
789 59
320 894
666 900
908 49
801 78
976 243
514 495
866 320
894 514
166 969
733 510
24 270
481 2
866 572
105 817
904 354
911 372
109 72
572 315
434 31
728 125
76 321
148 854
894 125
1000 808
369 234
24 532
301 569
651 887
126 612
800 261
158 322
567 739
810 989
225 912
545 786
739 514
429 499
49 486
460 59
894 313
40 380
497 582
973 158
739 483
482 247
969 673
318 195
125 68
305 656
61 72
896 423
285 894
72 911
797 174
163 732
565 953
320 738
529 973
318 24
944 210
177 740
673 315
285 545
677 568
508 109
593 351
555 305
375 695
213 518
896 305
908 578
521 355
911 896
669 57
318 666
836 703
320 334
168 669
64 728
907 810
617 216
593 313
572 969
321 425
598 12
156 798
318 234
416 352
786 971
529 516
659 210
493 979
902 423
483 446
982 890
666 801
334 529
265 246
210 134
887 953
158 446
486 565
808 369
180 789
989 800
89 259
308 555
57 104
422 180
362 776
350 801
529 134
999 785
656 536
467 443
456 808
341 852
508 320
656 503
953 350
984 699
49 380
425 40
512 544
357 683
318 911
694 723
971 83
696 877
866 673
503 800
656 989
514 989
873 466
27 767
959 369
130 185
569 949
801 285
900 510
643 830
620 664
122 451
109 800
907 318
212 61
308 313
896 310
195 555
495 545
666 739
567 738
665 25
310 134
387 118
372 881
808 194
733 334
341 270
83 567
739 508
810 380
850 779
908 595
180 801
835 828
351 270
322 728
808 797
881 158
109 174
456 320
894 969
698 680
953 1000
788 478
852 305
944 902
782 421
578 852
777 876
437 377
273 423
125 495
866 982
421 890
801 902
948 456
887 572
739 510
315 510
959 158
895 605
421 76
40 514
341 529
739 61
911 565
310 989
532 460
786 372
516 971
894 572
78 446
346 4
379 872
141 864
957 299
374 925
422 666
650 858
908 738
953 423
578 318
483 318
852 514
786 532
747 628
68 109
963 278
555 446
109 321
580 92
195 285
572 285
261 887
881 68
786 109
189 383
789 896
254 672
881 83
516 270
1000 270
782 908
595 944
786 421
740 714
460 369
315 786
321 532
651 313
291 947
944 659
673 578
514 351
369 68
484 781
888 900
489 147
381 529
782 973
578 109
210 969
68 733
797 801
94 846
494 276
234 673
728 76
372 797
382 316
593 422
959 40
76 109
944 503
109 270
503 313
913 889
944 421
83 341
503 896
800 423
593 514
808 651
270 953
881 845
315 989
616 417
308 738
510 989
611 326
325 934
969 212
888 536
756 450
245 897
313 194
514 180
891 919
971 900
310 565
380 789
456 651
134 666
350 322
234 24
593 900
125 310
686 657
83 261
908 651
180 369
595 372
666 273
739 350
686 998
651 516
174 973
565 797
372 369
1000 59
47 8
902 514
965 501
808 555
651 902
495 651
270 421
334 782
866 948
20 761
567 460
545 273
305 887
360 376
793 775
381 305
334 911
190 371
894 659
827 297
866 659
673 174
776 70
434 868
334 318
819 779
890 808
2 284
421 797
503 982
321 421
72 425
578 369
261 318
87 636
350 446
789 486
474 114
212 425
372 852
321 651
989 174
40 982
989 888
423 158
318 310
555 738
741 465
305 572
15 384
516 125
380 797
862 922
832 816
782 180
786 593
875 831
64 158
595 545
981 356
514 234
813 981
911 322
174 310
808 738
350 789
1000 739
449 778
233 116
902 896
486 810
738 907
782 881
310 372
982 320
64 973
900 273
813 526
973 800
302 164
666 305
608 620
27 699
595 460
731 670
372 545
786 40
902 572
572 134
973 350
738 422
894 782
516 334
321 782
310 305
321 423
313 273
338 275
23 618
438 452
321 902
508 456
578 555
479 711
138 295
545 78
64 305
507 838
191 173
320 659
426 706
659 61
937 127
483 578
295 773
106 697
565 578
136 736
982 380
76 125
49 789
584 34
666 948
446 595
959 68
797 334
320 210
908 194
541 390
166 801
68 308
529 953
483 334
531 147
305 234
495 881
273 789
629 240
948 973
495 969
688 410
421 911
285 738
287 831
456 532
125 567
114 79
716 610
168 110
847 436
268 897
536 83
315 948
460 656
125 421
109 738
167 177
578 567
60 159
973 380
195 595
556 149
244 749
845 174
543 637
160 120
61 797
24 536
486 555
315 971
68 797
881 305
508 888
852 460
860 264
245 833
890 315
195 911
356 30
322 733
180 421
861 655
554 519
587 519
68 76
100 407
285 673
422 651
446 313
321 953
894 908
339 668
446 351
175 106
423 801
341 174
495 72
47 614
421 334
35 289
210 369
423 900
310 64
399 208
510 305
102 940
786 567
381 422
656 421
195 1000
285 982
212 971
334 982
973 656
529 234
806 304
824 398
602 292
786 76
908 158
322 381
318 83
452 457
950 477
700 648
887 510
270 76
903 430
817 255
320 555
953 49
369 810
975 95
971 572
64 210
745 44
738 845
423 369
982 908
858 272
567 572
973 971
516 567
289 737
766 629
532 320
456 351
422 881
72 158
894 72
565 341
109 460
158 68
456 738
134 593
890 310
351 486
178 150
555 234
514 887
174 911
565 83
975 436
421 423
510 310
68 969
650 631
299 155
261 174
67 734
305 959
911 948
907 234
948 78
174 555
731 586
866 888
896 536
83 508
409 323
1000 194
37 653
261 786
982 510
943 161
483 738
334 273
234 380
728 68
277 840
351 565
907 595
194 969
422 322
456 890
529 786
881 900
320 194
516 514
369 72
845 72
313 567
845 422
845 24
770 470
738 659
540 978
212 381
486 334
953 109
195 908
811 349
595 971
525 687
59 380
503 210
890 308
808 514
503 341
856 768
125 969
68 866
908 728
567 446
764 327
733 341
900 310
32 855
389 538
378 400
210 68
78 728
532 318
381 510
948 908
318 212
381 318
845 514
786 320
72 322
261 24
959 109
808 894
194 234
195 350
577 107
381 285
234 64
162 427
593 318
907 423
948 59
529 567
896 801
839 701
439 871
659 801
887 503
456 982
738 1000
656 733
503 83
166 76
315 320
661 474
495 866
261 320
516 212
234 536
308 989
416 262
986 743
970 867
771 769
634 573
866 953
195 944
565 109
971 532
350 125
80 809
212 567
76 529
927 548
83 593
62 855
385 50
261 907
915 812
418 761
932 499
807 141
973 514
285 320
953 659
567 866
786 83
503 369
7 843
360 464
659 321
171 901
134 180
35 262
68 516
673 953
193 140
315 969
595 212
341 896
226 775
586 294
59 134
550 187
890 195
270 210
318 739
390 630
852 369
985 73
896 483
649 746
78 514
273 810
852 423
578 896
845 911
317 343
1000 350
195 321
508 911
68 1000
905 923
351 973
381 166
139 467
762 530
261 194
962 919
64 212
969 503
666 24
392 557
26 213
372 971
486 285
132 541
495 308
656 595
953 134
624 534
592 300
786 902
911 866
896 969
908 510
353 625
865 517
305 313
658 560
765 252
887 733
863 6
508 64
516 72
900 78
532 425
261 944
423 59
916 857
514 334
972 130
955 949
117 216
520 21
372 800
567 595
232 186
916 54
692 861
911 321
136 621
212 109
902 134
99 11
180 210
852 76
261 49
682 860
261 380
446 59
626 812
276 203
503 953
508 532
852 896
486 738
808 61
495 508
659 536
380 908
763 917
810 421
659 234
549 43
395 115
174 270
552 331
95 17
565 673
61 76
733 40
86 215
908 125
195 536
381 49
556 415
948 134
134 1000
797 321
900 308
782 565
691 487
673 1000
200 39
533 173
738 944
969 421
881 536
194 72
381 24
40 351
778 642
771 936
971 728
572 545
739 888
97 224
495 786
728 887
107 69
64 673
125 483
381 273
486 423
555 982
83 545
656 372
982 907
663 157
887 59
350 881
266 376
797 896
969 881
425 334
907 24
944 234
819 753
483 64
421 567
536 555
505 753
166 902
233 700
659 510
908 174
422 971
285 510
989 456
797 381
270 234
887 973
881 508
797 659
31 105
131 685
656 134
113 417
888 510
613 343
321 174
180 948
318 40
218 960
845 536
914 689
565 273
982 1000
560 112
856 660
369 973
310 460
572 158
989 908
966 396
350 422
514 900
174 483
76 24
24 422
673 212
78 953
1000 320
837 374
536 49
800 532
83 40
121 507
333 672
72 1000
634 403
483 380
800 881
250 386
673 308
726 838
609 269
890 595
51 32
358 550
137 977
151 170
351 313
64 536
900 969
476 108
722 202
881 234
567 782
503 973
531 286
659 76
134 76
908 318
82 830
174 782
125 49
673 320
483 944
545 380
425 969
782 810
264 301
72 896
380 315
800 40
61 273
332 368
659 989
907 49
492 706
801 971
772 9
508 887
59 503
902 320
165 566
948 567
261 334
350 308
483 900
567 210
167 188
837 796
320 845
125 786
369 322
595 109
180 305
777 655
462 935
882 100
228 205
495 313
372 212
545 969
255 930
453 564
270 866
666 907
364 750
659 971
193 640
61 514
656 59
845 888
315 887
83 944
959 61
352 766
733 595
483 673
882 689
315 495
810 318
896 656
305 341
532 510
728 888
536 969
899 646
888 908
555 516
844 448
660 228
578 881
728 380
595 308
125 83
239 644
926 203
942 400
49 656
315 158
321 68
666 423
305 166
797 800
134 728
952 849
944 536
261 888
982 261
194 322
727 790
595 593
440 576
973 305
603 472
989 72
28 547
425 64
334 666
334 423
733 212
48 980
148 617
738 446
308 285
174 61
350 310
425 555
659 483
270 973
668 684
369 801
341 866
486 989
194 40
800 656
516 896
334 313
313 810
607 504
483 532
730 296
529 83
673 514
532 797
34 983
318 536
738 866
210 739
900 174
313 310
24 64
46 527
212 134
971 380
885 692
959 320
49 109
28 424
783 267
565 270
423 483
134 789
83 310
594 238
612 682
866 210
808 593
698 221
447 566
90 303
166 194
982 78
810 422
896 888
61 460
659 273
219 648
423 656
797 59
673 322
49 989
321 595
97 353
971 948
567 49
673 782
311 426
315 125
98 209
953 446
875 758
527 654
514 953
795 847
498 469
495 845
948 801
852 786
8 805
212 285
852 322
370 282
308 808
828 405
989 273
810 508
866 801
180 894
273 456
194 78
623 751
804 236
327 288
134 24
902 421
315 907
191 678
733 888
161 970
545 659
341 24
437 84
425 907
134 380
739 423
285 315
351 83
341 728
351 810
963 884
61 656
959 270
369 545
125 545
864 88
485 985
351 76
894 989
329 712
345 229
789 24
789 68
93 409
369 351
72 881
326 958
804 385
565 656
618 391
952 366
834 330
969 944
651 593
959 180
496 20
423 460
380 555
214 664
381 78
180 529
583 874
733 456
24 908
194 536
381 567
810 503
313 982
944 64
210 40
732 91
210 782
351 212
460 174
525 724
185 227
53 143
948 422
974 488
524 459
24 83
881 567
485 759
532 315
969 982
315 68
192 537
251 662
486 733
516 341
322 845
887 959
800 536
320 656
134 460
989 351
495 959
818 189
61 789
181 330
313 902
207 7
801 320
953 593
305 285
517 585
989 739
894 656
920 150
270 422
134 61
422 953
503 372
866 782
881 334
270 908
373 169
315 908
6 956
273 495
351 425
68 456
425 733
615 217
253 796
369 908
546 249
789 982
959 194
797 738
988 237
96 988
261 270
656 908
1000 578
969 852
296 697
815 386
314 937
308 315
971 887
888 969
153 124
656 948
310 78
444 164
959 782
456 308
61 881
49 545
913 715
516 673
849 205
166 341
334 545
423 285
789 944
320 739
704 628
422 380
516 61
782 483
456 210
960 936
234 68
460 739
315 782
973 593
866 61
423 673
310 810
614 156
313 381
787 851
845 578
989 350
313 545
351 49
866 565
749 945
308 782
533 235
273 310
158 786
738 318
435 473
446 109
567 508
516 969
659 508
623 45
670 951
825 880
907 894
72 572
567 158
557 792
866 318
125 896
546 501
369 659
414 933
234 334
508 808
545 514
315 902
76 948
638 171
166 786
881 555
739 321
567 894
890 380
13 990
948 890
234 565
739 959
900 425
489 132
446 911
890 555
380 270
536 532
166 845
496 938
659 158
989 578
40 659
308 866
310 593
72 270
705 784
320 273
158 372
369 845
515 526
871 625
728 109
575 790
266 579
36 999
166 948
76 565
808 907
908 567
567 510
380 308
878 938
61 666
755 10
786 733
948 273
646 179
72 174
109 195
673 310
359 29
212 953
242 74
980 841
892 684
738 989
757 229
555 158
789 516
892 19
435 88
421 212
76 174
582 760
989 320
565 195
334 40
134 911
318 953
852 315
659 532
40 174
595 508
948 421
261 536
182 714
180 234
270 545
270 334
288 221
284 742
1000 158
808 944
789 372
230 633
122 627
158 320
455 91
786 572
647 853
944 508
1000 425
881 659
210 971
752 348
982 134
728 948
911 982
508 305
510 894
460 565
572 64
681 401
593 305
852 890
752 328
446 421
503 350
673 797
308 789
170 637
81 834
194 285
656 529
59 801
900 313
117 515
341 456
908 789
563 613
545 739
969 49
666 973
321 881
422 261
72 800
310 234
236 644
158 866
157 990
372 486
709 238
317 939
967 851
738 578
971 545
24 514
194 456
422 369
93 535
516 866
425 973
572 313
874 272
673 24
806 464
593 866
800 64
220 244
342 438
341 782
709 939
363 281
572 666
361 968
446 310
900 982
802 22
739 72
536 315
344 561
890 334
322 800
866 789
59 536
595 334
810 305
243 468
989 565
728 866
491 606
514 134
350 738
381 801
572 322
536 565
785 71
887 911
180 510
610 559
318 503
61 234
741 427
422 973
824 509
991 994
887 739
890 800
61 982
483 166
310 888
676 394
40 555
622 870
890 786
40 989
318 572
651 896
350 64
973 125
666 536
510 372
335 250
545 800
518 773
890 313
483 341
423 989
381 908
887 486
183 75
174 381
907 845
558 922
800 158
313 565
14 581
959 797
911 572
174 369
510 308
929 208
693 309
673 888
944 315
456 907
728 40
890 545
261 425
61 341
180 666
787 869
341 890
640 442
446 180
789 728
888 315
321 49
368 599
707 465
536 381
83 845
211 962
989 900
51 139
511 705
445 873
83 555
456 555
948 982
808 896
273 595
887 483
742 362
324 225
971 285
679 79
460 786
369 350
46 252
471 767
876 941
419 431
514 656
486 896
666 322
565 72
743 38
86 587
894 210
910 509
910 506
656 321
24 174
957 502
659 572
895 544
497 681
322 887
907 322
948 944
310 567
894 733
733 944
852 446
273 887
87 146
996 181
529 797
578 49
823 187
782 738
446 49
595 380
285 810
166 944
652 570
898 251
415 878
195 369
717 967
351 673
887 595
397 420
733 969
737 253
369 315
651 810
514 555
656 72
811 729
234 888
529 989
801 125
948 555
886 678
318 210
486 503
210 900
483 536
808 529
495 982
49 61
923 172
845 786
973 456
651 845
810 529
866 900
993 722
72 285
803 137
180 109
659 341
555 651
305 503
592 52
425 369
61 971
83 78
786 800
782 516
318 656
483 460
273 944
902 545
202 329
800 845
959 900
483 982
76 305
516 908
739 315
212 982
422 959
392 199
61 728
318 308
572 595
334 350
969 78
363 869
13 645
64 907
134 423
78 318
210 578
774 331
532 973
881 369
908 953
887 460
488 788
72 423
194 801
567 900
782 1000
308 369
1000 486
210 656
933 48
40 1000
478 365
797 782
1000 595
762 562
83 532
810 234
523 104
641 929
656 273
872 19
953 381
320 516
800 308
273 536
879 371
738 852
852 510
896 973
832 448
483 572
510 516
308 460
643 883
601 765
495 180
270 166
380 76
33 735
969 578
567 72
195 953
1000 422
839 675
651 894
801 555
72 310
932 337
29 217
49 134
631 543
503 536
896 166
902 456
125 64
430 256
782 536
297 419
654 65
180 656
109 969
425 313
659 456
532 76
738 593
887 565
567 593
315 422
733 545
273 852
78 593
516 786
747 950
746 279
195 78
690 17
921 183
887 532
351 944
659 651
381 321
163 679
632 345
101 218
797 881
595 315
673 890
305 134
800 510
911 578
666 315
313 536
83 959
78 789
402 258
197 744
72 318
64 61
319 379
578 456
508 24
565 944
902 595
320 423
293 935
888 270
212 536
890 567
273 180
516 1000
61 887
969 59
890 902
565 308
651 944
72 68
516 308
930 805
234 911
516 273
503 989
578 808
888 109
666 786
222 820
421 351
350 68
797 460
959 845
375 304
850 539
372 565
604 951
432 883
565 369
953 234
351 305
456 739
998 522
313 322
446 380
615 665
109 64
481 459
959 969
600 123
282 783
350 902
291 186
763 271
180 334
320 322
53 144
959 666
896 318
502 627
429 928
334 322
953 285
891 441
944 24
545 421
462 124
339 991
305 651
449 645
973 911
166 310
959 733
380 508
495 305
969 789
68 888
896 109
529 902
953 158
336 249
800 381
789 503
125 797
906 702
109 125
728 180
322 656
76 180
59 456
651 234
180 372
666 495
351 59
261 210
728 810
61 973
565 733
60 470
483 908
510 174
61 510
158 845
508 902
590 914
125 195
866 666
423 545
446 68
810 887
59 24
1000 789
555 334
380 351
900 321
710 36
342 116
341 261
59 545
888 24
422 894
768 534
593 350
908 969
425 739
421 514
195 372
907 174
887 350
791 280
313 532
789 881
659 134
483 852
911 902
690 184
72 421
421 659
567 789
893 996
40 948
305 334
158 971
887 369
598 987
72 944
66 774
791 859
673 887
76 944
195 810
961 558
818 112
341 234
135 605
380 180
578 212
460 78
58 619
486 134
76 810
59 578
567 341
801 109
595 866
1000 852
925 30
852 651
313 789
809 599
270 789
10 69
372 894
320 971
135 559
578 782
45 126
908 508
261 852
726 22
888 532
273 315
651 483
852 656
344 584
982 315
76 59
944 422
782 786
350 305
76 483
321 64
744 619
128 759
361 630
483 894
381 887
480 140
169 367
959 801
204 182
408 687
842 802
572 738
810 78
495 83
341 651
231 622
927 954
420 833
532 503
248 600
358 316
635 724
456 593
134 969
589 946
845 446
194 195
944 380
799 382
425 78
313 800
61 310
397 391
64 486
357 214
846 129
739 486
320 64
61 595
365 337
64 194
800 59
372 982
573 121
322 166
902 656
859 909
514 310
642 548
446 83
1 407
896 68
728 739
520 606
16 694
1000 887
421 456
911 797
908 212
921 413
659 486
285 49
973 728
651 125
285 959
486 908
350 425
529 595
306 200
381 894
902 971
738 890
666 68
896 273
423 503
444 143
808 322
313 948
446 666
210 313
911 59
495 908
591 118
545 866
719 457
422 456
72 510
273 973
577 90
969 808
308 381
59 234
476 133
335 816
56 924
98 102
125 666
735 829
508 845
953 982
907 529
313 321
49 800
346 769
310 944
64 894
870 961
76 350
455 721
908 261
896 456
322 83
595 305
508 483
155 388
826 271
786 651
328 128
49 797
656 351
797 180
565 801
446 797
446 969
728 421
425 273
713 494
953 456
166 565
422 308
845 572
313 514
866 195
881 320
461 505
532 896
285 989
789 456
460 733
372 334
153 458
234 210
656 510
733 896
308 810
381 380
959 372
890 350
166 64
1000 64
322 649
460 322
503 381
524 803
590 530
18 680
866 902
808 572
486 380
190 348
63 283
166 24
206 972
894 666
829 387
570 657
651 948
166 881
320 890
993 734
797 305
884 123
815 85
719 131
738 894
532 212
908 422
754 564
696 676
308 656
701 715
72 381
334 738
241 23
322 514
1000 900
953 739
529 273
572 372
973 673
269 403
195 422
782 195
782 733
894 315
495 158
982 656
545 321
866 212
318 881
109 797
336 283
886 5
109 334
915 677
351 315
484 780
551 66
877 842
947 986
755 500
529 739
72 24
800 305
808 446
786 595
195 234
595 421
574 9
703 152
572 578
601 85
532 380
341 109
887 341
274 976
270 578
234 595
174 446
801 733
651 49
460 166
340 727
899 428
900 285
109 369
516 372
125 261
125 578
479 553
717 549
310 195
109 313
565 786
636 231
351 460
881 351
334 341
890 971
38 3
536 572
40 24
71 477
536 887
896 782
197 65
491 596
738 503
158 369
41 55
908 907
616 1
78 486
503 510
178 608
333 220
423 908
529 508
926 662
270 158
852 285
786 739
441 983
495 261
158 24
789 510
708 482
425 24
351 285
278 535
503 180
982 423
83 380
377 96
890 789
460 422
593 380
313 845
896 381
514 659
890 194
58 468
315 83
781 674
486 320
624 325
486 421
1000 49
227 15
529 545
948 797
373 954
446 285
909 82
166 651
571 603
321 210
433 209
308 320
125 890
565 318
893 995
702 814
782 234
712 513
188 772
138 237
917 792
350 372
322 532
456 495
76 969
989 313
532 801
372 381
308 733
460 49
294 70
782 486
422 911
308 261
782 72
1000 845
308 508
207 338
595 516
341 285
280 552
656 845
784 912
786 350
287 901
369 334
911 350
305 953
258 554
659 739
551 399
508 421
890 536
907 656
381 315
808 656
483 890
528 311
730 81
210 195
460 83
24 810
888 659
894 739
310 738
555 733
973 908
545 234
728 567
959 486
982 369
639 822
381 982
508 313
195 801
908 565
948 372
885 349
423 351
971 593
674 232
545 174
261 109
381 545
381 900
593 210
656 1000
896 350
760 165
890 989
396 432
611 307
578 422
431 395
350 572
739 273
134 567
39 943
800 421
797 536
683 633
305 536
896 313
529 593
801 845
425 567
845 68
593 195
109 315
180 971
423 64
738 789
736 946
406 725
321 72
973 881
54 199
78 59
174 666
334 944
894 321
989 381
3 652
852 422
351 578
918 492
211 581
158 456
194 460
728 381
4 639
212 555
801 310
572 212
514 460
196 354
76 738
364 475
433 201
305 532
506 671
372 76
78 666
595 456
532 908
351 948
840 265
380 334
739 800
273 673
825 964
562 312
341 738
748 822
425 61
673 536
907 380
127 487
369 380
423 61
896 982
347 179
341 578
461 119
366 309
852 174
503 728
11 621
786 341
334 908
421 425
808 351
940 469
801 810
332 968
894 24
593 666
894 351
794 903
853 314
305 158
934 56
158 948
475 223
422 739
982 125
351 595
651 782
442 347
393 63
83 166
905 597
572 800
896 210
64 733
782 808
486 308
503 545
567 969
536 911
166 78
460 158
979 571
286 67
421 460
411 18
593 425
789 341
210 460
446 495
59 341
729 41
422 800
503 651
659 887
44 604
495 510
854 196
578 495
894 786
321 852
902 555
733 134
422 83
1000 78
739 380
52 821
80 750
508 797
666 845
334 786
532 593
887 372
334 310
319 471
463 663
607 198
969 305
312 388
350 78
109 234
879 995
59 593
536 285
201 941
194 595
896 900
134 234
728 578
194 305
451 720
64 555
274 821
142 257
180 953
800 125
718 843
580 370
422 158
596 152
456 134
412 292
704 794
798 247
782 158
595 959
313 180
807 77
944 109
595 210
89 827
446 460
723 867
83 76
720 820
516 24
958 538
948 322
808 728
305 529
852 808
322 310
782 593
896 49
948 234
160 241
516 109
423 536
959 380
76 72
890 166
944 78
445 632
486 545
572 900
334 887
24 800
907 733
315 503
808 532
222 378
514 908
810 315
782 911
651 866
597 226
959 308
973 572
59 421
510 483
59 315
192 145
174 959
162 826
907 212
59 72
578 425
906 574
888 78
626 653
180 595
770 290
671 588
888 210
500 151
555 1000
421 845
359 277
508 68
300 691
797 261
313 808
545 944
545 180
797 656
896 24
305 59
49 422
973 166
242 176
514 800
748 84
721 119
907 305
865 402
313 134
823 835
738 195
523 725
40 421
516 948
532 234
393 293
602 751
595 425
969 529
285 797
793 268
369 24
593 510
907 728
3000
103 476
437 974
463 395
693 1
677 302
629 600
289 650
673 904
395 3
481 884
972 598
645 94
264 269
165 894
810 910
369 297
301 94
566 747
645 485
897 731
318 638
792 18
197 600
302 318
718 150
465 81
386 395
156 886
301 791
561 4
282 704
4 250
19 112
657 264
706 623
125 776
3 738
165 584
811 831
178 689
241 747
677 275
3 136
383 692
638 212
858 887
362 267
312 908
383 747
743 4
906 33
611 68
372 735
219 747
66 693
39 821
681 551
126 583
526 280
886 620
127 648
449 645
481 799
290 885
638 521
982 648
425 510
198 677
298 737
409 743
999 343
87 584
96 918
301 600
231 118
515 704
743 515
689 721
395 692
289 521
212 428
590 60
95 414
791 584
604 237
127 704
793 839
318 908
517 677
39 409
937 727
909 884
796 816
375 911
301 1
993 247
894 584
301 275
579 887
918 1
30 626
306 491
677 734
212 521
831 264
909 118
451 594
584 476
821 96
987 361
698 264
600 566
824 497
146 324
638 1
648 395
262 82
39 198
96 289
727 894
752 387
550 924
289 1
96 692
476 395
712 288
504 878
918 527
764 210
39 71
891 211
441 761
340 571
264 908
977 737
698 188
179 4
472 994
198 704
466 901
636 97
282 39
629 638
289 704
958 778
918 449
370 411
722 746
982 312
40 312
380 190
96 212
188 481
818 765
212 886
58 250
698 856
811 886
692 821
237 369
558 529
70 447
521 250
693 289
913 884
589 87
747 687
861 301
362 851
118 94
476 383
605 481
444 168
103 747
521 515
94 913
698 786
93 698
282 687
170 519
162 522
894 556
71 747
909 428
561 908
1 747
509 201
337 841
415 71
515 589
1 3
377 584
72 603
657 282
476 275
412 421
165 301
759 481
386 918
235 975
383 481
106 667
71 556
599 331
918 463
918 179
677 786
677 93
791 377
821 856
87 629
587 600
156 3
335 620
624 470
265 841
528 18
517 689
264 314
793 140
165 727
312 314
638 71
241 856
888 704
631 359
275 811
831 521
677 515
335 1
386 908
860 427
428 886
188 884
273 514
847 991
307 318
250 197
57 234
913 759
579 763
318 103
749 495
831 861
659 846
76 881
584 386
307 241
759 515
231 93
886 527
194 951
909 650
3 648
93 799
66 94
600 118
566 383
584 721
799 428
552 411
364 343
102 422
464 513
786 188
476 629
103 179
727 6
409 687
807 662
689 888
743 219
888 894
415 799
127 314
209 42
982 409
39 692
264 629
231 884
127 698
648 693
543 890
693 584
909 250
521 264
264 811
464 789
589 886
377 1
580 197
318 886
831 449
589 481
198 25
745 521
745 677
794 869
605 638
909 821
182 966
605 335
377 103
92 86
327 781
934 51
593 713
428 318
39 817
888 188
342 755
314 908
178 589
428 395
669 973
570 460
560 244
580 4
217 261
264 307
463 589
120 167
395 485
428 687
689 275
7 564
276 547
413 981
264 918
414 815
39 241
817 886
449 485
655 27
173 855
884 314
188 179
799 629
521 689
551 563
114 452
884 817
289 589
653 770
476 312
786 156
4 415
231 3
87 981
981 179
289 415
715 576
143 836
967 833
937 759
861 687
937 275
848 351
919 94
982 241
96 561
629 561
689 312
413 409
93 179
96 282
721 821
219 894
692 527
302 231
1 25
48 458
605 884
580 66
244 317
212 409
856 39
87 556
909 481
909 198
836 154
264 888
137 988
383 527
918 721
58 861
620 282
527 629
831 197
136 600
25 919
754 169
156 71
278 308
629 188
743 103
620 587
786 721
66 409
889 441
646 146
51 20
908 413
648 136
734 103
282 918
268 479
527 269
747 264
103 745
481 156
6 178
503 564
689 687
415 94
117 167
909 831
115 225
645 689
301 250
821 179
962 271
151 370
668 176
648 886
605 96
638 415
84 8
491 355
58 747
721 39
64 111
183 285
687 527
645 312
482 983
734 817
449 689
575 251
981 799
825 252
476 856
605 698
413 103
314 269
71 25
302 307
93 386
531 221
981 40
955 406
301 521
727 759
821 66
745 527
415 913
677 236
176 166
734 687
813 133
738 197
771 31
527 428
289 981
1 738
613 741
415 629
241 677
515 561
281 817
745 71
657 856
136 383
566 66
799 485
856 188
94 40
888 409
188 40
329 849
538 697
692 831
168 792
791 821
657 566
1 919
314 250
817 856
605 861
638 264
289 409
236 982
734 231
870 175
734 383
4 913
556 629
616 123
886 689
318 747
94 727
377 704
118 236
766 214
965 164
596 630
733 488
811 212
87 212
6 118
869 433
521 197
118 87
386 428
937 58
3 118
852 694
888 428
920 171
657 93
159 52
177 665
1 318
874 376
127 178
177 575
961 932
463 103
600 335
599 46
730 511
415 738
93 884
260 911
384 831
742 334
178 71
909 314
386 605
913 449
791 314
219 620
93 738
600 721
980 947
178 198
25 734
282 94
219 481
721 831
637 73
861 87
905 592
727 698
476 127
415 127
318 481
778 523
580 87
231 982
40 817
468 249
312 811
693 241
147 771
919 269
178 219
629 71
447 184
913 981
212 178
284 31
747 745
382 333
219 485
174 34
638 314
648 212
301 692
645 821
75 776
25 118
3 745
439 483
25 791
693 580
429 35
563 925
661 984
877 453
57 451
39 415
622 22
981 269
511 139
605 918
94 657
832 549
196 245
383 589
291 98
37 172
246 52
395 913
4 289
821 759
40 861
775 951
136 734
53 568
706 879
886 738
648 264
337 668
383 629
580 698
791 521
918 913
124 985
693 281
202 618
692 93
156 759
354 290
743 1
770 898
908 856
1 913
956 762
314 743
96 476
773 814
3 476
103 241
501 823
692 919
96 386
981 786
231 886
385 437
698 817
236 384
264 909
264 743
294 108
689 704
913 743
716 653
335 178
909 179
981 250
820 82
580 485
241 71
857 358
821 698
908 289
165 981
612 142
231 301
428 264
664 292
314 449
312 600
152 736
301 693
791 937
554 88
791 884
689 884
884 307
442 242
573 634
892 24
517 264
408 251
269 6
384 791
759 861
281 527
1 212
93 264
981 693
485 561
620 25
515 3
725 914
589 58
415 312
515 886
1 449
759 3
428 913
817 118
231 620
40 687
178 118
875 326
549 346
103 584
677 629
329 425
515 409
127 817
136 71
894 241
281 40
888 580
40 884
650 561
535 842
703 634
318 413
236 449
745 650
156 884
307 821
702 997
844 800
913 264
178 250
127 289
957 681
799 786
212 165
888 314
547 624
314 485
747 386
955 129
241 25
433 20
888 759
682 751
383 515
475 931
415 650
165 884
693 786
198 913
729 719
313 30
383 94
623 213
982 913
921 647
698 395
506 968
981 587
786 136
527 136
638 301
600 698
376 72
204 215
127 515
589 93
395 178
410 255
118 318
96 231
94 799
103 127
395 449
212 747
615 338
289 302
809 949
727 687
743 937
745 66
412 508
264 236
429 872
124 5
913 127
3 811
178 384
589 103
219 587
294 139
638 463
886 982
832 703
276 902
470 159
517 241
545 736
821 40
712 143
638 620
490 630
71 521
734 527
281 620
122 364
4 747
541 989
113 941
460 984
663 585
288 418
426 548
231 817
335 747
909 301
250 318
15 997
584 811
236 738
236 335
909 704
301 179
117 701
584 821
281 386
747 127
888 94
791 485
384 919
799 982
269 413
868 98
677 799
156 831
118 413
913 188
894 409
61 88
521 236
281 395
821 275
449 821
743 909
236 282
759 476
757 468
178 556
747 888
395 817
594 627
219 1
130 418
556 981
991 130
521 127
589 743
436 67
198 727
219 136
734 250
617 461
87 282
345 472
312 747
799 693
734 335
629 811
39 650
136 721
323 487
103 312
127 620
572 363
831 241
71 786
307 856
861 913
314 197
180 758
281 521
584 527
973 586
584 888
28 64
861 318
675 498
721 981
328 812
66 692
786 886
307 799
87 198
909 791
677 3
521 556
908 677
981 580
888 179
275 515
301 645
282 3
476 693
650 197
377 527
693 428
178 409
320 923
156 413
289 318
504 690
561 856
94 982
981 6
808 249
908 817
25 692
648 799
657 314
351 535
96 743
817 645
118 861
525 70
371 56
377 302
25 481
817 909
845 423
689 281
314 587
179 747
377 3
476 791
453 962
118 894
156 449
633 361
982 481
219 982
738 638
212 301
982 811
165 485
275 415
811 449
481 118
591 85
704 677
478 891
505 577
693 738
392 929
918 817
638 40
566 727
884 721
657 3
698 638
515 289
377 561
831 275
638 312
698 918
386 587
517 250
413 587
745 692
666 216
185 518
307 4
152 446
299 960
870 489
141 722
188 136
178 600
698 650
199 705
897 224
275 118
924 78
302 282
93 587
657 335
40 527
517 87
63 192
96 648
128 807
517 650
219 811
212 395
570 520
894 413
657 937
275 629
862 73
275 165
297 104
919 449
817 791
981 811
587 301
743 657
314 704
786 584
861 561
285 44
93 693
40 302
982 58
589 937
587 734
677 94
212 515
4 449
449 103
909 71
743 698
876 782
629 236
886 799
888 908
692 799
231 600
677 103
638 96
160 785
269 861
377 515
318 677
367 248
463 212
521 918
236 704
164 544
273 854
136 413
677 6
384 156
893 673
108 798
694 705
165 937
884 556
39 515
861 93
890 784
606 257
721 799
861 241
250 395
919 561
1 118
307 136
269 888
113 363
384 282
587 692
165 913
734 178
648 198
556 481
245 371
93 786
909 386
692 743
282 377
812 443
428 3
783 427
981 605
58 738
865 631
292 201
318 600
580 413
212 831
118 645
982 556
281 3
963 352
745 165
250 87
330 590
650 314
971 438
302 197
745 197
476 566
145 13
3 66
587 1
907 710
415 241
698 738
556 39
181 319
409 886
87 39
486 678
71 314
755 709
93 463
638 657
744 805
580 289
692 856
94 485
39 743
919 127
556 96
53 423
93 413
791 648
413 918
259 83
888 566
39 791
283 718
738 861
132 119
935 102
517 413
743 687
264 318
948 131
384 811
410 555
281 136
312 264
302 241
742 996
982 894
710 820
888 377
883 367
958 154
524 119
463 817
440 499
981 463
428 25
894 476
515 1
377 689
723 2
103 886
721 692
605 645
527 580
677 721
50 372
743 384
302 884
884 861
799 743
889 315
231 282
87 314
648 687
556 314
248 806
80 461
281 312
727 302
39 605
1000 187
645 856
307 918
178 302
759 6
894 58
312 721
886 517
937 96
384 94
803 802
409 638
448 927
303 542
6 449
165 909
943 196
380 750
103 282
495 971
811 386
66 687
877 614
94 281
587 894
264 231
725 268
727 178
318 521
530 903
281 6
645 811
197 178
584 428
909 66
908 241
198 188
747 584
449 219
395 759
605 600
711 663
485 884
657 197
101 357
12 90
696 914
831 236
629 515
882 402
263 227
871 422
743 831
687 241
118 556
650 692
289 791
280 995
386 687
435 637
559 442
791 136
937 307
281 600
515 648
384 704
677 861
156 219
212 817
953 916
428 197
908 1
521 307
413 629
909 25
219 734
685 625
856 648
648 282
188 312
474 780
969 300
645 307
275 517
884 198
314 198
3 312
94 136
463 236
909 527
120 106
727 212
645 527
566 692
817 913
94 386
648 377
745 282
302 918
236 894
521 919
307 629
773 788
936 480
122 434
103 302
580 786
275 556
657 1
960 852
383 799
413 734
165 312
3 4
39 831
527 264
92 632
254 863
219 721
689 282
800 602
318 197
127 96
556 937
620 236
260 695
745 721
452 676
993 882
648 6
118 301
493 243
6 302
413 264
58 645
918 677
817 580
854 930
386 198
393 525
3 600
238 270
817 981
686 59
982 605
178 831
759 909
96 219
745 886
904 554
156 909
212 384
165 156
386 178
743 645
839 923
975 595
645 40
413 463
383 587
118 156
136 589
527 96
409 521
580 517
584 521
250 937
71 918
87 527
799 409
743 94
650 71
946 789
384 517
704 485
821 894
562 397
197 103
645 428
645 521
745 517
301 908
476 721
241 515
405 89
214 956
179 743
515 219
515 96
527 4
727 281
66 136
580 386
40 71
58 856
743 241
738 4
103 289
672 382
3 821
134 934
476 919
527 638
3 743
314 856
788 211
314 463
281 415
817 650
638 485
693 377
811 188
763 8
160 829
908 40
628 618
982 165
734 981
94 527
264 687
127 386
241 650
894 25
919 856
335 93
4 517
629 909
721 165
704 556
193 483
505 258
747 692
231 415
40 212
715 550
197 648
118 811
945 473
995 954
301 727
786 302
786 515
679 310
998 895
269 677
894 127
291 863
87 1
66 657
861 692
559 835
203 740
650 521
314 25
385 374
621 54
264 301
907 796
347 510
220 676
275 918
638 377
383 517
913 93
645 831
197 888
100 257
857 626
90 895
589 302
799 811
527 178
580 650
738 178
908 307
281 409
620 301
302 521
335 301
58 620
693 657
188 1
307 605
661 707
87 58
580 745
844 938
318 282
409 908
58 698
58 302
136 250
861 745
730 394
580 282
100 647
692 894
269 236
786 811
605 94
103 693
966 656
314 515
687 721
179 913
657 861
109 421
981 937
25 657
856 704
66 282
918 165
151 194
384 219
178 605
967 186
318 919
142 36
561 821
734 650
767 162
861 413
861 165
894 415
587 584
198 689
415 747
379 992
219 103
620 212
178 3
566 861
377 87
71 913
566 231
264 198
136 476
919 39
831 250
739 322
212 335
178 318
71 689
179 269
693 704
197 269
768 400
58 118
179 481
886 476
821 981
275 698
586 708
4 605
811 127
66 275
409 264
517 727
118 527
811 759
184 654
540 952
613 462
282 264
301 281
743 566
587 165
738 605
208 486
383 314
215 353
937 386
103 96
58 584
692 118
747 919
650 600
269 831
87 236
657 650
657 409
527 894
743 58
799 197
455 403
527 188
620 40
389 350
136 981
141 28
481 485
74 933
799 127
657 87
928 432
282 888
539 110
212 58
556 909
677 136
819 649
909 913
638 269
384 556
861 515
544 416
231 743
136 799
861 919
660 926
71 687
811 620
589 40
250 188
675 216
219 913
87 335
769 157
481 241
561 136
704 6
500 498
817 188
829 339
6 413
799 698
638 745
179 386
884 197
584 589
817 415
335 515
698 219
738 811
150 652
620 66
383 693
93 517
485 58
419 32
786 40
878 644
831 527
118 747
933 979
264 6
440 750
386 561
481 312
620 241
384 600
386 888
71 645
144 801
26 438
250 721
357 206
241 937
589 231
580 212
25 179
759 415
760 518
779 65
377 913
38 757
780 899
241 136
449 481
179 693
677 66
43 365
589 657
463 821
289 743
517 692
37 830
197 409
753 795
21 713
908 894
743 745
503 374
684 279
909 727
241 314
769 501
409 118
727 39
868 880
4 25
745 919
198 786
71 734
831 747
856 301
981 856
413 727
698 937
721 817
888 821
231 413
198 301
734 198
811 721
205 866
476 25
732 762
894 580
743 415
665 512
714 683
6 136
692 648
671 316
747 650
388 74
94 918
884 179
693 687
413 657
738 600
232 404
355 916
103 25
96 817
650 281
913 645
71 66
521 817
59 850
415 449
408 1000
900 592
165 335
561 25
96 156
724 837
689 856
481 165
508 226
23 366
745 275
212 908
87 241
356 455
582 697
620 485
476 198
566 198
312 888
982 40
197 786
231 584
753 581
346 381
645 188
693 692
165 241
747 314
527 312
621 680
909 894
3 580
738 25
255 247
809 252
811 314
449 734
445 524
301 650
693 587
556 587
629 6
605 687
269 517
578 253
580 918
485 118
314 236
322 271
349 700
707 534
230 157
819 980
682 445
144 910
734 312
861 580
527 386
463 156
165 289
527 693
894 449
919 759
188 937
641 105
236 275
600 264
831 515
386 250
309 181
413 856
831 605
677 264
605 799
192 822
236 888
600 165
127 236
6 786
888 600
507 724
415 25
3 786
702 399
638 727
99 619
197 481
937 197
93 178
481 413
232 389
918 4
855 965
413 395
743 677
335 561
39 165
942 223
791 1
66 384
93 908
620 648
913 888
566 264
666 316
727 745
693 275
886 721
610 601
344 604
4 485
982 856
811 179
127 692
179 383
315 935
704 219
39 580
231 888
552 443
561 94
913 413
745 913
4 556
197 704
428 136
791 93
335 118
727 282
698 6
156 515
269 383
580 721
821 476
178 937
132 529
311 9
236 231
740 659
745 302
909 600
60 109
831 981
281 738
476 428
693 463
207 347
302 449
300 873
496 532
838 200
479 843
562 853
831 561
786 1
811 566
40 605
6 87
231 517
629 449
231 156
638 428
677 638
165 96
986 749
239 29
212 919
4 264
607 319
929 751
743 413
888 527
58 39
54 336
127 335
937 687
263 217
474 867
689 386
557 835
395 918
817 6
383 908
899 91
745 383
428 811
913 156
282 521
561 198
383 250
698 386
375 526
521 981
915 469
886 39
879 256
660 83
515 556
165 821
657 198
983 42
556 886
71 620
398 360
845 938
922 540
948 961
314 188
745 759
335 580
241 127
481 886
584 335
121 896
774 296
66 103
275 289
465 696
395 198
909 738
667 62
919 743
813 140
657 96
919 409
919 485
759 250
692 1
507 305
892 756
817 335
190 928
449 264
419 10
527 307
118 799
282 856
87 600
304 44
170 174
450 940
318 561
677 698
318 395
2 305
318 93
831 786
821 817
856 620
4 301
189 664
107 489
738 629
302 861
821 937
127 413
747 886
269 886
96 811
377 289
565 406
811 463
543 532
153 859
40 481
199 565
415 219
393 360
118 620
620 605
275 409
600 561
241 386
648 314
188 281
830 538
848 459
747 620
976 148
250 821
794 806
530 153
198 811
39 937
318 40
481 561
886 587
66 888
395 87
909 587
6 301
40 799
485 264
25 584
415 212
913 87
183 939
919 58
212 937
463 556
698 791
307 909
721 759
687 894
704 982
25 913
330 658
396 567
689 250
335 831
386 629
94 811
704 383
416 808
747 791
390 658
485 307
521 179
314 219
449 589
913 103
884 856
646 135
840 493
331 200
790 588
484 365
377 629
894 335
687 580
197 476
409 909
786 269
103 861
312 937
494 576
10 787
738 179
918 318
463 580
312 918
693 386
302 94
185 401
314 481
335 786
111 296
261 627
606 424
669 477
801 308
275 241
645 721
127 58
888 178
198 687
6 231
384 908
639 970
1 856
774 387
691 342
409 302
136 395
38 333
824 609
650 589
96 1
534 191
650 377
384 275
289 281
4 136
449 620
932 859
383 415
454 91
861 587
759 791
811 517
377 413
236 66
913 250
849 469
197 301
466 506
207 490
828 583
821 745
404 43
395 909
896 931
420 221
515 517
589 620
759 485
556 1
384 96
253 764
103 415
731 116
275 527
178 743
743 908
521 811
884 4
138 941
600 919
937 909
577 582
281 791
68 969
81 893
527 817
811 918
21 671
272 55
670 47
521 87
642 846
600 693
747 481
811 884
811 693
738 919
747 821
456 431
96 704
856 605
734 96
915 838
415 689
301 476
231 629
620 93
197 913
413 449
982 179
395 481
87 463
133 905
218 640
517 584
317 642
589 561
228 336
3 236
727 556
179 449
704 580
541 229
743 212
312 981
6 894
856 463
861 386
161 137
657 307
677 888
521 188
224 99
46 766
236 395
77 828
982 657
213 974
645 219
595 949
909 799
542 744
218 278
428 759
413 386
377 250
383 463
182 777
738 856
817 937
657 40
197 39
335 449
670 826
254 768
275 4
302 704
231 650
250 745
250 212
865 274
467 986
485 1
25 87
589 476
312 580
69 12
40 759
94 747
476 449
302 384
485 302
476 786
94 584
629 786
908 692
156 39
644 837
605 908
366 522
301 428
383 556
699 641
919 275
129 803
386 236
80 748
584 982
721 698
861 71
424 733
476 377
266 572
480 242
413 556
428 856
277 350
600 428
233 748
156 734
335 415
909 94
487 797
692 913
944 976
871 775
71 94
118 383
327 591
195 825
677 179
481 743
4 312
629 657
377 521
241 981
219 677
312 884
39 913
589 96
277 964
301 66
475 925
446 97
608 95
87 40
220 964
761 272
689 197
236 811
188 275
165 657
191 699
692 314
275 395
729 900
65 994
4 395
219 428
96 745
321 407
992 246
118 589
4 40
677 856
235 581
734 698
648 600
6 282
402 593
127 156
212 231
700 205
918 250
318 386
517 648
959 719
14 690
894 620
704 648
589 687
860 462
58 236
415 282
648 908
600 584
7 939
922 27
434 499
312 118
689 384
566 302
909 212
821 743
118 831
901 24
312 318
93 377
282 817
963 114
545 126
4 677
386 799
738 831
657 318
485 821
269 66
377 894
817 250
212 584
281 449
71 481
269 384
610 979
738 894
727 738
567 287
58 1
87 386
58 275
61 862
1 629
856 600
981 886
231 831
580 648
629 66
568 514
212 734
236 821
325 553
459 917
413 302
791 587
71 677
790 116
66 648
645 884
40 584
521 481
589 791
25 721
326 79
186 378
341 601
456 765
884 799
566 649
463 982
401 674
250 463
721 96
587 178
919 335
884 39
415 409
884 981
266 396
93 687
571 708
791 335
587 156
314 377
861 415
335 312
318 687
908 71
379 617
476 236
62 998
93 648
942 685
19 262
561 817
241 197
339 32
584 127
799 165
127 937
127 580
747 884
539 827
721 919
485 677
449 198
180 746
335 918
281 384
335 198
302 93
289 982
282 738
384 747
58 6
521 449
197 281
786 918
701 293
689 39
692 638
821 197
912 29
734 689
817 600
638 584
428 449
894 657
394 436
584 908
87 515
231 721
497 13
657 704
648 918
823 603
727 821
415 886
282 884
219 165
145 874
517 620
930 431
223 279
415 118
149 368
71 856
388 523
58 282
225 298
515 811
981 301
3 587
883 420
198 165
527 589
178 687
856 3
147 569
85 537
86 239
384 93
303 240
876 325
26 63
738 289
810 359
476 937
912 482
4 698
231 692
738 589
940 502
657 620
163 488
732 531
198 236
521 6
698 3
314 786
648 888
888 743
17 256
605 281
156 383
652 720
39 693
409 250
307 94
772 520
250 886
348 267
629 821
307 377
726 691
920 840
827 944
289 178
269 580
318 580
172 569
908 759
492 161
118 241
417 672
629 861
34 107
58 103
908 721
745 982
884 409
734 738
894 831
791 127
409 587
747 377
39 178
727 657
197 692
985 688
908 188
4 39
240 450
1 4
657 383
236 648
58 687
689 302
40 118
197 856
884 698
188 831
241 556
917 115
580 377
982 71
906 48
386 817
212 721
645 919
651 473
118 913
481 908
283 265
693 566
222 632
686 101
861 476
566 937
926 35
236 6
678 804
378 324
87 178
383 301
894 811
241 888
584 743
831 6
208 169
286 348
759 282
93 909
198 307
919 605
136 821
517 918
946 399
695 358
105 309
352 533
282 307
203 553
687 301
799 463
127 165
165 580
638 302
881 155
605 727
281 156
560 131
281 734
471 356
639 779
4 856
1 198
241 66
219 650
118 269
1 6
307 219
430 458
784 158
39 377
307 103
656 332
219 264
918 743
449 799
738 395
197 395
302 580
136 289
449 39
390 843
496 9
640 49
831 687
236 188
197 212
638 734
738 620
894 743
335 96
281 302
231 58
945 77
39 600
556 689
264 786
334 688
816 546
275 307
409 136
165 307
919 791
867 477
987 988
3 734
373 195
759 269
786 282
638 165
989 711
67 16
321 328
629 39
786 485
597 14
55 927
301 25
103 856
428 817
814 546
517 312
898 84
241 413
584 264
197 136
301 463
600 894
977 516
628 760
861 212
383 909
302 982
921 15
596 56
45 509
40 587
6 561
25 817
521 908
149 76
264 738
391 885
485 589
698 415
884 727
25 743
156 982
395 894
537 391
739 833
629 580
187 226
312 743
650 629
585 858
301 831
600 395
861 727
94 698
996 243
428 463
600 677
657 179
650 395
156 275
527 25
314 413
886 197
785 234
45 625
831 908
677 884
884 982
136 861
135 804
726 229
302 188
6 527
395 94
432 588
856 178
831 71
4 127
598 709
635 134
611 612
50 728
302 831
11 574
990 381
727 395
36 850
96 629
96 71
981 212
236 913
323 826
121 777
657 415
888 58
165 704
786 821
110 171
645 650
605 521
638 386
198 413
318 738
738 314
112 259
241 918
645 198
741 619
163 75
188 689
791 600
734 384
512 950
40 517
894 40
886 178
103 521
738 721
717 204
293 175
856 318
93 817
861 894
747 428
231 821
645 236
747 93
918 747
745 413
476 727
219 241
657 909
556 799
853 209
909 178
745 463
587 66
918 6
650 918
566 856
645 600
39 861
704 786
767 313
759 738
264 136
282 799
629 269
400 78
128 602
395 605
16 797
103 1
818 341
478 338
33 615
633 943
584 449
556 485
349 417
609 295
517 919
791 738
831 428
616 795
386 821
978 782
756 155
219 600
476 908
734 692
471 842
284 643
306 398
679 368
206 138
536 608
811 377
677 919
536 752
173 435
802 970
519 990
919 383
492 684
817 689
397 320
156 689
484 403
212 888
275 638
1 884
136 318
179 894
210 847
908 734
212 314
6 165
457 513
123 258
136 919
937 236
481 856
886 449
6 289
383 282
87 71
377 463
384 727
250 198
156 620
815 822
662 999
463 386
821 413
978 230
888 727
799 236
654 950
515 384
781 875
39 127
645 463
66 165
467 22
856 888
605 165
620 515
728 47
959 392
428 188
302 561
947 834
1 231
587 908
179 178
689 677
909 103
856 96
198 384
231 687
188 197
913 307
312 831
198 58
295 635
87 485
786 384
281 58
302 463
954 41
657 580
231 981
880 353
982 198
1 386
648 289
127 650
198 269
738 689
118 428
405 222
831 66
758 17
275 704
269 25
918 645
156 747
636 439
502 299
444 166
39 745
89 717
384 821
821 377
25 566
395 264
754 125
231 66
884 620
734 314
156 1
233 798
638 817
158 189
25 231
197 25
515 650
817 919
657 517
811 231
919 377
198 94
727 485
79 952
791 383
307 745
972 614
861 817
884 650
66 600
866 578
11 651
103 165
918 799
188 4
454 49
811 657
25 687
655 720
981 1
354 373
96 791
864 772
515 415
683 494
383 127
286 558
574 674
6 156
219 66
500 953
485 909
648 650
831 587
573 783
287 533
395 118
127 589
517 704
745 981
197 515
851 457
3 527
228 548
799 377
3 650
787 274
275 791
735 344
864 805
968 148
301 745
193 340
476 745
721 66
872 227
687 692
799 275
94 219
600 745
723 903
566 449
127 743
430 528
902 607
103 721
689 94
873 23
745 188
957 104
415 561
250 747
71 281
743 620
103 250
407 238
39 384
555 345
727 743
687 94
270 643
426 69
821 481
680 41
178 281
622 557
716 304
413 4
463 884
311 5
886 605
3 6
178 693
516 202
302 275
936 310
831 377
982 449
605 136
738 335
597 448
714 834
