1000
999
1 2
2 3
3 4
4 5
5 6
6 7
7 8
8 9
9 10
10 101
101 580
580 816
816 681
681 359
359 153
153 705
705 716
716 390
390 276
276 789
789 300
300 308
308 962
962 191
191 869
869 691
691 147
147 311
311 177
177 608
608 239
239 599
599 78
78 36
36 911
911 454
454 475
475 694
694 51
51 356
356 117
117 332
332 729
729 355
355 215
215 778
778 988
988 281
281 103
103 42
42 543
543 588
588 377
377 954
954 198
198 140
140 34
34 524
524 976
976 909
909 309
309 832
832 974
974 466
466 693
693 771
771 415
415 514
514 396
396 796
796 26
26 881
881 270
270 550
550 434
434 979
979 964
964 717
717 370
370 388
388 544
544 678
678 221
221 244
244 267
267 102
102 96
96 864
864 55
55 963
963 801
801 695
695 809
809 662
662 442
442 906
906 436
436 736
736 398
398 488
488 233
233 108
108 229
229 785
785 492
492 467
467 487
487 602
602 617
617 945
945 204
204 549
549 835
835 35
35 722
722 187
187 587
587 197
197 826
826 931
931 874
874 811
811 63
63 546
546 926
926 870
870 66
66 891
891 180
180 956
956 307
307 863
863 327
327 898
898 24
24 851
851 169
169 363
363 354
354 723
723 500
500 669
669 463
463 576
576 99
99 596
596 943
943 160
160 378
378 859
859 19
19 469
469 284
284 670
670 95
95 336
336 114
114 814
814 291
291 494
494 718
718 573
573 797
797 254
254 207
207 375
375 31
31 746
746 328
328 472
472 677
677 749
749 428
428 942
942 813
813 519
519 534
534 712
712 452
452 603
603 23
23 793
793 68
68 203
203 725
725 92
92 607
607 14
14 649
649 807
807 916
916 245
245 701
701 971
971 547
547 478
478 56
56 641
641 933
933 121
121 618
618 258
258 633
633 285
285 218
218 455
455 443
443 401
401 173
173 822
822 689
689 235
235 150
150 275
275 149
149 277
277 905
905 193
193 627
627 60
60 531
531 135
135 921
921 632
632 385
385 83
83 721
721 353
353 199
199 821
821 508
508 399
399 334
334 512
512 616
616 72
72 365
365 317
317 237
237 333
333 711
711 760
760 271
271 958
958 795
795 272
272 856
856 687
687 847
847 619
619 292
292 57
57 80
80 425
425 922
922 572
572 352
352 834
834 33
33 709
709 505
505 473
473 268
268 28
28 368
368 913
913 656
656 935
935 48
48 486
486 184
184 653
653 379
379 304
304 624
624 430
430 733
733 518
518 977
977 636
636 667
667 551
551 516
516 22
22 575
575 182
182 70
70 71
71 937
937 348
348 674
674 540
540 294
294 928
928 961
961 20
20 886
886 857
857 310
310 894
894 659
659 67
67 751
751 790
790 839
839 223
223 981
981 852
852 479
479 558
558 50
50 496
496 314
314 766
766 539
539 787
787 986
986 269
269 637
637 924
924 190
190 263
263 485
485 697
697 586
586 966
966 372
372 625
625 884
884 651
651 523
523 520
520 202
202 296
296 82
82 567
567 293
293 893
893 720
720 351
351 706
706 115
115 562
562 635
635 538
538 579
579 405
405 770
770 887
887 280
280 489
489 358
358 278
278 553
553 283
283 27
27 246
246 227
227 730
730 52
52 391
391 482
482 453
453 100
100 339
339 601
601 837
837 75
75 238
238 650
650 724
724 162
162 862
862 104
104 136
136 750
750 91
91 230
230 754
754 663
663 897
897 672
672 791
791 600
600 819
819 480
480 927
927 615
615 167
167 950
950 609
609 699
699 406
406 685
685 571
571 420
420 702
702 522
522 360
360 517
517 134
134 282
282 737
737 192
192 107
107 343
343 11
11 570
570 704
704 483
483 357
357 673
673 745
745 503
503 383
383 342
342 340
340 361
361 497
497 707
707 175
175 194
194 81
81 714
714 251
251 948
948 808
808 738
738 32
32 30
30 983
983 240
240 605
605 533
533 446
446 481
481 758
758 16
16 792
792 161
161 773
773 69
69 902
902 220
220 319
319 118
118 975
975 225
225 303
303 944
944 62
62 410
410 889
889 120
120 165
165 409
409 21
21 84
84 138
138 594
594 128
128 312
312 584
584 938
938 407
407 802
802 389
389 15
15 106
106 274
274 366
366 661
661 125
125 65
65 980
980 367
367 429
429 288
288 172
172 845
845 592
592 798
798 970
970 247
247 537
537 854
854 873
873 511
511 441
441 228
228 329
329 400
400 569
569 899
899 474
474 664
664 939
939 648
648 495
495 527
527 727
727 779
779 626
626 259
259 629
629 923
923 614
614 148
148 698
698 387
387 782
782 411
411 131
131 98
98 337
337 306
306 965
965 710
710 59
59 414
414 564
564 684
684 38
38 422
422 374
374 578
578 566
566 696
696 876
876 521
521 882
882 331
331 29
29 498
498 959
959 914
914 563
563 265
265 890
890 382
382 350
350 113
113 849
849 130
130 830
830 951
951 468
468 211
211 631
631 515
515 908
908 764
764 241
241 509
509 888
888 628
628 783
783 97
97 289
289 295
295 855
855 799
799 611
611 105
105 762
762 61
61 556
556 253
253 44
44 919
919 640
640 652
652 577
577 418
418 613
613 957
957 261
261 384
384 910
910 946
946 929
929 865
865 838
838 364
364 574
574 395
395 458
458 840
840 439
439 741
741 290
290 248
248 417
417 158
158 232
232 504
504 456
456 643
643 644
644 18
18 217
217 222
222 634
634 116
116 744
744 555
555 257
257 740
740 110
110 380
380 195
195 212
212 122
122 185
185 266
266 583
583 595
595 990
990 510
510 408
408 109
109 437
437 124
124 394
394 491
491 90
90 123
123 49
49 541
541 657
657 877
877 260
260 174
174 392
392 144
144 448
448 421
421 126
126 171
171 804
804 93
93 660
660 844
844 883
883 286
286 206
206 692
692 298
298 930
930 325
325 189
189 868
868 145
145 901
901 440
440 416
416 85
85 73
73 823
823 501
501 168
168 490
490 133
133 831
831 213
213 256
256 666
666 598
598 836
836 17
17 879
879 41
41 273
273 224
224 326
326 214
214 45
45 752
752 552
552 850
850 726
726 345
345 536
536 612
612 655
655 243
243 679
679 777
777 163
163 742
742 444
444 915
915 402
402 346
346 535
535 129
129 25
25 668
668 77
77 985
985 756
756 58
58 449
449 188
188 513
513 151
151 186
186 46
46 805
805 817
817 166
166 64
64 464
464 984
984 784
784 753
753 506
506 335
335 892
892 529
529 978
978 682
682 47
47 381
381 606
606 780
780 860
860 987
987 373
373 743
743 477
477 671
671 941
941 242
242 12
12 776
776 349
349 772
772 548
548 119
119 53
53 812
812 767
767 955
955 287
287 39
39 393
393 853
853 297
297 252
252 925
925 620
620 936
936 967
967 525
525 900
900 196
196 708
708 769
769 940
940 739
739 848
848 209
209 610
610 565
565 181
181 127
127 37
37 818
818 279
279 321
321 142
142 591
591 79
79 768
768 432
432 875
875 982
982 13
13 885
885 867
867 435
435 507
507 759
759 362
362 871
871 423
423 324
324 545
545 542
542 87
87 878
878 89
89 638
638 179
179 413
413 747
747 788
788 427
427 419
419 526
526 159
159 40
40 316
316 132
132 528
528 590
590 74
74 315
315 841
841 829
829 858
858 675
675 866
866 231
231 786
786 465
465 183
183 236
236 302
302 646
646 934
934 676
676 597
597 471
471 301
301 460
460 431
431 757
757 803
803 499
499 299
299 932
932 585
585 690
690 647
647 903
903 904
904 755
755 920
920 828
828 623
623 451
451 688
688 461
461 111
111 137
137 989
989 872
872 176
176 794
794 88
88 763
763 622
622 404
404 917
917 459
459 713
713 219
219 880
880 154
154 234
234 843
843 255
255 403
403 532
532 200
200 703
703 341
341 433
433 824
824 806
806 559
559 825
825 201
201 170
170 484
484 896
896 719
719 842
842 815
815 774
774 94
94 665
665 470
470 152
152 560
560 895
895 952
952 621
621 216
216 833
833 645
645 775
775 732
732 972
972 371
371 322
322 654
654 715
715 907
907 141
141 330
330 156
156 112
112 143
143 376
376 968
968 568
568 953
953 554
554 424
424 462
462 582
582 781
781 827
827 502
502 686
686 262
262 318
318 450
450 320
320 139
139 642
642 593
593 820
820 630
630 561
561 728
728 731
731 973
973 386
386 700
700 445
445 347
347 369
369 313
313 76
76 178
178 457
457 146
146 493
493 86
86 734
734 949
949 969
969 846
846 530
530 412
412 397
397 226
226 210
210 947
947 157
157 155
155 164
164 338
338 208
208 639
639 683
683 557
557 438
438 344
344 264
264 861
861 604
604 426
426 800
800 680
680 581
581 912
912 447
447 589
589 249
249 54
54 205
205 305
305 323
323 765
765 918
918 960
960 43
43 748
748 250
250 476
476 810
810 735
735 761
761 658
658 991
991 992
992 993
993 994
994 995
995 996
996 997
997 998
998 999
999 1000
999
1 2
2 3
3 4
4 5
5 6
6 7
7 8
8 9
9 10
10 616
616 932
932 501
501 551
551 909
909 76
76 91
91 730
730 508
508 702
702 515
515 547
547 967
967 499
499 268
268 975
975 243
243 867
867 107
107 925
925 472
472 105
105 576
576 59
59 207
207 362
362 264
264 580
580 882
882 489
489 741
741 623
623 919
919 63
63 586
586 396
396 260
260 126
126 689
689 146
146 637
637 776
776 387
387 817
817 654
654 902
902 971
971 51
51 187
187 450
450 804
804 334
334 789
789 588
588 647
647 752
752 618
618 115
115 899
899 421
421 242
242 633
633 851
851 244
244 415
415 753
753 358
358 369
369 136
136 488
488 889
889 428
428 203
203 157
157 523
523 873
873 591
591 530
530 493
493 854
854 606
606 20
20 160
160 693
693 763
763 165
165 746
746 267
267 22
22 672
672 453
453 771
771 299
299 585
585 667
667 318
318 302
302 280
280 805
805 773
773 755
755 123
123 835
835 733
733 842
842 466
466 52
52 713
713 747
747 93
93 310
310 952
952 401
401 359
359 872
872 300
300 349
349 397
397 80
80 875
875 265
265 348
348 328
328 732
732 331
331 388
388 950
950 731
731 605
605 255
255 233
233 929
929 664
664 906
906 35
35 670
670 564
564 272
272 352
352 102
102 256
256 963
963 958
958 14
14 758
758 553
553 839
839 68
68 626
626 973
973 708
708 609
609 433
433 127
127 208
208 100
100 75
75 201
201 832
832 920
920 709
709 26
26 313
313 860
860 858
858 837
837 258
258 382
382 978
978 687
687 113
113 870
870 459
459 432
432 58
58 417
417 335
335 966
966 197
197 841
841 106
106 200
200 944
944 485
485 70
70 845
845 696
696 211
211 434
434 120
120 456
456 627
627 821
821 711
711 88
88 757
757 756
756 209
209 848
848 636
636 779
779 798
798 974
974 65
65 21
21 343
343 621
621 176
176 566
566 639
639 131
131 661
661 281
281 727
727 596
596 298
298 81
81 960
960 703
703 403
403 315
315 33
33 354
354 380
380 800
800 510
510 254
254 42
42 83
83 277
277 346
346 562
562 23
23 476
476 984
984 535
535 372
372 843
843 323
323 649
649 877
877 118
118 48
48 12
12 30
30 740
740 724
724 572
572 263
263 316
316 598
598 28
28 694
694 192
192 84
84 868
868 629
629 155
155 104
104 964
964 101
101 150
150 668
668 337
337 815
815 735
735 275
275 903
903 677
677 468
468 326
326 782
782 619
619 760
760 213
213 676
676 840
840 490
490 253
253 266
266 198
198 94
94 593
593 287
287 634
634 47
47 601
601 934
934 745
745 833
833 791
791 656
656 516
516 537
537 742
742 471
471 438
438 836
836 802
802 509
509 452
452 548
548 371
371 700
700 894
894 578
578 830
830 245
245 541
541 89
89 665
665 457
457 888
888 392
392 787
787 571
571 584
584 710
710 294
294 90
90 869
869 469
469 660
660 320
320 194
194 680
680 534
534 53
53 765
765 148
148 646
646 191
191 219
219 292
292 650
650 549
549 138
138 429
429 314
314 455
455 204
204 610
610 917
917 86
86 770
770 638
638 29
29 625
625 290
290 38
38 597
597 726
726 717
717 492
492 603
603 599
599 235
235 222
222 72
72 918
918 96
96 552
552 262
262 820
820 777
777 792
792 720
720 467
467 631
631 823
823 44
44 109
109 473
473 846
846 166
166 416
416 594
594 217
217 419
419 908
908 561
561 768
768 683
683 786
786 857
857 406
406 69
69 418
418 615
615 285
285 558
558 36
36 114
114 568
568 891
891 458
458 366
366 435
435 855
855 847
847 941
941 149
149 143
143 575
575 246
246 927
927 322
322 879
879 536
536 134
134 911
911 274
274 108
108 441
441 921
921 465
465 145
145 232
232 518
518 355
355 969
969 707
707 125
125 11
11 563
563 714
714 344
344 443
443 97
97 750
750 723
723 531
531 77
77 241
241 767
767 675
675 674
674 446
446 124
124 395
395 803
803 413
413 496
496 347
347 142
142 159
159 475
475 679
679 980
980 613
613 901
901 95
95 164
164 887
887 729
729 666
666 381
381 983
983 819
819 153
153 764
764 383
383 162
162 82
82 644
644 797
797 937
937 40
40 685
685 825
825 866
866 738
738 284
284 338
338 391
391 512
512 910
910 13
13 279
279 225
225 273
273 961
961 979
979 398
398 173
173 193
193 46
46 949
949 892
892 861
861 190
190 79
79 110
110 985
985 495
495 223
223 814
814 154
154 55
55 785
785 943
943 216
216 514
514 447
447 19
19 948
948 27
27 184
184 829
829 278
278 111
111 377
377 293
293 309
309 981
981 257
257 408
408 412
412 928
928 602
602 341
341 645
645 521
521 528
528 319
319 556
556 181
181 780
780 172
172 539
539 743
743 690
690 221
221 956
956 880
880 393
393 704
704 37
37 276
276 554
554 234
234 913
913 878
878 811
811 196
196 915
915 896
896 402
402 725
725 178
178 308
308 423
423 379
379 390
390 624
624 893
893 849
849 905
905 345
345 317
317 977
977 965
965 632
632 954
954 152
152 226
226 186
186 986
986 487
487 305
305 595
595 286
286 45
45 329
329 151
151 673
673 794
794 247
247 736
736 130
130 356
356 479
479 946
946 422
422 16
16 117
117 781
781 559
559 376
376 628
628 526
526 325
325 491
491 32
32 874
874 168
168 365
365 671
671 865
865 774
774 529
529 838
838 324
324 734
734 414
414 119
119 270
270 389
389 527
527 306
306 333
333 312
312 137
137 135
135 210
210 481
481 922
922 684
684 712
712 936
936 50
50 231
231 483
483 175
175 569
569 801
801 520
520 444
444 962
962 721
721 431
431 589
589 218
218 224
224 608
608 951
951 506
506 116
116 271
271 698
698 132
132 147
147 923
923 517
517 532
532 463
463 64
64 579
579 477
477 604
604 863
863 259
259 940
940 744
744 56
56 503
503 933
933 103
103 430
430 99
99 972
972 762
762 715
715 942
942 410
410 269
269 60
60 239
239 759
759 384
384 761
761 519
519 659
659 41
41 74
74 215
215 907
907 144
144 754
754 307
307 220
220 199
199 812
812 701
701 353
353 555
555 295
295 886
886 957
957 769
769 976
976 612
612 454
454 462
462 635
635 400
400 989
989 856
856 826
826 884
884 420
420 480
480 98
98 525
525 828
828 795
795 862
862 749
749 912
912 15
15 935
935 385
385 25
25 189
189 297
297 881
881 544
544 793
793 914
914 291
291 62
62 926
926 437
437 248
248 513
513 261
261 128
128 122
122 790
790 620
620 657
657 296
296 373
373 214
214 655
655 938
938 71
71 642
642 799
799 916
916 283
283 662
662 249
249 643
643 947
947 212
212 607
607 570
570 682
682 451
451 507
507 592
592 464
464 304
304 206
206 288
288 449
449 167
167 237
237 930
930 766
766 577
577 342
342 876
876 864
864 339
339 39
39 778
778 775
775 686
686 436
436 303
303 772
772 85
85 426
426 818
818 112
112 49
49 699
699 678
678 370
370 399
399 497
497 808
808 652
652 156
156 140
140 129
129 411
411 557
557 332
332 171
171 897
897 57
57 367
367 587
587 813
813 18
18 482
482 543
543 550
550 330
330 924
924 240
240 546
546 174
174 959
959 648
648 641
641 361
361 158
158 484
484 460
460 824
824 54
54 695
695 24
24 31
31 807
807 853
853 890
890 816
816 228
228 185
185 788
788 73
73 822
822 17
17 850
850 375
375 953
953 669
669 133
133 538
538 205
205 574
574 386
386 61
61 898
898 883
883 357
357 739
739 87
87 227
227 121
121 188
188 502
502 445
445 748
748 321
321 289
289 796
796 66
66 600
600 439
439 955
955 859
859 163
163 311
311 470
470 611
611 784
784 230
230 542
542 970
970 900
900 180
180 987
987 336
336 982
982 852
852 340
340 688
688 567
567 988
988 195
195 705
705 92
92 425
425 141
141 505
505 545
545 716
716 895
895 640
640 364
364 630
630 697
697 939
939 722
722 522
522 658
658 43
43 301
301 238
238 78
78 498
498 351
351 177
177 500
500 494
494 474
474 405
405 179
179 590
590 931
931 34
34 368
368 540
540 809
809 183
183 651
651 663
663 751
751 442
442 524
524 404
404 486
486 504
504 161
161 394
394 737
737 202
202 461
461 360
360 236
236 424
424 229
229 810
810 250
250 844
844 806
806 968
968 169
169 990
990 783
783 427
427 560
560 885
885 139
139 478
478 692
692 831
831 448
448 904
904 327
327 581
581 617
617 440
440 251
251 350
350 374
374 691
691 719
719 614
614 827
827 582
582 170
170 565
565 834
834 409
409 533
533 573
573 718
718 681
681 378
378 583
583 511
511 67
67 282
282 252
252 728
728 182
182 706
706 363
363 945
945 871
871 622
622 653
653 407
407 991
991 992
992 993
993 994
994 995
995 996
996 997
997 998
998 999
999 1000
