1000
2994
333 368
532 62
597 271
162 930
747 74
374 169
838 159
270 438
166 519
382 737
528 825
699 295
492 867
130 493
614 419
623 89
338 456
821 613
249 79
336 832
288 767
577 804
143 518
249 187
639 25
142 431
896 448
55 455
558 569
929 361
207 804
428 958
268 745
516 494
893 321
527 352
221 667
850 139
871 487
220 912
974 224
202 715
296 925
692 875
448 886
870 886
258 571
230 363
646 285
109 272
73 921
146 287
83 893
993 821
808 364
355 625
731 101
45 875
196 898
598 709
687 505
645 37
948 528
159 492
327 886
967 299
538 573
675 837
724 924
15 553
930 750
508 302
199 429
688 530
617 349
939 122
585 747
358 743
36 355
537 237
403 387
742 527
166 426
504 798
828 858
339 121
638 149
343 682
831 570
393 338
778 377
277 926
899 986
999 486
51 269
608 827
897 27
655 680
186 420
612 347
382 942
912 280
147 703
887 275
853 976
558 717
241 380
68 781
964 661
125 991
377 702
229 330
862 562
696 900
263 201
267 406
708 818
725 639
221 426
520 257
794 189
802 879
82 949
653 115
442 268
176 672
180 957
487 959
670 934
858 361
389 663
789 13
771 725
196 460
136 130
971 4
185 554
116 714
615 40
54 455
626 68
941 789
858 54
286 968
342 763
217 195
348 603
171 159
834 739
79 127
383 811
81 775
215 151
313 388
596 357
619 331
534 567
242 123
723 631
692 582
269 698
167 736
822 960
695 435
960 564
244 616
386 156
297 702
924 64
738 727
573 698
531 426
729 902
107 654
640 141
744 935
979 299
265 693
296 642
502 320
455 313
153 513
750 796
314 399
325 404
411 580
668 284
557 993
786 83
497 696
735 241
475 33
699 68
491 474
802 679
601 128
915 559
435 72
144 723
586 955
137 869
937 518
719 628
721 946
574 216
446 243
351 225
540 191
522 477
428 11
410 469
708 233
248 185
946 548
178 722
977 197
808 726
953 868
914 138
290 580
135 60
717 9
940 562
617 748
456 604
2 805
274 620
694 416
716 518
192 627
384 663
22 811
184 203
638 212
839 995
952 583
232 642
685 95
447 106
620 114
228 251
206 742
123 436
518 674
852 723
430 558
382 612
67 631
971 153
846 541
762 387
431 491
544 254
883 420
837 170
660 6
919 628
146 27
475 755
958 111
66 86
909 173
172 963
773 204
344 215
858 584
804 701
222 446
816 951
738 981
38 511
687 840
175 653
701 44
592 938
480 355
627 532
845 10
378 449
461 301
983 862
986 943
197 980
293 457
958 820
533 977
55 388
229 561
344 125
768 552
201 256
796 574
536 670
208 573
477 396
553 850
896 30
88 671
649 734
12 583
908 150
479 72
145 245
304 539
366 676
775 524
118 569
67 48
591 908
854 383
976 590
69 169
406 495
236 967
418 524
256 90
307 699
646 451
534 616
789 650
907 798
708 753
235 790
670 366
261 523
171 933
433 82
373 266
164 659
316 947
232 745
291 992
782 942
76 816
68 928
498 11
847 184
222 318
743 998
197 690
802 237
350 375
134 147
67 120
788 94
80 527
572 65
274 403
605 4
196 806
126 963
605 971
361 542
77 211
1 318
506 425
243 222
741 588
619 832
302 163
398 330
552 947
598 733
126 283
131 379
13 346
971 384
401 182
985 693
728 633
375 227
591 491
946 507
836 473
998 458
310 794
136 389
760 597
265 1
554 248
788 333
759 623
714 821
898 806
9 558
23 864
55 828
9 49
296 158
339 191
433 529
748 685
140 820
434 112
206 520
266 872
386 793
436 770
892 816
546 17
304 975
861 779
55 54
618 66
897 71
765 866
404 151
472 60
500 517
785 894
935 741
774 977
390 593
129 427
918 249
342 210
210 535
221 534
291 225
1000 154
187 79
250 585
134 488
284 944
668 810
36 168
514 758
572 891
415 686
424 894
285 590
874 625
763 202
794 8
962 881
342 732
903 285
288 413
505 621
866 259
852 900
249 804
347 872
931 722
814 599
450 335
382 782
917 192
575 465
134 659
515 466
379 334
641 122
922 930
500 770
108 915
274 114
181 239
676 412
383 22
115 689
830 891
469 773
938 403
180 168
361 584
413 574
953 124
553 14
250 245
205 282
830 60
563 485
381 702
6 969
715 463
221 531
784 855
173 96
353 410
467 429
476 907
297 89
640 660
774 533
257 80
591 41
266 109
92 565
699 626
419 23
343 883
579 907
419 998
208 932
938 224
430 950
813 741
685 863
937 143
573 51
28 511
951 76
326 477
903 976
612 417
247 699
950 717
291 432
168 765
406 526
741 843
417 942
657 664
190 494
538 511
843 935
358 792
442 745
53 789
295 781
995 568
972 76
1000 799
836 234
171 492
396 550
18 158
138 236
565 658
231 704
521 323
759 297
127 955
659 147
135 891
735 666
753 607
671 850
968 807
299 914
261 859
31 666
764 2
257 42
644 876
209 721
508 490
860 887
887 214
107 438
311 773
736 333
244 481
644 471
439 255
457 724
989 352
812 329
586 127
541 152
509 253
337 681
668 651
691 377
178 390
41 431
628 405
977 309
551 928
573 38
408 631
547 476
283 963
525 878
712 961
743 791
652 273
390 722
785 865
604 711
103 562
399 96
215 776
631 120
814 477
910 528
576 842
685 349
166 611
670 412
991 690
512 652
390 334
689 653
251 19
771 807
468 413
140 428
300 709
865 875
711 508
971 513
869 648
471 851
714 993
367 839
183 809
877 375
338 905
470 666
777 478
779 609
235 634
53 566
406 677
454 749
581 455
609 749
990 350
242 889
940 853
934 676
77 916
671 15
335 289
956 593
225 304
643 288
72 7
458 864
385 909
673 35
780 2
305 143
362 739
102 470
98 153
122 758
448 341
587 384
332 477
841 223
594 954
28 538
391 575
46 3
13 941
349 748
908 506
540 121
535 715
394 664
452 631
388 581
787 188
787 926
636 88
825 730
970 650
768 761
418 775
812 854
678 603
276 176
451 767
770 963
979 819
424 686
155 153
315 354
718 963
614 974
933 159
997 36
920 350
667 426
875 835
800 339
282 171
547 135
24 346
733 118
797 893
203 216
378 30
778 753
824 391
925 745
510 263
183 94
126 185
573 269
365 775
647 241
772 637
490 673
684 958
800 191
388 54
180 36
532 485
979 757
783 326
973 622
849 646
359 443
966 681
839 568
870 341
306 638
468 750
749 734
75 651
297 482
959 728
84 943
695 72
444 833
643 903
202 342
746 872
437 177
60 486
491 763
463 194
743 458
110 231
976 285
834 3
877 227
150 378
751 494
213 791
101 105
362 608
31 291
543 965
516 978
364 503
733 61
835 395
238 59
69 834
255 317
58 519
645 787
157 923
20 733
825 915
483 253
427 672
490 711
534 589
549 944
853 590
901 402
448 449
424 499
23 614
48 631
739 423
698 208
838 10
892 184
540 825
951 972
969 280
754 556
765 997
149 370
459 67
99 556
884 747
120 459
736 596
550 522
603 509
746 266
188 154
846 727
479 435
371 509
852 696
888 484
546 464
282 117
326 119
511 269
308 600
444 780
170 467
478 785
705 146
404 91
610 160
925 232
820 428
221 481
604 338
634 724
752 496
869 7
632 148
121 878
690 980
883 376
973 195
237 848
779 734
786 797
851 565
901 521
892 203
690 344
589 667
919 343
970 13
233 691
381 297
512 436
893 294
178 931
557 279
311 469
859 399
453 505
536 86
71 602
101 100
436 273
420 799
832 331
138 819
340 387
635 28
58 32
650 24
477 198
260 488
577 701
86 665
191 730
334 131
928 710
71 110
446 318
627 386
602 544
461 90
271 17
39 490
467 236
876 712
597 546
783 198
435 300
316 97
403 114
502 157
437 939
694 866
300 695
977 669
341 327
579 547
580 916
673 508
849 903
918 804
953 836
874 353
224 274
78 64
664 566
524 844
352 742
722 956
307 295
729 287
188 420
666 102
309 197
861 912
582 879
78 662
363 604
173 213
481 616
791 936
737 594
383 329
241 873
34 637
475 109
635 511
319 826
15 14
745 630
689 747
194 335
813 262
655 92
449 506
508 39
812 152
62 254
610 204
236 170
325 215
132 392
695 137
554 831
71 231
163 164
129 546
374 69
111 11
646 853
428 756
862 853
840 877
77 278
242 512
88 729
53 657
188 186
328 766
306 212
822 281
432 225
634 64
892 76
218 637
119 784
599 522
677 412
482 89
422 312
139 671
588 262
499 731
60 324
700 864
252 402
899 776
96 385
732 474
796 468
438 622
866 906
975 291
300 20
217 391
24 965
879 679
983 590
458 358
395 537
220 141
821 557
183 368
125 197
634 924
45 835
702 691
141 912
568 581
175 292
136 629
642 925
272 475
184 162
575 601
731 100
931 356
648 898
324 891
512 273
247 928
587 493
894 478
319 916
305 6
995 367
31 102
904 14
199 578
989 742
582 395
67 927
321 414
415 100
116 161
965 943
673 39
312 117
292 926
905 393
46 827
882 12
959 633
522 396
703 134
744 228
30 448
162 750
275 860
879 537
408 48
8 795
701 881
162 922
529 103
37 926
110 704
818 440
847 816
577 44
605 440
735 345
145 228
576 190
696 222
383 812
203 922
87 638
859 173
728 510
49 331
571 244
451 288
337 550
172 248
752 775
605 153
681 982
980 309
853 285
309 533
50 250
712 644
649 240
152 329
525 339
514 21
887 196
785 769
78 235
289 12
453 316
681 219
664 937
160 773
277 645
212 87
515 870
684 11
361 278
528 915
182 808
694 259
447 751
139 29
434 606
414 52
987 177
279 993
837 967
927 768
878 230
561 398
144 900
434 600
191 559
842 844
413 767
955 860
794 795
681 973
886 466
972 738
462 886
47 160
285 849
782 594
625 73
519 32
335 463
976 940
736 94
429 675
42 267
864 419
571 616
578 588
564 238
189 457
544 231
78 790
807 725
787 1000
395 879
179 749
265 318
59 349
641 575
831 760
617 95
824 465
128 641
951 372
186 799
615 286
422 205
69 3
146 704
333 392
846 981
852 446
687 877
43 926
654 973
870 327
384 155
898 869
466 340
865 441
454 649
694 906
839 89
985 1
332 326
786 183
50 884
729 705
56 84
336 553
206 257
633 360
272 266
885 756
611 58
962 577
137 648
113 361
7 137
93 52
746 34
484 572
792 936
937 657
871 959
710 551
36 984
704 27
790 95
929 584
17 359
876 301
122 514
759 381
296 232
56 965
179 44
669 533
889 652
764 833
45 395
515 762
394 941
789 346
148 829
194 952
901 323
202 732
209 726
86 670
100 105
223 583
937 716
438 654
118 61
663 155
379 174
107 195
574 767
962 179
962 44
593 931
4 98
755 612
232 268
277 292
41 150
354 505
445 902
691 753
480 874
522 966
959 510
323 484
103 983
698 51
365 411
239 697
455 367
870 466
192 829
493 629
51 208
940 983
529 562
184 816
294 321
341 462
57 774
427 464
260 659
415 101
933 205
223 882
405 682
822 2
830 484
927 200
334 70
841 953
767 468
855 442
619 336
718 770
166 531
5 732
945 756
350 310
861 609
761 459
324 486
678 652
55 584
754 321
656 257
290 916
498 398
65 484
75 802
706 194
452 48
295 18
721 548
509 348
406 42
92 857
445 27
258 845
616 258
43 277
755 33
302 164
646 976
338 711
889 371
632 511
719 682
996 845
349 662
714 93
397 379
972 727
808 209
485 917
619 904
703 907
114 938
964 818
984 997
322 557
782 954
949 32
271 570
932 174
528 108
762 340
302 490
231 602
701 207
113 211
870 462
594 112
632 28
193 549
322 613
96 859
734 454
592 23
16 356
327 30
135 999
132 167
159 803
882 817
136 663
391 270
755 942
639 771
161 821
500 718
154 799
4 440
53 394
660 912
343 405
912 640
436 517
961 400
65 521
187 264
829 635
769 441
545 374
933 276
450 952
983 562
874 957
899 325
217 465
599 966
214 955
991 151
667 166
988 628
532 917
671 904
210 715
115 884
71 544
369 889
765 259
769 894
465 391
73 410
262 199
567 589
284 409
639 807
387 620
186 883
258 501
66 124
503 149
503 401
710 626
697 596
960 281
488 798
1 693
717 430
713 608
930 216
482 623
462 466
559 121
304 351
267 677
542 584
404 899
426 534
815 811
988 945
637 539
936 96
595 812
661 607
199 813
521 252
434 913
133 182
527 989
92 680
456 711
929 858
941 970
110 27
180 355
314 437
7 806
40 766
425 908
98 964
141 779
198 326
880 471
13 53
811 812
5 491
474 5
920 310
596 167
986 56
756 958
841 836
149 306
800 559
808 133
776 943
388 455
460 275
337 599
133 209
955 264
856 947
91 215
64 790
129 312
688 57
874 73
90 263
335 952
693 360
317 303
676 670
509 801
315 947
823 594
840 856
598 61
607 233
245 890
379 70
536 66
265 243
370 87
70 390
752 418
205 176
320 923
723 452
549 409
288 849
152 846
815 352
252 65
392 239
241 470
913 416
840 354
539 34
451 849
135 486
109 746
982 973
348 253
754 797
702 759
412 267
453 856
162 216
382 594
718 517
728 487
95 662
862 940
774 669
218 34
830 472
254 563
841 817
827 688
929 113
548 253
567 616
817 234
155 587
365 911
592 707
310 8
697 25
660 280
585 145
35 659
828 584
969 674
627 156
529 82
78 95
888 521
768 947
833 780
998 23
956 931
14 832
397 178
661 818
150 591
894 777
843 588
87 720
145 890
393 230
418 844
530 713
722 593
440 98
178 593
416 600
463 26
143 657
464 359
720 638
161 714
588 813
407 960
104 319
154 186
674 6
758 128
586 460
823 112
407 994
831 17
629 923
762 466
76 246
155 513
949 433
797 99
732 535
868 124
329 854
117 176
557 613
478 865
507 209
188 799
987 939
373 421
966 550
445 146
662 685
87 101
91 151
15 850
689 175
210 463
425 30
973 219
659 163
944 193
425 449
499 777
548 801
422 117
745 642
401 364
364 182
177 514
754 414
698 38
607 818
920 375
606 913
656 495
617 790
42 495
697 181
125 91
921 469
217 438
293 795
614 707
138 299
826 411
46 608
736 132
179 454
540 559
493 157
952 289
829 386
144 696
751 978
705 902
24 56
283 718
308 823
921 353
351 218
660 969
724 189
801 603
29 850
54 313
15 139
333 94
579 476
390 397
346 650
480 957
353 625
229 16
602 897
843 228
259 997
587 389
519 667
645 926
37 787
108 910
408 144
564 407
542 77
618 473
214 460
677 495
325 151
429 578
770 517
239 357
418 255
331 950
204 165
175 115
980 977
582 835
441 478
576 516
595 683
251 890
98 605
492 838
609 454
496 81
642 158
944 380
230 624
796 216
761 552
23 974
10 258
552 927
592 974
887 460
16 561
954 308
727 541
537 802
300 733
22 854
372 972
692 537
760 271
840 453
653 43
560 433
317 576
10 501
668 679
330 561
543 24
245 585
203 162
749 649
396 814
502 545
833 2
80 989
465 107
939 514
251 245
104 290
51 174
896 327
784 442
37 277
10 571
542 113
917 627
75 848
44 240
445 705
907 504
453 687
293 634
729 29
679 237
982 654
432 304
292 653
243 693
357 181
545 320
365 826
167 239
525 800
595 329
360 871
560 529
65 323
758 601
728 256
783 784
592 614
373 34
307 18
180 480
148 28
999 324
443 464
828 929
588 935
956 16
119 783
105 720
513 605
407 238
975 225
11 958
989 815
547 486
294 786
601 641
212 149
133 364
433 32
119 198
337 966
791 358
154 787
501 571
729 636
100 686
286 328
212 503
296 295
909 213
568 313
424 731
111 398
608 739
700 358
817 836
47 311
913 600
570 185
703 798
987 758
768 97
697 357
785 777
401 808
760 17
995 89
500 963
86 934
443 427
48 120
520 42
228 935
347 475
578 262
173 936
190 516
515 340
32 611
551 780
144 852
533 57
381 623
355 957
620 762
20 598
950 49
7 695
479 300
435 137
848 651
752 81
570 126
284 193
489 928
169 3
554 570
406 520
8 189
871 1
187 207
63 944
687 227
473 234
194 450
932 131
483 946
70 397
346 543
635 148
691 778
123 500
888 830
581 367
344 991
621 687
245 19
794 724
108 857
688 85
680 857
4 964
948 108
673 302
434 823
526 677
356 555
919 420
867 845
819 967
211 290
601 824
163 673
978 106
432 31
805 407
282 803
249 701
719 140
703 488
749 240
979 914
805 281
744 251
87 105
199 675
606 600
103 298
563 544
207 918
35 490
315 856
376 420
710 489
715 26
731 415
320 226
487 633
472 324
803 171
542 929
900 723
74 50
824 128
835 441
849 643
11 820
294 754
74 884
311 160
777 686
30 449
948 857
828 54
851 92
809 893
84 965
221 589
813 578
25 725
572 888
776 325
261 399
985 633
499 100
94 132
26 450
872 109
110 897
308 434
453 354
630 442
141 861
759 482
866 416
732 763
636 139
157 545
345 470
792 213
110 445
112 954
504 999
223 817
762 274
316 856
819 299
469 73
944 409
738 541
773 165
669 197
125 690
485 62
465 270
645 1000
332 783
667 531
721 483
99 414
574 468
317 842
572 472
941 566
188 1000
575 824
268 855
524 496
759 377
744 890
564 281
423 834
630 268
772 218
766 914
543 650
74 689
459 768
566 394
681 622
773 410
200 48
851 658
432 992
493 389
943 899
43 37
372 246
720 415
470 735
316 315
494 447
78 924
47 204
413 796
405 988
86 618
556 93
408 452
934 66
376 186
338 363
38 269
615 771
389 130
353 480
558 61
888 65
480 625
31 345
918 127
740 523
242 517
254 485
734 220
829 156
33 417
778 233
689 884
153 4
36 957
196 275
525 230
80 206
142 591
844 255
83 183
443 546
183 788
352 22
950 9
887 898
994 564
848 810
247 781
106 494
294 797
563 71
948 910
740 261
883 799
921 165
291 102
247 626
569 598
744 843
798 134
470 873
323 402
408 723
520 495
298 529
661 708
119 630
397 334
696 446
177 740
516 106
131 174
726 133
810 409
769 875
6 716
668 848
814 332
72 869
693 318
171 867
63 409
425 378
140 756
910 680
604 508
555 931
192 156
862 590
845 838
416 606
260 164
748 863
876 961
292 115
643 451
682 628
227 621
459 927
479 20
362 46
665 124
547 999
576 895
226 545
160 204
239 596
93 116
168 957
982 622
104 211
303 190
366 677
99 52
170 967
806 648
469 165
707 938
303 576
648 7
688 362
198 814
658 471
302 35
755 417
651 193
52 556
932 334
803 933
969 640
636 902
373 746
876 471
234 841
422 176
858 55
864 998
298 983
57 669
639 181
763 474
273 242
62 917
339 624
761 97
253 801
540 915
210 706
867 838
280 141
908 378
817 583
654 195
569 717
130 502
17 597
301 961
539 772
62 544
513 663
144 452
988 719
506 378
256 461
802 582
815 527
970 543
985 959
369 603
554 760
606 906
906 913
855 119
421 637
61 430
955 79
217 107
683 981
857 655
276 282
499 686
372 981
332 198
859 523
238 994
990 227
568 367
658 655
577 881
685 617
861 640
839 482
518 664
835 692
620 340
365 81
949 560
487 510
918 79
243 318
26 706
357 167
303 895
541 981
560 82
826 911
410 165
476 703
857 910
873 380
705 287
824 270
272 33
20 435
945 719
889 273
247 68
781 307
398 684
205 117
539 351
217 270
751 252
2 444
784 326
58 531
189 293
672 443
290 911
97 552
626 928
852 497
838 996
771 25
496 844
212 370
246 816
130 629
542 278
386 148
330 555
52 116
524 255
774 530
50 19
209 364
909 791
683 152
652 371
424 777
629 502
219 337
18 296
12 952
38 28
501 244
877 505
81 411
583 882
757 766
805 764
975 992
77 113
436 242
641 758
911 319
293 724
592 419
72 137
735 647
828 388
647 63
332 396
970 346
41 142
43 175
675 467
109 373
627 485
653 277
303 516
187 918
40 286
226 923
467 837
753 233
213 936
822 805
803 276
53 941
450 12
201 400
272 872
549 647
523 437
899 84
118 558
474 342
458 792
220 609
448 327
240 179
25 357
235 95
8 990
840 505
563 602
312 176
398 229
120 200
700 998
663 587
359 597
283 172
954 737
275 898
158 295
123 517
526 366
825 948
669 309
88 29
49 619
632 635
129 464
769 478
64 235
715 706
447 978
190 106
177 939
504 579
122 128
118 709
182 306
306 401
911 580
393 624
270 107
712 301
237 75
757 299
692 395
839 623
810 193
855 783
85 774
618 124
481 567
199 467
293 794
247 307
718 172
551 833
546 359
969 716
150 506
139 88
278 113
905 456
766 286
711 39
189 795
267 526
143 394
891 60
104 278
878 800
325 943
440 964
208 131
369 652
547 504
585 19
756 820
674 305
700 458
243 497
789 970
707 114
345 102
227 350
258 244
982 337
442 925
615 807
636 29
534 481
675 170
441 45
801 946
173 385
716 305
464 597
549 63
253 946
913 694
920 795
519 531
56 650
982 219
513 384
747 250
580 319
91 344
202 535
341 896
330 16
438 195
961 461
380 549
27 705
739 46
554 271
885 820
430 9
842 439
349 863
179 649
757 40
400 712
446 497
821 116
776 986
880 712
59 748
968 639
289 450
782 823
837 429
778 702
962 649
885 988
447 402
987 514
707 224
996 501
793 148
330 356
536 934
82 103
568 89
404 215
507 721
140 885
18 232
905 624
909 936
261 314
282 933
780 822
311 165
993 613
720 370
726 483
142 908
394 657
623 297
266 421
679 75
362 827
924 235
709 479
363 393
567 571
751 901
793 632
254 917
305 937
328 615
540 730
222 265
15 904
600 112
145 251
757 914
940 590
246 951
770 123
80 742
622 195
953 473
713 362
985 871
152 595
844 439
314 740
85 533
5 431
61 569
279 322
987 122
572 830
847 246
412 526
984 765
180 997
428 111
150 142
866 984
203 930
737 942
950 832
488 147
8 920
551 489
994 748
376 919
535 706
574 750
665 66
541 683
854 595
385 399
383 815
989 22
869 806
6 280
200 459
169 423
196 648
786 893
354 856
208 174
686 731
5 763
996 867
492 996
50 585
694 765
224 114
854 811
283 248
800 121
889 512
409 193
523 399
920 990
130 157
497 900
760 359
548 483
423 46
539 218
177 21
135 324
550 599
882 841
995 581
456 39
997 168
417 382
956 555
226 69
366 412
417 737
979 40
451 903
88 850
945 140
776 404
851 655
900 408
97 947
41 491
720 101
621 375
281 764
99 754
202 210
741 262
532 192
363 456
414 93
236 819
874 355
504 476
298 862
379 932
683 329
506 142
523 314
565 644
260 163
948 680
371 603
427 422
35 164
369 371
855 630
921 625
690 309
525 624
602 254
407 281
231 897
560 611
161 557
96 909
761 200
214 860
116 556
238 863
672 129
545 923
960 805
581 313
104 916
49 832
172 126
373 637
772 351
385 859
560 32
461 400
460 860
964 708
117 276
368 83
336 904
645 154
233 377
727 372
496 418
630 784
678 371
185 831
421 218
878 339
599 396
256 510
527 206
138 967
360 1
185 283
111 498
201 90
29 287
823 954
579 486
864 614
865 769
272 347
42 656
342 535
591 431
569 430
962 240
1000 37
528 730
593 356
647 873
668 75
252 323
12 223
781 699
421 34
636 287
520 656
314 21
410 921
750 216
676 526
873 735
427 312
156 532
416 906
269 538
911 411
575 128
797 321
70 178
810 284
577 207
63 241
35 163
579 999
472 888
716 674
5 41
352 811
924 457
730 915
713 85
392 596
994 863
615 968
553 904
74 115
161 993
475 872
809 294
360 985
104 77
343 376
865 45
960 238
90 301
713 688
930 796
175 884
764 822
190 895
151 344
482 995
679 848
978 494
792 791
252 901
785 424
778 607
68 710
219 550
376 405
882 234
610 47
91 991
443 129
922 847
301 400
21 939
895 842
240 881
236 837
617 662
842 255
619 14
991 980
19 145
968 328
761 927
393 525
224 403
793 156
518 305
624 878
132 333
949 58
368 788
919 883
225 772
31 992
698 174
16 555
722 397
561 498
641 987
714 52
211 278
613 279
205 276
98 818
968 771
488 907
708 607
462 515
661 440
381 691
725 697
341 886
747 50
298 82
289 223
589 426
425 896
618 868
368 809
562 298
21 740
391 601
59 994
934 665
618 665
57 530
633 871
20 709
271 831
975 432
804 881
447 901
237 879
502 923
187 127
59 863
26 335
897 704
211 916
248 570
213 358
263 256
826 580
651 284
990 310
468 288
507 726
348 801
401 149
264 214
895 317
717 331
126 248
551 444
9 331
321 99
793 829
97 315
312 672
25 181
567 244
556 414
316 354
656 80
738 372
672 422
826 81
40 328
932 51
375 990
449 896
45 692
84 24
743 700
965 986
662 790
500 172
503 306
515 387
507 133
303 106
543 56
561 555
638 370
170 138
880 876
845 501
365 752
33 347
906 259
228 890
709 733
843 813
472 891
132 788
996 10
168 984
120 452
635 793
727 981
612 33
621 877
230 905
374 834
286 757
204 311
548 348
942 612
67 200
741 744
313 367
157 629
69 320
775 496
621 350
956 356
462 340
146 902
809 786
611 949
644 658
803 492
143 664
647 380
578 675
400 90
161 93
85 57
868 836
640 280
385 261
966 219
657 566
474 431
643 767
249 207
134 260
682 945
439 317
155 971
499 894
392 736
158 781
158 307
620 403
123 512
553 671
76 847
493 136
479 695
310 795
851 680
861 220
19 250
336 49
710 444
873 666
461 201
351 975
39 604
524 439
609 734
264 127
589 481
147 260
807 328
902 287
267 495
111 684
384 389
103 433
74 250
552 315
753 661
38 538
974 707
742 257
646 903
984 259
788 83
644 880
169 226
704 445
992 102
643 413
860 586
411 752
229 498
246 972
304 772
810 651
726 721
905 363
381 377
164 147
21 437
586 264
868 473
986 84
405 919
530 85
833 489
683 846
938 974
121 191
583 289
847 892
370 105
961 880
827 713
606 308
779 454
537 582
867 159
658 880
58 166
895 439
348 678
992 345
429 262
392 167
507 483
925 268
374 320
922 184
875 441
70 131
814 522
26 194
792 743
509 678
498 684
487 263
868 665
234 953
656 206
387 274
538 632
737 782
519 611
44 881
935 890
626 489
220 779
676 536
402 978
945 885
951 738
43 292
214 586
564 59
13 566
112 308
565 655
536 366
510 201
62 563
263 728
892 922
666 345
587 136
634 457
806 275
353 73
444 489
368 94
402 751
415 105
369 273
343 628
827 530
825 108
559 730
980 125
226 374
476 798
766 979
719 885
834 169
706 463
910 92
124 473
457 64
3 739
79 264
503 182
222 497
764 780
18 642
319 290
846 595
682 988
746 421
63 380
229 684
437 740
360 265
622 654
423 608
419 700
678 369
83 809
815 22
347 755
521 484
423 3
819 914
336 14
118 598
181 725
192 386
471 565
660 674
2994
427 71
654 488
410 662
400 342
358 252
870 110
149 732
130 433
977 88
592 709
153 379
654 688
384 273
15 986
586 13
290 956
978 717
60 418
699 17
228 1000
943 724
231 268
870 801
240 880
660 220
108 592
29 51
106 463
151 391
853 450
56 716
45 302
731 468
295 559
172 129
580 247
688 456
147 966
977 659
532 937
10 590
335 26
964 365
127 382
328 534
884 445
149 116
664 858
625 457
908 505
446 134
430 616
627 478
48 448
426 638
437 831
501 969
799 438
6 380
916 995
288 630
670 88
45 543
477 902
475 403
779 849
637 618
739 513
929 997
890 767
267 245
304 896
426 957
844 955
820 752
830 350
94 539
225 397
480 381
14 264
759 411
973 9
262 541
714 640
163 102
852 307
106 895
17 629
980 230
383 484
357 207
228 955
455 784
340 113
346 197
323 979
215 989
468 567
888 306
7 720
833 718
975 527
168 580
530 932
745 432
236 239
892 823
73 303
417 423
50 282
412 364
925 281
357 700
88 388
19 322
183 941
419 578
808 90
308 490
901 799
296 664
189 253
37 17
306 760
608 616
673 436
243 555
714 528
598 39
146 382
985 383
347 353
992 13
51 404
960 758
752 588
74 182
902 756
443 750
795 491
639 54
904 135
480 938
577 421
934 936
516 144
672 655
354 379
450 883
736 109
106 156
687 847
634 647
319 455
395 819
156 238
206 852
747 215
377 544
643 250
737 589
609 794
425 869
862 729
878 754
80 744
199 237
284 79
155 422
241 447
561 157
728 245
19 820
972 950
971 336
955 76
356 402
218 255
553 103
479 952
926 703
680 984
310 627
821 445
345 706
365 430
304 504
992 561
619 440
441 41
408 52
316 404
741 354
572 945
610 830
27 246
564 532
47 996
40 933
557 690
58 787
609 285
213 497
823 524
554 315
361 646
453 680
824 975
911 554
822 352
606 227
274 559
771 703
420 172
395 141
214 893
865 276
919 827
692 879
413 809
372 645
594 626
8 667
330 773
693 978
418 578
666 651
67 670
692 772
265 363
963 900
816 962
199 590
880 398
882 556
662 284
188 705
594 99
29 598
281 415
36 802
349 589
710 957
948 574
980 326
852 64
840 311
702 835
801 110
762 244
429 838
913 769
740 881
832 24
625 284
209 728
598 65
673 674
943 465
837 985
954 371
78 107
460 163
835 253
370 30
87 577
370 923
139 102
540 868
549 248
270 879
330 499
963 653
16 861
401 769
748 870
222 845
591 104
633 173
850 233
738 62
171 865
546 890
410 827
232 376
125 351
36 522
383 837
957 613
887 269
362 421
324 629
161 771
117 227
501 313
108 851
561 736
824 887
341 228
879 186
779 507
943 384
178 995
184 904
266 661
54 1
715 4
882 341
371 520
188 180
255 623
368 985
894 262
957 816
108 167
559 326
464 623
356 960
221 513
243 935
536 552
947 455
18 419
118 560
118 93
854 108
813 532
565 490
925 682
967 296
697 711
517 396
458 332
39 29
507 195
586 800
297 207
284 202
836 688
82 86
175 898
941 525
795 413
225 233
587 434
434 571
749 715
616 603
447 738
826 868
53 648
707 804
416 97
43 386
690 842
685 505
212 605
954 21
418 425
646 565
656 393
751 46
869 578
969 770
151 891
861 351
866 723
198 258
501 641
212 686
62 881
549 711
100 933
196 412
517 742
554 708
473 821
81 783
274 187
878 693
935 507
884 193
527 830
524 892
113 506
40 330
615 765
804 472
303 931
1000 38
891 104
358 493
105 685
409 945
89 836
351 135
400 660
749 998
862 224
378 868
264 971
161 876
743 158
699 898
784 241
864 510
628 768
713 221
296 968
186 451
269 802
536 315
486 166
218 464
423 799
720 575
300 772
712 921
40 331
544 834
602 818
796 83
447 784
124 907
608 93
427 448
793 975
743 476
204 815
239 599
150 103
524 997
356 718
157 586
186 692
374 327
480 443
483 293
137 691
18 406
509 488
136 558
286 538
66 761
96 958
287 461
475 74
983 223
230 326
600 967
860 213
264 615
608 745
300 879
367 534
68 10
726 554
550 152
948 458
289 101
177 100
421 532
841 917
200 444
369 632
510 505
822 81
217 410
591 885
815 428
963 129
404 764
909 958
329 676
60 210
165 924
583 997
823 961
566 502
756 734
758 991
936 288
60 869
146 427
973 209
314 693
342 378
924 258
11 843
589 999
366 513
871 722
938 381
712 227
516 689
294 345
333 803
315 112
773 933
545 277
904 677
132 345
750 156
276 454
567 700
224 828
496 390
932 294
911 736
917 697
997 437
251 850
271 459
51 316
26 888
184 946
241 62
518 380
171 276
243 195
356 169
237 68
466 960
503 947
392 278
144 989
417 901
837 513
176 744
240 121
4 503
481 803
245 761
798 615
27 871
938 443
155 179
754 120
462 502
499 933
990 187
369 395
901 438
946 677
480 750
686 740
596 801
897 880
816 23
994 222
953 980
58 968
487 633
746 950
138 707
850 842
246 722
514 390
217 859
474 600
893 888
59 694
753 319
235 99
127 71
118 502
776 10
687 415
956 621
571 533
64 307
175 629
247 893
565 622
222 962
571 906
425 60
307 206
504 776
122 967
223 796
462 603
250 574
135 16
549 612
782 895
162 735
458 359
122 600
329 871
475 182
842 853
117 59
494 92
639 1
707 176
597 706
267 728
363 476
65 863
745 603
615 14
448 146
798 765
553 150
147 737
701 505
825 482
731 796
543 768
875 7
669 581
75 305
159 296
366 126
211 55
843 814
354 343
23 84
189 529
950 875
625 482
423 751
601 234
906 434
617 905
950 515
683 256
731 83
427 491
607 769
591 891
270 659
764 316
689 747
656 224
643 465
263 277
791 437
293 348
89 564
580 292
181 980
318 70
1000 556
832 747
582 165
422 714
612 711
782 463
303 862
657 742
562 716
95 979
599 577
30 429
957 23
996 167
327 83
312 309
526 722
539 644
393 63
310 681
338 543
329 722
39 65
586 992
635 469
482 389
432 792
893 760
446 57
362 813
526 725
821 307
860 641
691 753
121 904
235 614
310 521
470 959
170 773
682 91
131 388
515 746
982 835
243 507
388 67
773 375
481 886
363 775
388 70
716 666
309 331
749 460
811 577
85 529
287 665
88 67
551 145
691 573
743 210
22 8
848 112
393 55
752 19
670 977
154 953
186 696
542 203
519 973
143 698
902 595
897 398
556 916
752 28
777 927
119 2
391 200
317 678
798 518
509 654
122 426
1 866
551 633
429 364
595 914
231 558
733 895
35 273
771 435
629 65
584 761
130 587
153 741
94 312
359 277
701 908
848 726
202 825
804 744
244 970
919 410
441 506
475 605
668 164
565 308
751 417
163 4
518 765
30 907
842 450
37 863
452 305
494 854
851 854
257 894
492 45
961 892
289 461
128 249
621 979
976 886
541 311
933 170
763 259
962 23
812 245
817 772
5 26
662 919
142 370
757 188
983 731
546 999
7 337
257 451
275 302
866 385
769 910
435 995
873 349
993 41
721 220
332 574
968 787
324 598
33 116
271 694
436 979
19 340
229 759
76 735
987 166
142 191
627 910
78 790
708 911
989 689
530 706
435 69
980 154
795 48
567 983
46 570
643 254
255 648
964 792
557 930
839 254
836 620
542 343
786 623
595 734
1 976
921 59
991 960
322 934
272 966
465 250
485 925
646 308
192 864
788 373
604 405
273 943
519 345
768 45
137 102
858 122
759 85
918 413
634 769
916 1000
733 782
902 166
505 628
44 583
168 791
748 569
410 79
754 371
939 548
185 408
979 290
889 47
857 697
155 528
265 775
204 428
492 338
974 872
843 703
628 543
555 779
40 727
325 924
41 506
549 806
429 412
406 558
533 130
820 340
687 626
937 362
424 759
261 784
101 658
799 74
169 402
54 764
43 547
190 846
440 121
205 249
448 491
467 992
237 42
271 735
232 508
26 893
295 387
694 735
823 585
247 214
355 148
12 568
454 204
222 13
350 511
550 360
490 128
829 766
588 19
302 492
335 888
824 269
855 785
383 368
20 388
741 328
903 821
116 732
436 190
544 668
485 91
197 439
939 514
838 364
663 6
518 663
467 586
331 111
228 882
629 37
304 409
619 240
889 548
229 755
520 120
128 797
350 372
409 495
856 547
249 749
416 408
605 403
162 76
174 787
439 965
638 816
312 471
578 140
172 963
347 571
896 500
947 137
55 828
959 424
145 633
692 300
97 885
5 888
698 133
433 974
793 830
860 313
792 603
597 530
222 800
111 471
911 561
91 883
428 276
894 451
955 882
93 462
92 321
885 891
517 150
186 817
820 113
85 229
811 236
71 21
283 997
855 115
731 297
30 838
127 448
606 712
794 661
790 125
459 59
637 376
144 689
147 360
933 330
184 861
499 727
58 433
201 993
280 509
34 405
494 709
39 695
291 941
878 717
564 836
887 522
80 226
116 160
715 998
151 591
849 486
959 179
137 573
194 890
347 712
334 649
314 346
391 444
124 142
674 801
11 926
14 336
337 256
928 382
188 365
619 398
37 699
880 440
258 165
266 766
70 67
536 624
438 423
259 922
674 846
884 298
431 683
593 458
741 367
936 19
944 771
861 125
57 493
877 826
750 238
219 774
627 401
561 109
926 843
97 52
608 118
169 453
929 437
800 467
934 563
142 923
54 404
807 263
928 21
234 675
486 477
646 719
404 639
539 471
695 863
536 112
909 763
849 935
143 173
538 820
248 42
145 119
378 576
290 323
767 546
672 568
147 152
361 308
478 645
839 273
496 305
302 611
340 752
37 175
809 814
643 724
783 706
221 596
374 83
650 114
436 290
859 880
877 868
407 308
205 490
221 569
421 813
521 469
35 126
576 400
157 467
627 681
594 687
329 2
655 252
427 127
265 50
142 649
812 66
674 870
384 985
84 222
456 509
854 592
306 5
349 737
104 885
571 353
940 237
806 697
373 564
789 236
567 297
809 843
980 981
905 912
900 129
566 107
197 314
720 557
673 190
511 793
67 131
316 730
227 921
285 900
438 74
184 677
918 795
25 299
397 850
943 254
684 932
110 674
214 760
68 504
611 920
943 839
500 636
726 315
841 612
686 881
918 809
151 200
630 563
378 220
681 634
756 987
946 904
89 788
587 244
672 358
113 41
140 558
677 121
60 578
956 979
266 631
704 2
732 160
443 238
449 380
877 540
352 728
656 498
962 84
33 986
573 163
414 733
701 965
35 985
92 854
748 801
100 170
413 98
362 789
457 152
414 156
964 188
483 611
234 952
134 12
727 330
555 777
637 508
794 285
383 126
922 258
331 392
301 732
328 153
485 281
152 360
858 296
748 596
905 544
230 981
216 164
339 356
79 827
934 874
199 248
889 939
852 473
861 135
13 800
343 203
945 896
859 919
875 515
553 82
949 103
336 765
518 449
207 468
109 911
844 162
878 346
503 691
488 719
486 756
442 431
382 21
474 122
622 205
380 961
882 162
563 812
62 447
318 131
790 135
498 862
723 54
73 656
326 953
759 470
976 866
621 95
647 374
201 508
588 874
300 270
110 596
807 359
684 530
153 534
66 245
203 8
753 652
109 708
54 316
223 327
22 405
541 840
469 350
612 857
903 445
585 283
379 741
262 391
860 969
906 347
764 730
513 484
959 155
339 169
846 673
553 86
394 873
724 574
720 431
658 289
497 742
692 451
723 639
385 803
612 697
527 824
8 542
501 213
714 155
161 435
174 968
863 324
123 624
141 819
242 257
185 206
991 32
139 4
164 235
550 457
44 831
606 921
892 929
279 876
384 839
963 420
153 343
452 496
909 896
26 760
424 411
432 430
75 47
584 812
975 610
179 411
298 445
865 299
198 96
995 279
90 160
77 542
582 958
786 632
76 844
815 601
640 666
598 863
182 799
47 939
700 63
908 768
157 736
219 658
591 444
549 42
851 494
867 984
258 949
50 363
255 655
154 181
183 399
652 691
88 270
676 119
872 970
922 96
474 638
129 57
659 772
545 232
190 870
781 557
717 754
17 898
646 622
741 534
442 557
654 788
107 125
468 357
797 249
351 16
550 31
408 307
630 66
789 599
360 31
221 739
517 641
409 896
520 382
776 590
491 413
755 982
782 414
299 171
678 386
690 251
251 853
730 695
699 298
21 120
826 342
124 838
679 856
579 480
373 836
425 158
876 703
921 347
211 393
926 918
271 59
336 798
579 238
445 193
325 198
286 441
466 181
774 658
872 58
138 176
822 728
205 565
819 461
942 188
856 777
229 189
748 110
625 79
711 248
899 815
737 31
397 233
272 31
564 355
361 407
314 878
211 828
391 840
602 417
949 86
584 630
857 516
976 385
965 197
291 631
785 112
611 114
902 734
261 455
727 278
951 669
795 448
722 27
501 860
589 966
332 359
774 461
605 740
935 779
277 232
126 368
508 618
101 388
648 786
506 538
577 789
671 252
259 96
196 143
586 994
149 90
647 913
396 497
555 935
200 885
660 367
617 952
478 310
907 923
912 377
115 546
170 177
606 347
134 57
605 182
235 847
791 831
922 165
387 729
6 518
899 428
98 491
180 705
352 209
219 461
865 454
705 914
810 747
515 570
925 626
77 203
681 769
38 995
312 539
515 972
548 47
430 792
471 644
677 240
18 578
18 136
117 459
267 352
275 483
710 816
777 243
998 49
270 670
301 334
236 832
321 335
235 72
673 323
102 573
999 873
824 802
963 285
98 795
614 99
874 288
940 10
537 914
141 632
369 623
764 51
168 44
666 562
261 241
15 923
520 954
170 375
111 278
531 871
70 131
412 838
709 996
477 260
9 81
121 619
612 917
794 266
912 234
667 405
775 50
505 965
501 497
248 806
610 793
829 525
528 422
992 109
35 839
114 302
676 871
844 735
168 583
263 232
965 510
834 668
218 671
682 415
939 75
509 688
52 185
958 495
850 450
377 834
934 588
684 535
679 317
151 311
338 105
8 77
533 587
929 791
341 955
524 437
543 492
319 652
531 329
442 781
76 882
802 522
337 515
581 313
455 753
438 417
170 61
641 396
884 473
183 291
808 160
937 813
821 884
718 169
91 915
371 978
325 949
130 244
101 318
630 812
137 503
685 701
82 103
185 416
936 588
969 581
797 49
967 858
486 902
142 15
397 915
632 665
519 783
464 671
585 6
540 342
700 211
360 272
508 545
401 910
42 806
344 210
591 200
72 544
617 234
658 461
233 883
602 46
378 540
642 725
852 821
908 105
825 360
75 452
471 309
541 894
864 346
669 969
543 105
421 87
386 725
191 15
365 757
416 64
43 317
359 263
394 767
251 781
10 237
523 241
497 641
894 696
880 619
213 313
834 164
426 474
72 668
777 195
682 225
780 667
340 322
652 947
318 289
603 608
208 867
920 275
557 431
403 212
770 3
489 830
379 542
182 403
377 668
374 223
85 424
601 204
999 394
357 55
367 721
736 726
989 516
255 53
355 532
252 672
804 138
831 168
48 427
583 437
205 128
264 348
105 768
732 231
738 686
484 739
953 32
365 180
317 856
742 553
707 744
201 286
837 484
723 1
309 392
176 80
842 251
597 345
472 312
776 636
172 57
349 966
475 212
389 410
334 986
444 311
755 189
923 124
775 381
79 389
238 414
664 159
333 826
233 842
500 776
442 683
197 192
632 395
560 566
471 392
444 840
592 167
535 530
1000 178
341 1000
778 534
927 43
750 414
272 349
107 560
136 268
678 805
180 964
619 859
544 675
418 419
483 348
760 247
299 932
95 463
473 445
730 39
262 840
594 847
966 873
831 292
474 858
301 149
568 671
95 895
6 449
645 469
621 463
711 917
527 793
78 351
278 40
291 525
762 970
506 28
81 519
940 42
720 442
614 626
36 269
502 93
913 607
198 165
847 614
810 599
454 428
746 818
111 392
592 996
407 280
14 971
286 993
140 136
872 433
223 731
864 197
607 374
681 910
422 959
935 987
987 849
988 761
987 507
953 181
166 849
499 100
552 123
214 580
649 370
341 556
325 82
607 634
105 628
855 552
89 148
832 810
244 434
970 433
916 38
90 732
693 717
268 808
661 766
274 295
159 787
603 432
117 694
207 567
239 747
326 154
98 809
604 34
712 906
466 758
71 928
526 805
851 92
167 709
971 348
913 374
33 301
115 194
52 512
38 178
951 399
925 915
648 632
981 187
334 149
446 172
195 679
691 947
9 519
665 395
5 92
889 709
818 751
59 227
938 282
202 457
664 968
15 370
318 658
547 678
160 268
881 212
317 927
624 785
704 329
780 22
718 339
130 970
5 335
325 86
156 579
163 715
61 208
53 464
825 457
379 343
369 648
686 605
611 275
282 381
148 937
406 140
125 78
180 942
12 358
260 595
150 657
218 672
72 216
63 357
510 685
927 679
802 887
582 922
139 460
653 900
645 310
366 383
463 956
469 372
994 845
495 909
220 400
194 546
545 376
220 778
38 556
94 804
720 683
47 167
299 535
573 503
390 226
620 654
355 813
529 253
976 723
998 249
145 2
463 895
991 402
389 625
724 254
49 128
898 884
372 635
572 409
819 287
282 480
458 574
339 991
340 28
648 623
613 638
998 128
12 57
267 988
242 541
507 555
193 699
91 225
285 266
439 346
857 917
452 390
664 174
974 787
675 912
967 664
525 631
649 191
833 680
920 348
368 35
260 705
512 185
978 120
492 114
756 849
984 833
826 481
683 575
157 992
449 663
618 201
877 803
78 566
484 221
295 729
922 198
827 897
537 260
396 657
119 704
947 753
972 746
751 570
663 798
487 143
984 453
879 772
701 439
520 21
592 494
63 211
41 538
179 528
942 914
537 705
713 739
533 353
232 618
512 97
846 870
636 304
540 400
127 146
407 646
16 904
944 11
323 956
866 886
407 488
281 687
38 69
583 791
20 670
208 375
660 721
802 975
280 719
466 32
320 22
29 730
680 718
215 832
610 527
176 496
112 554
22 667
931 729
411 85
183 951
94 472
189 85
845 84
216 99
476 265
496 226
635 489
555 195
523 447
631 829
942 705
499 40
546 394
287 141
401 681
945 304
833 169
217 398
349 394
559 981
593 807
267 822
90 231
903 852
413 48
209 81
402 960
815 952
928 954
761 812
693 192
848 554
162 271
727 111
191 33
548 75
785 552
268 406
609 661
737 272
474 613
642 805
797 205
936 322
747 24
102 4
600 426
272 147
359 593
547 317
294 706
206 408
910 478
217 827
136 406
595 477
46 746
770 581
56 640
650 275
441 637
981 326
782 106
219 289
777 679
582 259
796 297
224 73
202 550
601 952
537 595
752 322
133 412
292 44
46 972
7 256
755 835
28 820
140 18
675 377
83 647
813 87
696 817
725 27
951 941
387 187
198 924
68 590
449 961
241 319
807 332
148 532
890 115
521 372
925 415
305 548
770 860
339 960
230 274
87 811
104 512
293 264
786 369
69 161
597 294
61 375
675 617
834 216
99 847
311 262
77 354
151 444
28 113
39 51
478 469
669 770
279 771
119 551
22 203
146 71
970 974
492 650
147 31
677 440
477 734
788 836
944 843
790 861
998 460
43 678
416 52
466 991
485 682
561 467
181 32
761 630
855 123
651 562
776 68
504 500
807 277
537 942
493 134
694 227
699 175
292 168
132 9
250 458
13 467
253 702
479 601
17 175
596 713
361 280
258 325
708 315
320 667
981 274
758 402
636 68
553 657
396 742
291 829
489 511
187 559
14 348
743 425
749 139
323 621
915 682
34 982
754 693
33 149
286 506
521 635
866 803
896 572
111 309
127 928
676 2
552 115
226 176
141 369
999 194
590 504
628 908
740 212
309 644
837 126
986 649
737 966
352 973
166 756
674 190
949 924
707 80
87 362
481 333
171 25
734 486
16 184
174 159
66 988
881 738
657 517
337 875
948 643
242 840
261 523
818 46
579 381
283 524
229 411
927 856
954 978
901 423
766 631
108 494
993 441
862 387
800 845
220 576
938 775
265 344
144 841
755 253
948 332
3 951
79 662
798 449
196 487
277 593
831 583
899 454
363 344
438 182
133 196
214 44
231 160
483 114
886 385
313 770
252 12
335 92
584 288
336 615
289 131
938 50
377 905
671 655
810 239
814 918
886 803
139 715
610 887
823 380
982 253
572 763
346 192
977 270
407 719
740 475
524 929
446 420
488 456
173 119
502 560
750 579
520 928
173 145
487 698
226 452
353 712
547 927
380 585
767 194
541 257
211 73
283 929
481 877
231 808
874 584
426 613
472 744
278 330
24 239
207 700
246 725
951 291
364 133
729 990
967 159
774 819
82 949
657 103
282 363
386 246
721 328
73 393
110 846
279 435
873 589
261 319
423 602
101 131
907 429
669 3
716 640
132 597
113 538
454 815
688 788
320 34
995 69
376 618
717 314
194 855
324 37
940 248
139 163
132 783
138 94
271 844
765 663
187 295
101 70
622 361
418 18
887 975
863 629
226 707
74 403
565 797
209 822
786 395
334 33
816 84
847 216
321 5
593 948
572 495
910 310
389 284
665 819
256 950
997 791
719 509
434 533
235 216
701 510
542 780
704 145
295 990
903 307
138 744
784 523
892 585
242 696
98 814
523 738
811 810
859 897
355 937
714 716
676 531
66 267
273 465
678 642
399 581
442 930
338 768
568 252
122 296
3 183
1 886
780 203
259 958
909 409
106 414
93 745
208 984
93 560
692 817
872 787
434 353
576 721
161 279
516 841
522 269
171 535
167 889
948 250
637 201
161 944
529 755
881 447
885 512
649 15
567 357
229 529
640 422
965 864
239 832
636 504
937 421
87 789
373 620
247 292
730 51
4 573
264 920
566 118
287 774
811 599
278 331
642 547
609 766
984 61
34 702
999 767
50 476
64 206
733 106
183 525
306 893
696 257
354 534
558 808
939 996
126 985
394 589
213 396
482 284
690 930
479 234
350 489
376 508
526 27
273 254
146 48
957 638
136 808
487 173
67 20
667 34
265 743
26 306
993 637
848 536
668 905
298 473
53 218
757 792
174 974
722 531
708 736
424 470
107 790
765 14
260 734
451 817
293 611
202 482
660 778
460 715
702 320
303 656
811 789
7 683
65 695
851 321
580 760
179 424
246 805
575 431
593 332
143 551
525 766
446 493
568 493
299 684
236 599
897 217
443 381
290 190
210 869
77 343
387 990
32 758
210 158
242 894
740 738
633 196
563 874
514 75
781 853
404 723
364 698
453 833
825 152
717 371
710 613
358 568
238 733
536 785
944 876
859 398
551 704
964 757
807 545
134 172
154 466
293 971
97 891
76 228
710 962
827 662
690 781
123 890
439 864
63 55
256 575
316 29
511 830
851 335
412 698
89 373
230 953
117 921
898 298
159 968
877 333
711 806
56 651
959 528
327 647
558 268
675 905
460 49
368 839
733 156
104 97
419 406
99 164
493 12
680 208
419 140
868 342
538 28
926 809
818 417
9 783
83 223
659 300
390 80
462 745
709 108
228 556
655 218
774 665
872 762
742 150
666 56
391 311
435 178
237 590
989 841
45 338
601 428
623 53
11 703
972 570
280 456
133 487
918 98
759 529
6 961
945 500
341 916
655 464
344 476
49 249
498 729
281 594
600 613
848 624
897 919
215 689
867 833
634 401
931 862
890 855
181 758
867 680
867 61
261 753
455 652
940 199
778 721
41 286
575 875
219 318
620 788
450 251
810 236
571 587
338 650
829 941
230 559
250 724
628 685
81 973
175 193
579 443
934 288
576 660
13 994
283 823
644 392
920 293
845 962
304 500
930 431
597 932
294 684
653 794
751 602
913 401
209 9
263 545
954 120
920 483
78 560
659 879
582 96
366 484
361 719
153 354
814 11
393 828
639 976
936 874
875 256
25 276
88 20
533 244
988 245
100 375
94 644
853 690
16 946
225 883
563 584
137 652
206 903
324 65
405 320
625 202
48 491
994 84
686 62
440 240
523 62
596 569
703 944
535 25
233 450
581 3
371 120
282 775
661 631
263 376
903 473
24 689
333 385
869 418
892 283
306 247
587 762
704 676
382 71
129 420
470 179
829 661
224 498
399 941
627 645
679 243
24 215
351 790
116 301
620 456
786 53
285 653
785 123
144 857
7 575
930 781
694 459
490 797
826 540
422 56
323 436
488 280
814 926
124 370
888 321
994 800
485 915
259 495
328 778
385 481
482 457
899 865
86 103
478 521
687 614
955 162
702 982
695 29
804 539
977 300
344 743
185 64
387 931
626 415
650 45
924 82
470 155
196 698
942 365
891 200
372 489
58 174
641 213
215 516
865 25
901 74
990 931
464 255
635 511
288 563
324 17
806 940
375 177
956 95
835 189
656 828
134 358
61 177
878 192
364 907
974 58
503 102
818 570
772 186
69 178
25 684
773 100
459 735
805 386
670 659
961 585
20 977
834 72
782 95
453 718
403 799
177 208
986 301
135 184
634 913
739 366
598 695
688 620
496 80
342 576
279 69
672 671
930 853
154 32
828 73
653 609
472 138
204 952
166 779
642 43
402 339
526 246
519 132
465 724
433 762
607 327
577 362
327 796
173 551
63 207
636 945
20 70
908 685
367 778
148 373
608 462
114 275
124 30
841 857
978 754
439 510
125 566
55 700
11 876
988 352
398 440
713 748
622 308
899 276
917 144
191 986
779 987
550 825
912 479
158 344
193 298
30 923
973 822
86 150
303 498
345 783
429 133
312 644
109 157
792 616
626 281
607 647
780 8
996 889
604 982
624 552
322 588
916 178
706 132
130 762
350 635
915 225
615 971
710 23
900 420
713 569
838 907
420 653
784 319
419 60
796 983
336 663
262 242
224 303
537 180
909 572
210 425
77 379
356 453
912 617
580 44
606 117
446 129
367 328
914 260
642 386
624 112
714 56
638 710
650 302
539 472
645 521
727 331
35 384
384 368
477 914
983 468
485 415
297 468
90 116
294 530
3 399
600 858
651 716
946 121
42 199
665 141
604 702
366 837
287 219
2 531
848 315
549 697
883 397
514 305
489 793
964 430
470 411
983 297
512 416
432 757
868 333
869 158
850 883
193 898
321 854
640 528
462 118
817 257
932 535
794 900
728 988
616 432
353 906
773 499
305 390
49 749
958 763
895 621
901 602
950 337
104 52
337 972
746 570
313 969
899 171
643 574
669 399
763 495
846 436
527 511
31 152
739 569
993 618
725 805
757 430
290 673
314 192
498 931
845 23
835 604
72 164
876 771
548 514
456 654
143 633
531 27
767 873
801 569
201 441
708 726
616 745
617 479
389 662
465 254
871 526
408 64
564 148
10 199
397 91
24 989
490 622
763 582
867 177
266 609
107 502
217 919
990 274
479 204
856 195
844 459
452 514
946 240
610 824
906 606
451 696
320 604
639 764
713 513
355 89
123 115
517 497
334 191
96 165
158 476
614 594
400 378
214 292
726 911
780 405
