997
3000
987 935
485 204
832 67
429 346
72 198
784 320
412 454
53 890
959 420
554 247
899 249
263 421
332 986
679 519
573 370
791 143
797 432
995 319
358 61
889 952
880 543
599 746
982 994
203 326
884 350
37 78
663 287
788 848
768 531
919 295
113 563
275 253
694 870
307 201
201 982
256 249
504 306
145 714
214 992
440 207
535 550
27 850
837 194
14 15
348 862
915 772
753 939
557 217
625 229
66 4
76 481
656 166
811 133
26 387
280 841
817 9
572 741
975 614
964 459
419 343
665 817
716 421
409 267
888 101
859 483
219 824
966 215
168 664
88 760
143 536
196 223
411 854
217 562
794 108
615 510
627 945
944 703
556 272
676 680
687 85
789 677
633 743
678 490
438 389
577 305
351 250
229 360
320 585
311 647
9 396
279 352
695 935
935 785
23 30
322 446
606 18
202 645
517 865
493 614
269 876
743 730
337 778
347 773
960 282
74 689
529 569
845 120
501 485
349 91
190 808
90 891
612 596
601 881
239 883
400 275
319 542
823 830
291 819
215 369
968 300
349 186
754 407
528 423
924 788
13 47
797 562
295 50
565 207
258 353
487 931
111 607
854 778
643 611
696 24
954 211
665 273
882 16
348 13
794 611
212 458
583 220
614 452
390 846
49 767
227 946
664 299
681 470
979 109
490 231
148 975
410 554
48 684
85 874
681 419
655 697
155 432
441 482
829 663
859 57
7 974
722 875
811 442
35 496
779 107
284 599
679 610
580 695
649 968
52 755
5 672
845 967
152 338
931 637
587 793
415 523
642 738
547 599
870 334
607 651
789 653
720 340
179 872
555 76
301 993
544 385
436 943
498 812
53 700
273 837
827 699
293 961
415 780
477 990
598 61
261 832
924 848
532 590
959 575
852 446
703 263
311 622
273 363
532 574
404 871
902 510
774 404
457 888
827 209
650 375
670 416
90 201
539 348
104 953
606 918
234 735
808 518
824 427
264 589
294 642
288 184
99 67
45 146
283 854
826 480
20 576
902 955
942 870
214 222
551 715
130 504
316 14
693 144
901 376
905 465
177 803
469 68
188 981
380 175
372 367
364 57
142 874
364 659
349 296
213 695
952 720
969 423
279 617
317 78
760 277
950 399
874 651
224 812
628 691
233 412
427 602
754 907
291 526
752 171
201 104
815 620
185 239
466 72
808 900
278 822
722 794
8 808
593 265
713 195
354 356
199 2
755 28
199 523
137 166
983 866
100 905
275 797
648 177
572 167
869 936
33 900
902 663
886 996
354 335
240 586
868 152
712 896
814 405
182 520
764 878
849 632
718 369
482 271
494 445
942 694
417 761
986 865
269 289
638 168
768 672
450 478
212 265
783 278
500 398
797 381
864 584
14 985
878 444
285 486
29 221
807 617
625 777
219 220
833 687
157 196
714 674
333 210
752 728
468 209
164 668
753 420
160 890
489 904
245 307
684 12
483 357
276 121
144 242
682 713
329 282
567 426
990 705
209 342
924 116
455 161
651 111
339 994
2 425
235 272
256 384
366 594
644 82
634 444
887 186
336 410
107 198
34 397
263 54
356 335
325 996
138 432
649 322
41 844
582 300
90 953
934 63
574 480
358 459
310 692
533 605
971 336
605 606
9 273
597 138
394 777
173 678
61 553
234 405
969 163
551 93
453 759
282 940
34 216
885 28
499 542
59 249
987 228
921 461
414 21
213 403
489 566
171 120
751 736
820 38
716 568
578 712
860 394
18 605
516 473
591 954
694 838
108 145
458 176
791 546
129 527
616 198
551 668
43 474
538 374
366 9
827 206
549 66
55 25
251 690
497 437
495 377
806 689
879 559
396 721
829 494
336 497
604 973
97 518
982 880
590 6
919 50
81 641
426 786
465 24
35 293
834 812
770 627
290 675
164 590
702 945
669 828
250 127
705 16
844 780
18 377
57 966
454 305
208 161
241 228
473 768
990 609
602 457
393 335
896 726
323 100
473 621
338 3
265 314
665 396
172 491
925 64
178 262
8 636
585 784
504 632
215 512
397 122
892 112
323 840
173 808
489 24
68 757
371 161
509 743
201 230
228 71
640 996
708 410
992 603
574 250
120 728
285 328
900 344
898 896
946 117
299 181
306 743
85 827
76 393
464 864
927 202
399 974
37 596
51 842
864 945
600 724
286 599
864 372
983 425
546 165
420 530
30 783
327 143
840 696
448 456
418 125
157 301
757 986
415 576
399 720
334 778
465 904
350 911
550 370
469 309
494 278
396 273
917 170
151 284
36 514
965 213
638 637
910 803
691 585
9 363
521 454
124 376
492 15
865 139
598 293
416 80
530 799
29 751
873 69
310 119
418 898
933 466
902 470
709 137
96 733
791 406
296 641
788 979
171 136
607 830
798 376
362 3
87 140
455 145
433 903
217 381
146 716
896 578
7 950
792 374
550 131
814 392
829 287
618 89
472 861
113 717
306 388
422 898
921 72
394 486
476 56
136 186
413 787
260 167
515 175
878 70
225 908
701 702
292 359
131 334
859 369
634 878
139 33
385 655
841 92
450 936
600 282
552 313
2 41
105 320
471 908
38 841
481 356
224 27
190 678
238 141
55 263
89 677
994 684
41 1
649 300
114 673
407 688
501 814
588 657
468 249
413 62
995 861
717 847
935 756
125 896
269 710
648 910
705 385
864 116
912 735
478 644
375 991
110 305
847 180
17 150
495 606
523 41
346 503
983 128
401 16
131 411
671 337
659 483
771 197
669 822
145 373
383 692
238 167
737 779
207 277
762 696
50 922
893 217
274 552
869 82
828 279
583 219
431 561
725 257
330 327
901 124
340 673
430 665
716 45
824 311
93 117
63 732
336 609
903 677
989 56
795 533
462 962
645 780
477 609
502 126
533 58
755 440
597 333
950 443
482 249
324 622
95 350
832 498
564 106
443 673
139 596
119 692
655 16
61 150
518 344
568 712
355 453
889 950
612 517
194 273
571 96
106 695
758 463
456 708
819 775
118 427
924 372
185 524
745 186
313 575
167 290
450 620
429 197
838 13
856 937
216 852
658 841
103 879
612 37
789 752
888 602
513 503
754 243
830 232
327 769
618 786
885 842
519 223
149 658
222 43
381 275
329 753
115 957
807 279
592 907
815 656
239 476
670 508
63 893
776 933
604 180
129 11
522 108
419 287
889 673
793 466
633 306
982 245
373 662
233 377
882 705
759 355
796 185
755 207
876 937
548 570
473 586
390 746
687 142
372 116
818 64
737 198
296 745
247 246
581 328
867 602
54 748
372 848
737 616
464 258
710 758
261 224
364 102
174 405
22 315
825 933
252 187
794 674
6 574
176 868
500 569
104 12
627 864
144 252
386 342
447 969
128 875
318 633
635 530
381 619
903 120
929 368
591 599
341 345
121 129
265 315
335 481
741 587
310 790
813 388
161 662
913 577
435 15
882 437
902 268
22 747
976 773
902 940
434 219
918 513
432 253
707 997
427 266
81 887
209 384
62 424
255 765
215 662
952 950
244 240
163 124
38 92
931 914
449 431
956 726
53 169
669 214
907 685
344 997
418 25
379 902
32 610
188 519
153 606
251 989
967 120
481 95
81 91
269 758
450 815
461 290
438 27
763 188
877 132
516 408
281 640
58 513
827 386
118 888
877 99
107 897
382 983
557 797
144 862
810 656
330 949
947 502
341 156
437 655
297 288
378 21
380 353
511 484
831 327
66 957
722 643
40 801
291 775
232 545
667 704
223 157
388 849
4 556
159 187
255 464
916 995
176 362
938 555
162 961
565 374
480 774
277 28
739 266
255 702
384 386
934 893
51 88
497 29
405 912
11 242
773 103
884 911
722 36
184 108
977 387
479 556
862 13
963 811
737 888
167 675
542 472
124 621
705 401
834 27
588 53
401 544
33 707
100 762
371 208
982 12
459 35
781 278
454 913
293 972
358 293
204 505
172 227
889 482
134 450
707 518
593 3
333 138
191 486
722 611
553 35
205 186
147 558
853 189
585 761
757 469
659 150
788 644
312 798
940 510
312 901
96 181
653 402
1 576
222 828
134 82
36 200
54 45
741 461
301 188
829 419
921 290
117 683
978 710
395 984
907 84
595 602
516 244
428 932
429 513
531 915
967 171
360 73
453 969
926 537
964 10
716 712
771 667
138 155
574 682
12 994
565 538
695 926
294 601
500 412
111 823
785 71
174 745
553 961
545 932
605 495
227 668
259 963
813 743
684 676
361 975
525 377
680 44
247 751
836 592
708 247
187 506
451 413
562 98
686 644
63 98
279 816
861 916
3 970
460 98
820 841
631 917
183 499
179 888
358 598
75 319
384 85
571 642
381 562
239 524
285 360
555 790
479 957
159 121
523 983
946 558
887 745
762 905
238 561
58 359
75 236
219 266
498 690
8 139
77 598
742 590
864 770
750 24
11 83
528 969
135 818
756 965
402 433
797 333
459 293
453 124
109 924
303 336
133 963
835 638
163 355
309 757
669 222
880 245
681 287
241 909
968 863
459 972
323 905
564 286
941 365
9 594
851 102
283 337
643 714
432 597
505 501
60 150
490 173
484 571
103 925
549 544
941 980
361 734
682 351
973 563
638 805
953 42
863 397
987 785
162 553
142 85
281 821
860 416
381 597
375 269
470 510
923 988
22 212
844 415
383 192
320 709
864 702
221 437
164 147
849 306
433 752
730 560
543 948
817 366
942 778
693 11
313 858
646 904
823 206
311 739
933 793
126 548
83 683
630 993
227 715
676 339
485 467
865 68
685 582
204 814
203 948
102 215
412 521
575 635
473 772
375 937
89 426
508 345
640 974
792 923
958 970
562 893
934 732
97 808
141 284
766 490
659 964
261 438
597 253
184 714
23 343
622 219
404 574
476 113
568 45
829 681
397 732
102 718
983 611
478 82
970 868
449 284
770 367
199 20
461 675
175 704
263 25
979 924
57 369
495 153
440 52
764 652
43 781
568 125
949 831
940 939
203 220
866 514
886 922
635 552
491 774
599 846
724 439
862 47
686 979
448 246
860 80
707 808
144 187
442 618
717 182
923 538
333 275
445 781
488 536
570 502
751 410
41 645
690 989
369 966
456 110
104 543
781 992
318 813
206 830
539 131
911 335
223 301
247 456
187 242
977 640
714 108
153 569
818 65
985 958
241 1
967 49
72 107
662 288
428 545
498 877
810 417
179 737
897 906
880 230
971 477
231 657
492 295
664 931
118 602
857 724
550 573
672 473
43 214
244 630
868 338
471 739
940 615
227 164
836 842
14 338
267 328
717 436
337 942
404 351
173 344
68 78
768 5
740 560
199 128
446 534
731 467
274 212
150 357
936 656
626 42
531 516
908 891
750 465
742 774
482 256
608 579
425 20
114 801
846 238
474 445
253 581
137 105
335 790
142 111
522 184
894 508
103 135
641 120
711 158
335 350
620 417
573 144
76 692
124 920
323 232
959 635
510 857
65 925
429 667
522 674
110 639
83 121
653 89
168 733
110 913
779 101
618 402
582 407
155 400
405 735
818 773
668 93
493 623
379 30
738 308
615 902
582 51
46 499
406 546
707 97
721 62
688 51
200 514
769 831
13 331
955 287
716 25
458 265
897 101
17 60
173 518
275 210
126 236
986 309
357 57
782 423
760 754
254 594
17 964
153 529
876 978
476 520
559 389
732 852
796 67
532 6
71 935
132 438
200 794
202 706
700 748
954 564
855 354
160 55
681 30
213 286
354 911
878 240
387 886
283 334
687 386
125 898
289 375
914 835
151 390
500 913
92 658
325 295
434 647
372 843
215 161
833 142
491 558
436 182
529 58
928 56
121 11
720 7
460 557
312 621
146 54
636 900
175 346
65 414
191 394
269 566
629 414
171 767
211 564
840 545
458 274
963 929
696 465
801 673
505 467
707 8
155 253
222 603
246 736
604 847
373 288
631 548
650 937
300 243
313 530
740 318
66 749
484 733
437 990
747 274
195 949
941 671
10 17
400 462
340 950
588 997
796 56
240 531
94 671
157 519
904 24
270 347
472 126
966 662
864 258
703 160
988 679
513 533
657 490
325 387
613 956
943 717
855 740
77 964
552 237
605 292
706 228
5 621
324 888
619 275
502 631
590 172
115 401
44 994
250 949
52 792
802 822
129 159
727 848
461 825
765 175
829 379
105 761
132 261
756 927
688 836
872 779
368 658
116 848
588 231
442 133
461 587
113 239
903 402
177 910
926 71
750 762
983 200
800 536
854 694
720 673
356 884
463 566
839 112
636 707
792 440
414 183
108 455
56 185
375 566
904 750
61 964
295 387
635 747
402 789
208 662
502 319
630 444
935 965
357 598
699 468
623 819
471 434
957 556
140 526
534 685
538 52
363 396
32 763
677 442
887 174
142 699
78 865
707 139
478 686
775 614
37 332
421 146
178 5
577 246
310 451
958 14
899 889
576 866
252 47
652 630
345 156
22 552
876 566
398 525
511 479
223 188
652 878
290 587
196 301
922 974
689 248
721 787
294 733
943 180
521 913
468 441
5 473
395 917
615 439
114 889
107 933
991 650
774 6
512 662
562 557
942 365
195 546
277 885
198 779
526 734
997 518
149 38
751 448
521 305
572 675
907 243
323 830
14 624
342 384
871 590
870 337
248 723
946 527
502 917
149 368
665 341
481 393
47 187
589 654
497 16
520 524
58 218
32 679
698 35
802 781
217 619
868 314
232 762
831 195
80 86
178 621
140 734
839 352
809 556
266 622
272 66
130 632
773 270
504 633
873 948
554 971
900 518
491 590
930 856
669 603
566 646
452 148
768 772
139 636
359 605
505 447
622 427
70 634
175 771
510 955
496 972
689 264
416 229
166 936
751 554
695 564
479 601
319 631
10 293
485 154
66 115
654 264
515 765
579 928
225 626
812 261
281 387
520 883
965 71
956 578
847 608
119 76
872 198
709 302
861 46
165 488
301 519
132 498
252 693
557 934
132 27
52 610
880 90
971 497
174 91
886 977
39 74
630 634
159 276
588 490
374 28
963 368
22 530
775 757
793 825
241 706
477 655
348 331
534 852
78 33
871 227
49 752
349 234
542 126
970 492
491 164
40 59
26 435
989 99
945 770
316 958
68 37
492 919
543 891
478 656
766 53
315 593
158 691
31 616
303 655
131 854
487 805
512 161
626 908
619 333
838 411
822 445
338 593
127 195
786 402
345 430
678 766
870 941
528 355
529 218
972 553
221 971
308 299
580 746
301 70
155 581
693 242
609 303
947 723
598 10
391 270
194 366
673 952
356 938
961 35
986 78
604 608
188 157
871 164
853 479
415 2
231 944
642 601
811 567
944 55
785 926
952 399
646 269
317 517
799 575
499 916
709 761
734 975
528 485
694 283
234 912
738 664
953 201
438 850
21 347
922 996
352 807
641 767
436 180
691 698
439 268
834 261
343 783
623 469
960 600
75 995
463 465
172 871
583 873
711 709
873 434
120 49
402 89
925 347
200 128
368 567
685 243
365 283
345 894
888 867
441 271
162 628
859 718
98 217
470 955
715 164
192 393
562 333
294 189
785 106
660 318
452 291
244 586
516 672
673 895
744 740
417 711
782 528
448 736
84 322
763 157
323 545
805 914
814 782
687 209
460 63
591 390
491 742
580 403
740 509
945 372
813 633
782 154
362 458
71 987
541 427
294 511
731 392
367 258
395 654
509 744
646 489
172 742
314 593
461 933
537 987
968 534
449 846
260 846
418 568
250 195
828 802
348 370
758 905
487 835
729 771
284 390
112 352
919 387
966 718
862 506
222 822
327 536
157 661
160 231
460 934
316 15
525 569
444 70
314 176
977 996
379 510
972 35
943 892
739 219
39 984
46 378
250 713
428 100
405 731
21 183
775 309
733 571
817 194
340 399
242 159
425 382
774 172
16 697
386 85
389 224
771 380
482 40
610 988
431 167
978 289
8 317
236 548
480 351
889 59
28 760
553 10
74 264
231 53
644 979
981 301
87 361
667 197
236 542
430 894
115 809
708 29
469 332
519 763
969 759
447 467
157 32
593 176
755 538
704 292
785 756
819 757
715 527
777 86
790 76
714 522
766 588
873 220
686 788
782 505
708 336
959 747
637 308
962 191
301 634
400 138
246 521
687 206
971 29
215 208
869 166
893 122
886 281
868 265
120 767
744 350
132 224
321 398
232 932
885 592
425 523
170 806
98 934
454 321
736 521
33 8
816 669
982 307
398 454
795 918
68 986
449 599
59 899
214 781
568 146
720 974
652 981
521 577
20 780
606 359
512 371
106 935
333 381
125 712
814 731
641 845
787 594
583 647
798 262
297 184
983 199
225 948
419 379
697 882
340 974
428 823
836 28
846 431
42 891
417 320
774 871
254 507
700 160
614 123
278 43
558 172
661 196
981 634
963 89
776 906
794 36
143 680
388 504
764 630
643 522
674 875
185 476
650 978
630 240
567 963
939 282
886 295
678 588
915 672
898 578
265 274
117 527
102 483
981 993
625 394
159 252
820 422
306 130
578 726
68 596
342 256
357 60
750 100
801 482
829 343
175 701
944 766
14 492
964 358
869 450
418 712
976 177
742 532
796 883
516 764
909 537
191 229
640 922
821 974
255 380
426 963
382 523
125 578
741 290
287 902
609 29
860 625
616 906
11 159
56 690
822 214
288 455
630 878
938 911
861 542
423 355
183 378
101 602
615 857
503 197
879 648
311 427
195 769
51 907
517 33
678 997
85 699
939 724
899 226
100 696
858 530
541 266
949 682
947 39
848 770
610 440
374 277
117 83
311 434
308 571
15 958
190 97
55 748
967 728
858 600
179 595
452 526
251 99
661 763
649 446
307 48
185 883
169 231
541 622
298 450
441 40
562 210
492 316
640 821
272 749
380 701
682 826
197 380
73 155
49 728
226 441
272 809
403 286
763 679
104 230
630 70
92 956
840 830
825 675
929 280
676 994
123 775
990 497
971 410
923 755
101 872
901 453
319 548
980 734
806 395
391 773
262 5
666 488
171 728
209 271
581 962
546 536
504 560
748 45
436 475
719 621
754 51
882 544
542 995
742 404
319 947
334 854
716 748
120 752
559 850
897 31
623 614
170 248
934 122
253 409
33 344
458 237
851 966
5 920
978 269
599 151
271 249
518 190
886 821
219 311
226 384
383 725
113 847
960 420
543 42
375 856
777 430
587 675
89 786
945 367
161 373
773 64
101 457
158 628
392 405
82 298
216 934
212 362
777 894
857 663
300 322
902 857
201 543
738 733
88 688
992 222
609 437
275 432
863 446
618 653
451 62
174 349
310 725
915 719
861 236
708 448
403 106
499 861
750 905
342 271
732 968
639 456
94 361
225 953
776 825
541 118
160 263
450 82
406 666
419 494
692 725
473 178
385 401
198 906
83 946
193 330
55 890
207 538
767 845
123 309
273 817
815 810
346 197
63 863
447 154
698 540
866 199
721 413
403 211
991 937
997 173
376 920
52 661
642 181
472 995
875 643
611 128
59 482
110 246
629 378
388 632
544 749
677 786
689 487
538 28
476 883
475 604
365 140
738 299
256 899
837 665
74 248
46 916
69 434
276 83
144 159
170 984
248 395
943 604
985 970
978 566
66 544
434 220
451 383
794 643
846 561
346 729
723 39
773 65
318 744
425 866
136 81
194 665
26 492
912 501
316 985
94 980
804 799
59 443
412 639
617 604
504 813
299 642
704 429
468 386
634 652
628 553
341 194
348 47
44 666
403 926
422 578
739 220
264 805
244 531
292 533
906 933
138 267
898 568
92 149
225 42
802 214
796 690
506 144
500 233
679 440
369 371
520 579
663 470
351 6
21 270
571 168
688 754
371 373
927 706
833 874
917 723
985 152
451 257
174 205
327 193
570 723
282 753
503 292
709 540
168 299
574 713
484 294
843 727
305 412
703 890
892 180
37 986
616 72
866 2
425 199
604 563
363 79
877 27
325 886
654 689
728 903
697 990
358 17
521 448
311 266
763 988
951 488
799 635
850 648
444 244
304 285
537 71
932 750
87 941
671 140
891 326
655 990
628 540
429 918
194 396
650 876
25 568
543 90
445 214
119 451
883 524
692 555
216 122
331 535
787 363
346 765
898 726
315 274
519 993
400 333
342 85
948 42
549 401
527 83
809 66
433 967
108 722
403 954
507 451
430 837
157 993
838 331
143 666
25 421
582 688
397 852
967 903
307 994
954 580
136 887
557 619
15 919
765 701
279 839
417 784
925 879
874 111
413 254
882 655
598 17
737 101
952 114
523 2
686 134
586 764
258 515
984 74
60 364
61 972
376 759
363 721
326 471
232 823
4 957
936 478
471 873
151 286
321 495
6 480
889 40
816 603
152 176
872 457
366 79
482 899
832 99
313 420
317 900
62 79
423 453
988 440
575 600
691 302
981 519
557 34
160 944
385 115
369 102
304 625
531 586
5 719
395 947
216 732
937 930
204 501
959 22
985 435
386 271
406 327
623 309
249 226
169 703
344 636
467 782
153 321
146 125
437 303
891 953
551 683
833 827
756 987
201 626
103 648
790 192
113 436
528 447
507 383
573 47
729 704
561 547
305 736
447 782
792 565
851 57
473 531
899 114
369 208
728 789
192 119
691 761
684 951
70 240
890 748
932 696
470 857
921 741
356 350
268 615
756 537
987 927
650 930
62 257
158 698
83 129
57 718
125 613
73 328
75 126
127 826
275 597
735 745
871 532
169 190
41 780
257 119
600 329
612 317
304 191
352 816
107 466
286 591
729 197
465 758
329 724
455 184
856 991
674 184
304 860
700 421
852 863
913 305
344 8
720 950
111 830
585 709
890 54
597 210
308 664
129 551
124 719
696 750
437 16
306 730
809 549
7 281
490 97
622 867
133 618
683 11
544 809
801 441
294 881
491 227
329 804
454 577
715 558
897 466
421 45
485 423
134 815
94 526
106 926
380 729
749 401
723 395
826 351
721 366
564 746
552 747
431 572
98 893
52 923
684 230
229 285
525 321
276 693
189 235
391 347
27 389
496 553
395 631
325 26
561 167
986 469
561 141
919 435
801 889
841 613
811 38
896 841
516 586
737 31
994 48
505 528
180 973
464 701
136 845
610 763
908 69
619 210
132 834
797 210
241 202
7 640
529 525
724 282
589 689
291 975
946 147
428 607
562 619
88 592
91 405
137 417
310 383
140 94
362 237
364 77
327 791
782 501
978 463
600 804
580 286
195 682
842 754
135 803
209 699
298 656
248 264
266 647
589 638
189 96
812 910
254 257
267 73
496 158
462 73
623 148
177 438
793 290
192 451
456 554
352 603
560 633
926 965
623 291
791 666
168 308
20 415
727 979
272 957
837 894
508 86
574 127
382 36
850 389
154 759
26 919
419 30
643 674
295 26
637 738
547 846
647 220
314 237
945 464
487 914
518 8
729 175
857 940
508 194
909 706
480 532
646 289
539 13
644 134
38 567
395 39
416 625
822 474
625 670
245 230
829 470
880 12
977 325
338 176
496 162
784 105
387 50
981 630
682 480
814 467
769 949
671 365
95 76
744 855
568 896
642 96
484 96
916 378
410 609
979 82
262 920
202 909
257 507
204 731
606 533
820 613
443 720
147 668
206 142
109 644
253 462
824 118
725 451
781 23
710 24
281 340
594 79
390 599
817 79
595 888
946 668
23 43
453 376
43 822
40 249
238 572
48 951
620 166
480 404
835 637
475 617
509 660
739 434
813 632
607 874
651 830
697 705
856 289
79 396
611 514
227 147
361 452
462 267
631 126
300 446
876 375
586 672
457 779
112 973
787 79
271 468
165 193
113 579
688 760
765 771
393 310
670 777
277 538
912 392
65 347
549 385
584 770
420 575
328 409
502 723
540 711
248 806
146 898
962 360
357 17
817 363
459 10
742 351
326 42
443 114
702 584
483 364
524 796
959 530
862 573
308 835
30 494
20 2
987 241
4 189
483 57
571 738
355 901
476 524
590 404
910 27
924 843
942 19
324 867
498 261
319 570
548 75
690 185
592 688
274 959
291 614
940 268
699 384
558 164
339 245
24 463
535 411
917 984
892 617
273 156
844 2
145 512
4 511
539 838
840 932
362 314
955 268
164 774
110 448
278 445
116 843
960 799
48 676
977 50
602 179
537 935
274 237
857 955
98 122
60 57
431 260
439 857
561 390
690 99
270 378
423 163
760 885
160 748
366 424
134 869
863 122
927 909
410 247
498 989
839 807
254 424
165 327
534 84
443 952
594 62
288 512
345 670
834 251
961 628
397 968
700 703
605 513
680 406
392 735
409 191
668 558
826 574
371 288
801 899
943 847
588 169
664 805
142 651
517 68
892 839
786 653
90 104
432 210
709 417
992 822
339 951
591 211
820 280
653 433
110 736
800 680
277 755
636 517
909 645
464 515
484 189
496 698
405 501
733 181
692 790
805 589
447 355
761 302
346 704
563 180
495 18
88 836
576 780
407 243
686 109
748 25
31 107
371 215
156 396
681 23
39 806
223 634
917 570
415 1
624 3
340 640
54 55
965 695
883 928
608 436
702 515
83 551
266 118
18 153
666 800
901 798
671 942
426 618
600 753
112 617
103 976
229 860
584 627
641 171
102 60
263 45
34 893
378 414
145 184
627 702
831 546
771 346
251 796
735 91
300 84
872 888
472 629
485 505
105 417
489 269
768 408
457 867
778 19
442 426
800 44
282 804
353 255
202 415
940 329
654 39
335 95
559 910
946 715
712 45
907 407
288 714
969 154
9 194
500 454
970 338
486 962
170 947
479 294
954 599
479 4
349 81
602 324
205 392
801 952
908 203
580 965
469 37
293 964
18 58
624 985
366 273
984 947
601 181
503 704
316 295
442 567
660 633
688 907
781 222
268 724
761 320
837 341
885 538
102 966
355 969
555 354
350 855
585 417
257 383
984 723
88 28
457 595
30 287
908 42
235 957
617 973
8 517
975 493
115 705
509 884
449 141
730 509
497 221
810 320
329 439
745 136
582 243
976 879
47 539
577 412
107 616
681 494
854 535
694 535
737 897
384 271
469 775
712 613
135 879
343 445
378 861
932 905
557 98
92 820
744 354
616 779
140 361
844 645
360 328
134 298
657 53
514 128
835 931
109 848
978 930
626 543
183 270
131 694
787 424
309 614
579 883
207 792
414 391
851 369
728 653
619 460
146 418
422 613
285 80
514 983
666 680
636 808
93 715
169 944
710 463
763 223
555 95
629 21
669 802
22 458
713 193
303 971
286 211
495 218
661 32
462 409
960 939
420 858
931 308
843 109
870 854
91 745
255 515
651 545
4 853
679 157
353 729
793 776
915 178
561 260
95 354
848 584
189 479
40 443
525 454
961 10
691 496
583 311
607 833
475 973
304 486
393 790
73 962
719 262
44 676
783 23
48 44
501 467
185 67
406 165
769 165
784 166
143 406
925 818
989 796
22 274
6 404
929 811
721 79
198 31
802 816
332 757
861 629
533 218
487 589
259 567
128 425
943 475
284 547
238 260
3000
252 665
703 941
382 573
501 93
492 49
629 434
838 631
130 566
639 495
584 334
59 422
85 229
967 840
727 717
434 601
270 223
756 116
90 819
226 931
637 617
667 900
652 330
824 372
362 345
345 830
32 961
869 616
369 704
556 375
440 975
669 606
561 719
941 140
474 455
997 65
651 410
573 517
415 102
162 329
537 131
491 758
520 771
193 562
142 915
546 954
311 340
426 54
175 656
145 379
819 976
398 234
422 47
852 738
759 586
262 930
887 599
359 668
332 895
760 472
830 602
163 947
250 769
150 678
64 487
558 992
958 76
66 729
927 321
184 263
832 903
158 448
629 120
507 966
660 159
896 105
269 859
454 246
728 72
128 794
916 843
459 120
126 549
657 84
367 720
991 870
66 51
153 179
430 213
554 977
281 854
589 640
139 424
942 959
28 83
870 287
462 607
312 34
419 425
938 755
986 832
484 593
592 849
860 315
741 382
985 734
722 686
125 740
44 823
661 437
204 480
916 319
422 323
94 349
194 528
502 187
115 931
380 485
920 462
789 368
649 832
684 403
389 745
362 712
120 520
258 457
775 113
747 918
560 739
519 353
201 780
64 621
621 6
851 461
245 862
456 940
760 332
803 288
621 479
762 696
606 696
901 840
761 184
858 131
398 278
799 618
638 595
827 29
395 444
830 362
609 512
928 532
863 966
995 927
698 546
741 975
850 618
958 92
219 376
870 127
385 233
917 505
152 762
672 988
713 918
920 197
996 316
455 694
943 183
334 568
71 404
831 38
935 913
778 114
205 347
163 161
778 176
561 799
392 732
529 168
220 927
789 210
604 945
763 946
600 466
289 887
481 359
944 796
788 710
489 420
843 865
400 383
820 546
391 7
399 745
753 160
726 785
741 763
675 833
49 748
960 694
384 356
414 851
148 576
579 275
907 680
238 658
900 912
271 394
955 360
200 461
713 18
369 467
22 729
8 409
670 330
857 777
81 732
456 867
859 333
162 496
771 821
181 661
690 411
684 20
940 634
146 791
701 390
980 768
836 892
3 135
433 691
832 224
831 681
672 34
953 374
348 765
434 520
490 398
189 241
671 429
5 669
499 471
148 744
286 971
147 115
512 606
358 617
173 534
663 681
444 624
239 36
544 507
183 834
109 547
716 977
368 188
543 416
496 235
587 987
726 730
251 582
864 377
593 494
980 74
745 103
201 62
739 619
387 234
768 275
354 631
168 574
945 974
597 63
705 576
39 400
642 757
123 307
795 882
585 363
964 62
961 219
79 335
468 63
537 374
623 889
43 692
539 52
5 762
30 245
400 122
226 469
768 75
503 312
524 100
964 254
796 617
645 165
343 580
595 39
939 697
858 110
551 632
747 18
43 599
537 110
24 435
532 375
653 936
151 69
669 152
141 45
17 228
796 93
123 576
252 594
414 837
73 717
839 228
125 730
699 448
333 302
859 454
603 247
816 128
292 342
174 620
911 825
889 745
797 967
777 577
617 501
399 423
837 855
662 250
854 908
270 683
102 483
545 712
820 939
188 789
755 902
264 852
181 587
302 851
456 630
780 271
364 19
156 972
908 654
73 753
145 646
211 904
4 7
324 421
1 861
800 30
285 366
677 544
925 225
879 835
408 246
355 390
941 357
697 583
465 707
446 415
760 438
565 438
252 246
154 590
784 85
470 585
677 732
236 678
217 263
609 438
309 814
70 767
943 243
944 759
485 290
489 877
570 249
675 343
199 751
103 889
599 289
273 765
748 493
337 67
622 246
344 815
71 44
8 929
212 817
186 976
731 920
609 669
379 935
293 617
989 343
301 400
437 986
856 148
169 181
199 760
511 13
907 990
356 809
794 674
682 896
517 741
677 984
627 329
317 281
687 859
138 91
477 357
759 239
735 79
932 656
944 122
684 486
448 781
728 849
43 165
669 512
857 217
523 518
287 127
994 58
724 940
524 758
573 763
579 114
626 121
184 706
776 588
189 146
258 530
74 795
23 609
481 838
643 189
356 211
681 463
575 295
477 909
810 480
720 256
540 743
456 339
23 199
526 79
461 265
8 574
929 296
483 705
911 99
757 220
574 296
431 452
269 687
631 421
218 81
251 963
450 569
401 961
191 582
558 606
801 111
540 983
141 159
183 243
11 925
913 555
974 881
101 433
74 725
814 442
362 742
955 15
606 152
413 652
82 111
527 315
873 303
270 14
870 478
408 911
103 389
293 93
321 923
807 895
808 101
683 828
136 530
88 572
880 354
105 41
913 399
887 645
569 365
559 977
485 42
418 94
375 17
485 997
786 966
940 630
28 96
85 32
101 525
775 610
635 87
297 150
192 976
138 927
767 794
330 718
437 169
125 489
956 70
575 308
206 410
522 770
95 513
363 217
543 488
209 740
649 864
413 955
222 685
812 186
593 235
562 848
197 753
995 923
280 181
97 633
880 714
279 364
978 570
103 679
101 129
745 608
606 609
853 81
46 224
600 442
586 501
446 938
931 684
367 337
442 427
791 629
981 701
906 825
820 703
297 456
132 774
535 605
541 373
900 806
577 761
856 756
310 906
99 906
535 824
974 611
668 424
539 962
629 601
645 191
41 919
717 633
325 632
53 882
183 9
135 137
879 819
777 563
265 414
733 319
442 78
642 794
201 248
6 56
695 75
676 380
969 5
924 915
279 19
974 790
287 893
65 960
541 848
806 390
332 378
284 474
325 551
174 35
237 229
337 458
546 140
702 406
987 517
612 155
593 432
309 457
379 953
11 405
637 93
591 179
211 40
558 762
322 479
972 702
759 796
431 511
229 533
129 808
94 793
520 791
796 501
494 137
878 146
897 282
943 938
662 769
651 810
979 389
610 445
578 872
644 68
868 882
241 722
299 212
83 507
973 713
973 747
136 309
545 291
503 738
987 169
483 439
479 521
189 721
566 195
664 167
893 843
62 757
581 466
427 295
830 890
833 388
13 15
889 440
112 911
246 333
642 674
916 893
866 43
244 438
193 45
486 625
972 951
805 72
761 706
616 640
835 90
685 655
704 206
187 783
516 711
36 39
677 505
648 124
996 45
212 273
187 249
549 241
234 864
835 812
99 665
142 110
639 312
779 151
701 900
410 369
730 273
465 584
367 12
322 968
593 196
469 625
221 974
507 96
436 904
403 773
171 545
918 285
620 28
163 605
902 447
724 253
27 729
181 802
762 606
172 356
21 409
619 236
945 715
48 374
388 4
559 315
454 252
389 975
364 696
155 917
743 983
983 626
589 60
121 983
811 71
430 107
585 761
365 140
118 335
704 551
226 619
155 818
674 792
463 292
290 380
145 502
663 342
738 264
862 800
275 607
265 758
620 35
877 499
663 710
770 59
414 67
283 120
846 598
326 617
957 19
920 160
344 871
696 669
641 422
573 143
575 600
675 774
812 192
51 153
45 562
559 245
216 50
173 913
22 518
635 233
464 982
438 749
28 612
532 95
666 15
992 364
505 174
499 420
67 458
370 789
61 195
213 738
778 74
527 958
165 963
533 219
93 288
102 746
527 711
892 822
991 171
702 447
72 429
875 203
799 850
817 299
828 151
890 545
276 635
422 129
910 668
316 159
161 535
504 342
592 728
828 827
301 944
420 877
867 940
847 840
949 614
1 535
726 273
516 958
54 814
91 371
760 749
766 950
208 578
303 968
601 791
270 952
35 336
955 511
509 704
922 503
508 598
843 127
44 588
393 728
110 915
526 86
678 339
988 107
575 513
816 274
331 936
566 965
842 451
349 118
929 21
911 906
169 417
64 108
949 202
733 397
5 152
577 510
24 407
979 517
730 316
174 119
204 632
954 703
156 352
414 12
399 571
557 110
242 425
529 861
100 737
596 415
597 788
463 468
166 274
451 31
831 91
17 590
210 405
284 930
627 568
667 912
605 1
389 826
310 419
967 787
93 358
411 283
985 369
449 284
335 793
575 442
289 582
113 473
273 104
763 987
853 346
714 823
718 299
829 553
165 294
353 492
423 571
594 906
429 884
202 572
698 939
450 954
20 619
836 113
395 735
40 584
781 533
245 977
926 616
931 619
456 648
341 865
807 332
157 871
456 150
967 498
386 871
507 853
679 889
764 29
581 888
343 164
252 622
225 298
204 595
983 134
394 201
875 813
922 264
713 361
462 846
700 447
693 961
909 266
140 909
796 326
485 676
947 605
220 780
78 750
82 799
215 785
336 611
825 665
420 209
652 407
789 841
205 91
32 158
262 44
671 849
156 702
926 525
9 902
813 916
844 214
707 904
47 59
191 165
972 476
869 500
692 699
755 9
554 711
520 945
689 469
267 643
209 125
966 157
523 22
10 458
327 242
854 884
402 556
238 816
970 40
87 659
880 359
839 590
959 2
156 691
801 719
550 408
811 449
808 926
725 203
815 351
300 150
967 918
722 690
405 925
935 555
58 107
621 108
625 20
177 841
456 180
289 165
214 666
918 18
788 26
420 996
746 576
735 754
798 416
234 803
374 570
118 526
257 490
264 503
474 262
423 745
566 451
868 795
154 228
586 358
963 289
314 487
992 279
111 719
703 546
94 644
302 454
494 432
6 873
345 742
272 900
76 495
924 557
162 627
643 241
272 915
232 949
557 272
512 5
684 226
692 781
416 919
790 715
483 136
915 537
276 87
756 596
793 644
529 296
579 725
357 140
218 157
494 135
404 880
727 241
221 715
496 484
817 104
193 141
321 542
923 138
435 413
298 3
44 714
712 171
495 185
344 914
685 939
55 602
979 763
664 372
272 142
546 357
688 565
769 210
279 883
537 142
36 464
739 625
344 366
207 562
339 115
695 598
493 385
495 92
979 440
586 293
98 928
271 248
46 649
718 726
647 675
320 170
12 337
418 793
324 359
908 259
670 407
541 657
590 228
795 53
387 490
335 526
251 165
699 43
122 982
594 269
46 280
215 726
326 301
865 397
936 670
606 688
425 572
305 479
962 968
637 709
833 170
809 260
903 437
381 220
723 822
662 962
361 973
501 326
485 644
858 374
200 302
965 50
522 551
350 161
901 285
445 77
224 932
37 515
240 259
109 178
718 817
336 443
576 37
655 430
815 386
387 637
722 117
419 327
540 592
772 76
317 884
338 500
481 631
53 203
256 905
714 449
27 977
88 937
380 474
589 156
467 632
807 749
673 678
951 208
673 147
767 166
96 853
135 432
318 800
680 990
628 566
472 565
468 184
2 927
39 383
333 622
374 783
861 168
437 802
470 510
303 6
815 498
245 27
873 621
554 76
467 734
261 167
346 966
972 447
708 183
66 862
8 724
691 198
345 712
616 198
925 841
960 485
429 393
626 547
715 520
638 552
525 352
230 861
126 643
419 614
495 711
330 104
325 509
372 350
372 207
459 715
908 445
341 991
636 879
988 213
746 116
957 364
993 186
853 144
417 802
518 591
347 463
919 828
121 4
10 31
682 355
701 682
565 609
837 524
990 401
278 377
487 470
944 586
301 239
262 284
450 697
444 86
867 630
74 813
387 288
25 871
950 448
620 984
856 123
278 932
891 530
642 201
302 758
910 421
225 177
29 223
747 680
704 632
476 156
879 113
205 321
788 263
851 758
690 189
151 412
910 838
680 973
292 663
411 146
176 203
847 747
600 295
935 145
835 473
737 302
563 510
827 919
291 870
296 168
923 381
157 346
538 239
576 756
434 771
678 689
160 197
460 194
509 522
532 402
805 743
762 364
188 250
124 21
623 745
550 825
490 234
46 428
37 116
40 707
648 929
216 965
661 280
888 466
961 229
477 941
726 740
761 217
563 577
684 739
107 655
375 888
410 734
878 722
773 560
533 85
871 498
494 3
953 187
751 749
396 846
270 779
997 804
397 893
269 622
886 546
33 772
886 939
483 530
502 978
573 946
794 441
182 278
799 993
214 735
131 783
869 338
46 278
407 435
774 170
251 289
981 798
675 170
466 95
541 84
707 839
350 84
861 16
53 875
822 90
493 49
934 799
142 858
418 526
540 553
339 300
540 429
589 616
944 383
993 618
710 342
992 5
13 876
865 733
442 54
864 182
970 436
988 655
167 193
610 654
879 473
9 938
302 461
176 114
373 657
417 437
676 284
86 79
344 498
504 38
836 89
137 627
587 143
909 941
341 893
281 728
844 452
115 150
415 856
142 131
223 779
830 291
317 77
624 79
646 502
782 789
337 10
978 110
75 275
545 991
719 812
527 76
634 124
1 567
412 41
352 616
185 516
587 169
464 39
431 413
586 617
952 602
104 765
104 726
795 176
608 389
635 49
654 854
613 178
171 898
206 204
613 247
448 43
407 431
661 903
157 948
728 884
578 902
200 100
912 915
137 196
647 580
302 859
432 615
58 939
904 154
873 231
364 969
344 386
487 873
949 523
952 345
30 51
84 207
108 968
795 114
47 770
920 598
923 959
533 950
394 792
115 678
111 618
816 166
37 856
921 62
265 851
224 986
931 673
497 770
46 656
48 557
725 176
985 480
968 80
882 875
936 435
581 750
299 765
775 822
459 283
885 291
290 418
530 746
472 749
752 20
577 585
168 21
56 873
419 572
105 488
216 164
505 544
784 229
716 315
46 175
371 504
774 833
501 759
818 736
112 572
682 282
469 115
369 480
213 672
288 234
358 501
662 52
427 750
775 836
711 958
402 839
276 492
457 136
218 25
754 86
817 273
395 526
50 451
190 33
244 688
100 333
48 915
684 619
371 663
238 956
36 122
729 318
923 927
112 99
705 856
77 671
780 62
499 261
23 152
340 422
204 410
614 242
68 444
746 258
132 164
942 347
267 686
895 635
848 664
381 921
139 631
550 906
174 818
383 552
50 195
569 139
573 741
720 842
786 507
3 432
454 758
610 259
159 996
786 677
862 315
831 347
134 391
392 81
258 515
133 34
32 950
558 688
248 441
404 359
676 474
223 602
625 226
467 551
791 120
234 709
193 471
209 730
637 564
760 751
403 625
304 885
28 505
940 648
271 220
609 688
763 382
780 964
14 874
305 188
486 469
226 236
487 231
315 30
413 653
317 429
282 806
820 357
426 457
129 506
207 350
36 400
432 260
211 384
652 348
409 168
133 213
492 659
306 133
788 468
120 790
699 158
32 781
459 974
166 956
476 869
301 122
626 829
566 256
614 327
34 852
125 316
130 842
957 268
844 876
601 283
450 477
717 194
934 192
357 450
552 651
802 587
28 917
765 331
877 660
774 247
19 969
905 367
636 822
268 582
514 112
786 144
621 303
453 912
743 553
942 371
603 989
205 959
495 516
995 381
283 791
453 272
955 13
87 751
146 722
177 432
584 172
74 882
667 557
591 523
348 331
912 971
514 572
250 789
96 786
357 569
112 310
462 731
176 980
628 256
770 422
85 950
64 873
430 852
777 217
233 492
92 554
303 521
754 624
290 94
877 141
279 548
973 376
1 163
848 193
365 941
497 323
857 761
482 235
50 580
367 256
820 698
20 486
149 712
253 929
196 162
914 25
439 891
655 698
1 947
335 444
327 523
863 346
482 162
381 254
970 590
190 503
505 984
673 115
620 443
276 807
591 318
650 567
611 604
569 140
14 29
37 136
147 339
172 384
858 187
397 916
64 314
513 427
153 591
205 138
253 630
423 889
549 686
67 837
87 899
938 307
238 166
865 304
166 560
941 569
224 649
57 704
657 350
71 776
311 506
256 130
522 467
954 357
48 537
554 527
346 732
573 975
825 99
82 801
709 288
746 515
812 934
757 271
792 128
994 939
444 526
816 767
506 525
270 29
200 859
612 917
792 642
377 932
97 753
319 813
352 433
708 446
340 641
830 712
925 615
795 725
496 809
666 13
685 58
517 143
840 914
292 706
341 885
910 354
505 620
596 307
157 81
871 914
803 257
311 641
681 468
577 217
524 851
568 496
775 636
994 685
985 410
33 531
139 477
894 105
682 543
714 421
35 604
800 591
340 323
281 671
262 588
515 483
439 515
7 743
140 477
909 139
496 329
470 577
297 867
428 932
925 210
294 692
900 557
618 82
628 61
118 418
931 236
953 783
179 518
509 323
678 469
750 513
158 781
731 160
54 308
325 522
790 520
823 359
236 150
25 351
548 883
41 69
876 754
648 253
54 575
389 440
753 920
799 186
667 924
890 712
487 510
118 94
801 850
148 116
355 806
344 25
411 878
24 652
325 734
975 979
680 237
725 980
181 903
775 892
195 845
951 702
320 388
178 134
156 500
736 119
594 687
319 868
981 390
86 624
901 713
899 492
457 515
835 934
281 89
19 268
827 69
401 907
892 610
534 555
804 960
409 929
267 727
739 773
69 828
321 347
124 253
636 90
106 595
914 498
804 65
793 349
34 922
358 564
179 800
755 872
224 175
369 204
221 604
306 312
152 558
206 734
959 927
561 801
418 68
956 767
61 50
496 627
487 563
961 766
266 631
996 499
326 759
479 539
918 901
769 52
16 1
881 611
113 610
975 277
195 989
306 672
335 624
324 823
990 361
320 613
950 784
681 63
75 778
327 425
503 531
894 897
109 170
610 836
855 851
467 985
493 233
21 253
444 79
906 408
202 937
232 153
136 258
922 531
229 693
579 508
351 871
396 607
758 100
430 672
788 184
721 686
67 855
97 528
630 634
773 816
590 707
924 971
424 354
665 594
283 629
251 645
376 747
426 295
752 767
284 776
245 554
785 660
506 926
179 318
478 885
708 834
69 255
536 633
489 141
729 30
630 297
567 230
978 131
19 582
40 334
595 480
422 506
938 700
412 69
641 497
176 74
883 696
365 266
365 909
127 397
360 407
123 415
33 264
707 228
309 54
956 658
555 173
986 175
766 781
238 794
121 547
471 141
476 578
959 91
826 975
947 161
388 613
690 601
639 503
388 178
969 883
901 366
106 464
30 318
100 461
313 633
662 305
491 461
700 9
815 797
455 811
348 330
879 723
574 605
736 821
888 98
421 481
646 953
375 590
294 645
810 106
137 809
813 53
167 562
570 858
315 27
8 296
358 288
871 948
199 688
161 824
616 433
313 73
57 734
899 49
772 495
385 353
403 752
453 701
846 695
990 747
12 458
312 190
275 114
255 105
149 830
283 790
731 396
303 80
417 475
441 201
769 368
742 602
268 251
839 556
305 521
341 304
971 453
313 717
437 587
548 582
888 17
737 265
240 854
704 467
994 988
714 324
499 45
735 876
982 810
192 835
260 196
219 693
440 826
316 209
892 819
423 173
182 257
314 621
727 460
590 402
965 451
398 182
978 783
205 942
245 527
352 589
10 905
897 286
423 608
489 159
873 314
850 812
848 207
615 298
268 963
989 845
714 811
994 583
595 552
163 861
400 239
132 580
613 774
538 586
933 720
647 343
611 821
524 855
747 901
209 215
838 909
197 396
378 895
578 406
38 347
53 733
230 574
997 694
515 136
104 299
808 506
807 659
77 259
97 160
139 365
403 739
818 336
794 70
448 294
181 417
595 982
975 679
69 416
898 291
589 433
462 695
241 686
556 888
315 977
88 99
7 829
282 390
603 647
329 384
392 786
293 501
790 771
986 661
399 555
72 829
703 357
129 311
101 227
182 932
377 490
614 202
203 882
146 601
466 750
715 821
246 859
422 497
741 946
765 718
528 313
311 101
863 853
808 641
194 97
496 172
363 563
922 312
924 900
699 32
38 542
702 500
395 349
572 310
878 117
545 362
39 638
978 374
905 458
783 379
894 355
824 373
325 206
706 26
11 615
117 690
735 844
986 802
541 562
887 191
397 53
793 42
921 757
791 411
226 678
550 911
526 349
563 231
823 588
317 728
385 519
787 840
522 323
666 360
607 768
887 582
261 848
103 399
822 819
308 427
473 636
228 556
601 722
738 34
738 312
30 716
341 870
89 654
850 561
563 56
910 139
507 732
924 272
69 919
922 738
874 683
316 489
301 759
807 635
474 694
373 650
896 543
671 317
709 803
102 515
491 859
148 596
735 624
587 946
948 81
519 233
630 180
739 226
479 968
433 227
933 12
743 134
52 789
988 852
89 445
628 451
465 40
743 121
979 679
478 991
718 104
640 926
235 260
185 190
117 146
895 751
782 370
491 100
312 33
194 73
46 832
30 27
866 699
218 351
20 403
949 242
220 995
928 888
222 939
820 450
713 847
72 553
957 582
782 250
370 405
511 435
243 834
856 596
221 821
509 57
716 245
827 412
119 155
205 923
151 29
902 208
463 38
22 153
503 185
429 240
305 80
887 251
18 376
970 465
294 599
439 309
180 867
602 149
811 324
31 256
14 779
754 15
153 242
648 634
164 675
571 145
710 597
907 693
378 87
598 607
974 821
523 232
236 689
510 314
646 534
711 860
550 88
80 521
689 226
521 322
663 63
267 721
941 139
896 894
330 817
823 71
626 805
108 80
987 382
768 579
247 647
2 205
133 738
144 677
424 631
867 339
43 294
338 156
885 898
852 213
419 949
384 334
50 845
230 529
218 344
846 579
143 475
384 584
300 673
386 157
640 227
274 20
728 671
298 494
207 657
450 140
659 233
583 698
389 679
964 921
936 413
202 425
3 225
357 909
24 653
205 542
955 431
578 972
26 263
468 292
676 997
469 931
989 164
488 896
554 860
364 268
121 320
322 80
764 14
394 248
222 954
825 622
763 143
899 749
685 107
81 386
965 195
345 602
144 392
72 592
141 420
27 559
350 650
428 832
483 746
143 417
894 798
579 778
322 962
183 872
217 563
967 847
783 570
492 748
647 164
309 530
858 537
369 106
581 600
852 672
140 703
774 647
545 898
92 711
626 391
281 240
218 346
103 608
17 839
422 311
710 292
903 986
459 771
264 34
304 843
862 30
456 147
612 544
433 926
534 502
7 547
172 568
761 777
310 88
666 754
786 853
219 229
293 288
677 83
705 116
83 917
274 560
697 546
744 943
112 937
610 908
28 544
471 261
131 915
517 826
946 382
932 257
43 781
561 618
81 966
994 107
493 353
887 165
945 459
753 536
212 730
307 708
509 770
594 622
92 772
182 46
232 518
693 401
267 126
73 528
835 976
80 479
694 262
257 398
333 252
386 863
708 744
177 11
221 736
945 790
162 137
43 645
921 271
10 720
842 31
223 14
144 96
18 907
838 365
913 534
428 377
551 57
23 565
377 182
186 850
13 754
313 549
407 936
94 68
362 898
751 472
827 151
310 99
724 124
653 331
829 393
538 944
149 223
328 765
957 969
293 564
340 509
450 941
588 811
85 766
14 55
568 356
96 732
556 154
622 687
698 886
505 83
499 141
135 593
385 748
148 446
190 639
948 346
455 449
123 756
128 658
764 270
994 698
228 904
846 607
636 976
608 571
334 436
288 564
250 962
880 324
373 163
343 603
420 316
246 594
219 784
615 135
624 349
417 661
36 638
322 108
937 419
249 978
409 724
768 74
188 322
60 972
663 38
952 712
956 794
838 266
62 271
387 358
416 105
484 162
304 733
783 858
618 801
901 787
933 524
850 934
482 496
78 575
6 487
241 126
516 860
814 426
378 635
298 593
686 117
831 371
483 258
147 150
484 809
683 919
772 190
77 89
508 695
119 221
73 460
266 477
336 119
331 652
214 754
400 944
281 77
412 488
15 876
652 936
534 249
479 962
550 112
354 481
919 488
359 71
91 923
587 382
351 797
172 436
797 914
481 880
760 244
153 523
494 615
497 47
668 481
690 146
670 24
410 810
682 897
811 776
992 762
338 352
965 130
776 455
236 673
274 956
808 311
452 15
247 170
396 462
293 759
514 202
426 309
75 579
198 589
626 134
326 586
740 730
270 55
3 177
558 969
528 727
24 413
663 468
729 716
682 286
127 893
853 392
191 599
199 565
60 500
987 143
531 772
892 445
687 252
949 572
628 31
228 465
920 97
535 373
25 386
805 7
834 9
676 694
919 412
797 498
583 685
905 933
654 892
876 666
883 19
262 455
216 343
924 390
113 822
778 768
652 328
543 41
336 881
65 42
567 163
209 877
200 454
328 670
148 307
673 689
96 677
997 960
880 421
285 797
869 352
84 664
627 235
404 668
673 150
899 378
397 843
403 560
490 564
367 628
670 652
297 673
155 443
406 902
844 666
258 37
86 735
530 426
594 408
644 42
803 387
364 5
669 762
478 287
292 63
191 963
188 52
61 451
987 946
683 29
192 636
641 129
668 880
379 187
514 937
645 866
109 391
473 976
106 651
923 254
125 785
866 599
269 454
439 457
789 769
98 95
51 729
386 948
926 129
197 536
266 139
372 562
571 173
946 143
127 865
216 580
345 890
108 314
533 32
116 576
154 970
556 17
457 54
65 94
285 713
333 200
329 568
697 886
109 613
275 846
245 315
471 848
452 511
760 895
948 966
549 721
308 295
262 776
440 103
99 937
532 888
281 445
398 377
231 470
183 902
687 911
361 918
587 475
237 784
8 529
439 136
242 232
400 552
261 372
27 66
689 625
338 691
120 771
952 874
498 285
388 547
306 852
21 529
781 85
91 347
144 544
641 101
410 632
286 355
188 962
918 973
440 573
234 377
755 708
390 900
665 906
535 350
506 641
184 597
478 545
773 166
804 42
88 425
536 717
670 331
653 435
611 119
260 593
514 88
318 22
368 210
399 608
145 555
218 386
47 641
424 266
421 359
539 662
906 88
982 383
283 434
138 942
235 162
706 788
280 175
596 446
550 310
898 478
286 282
24 331
81 863
38 342
49 276
638 810
850 993
248 921
613 170
125 726
774 109
721 643
500 972
325 467
656 224
123 744
78 891
21 634
257 234
205 831
232 179
287 341
367 31
930 474
184 26
298 432
765 330
265 933
913 623
274 773
500 951
126 727
802 280
960 380
408 825
518 153
402 17
129 227
845 603
214 79
911 594
828 14
581 928
559 958
462 598
897 543
724 21
690 878
323 57
112 906
786 732
968 305
252 269
857 263
243 708
179 523
947 650
832 656
72 540
916 875
59 340
695 607
270 874
929 634
881 604
272 48
705 515
109 833
692 158
990 973
967 901
168 605
72 393
910 631
527 860
925 370
804 380
947 824
282 981
607 579
997 380
841 225
662 479
71 324
277 423
578 951
883 268
447 406
700 951
284 588
192 90
883 762
458 414
532 581
752 816
296 861
399 623
98 581
831 504
142 667
45 261
398 709
840 815
171 345
41 896
772 185
780 254
462 197
523 614
354 421
191 294
470 56
648 180
199 438
768 114
325 323
727 549
446 744
79 876
290 793
969 762
196 432
656 649
307 943
821 604
279 582
208 872
145 173
818 443
910 424
723 908
263 761
812 90
222 886
908 89
787 847
119 443
780 381
737 851
78 308
731 753
241 878
93 617
891 295
397 868
748 519
583 107
593 3
680 713
16 163
691 869
407 511
50 603
815 914
465 590
466 513
560 752
338 476
965 31
609 152
42 68
960 676
341 898
850 719
725 768
23 472
439 530
709 490
425 514
368 841
541 664
776 44
740 273
475 181
642 70
104 785
654 836
