1000
1813
177 841
673 610
258 567
129 524
304 60
429 228
843 653
317 841
936 406
286 880
264 220
717 689
529 477
313 482
874 987
808 413
1000 915
180 727
275 819
873 669
252 707
270 572
299 799
913 86
666 40
568 215
872 516
555 27
34 322
218 153
610 167
610 364
54 217
372 74
887 486
648 1
274 883
401 933
974 263
382 189
287 338
790 797
967 618
271 619
499 805
568 659
376 899
353 102
566 133
185 78
400 991
278 159
826 984
591 273
621 598
987 909
365 284
603 459
803 379
811 618
805 488
921 446
580 607
197 474
406 961
163 50
845 982
410 57
585 230
802 295
672 841
388 754
862 748
709 342
386 73
935 92
4 884
996 521
629 135
991 609
665 607
201 668
752 929
749 747
838 82
96 490
167 435
340 287
819 744
375 562
660 369
318 239
268 404
469 320
217 821
159 969
819 828
253 39
354 115
742 397
672 431
661 128
172 462
965 134
728 281
443 506
716 629
988 334
566 204
137 916
146 864
865 307
331 767
451 725
574 773
259 79
876 524
431 397
96 372
928 855
260 58
77 548
377 332
211 511
767 40
271 683
59 459
369 229
642 670
250 117
597 966
740 138
852 113
563 942
80 27
973 962
437 351
492 939
652 933
312 963
526 318
607 161
9 513
152 596
180 977
554 854
249 232
877 784
699 381
795 675
982 473
139 121
360 776
514 248
584 427
237 708
393 904
239 149
212 498
778 941
560 871
958 911
778 654
761 426
849 315
468 138
861 646
692 903
766 437
525 270
76 494
683 279
609 124
436 775
741 577
101 734
795 932
742 832
339 502
445 316
417 618
685 693
474 178
906 691
236 829
974 180
321 772
18 76
123 509
403 578
21 272
932 639
547 721
944 596
330 818
691 442
131 187
381 93
466 12
926 456
768 671
910 645
366 959
634 949
347 22
374 430
987 535
258 172
520 667
201 467
419 169
18 494
607 214
908 622
183 287
550 645
203 49
329 324
914 828
264 616
770 500
447 282
314 118
765 681
725 312
158 642
854 453
808 347
420 65
86 79
117 461
677 26
723 215
100 556
21 408
832 571
787 396
873 386
522 388
773 920
317 791
9 971
285 754
43 966
556 827
460 268
336 504
978 343
505 777
946 130
884 814
795 37
784 810
921 69
754 927
725 72
375 142
277 455
771 779
29 652
767 666
994 512
367 808
665 161
994 145
993 424
174 643
526 633
869 362
509 949
191 831
683 361
989 789
602 28
14 787
896 69
839 604
936 624
565 644
898 64
481 477
475 833
189 496
983 781
66 894
72 451
328 540
872 50
910 550
48 774
934 758
49 742
165 811
753 300
967 811
255 880
303 316
746 53
836 478
158 24
791 841
320 261
499 600
640 19
931 296
393 276
532 928
628 359
71 465
66 409
552 574
236 587
557 995
808 22
929 729
78 371
806 311
762 166
964 266
527 246
478 816
658 63
638 901
11 98
223 782
714 710
942 198
29 622
846 937
86 368
45 360
210 696
237 983
386 75
715 503
314 542
954 324
153 922
675 189
230 284
753 601
794 109
765 482
776 626
276 1
236 687
709 23
793 531
722 952
423 710
668 875
292 940
700 141
597 43
796 850
70 690
651 520
357 955
752 190
924 116
325 618
467 668
132 7
851 180
275 744
23 358
7 570
251 377
674 586
77 944
272 408
993 919
872 163
433 84
708 781
968 433
965 984
397 370
948 421
132 716
953 238
257 846
398 1000
593 684
536 712
491 567
656 525
404 460
622 119
267 46
711 184
887 519
800 33
49 240
552 773
957 445
122 681
480 733
102 35
475 453
474 6
224 508
23 533
910 997
151 440
603 960
972 89
299 533
225 732
283 696
769 946
896 921
666 331
721 66
990 939
831 730
130 42
710 274
812 16
498 95
289 549
864 90
294 598
354 746
648 276
38 536
688 895
553 64
731 645
115 412
191 210
881 616
578 748
69 941
755 100
202 787
774 4
308 663
156 625
634 123
601 495
85 509
774 595
704 764
267 371
576 700
67 861
969 278
103 858
631 974
550 986
144 227
929 518
792 878
558 366
946 402
398 780
326 254
965 413
90 538
683 349
436 976
211 224
572 188
50 440
787 815
775 15
161 818
492 813
140 323
594 571
821 54
266 112
950 507
933 389
256 958
164 734
823 47
641 485
430 94
257 39
301 764
448 640
7 716
800 959
871 400
358 162
622 758
239 21
597 827
91 662
698 419
754 522
659 215
799 392
265 890
207 434
361 279
42 106
107 993
961 750
466 699
148 608
57 269
605 796
350 226
469 359
348 414
849 821
589 737
227 815
859 974
914 744
348 13
908 29
662 650
998 649
644 515
52 83
387 663
851 727
217 315
441 703
614 897
845 20
697 260
274 423
526 870
797 163
979 657
385 220
517 489
591 36
5 911
580 665
109 593
900 464
600 92
966 556
107 380
64 786
835 476
711 63
593 794
314 104
658 449
192 168
769 130
634 509
756 857
604 647
56 900
911 402
806 615
821 315
329 579
410 895
889 608
756 180
142 562
679 804
326 390
280 64
983 25
920 689
595 884
976 775
977 11
270 188
788 51
56 464
502 232
576 141
599 977
429 277
72 956
534 531
32 745
824 814
382 530
866 901
897 797
660 175
538 422
729 190
779 242
97 712
581 613
346 380
269 291
559 677
204 71
319 347
87 823
988 541
838 891
717 643
213 876
855 747
202 396
43 556
830 400
895 544
794 178
228 855
698 265
44 940
6 178
316 737
744 828
365 778
99 606
954 273
890 943
188 618
658 184
612 245
534 632
61 60
914 819
586 147
925 238
582 120
680 456
372 490
70 692
114 990
27 262
338 111
557 84
169 265
617 823
923 942
958 5
25 708
682 243
894 547
422 100
465 68
944 450
881 171
378 537
506 444
589 44
479 55
16 354
914 762
643 920
869 471
467 244
544 807
973 343
340 338
401 652
87 47
817 612
152 945
171 53
891 409
896 446
600 935
35 664
535 706
459 702
421 102
426 532
731 722
229 175
196 302
813 863
303 957
216 537
614 790
263 631
677 970
189 530
158 670
837 862
374 328
943 292
395 781
94 425
484 903
286 206
901 199
454 970
513 971
971 305
929 190
603 702
585 284
16 344
896 941
737 44
84 458
339 681
820 657
205 46
304 61
857 851
239 383
316 957
88 577
39 290
772 659
174 263
37 639
374 281
760 551
194 810
297 303
919 107
836 816
293 746
434 83
339 249
139 541
695 731
715 506
858 164
518 752
308 52
83 207
313 432
481 369
173 980
990 297
487 223
857 727
557 628
18 465
508 195
454 594
219 123
563 822
999 517
443 503
418 126
551 399
549 376
360 93
995 628
255 286
925 953
457 649
347 367
449 711
534 793
186 772
17 565
193 724
38 712
598 912
175 904
905 735
533 771
760 869
527 363
523 216
736 286
850 605
908 119
389 28
498 154
592 906
678 307
895 807
485 925
883 423
641 238
449 184
970 594
402 256
436 15
667 651
588 227
441 789
885 316
245 254
355 252
965 826
357 681
979 309
860 341
429 855
376 99
642 24
424 380
768 567
957 885
873 73
5 256
631 859
389 652
43 827
913 79
255 206
927 285
176 489
259 913
961 936
605 294
606 405
546 173
992 809
446 69
347 394
866 638
447 121
377 440
497 801
222 202
763 887
200 186
72 930
863 939
411 184
493 815
304 619
904 476
728 374
582 615
471 362
528 824
101 164
891 82
488 499
559 26
165 417
617 87
173 747
409 721
230 950
21 149
319 528
253 985
637 877
587 918
627 649
102 664
370 672
262 555
543 924
221 704
884 774
97 536
986 997
261 469
256 199
675 932
37 404
345 861
633 182
979 623
473 576
12 878
890 428
192 962
393 476
30 520
840 427
55 968
9 305
143 662
674 809
464 17
785 780
441 989
51 941
470 439
442 906
402 5
545 842
125 816
411 888
689 174
221 818
561 903
134 413
739 915
345 646
869 842
438 475
856 96
182 526
564 213
59 805
187 104
765 122
134 826
481 529
796 294
566 170
191 283
851 756
507 284
745 581
48 248
383 253
856 243
647 32
611 337
939 813
269 295
743 928
424 919
834 395
930 956
356 325
763 427
402 958
676 637
758 62
931 686
900 848
714 274
106 769
10 160
257 290
169 698
840 584
173 749
194 81
659 723
885 445
818 391
611 770
479 587
784 194
244 545
706 356
743 426
326 456
573 854
689 643
321 186
67 646
866 199
368 563
384 242
989 703
708 983
675 37
309 657
392 299
936 945
55 918
250 539
223 71
328 728
366 33
590 1
540 905
948 127
351 40
940 737
210 283
123 949
452 300
80 555
466 235
632 531
366 800
535 909
327 613
315 988
651 147
303 445
962 168
305 951
610 435
937 39
471 842
246 573
745 839
150 155
486 763
803 820
970 832
42 769
825 8
83 867
955 122
282 121
41 250
715 443
879 300
707 404
712 519
694 385
747 546
406 750
130 106
941 921
619 60
963 333
282 127
288 792
711 658
161 580
888 336
503 444
74 96
414 13
61 779
183 338
502 249
616 385
913 792
725 930
546 980
336 411
67 345
626 975
693 34
220 902
19 233
570 713
386 669
294 850
853 992
504 562
110 912
953 641
730 738
564 524
762 882
785 621
359 995
719 651
319 814
277 228
103 734
826 642
524 213
879 452
259 86
797 614
129 834
578 862
675 639
486 519
332 151
117 41
122 357
38 97
495 753
103 101
322 693
820 379
717 920
74 856
450 945
85 505
421 415
416 351
133 148
848 464
152 944
611 500
697 58
337 733
136 718
467 875
440 332
798 483
417 967
917 58
146 90
450 152
59 702
899 241
937 290
835 904
868 469
137 226
588 493
680 166
627 998
328 281
174 717
635 600
384 771
248 815
532 761
612 797
609 400
533 799
915 398
22 367
224 511
272 239
380 919
275 828
426 928
103 956
245 817
794 684
940 589
615 193
527 798
39 846
732 238
530 278
92 128
617 534
604 745
547 66
391 330
263 859
637 2
412 293
319 824
550 997
244 825
927 388
530 463
500 337
350 916
214 665
584 625
30 978
417 811
739 523
664 636
589 292
238 485
154 138
89 678
8 620
348 907
222 396
535 874
315 54
729 752
292 737
976 15
317 177
418 251
688 544
409 894
517 176
444 715
830 991
870 633
616 220
91 650
648 590
155 738
540 735
44 292
831 738
368 259
323 438
207 52
131 306
156 840
616 902
676 877
81 784
645 986
279 349
345 153
847 348
973 978
579 324
523 378
984 134
20 668
458 968
443 444
79 368
92 407
243 234
936 750
6 197
804 682
363 798
319 757
504 375
975 655
231 403
243 804
213 225
30 302
237 781
251 14
128 656
901 143
198 822
523 537
527 483
615 311
620 244
647 839
407 635
615 575
200 772
772 247
763 519
600 407
641 247
472 386
161 214
162 23
424 107
447 127
463 496
77 31
695 952
599 98
970 571
451 930
93 45
374 209
380 993
602 508
703 789
732 741
815 588
937 257
28 508
67 500
133 889
687 827
59 960
674 147
635 92
101 858
149 272
416 437
113 346
776 655
714 423
301 704
75 51
346 649
982 20
950 585
3 34
88 741
595 4
455 429
74 490
687 829
670 344
672 397
645 997
181 241
56 848
847 582
140 927
524 225
371 705
914 275
192 335
110 598
135 7
699 360
478 647
334 139
487 71
580 214
195 602
783 759
603 59
206 880
745 647
18 441
431 370
981 494
183 111
306 187
841 40
32 839
124 991
883 714
41 539
679 423
973 352
897 790
175 369
80 262
865 678
624 406
212 713
135 132
276 590
871 694
111 287
671 491
246 160
639 795
298 465
601 208
178 555
511 310
342 108
736 206
388 285
633 318
35 636
94 9
387 308
574 591
583 462
55 587
352 343
12 235
874 136
394 22
183 182
138 783
755 422
419 265
934 101
167 116
359 557
233 470
242 771
143 754
167 364
473 20
860 10
568 723
254 390
337 770
150 521
174 920
732 577
656 661
922 218
353 35
998 809
802 291
126 14
837 578
844 733
293 354
751 261
999 489
409 710
133 608
719 667
961 482
103 164
448 551
523 116
565 515
237 25
625 427
165 967
818 886
627 457
876 564
728 209
624 750
115 746
886 391
507 585
725 956
761 743
545 8
320 751
749 980
696 191
840 503
484 701
473 845
36 273
114 297
234 682
819 559
894 721
716 271
198 923
471 630
145 219
255 736
405 99
986 910
892 514
610 255
630 869
757 814
176 658
420 730
561 593
657 443
688 807
68 510
746 412
387 581
209 328
231 917
673 364
704 193
516 163
497 74
435 364
226 844
518 729
623 657
636 102
425 430
468 783
339 232
472 873
944 945
340 183
54 849
777 850
225 564
545 825
954 591
726 972
293 115
653 558
9 836
252 310
864 538
812 344
814 528
619 61
104 118
541 334
118 542
403 917
241 112
111 146
333 312
941 446
698 972
298 68
518 190
355 707
513 305
156 427
57 105
926 680
951 971
408 239
868 320
392 533
827 966
37 932
886 330
880 73
407 935
547 409
902 264
695 722
124 830
826 413
601 35
46 580
840 625
569 773
938 801
734 858
951 513
788 75
189 463
461 41
515 233
765 357
747 980
604 32
620 825
45 699
501 16
84 968
47 617
556 597
514 48
385 264
630 362
883 710
893 193
964 898
17 644
855 455
452 280
678 141
484 561
507 230
572 179
217 849
48 892
395 129
62 934
233 439
144 493
105 410
196 30
365 654
394 367
382 463
831 65
120 847
705 185
877 187
563 923
692 947
355 310
779 384
955 765
925 641
569 574
480 844
280 553
972 157
199 638
482 432
438 140
457 998
318 870
173 335
45 381
521 592
80 916
984 413
301 221
822 942
142 504
203 240
132 629
709 718
738 420
450 596
843 507
960 459
416 766
181 112
832 454
458 433
327 581
720 150
104 542
465 510
251 126
893 724
154 95
204 170
13 907
309 623
756 727
65 730
956 451
621 780
479 918
860 160
573 554
782 71
777 85
739 1000
648 237
151 377
185 371
331 40
789 579
664 353
709 108
702 960
76 981
281 209
561 701
39 517
178 197
955 681
361 271
312 518
318 182
532 743
679 234
960 341
10 341
832 594
548 31
950 284
335 962
892 248
947 690
670 24
867 289
469 751
822 923
945 596
401 389
935 635
28 195
70 947
143 650
288 878
545 620
266 898
18 981
629 7
461 539
549 867
138 759
454 571
757 528
661 525
837 748
742 240
348 655
279 271
493 227
182 870
776 975
269 802
412 354
501 344
856 372
88 732
906 58
994 371
116 543
73 669
530 496
848 142
857 180
522 285
36 954
148 889
522 927
221 764
865 89
118 959
125 836
877 2
911 256
695 191
645 54
928 761
624 961
19 448
538 146
907 414
280 786
63 184
718 373
830 609
219 994
885 303
560 694
939 15
976 47
768 793
8 244
807 862
247 200
682 679
156 584
719 520
212 570
938 497
753 208
783 740
626 655
529 130
693 3
759 740
852 346
128 525
270 179
400 124
53 881
503 506
784 540
349 271
144 588
208 495
483 246
705 78
868 153
63 449
804 234
539 830
322 133
618 165
492 863
739 398
783 250
321 200
843 558
394 808
335 168
246 798
880 736
205 267
405 376
145 512
2 676
119 29
806 575
899 181
478 125
462 11
952 731
461 250
515 17
875 201
418 14
490 856
226 916
468 740
399 760
368 913
868 751
295 291
782 487
563 379
258 583
50 516
225 876
434 52
592 996
899 112
472 73
385 902
415 948
373 136
512 219
985 383
716 135
706 325
188 179
959 33
321 247
360 381
781 25
247 186
842 362
671 567
569 552
246 363
491 768
977 98
310 707
468 759
636 353
160 341
553 786
729 931
228 455
349 361
712 692
31 416
290 846
684 109
340 111
298 510
483 363
953 485
229 660
882 166
261 868
144 815
669 472
249 82
89 307
258 462
311 575
659 380
946 106
277 855
766 351
65 738
139 988
501 812
269 969
203 742
999 176
127 121
726 157
91 143
699 93
903 701
376 606
787 222
749 546
831 420
167 673
874 909
172 583
842 630
177 791
296 686
632 793
9 951
322 3
563 198
810 81
496 382
393 835
216 378
757 824
117 539
801 296
155 720
42 946
243 679
428 943
137 350
809 853
673 435
978 352
833 453
599 11
692 690
149 408
1839
113 581
363 695
853 940
664 943
341 326
230 2
250 273
52 608
644 517
318 763
771 91
512 445
644 876
368 515
874 933
838 529
539 789
33 775
597 566
379 922
285 779
544 339
644 935
644 374
386 644
630 61
9 374
90 644
624 973
644 661
950 644
914 260
266 808
908 77
644 576
204 915
899 12
644 501
700 246
188 747
572 281
91 744
857 476
670 703
549 445
668 955
644 624
109 770
896 628
873 644
610 930
981 118
659 727
644 304
951 819
825 396
811 633
135 307
515 733
86 615
102 196
417 271
644 721
200 556
753 809
409 596
45 878
207 103
810 644
159 887
501 841
929 537
644 585
934 607
244 255
963 621
429 378
879 602
218 206
161 239
425 238
644 844
406 951
716 742
812 195
644 223
124 528
43 743
934 622
335 644
546 992
79 634
647 75
659 82
430 888
329 644
401 194
644 240
809 779
247 465
728 957
33 949
644 614
956 881
644 427
937 410
219 121
966 34
774 382
714 221
862 910
447 322
1 390
644 244
421 620
154 725
31 516
262 971
52 983
398 148
356 38
927 23
644 51
644 212
218 736
577 798
934 373
842 166
310 302
644 19
175 247
673 151
355 863
99 644
939 726
142 668
403 260
174 644
65 557
233 890
959 382
104 144
256 153
644 237
284 389
671 783
973 896
99 440
927 780
892 26
644 385
737 111
972 644
942 331
531 157
236 364
573 910
614 694
900 10
71 703
731 922
928 644
565 575
848 765
645 927
564 895
383 397
509 38
247 558
400 709
889 503
718 416
521 795
812 683
291 419
791 270
735 4
520 674
755 99
327 843
880 220
269 384
179 188
108 163
598 675
731 644
236 270
557 504
330 215
980 131
820 856
123 814
862 469
724 583
804 224
496 928
867 240
609 424
494 985
374 898
590 383
866 77
118 808
585 54
423 140
607 373
252 885
246 990
569 662
44 407
519 663
180 372
635 945
644 280
206 182
783 197
644 252
624 628
669 211
745 726
563 937
530 470
644 923
652 783
561 399
8 792
328 529
999 347
785 453
306 464
457 532
487 351
15 518
129 895
644 201
572 246
248 96
993 947
251 940
567 295
852 352
64 377
393 58
470 304
165 644
692 680
863 221
838 231
165 36
256 186
644 8
10 844
566 554
644 780
204 426
644 666
518 24
317 28
983 608
597 729
509 356
435 750
773 588
244 639
421 644
675 205
275 771
398 644
12 479
814 644
957 552
683 195
858 303
502 2
392 644
995 127
644 450
355 714
339 900
877 472
655 100
494 534
201 965
128 611
588 839
21 531
273 589
284 799
338 392
607 622
298 632
136 608
886 755
101 644
406 464
659 340
997 686
87 910
423 644
732 678
471 514
796 318
441 644
307 793
812 46
953 611
441 558
772 875
265 893
573 87
801 380
44 941
11 724
500 794
644 753
312 999
757 551
872 589
613 834
205 644
97 495
522 224
549 644
426 915
660 528
666 233
441 247
358 865
894 473
477 41
924 803
506 27
64 487
385 634
452 106
968 685
376 644
593 72
744 771
226 685
354 788
771 56
166 283
618 644
925 356
910 644
173 870
386 706
751 644
56 275
794 764
315 706
92 600
139 11
644 947
866 908
938 627
991 756
511 825
272 75
913 841
762 420
169 996
727 82
644 80
6 392
949 679
525 88
898 9
917 187
106 654
347 312
111 230
142 831
538 86
606 984
380 151
252 253
599 207
949 775
868 634
723 237
553 674
719 581
438 944
167 215
738 644
294 439
20 846
644 851
121 623
203 617
433 154
646 752
348 423
136 52
792 480
701 674
17 180
629 903
831 955
222 202
150 824
388 644
923 702
906 667
431 719
13 120
846 689
538 302
420 258
427 453
212 43
335 665
941 523
535 492
450 623
418 131
183 427
520 553
460 876
799 389
21 27
523 644
320 664
658 619
471 684
816 366
998 743
87 469
210 644
988 202
495 676
313 734
748 950
670 765
302 86
880 882
644 288
644 555
943 320
488 503
815 863
995 358
644 508
644 154
981 603
570 19
316 618
76 827
891 208
96 749
51 160
641 446
61 568
635 265
334 439
518 644
954 644
966 654
312 644
848 670
926 563
355 815
418 980
644 757
865 448
273 143
644 471
480 8
82 340
389 237
158 721
997 220
363 263
842 601
185 712
542 438
452 34
173 747
644 439
289 414
907 883
152 50
257 698
856 324
690 335
37 632
644 342
299 907
653 280
486 476
23 780
993 359
589 250
644 708
79 868
368 269
521 754
909 336
928 474
59 850
475 264
939 718
761 285
879 821
316 924
259 399
395 303
14 676
957 644
644 309
115 261
1 593
871 657
435 457
582 916
534 311
219 450
218 644
376 715
776 522
53 735
896 624
981 808
905 764
124 63
907 292
298 210
70 307
535 571
43 998
865 644
737 502
147 41
845 641
84 400
644 132
911 377
736 897
960 256
139 583
897 182
262 644
434 917
357 407
95 820
210 37
26 710
581 78
745 416
164 323
963 62
93 190
753 285
742 640
974 491
411 575
448 995
893 635
163 688
416 939
931 655
921 826
480 117
514 684
463 248
185 644
711 320
48 916
203 565
665 690
232 459
719 113
108 35
660 63
358 448
842 283
220 686
10 339
174 843
800 156
869 754
17 436
688 108
644 959
387 661
655 904
308 387
988 394
29 644
249 88
293 979
496 474
81 871
384 368
184 19
504 65
482 61
78 719
644 979
506 21
872 143
117 792
844 544
644 524
158 797
938 421
617 565
803 350
701 553
223 699
772 286
116 806
602 821
440 287
111 502
338 777
410 170
989 214
604 797
362 543
918 757
109 644
830 705
984 365
626 258
372 436
581 644
711 664
644 700
601 283
24 15
761 779
476 936
945 329
703 765
40 922
932 405
597 554
861 291
810 397
372 17
378 958
668 831
921 349
202 394
484 336
479 644
141 527
183 453
162 277
479 899
985 311
720 309
568 644
826 833
6 777
617 411
733 368
607 325
590 290
544 900
19 216
242 756
343 644
53 276
98 93
666 567
962 587
40 379
134 412
874 296
759 644
361 314
461 432
166 601
891 978
67 705
530 587
540 279
543 189
969 600
349 826
433 55
949 644
213 678
576 989
93 367
226 115
824 643
309 209
600 548
881 271
45 498
995 865
74 449
415 5
760 342
624 781
737 2
644 678
436 274
550 39
903 972
840 577
960 186
382 658
734 94
367 644
159 404
770 362
644 349
468 28
11 644
354 191
270 3
299 292
652 671
328 231
977 481
871 644
654 34
359 947
193 748
854 546
457 750
592 331
749 248
403 914
796 763
923 787
57 434
401 957
705 644
281 700
442 30
902 859
4 53
239 491
789 576
508 66
174 327
364 791
507 217
820 644
168 65
809 285
644 487
644 593
276 4
585 592
77 178
838 328
669 51
743 212
847 687
944 644
510 422
241 390
791 236
1000 673
534 408
152 638
791 3
844 900
644 264
343 693
662 155
628 973
252 677
269 515
941 407
478 42
304 530
353 348
112 541
974 644
864 58
197 644
644 77
469 910
423 353
109 543
314 288
899 832
144 678
964 644
828 176
644 745
107 446
229 604
832 479
559 84
961 369
644 62
984 682
8 117
107 641
266 981
644 404
105 438
968 115
884 653
510 644
689 644
644 932
930 68
866 178
631 647
138 92
855 497
206 736
26 644
943 711
523 407
665 47
291 912
306 819
458 759
741 644
440 886
422 980
842 644
56 744
573 469
184 570
413 300
609 376
724 139
105 944
597 691
685 115
580 491
297 876
364 3
388 687
127 358
360 879
354 954
346 722
592 54
344 489
616 644
627 620
258 762
78 431
749 946
930 767
986 790
26 650
594 467
912 419
644 739
437 598
243 798
261 685
850 556
919 73
213 732
704 851
644 564
193 950
921 833
848 703
167 758
829 234
502 644
151 644
989 789
402 486
766 169
643 150
15 345
616 18
926 170
131 510
774 959
712 333
463 749
848 71
490 623
254 62
972 629
244 125
490 121
985 644
7 644
856 95
747 870
596 855
644 435
677 885
198 901
818 644
210 632
315 386
603 644
237 284
936 402
11 321
349 833
875 286
309 499
253 677
644 153
281 246
542 944
705 69
891 644
852 751
380 673
621 254
70 793
695 802
766 996
91 56
878 697
748 146
323 562
606 365
257 217
737 230
42 935
12 832
548 92
229 158
729 554
644 322
758 330
595 976
964 381
648 225
849 644
96 463
536 94
390 72
249 525
729 691
818 919
765 71
670 71
630 568
443 550
845 107
398 481
823 784
541 228
487 911
801 1000
261 226
644 168
644 150
931 85
267 149
502 230
639 255
361 288
466 644
454 965
112 975
188 173
188 870
547 681
660 644
656 123
845 952
263 695
975 228
527 133
485 644
363 802
916 462
697 45
851 637
642 644
179 644
229 797
869 795
834 172
807 790
813 614
511 232
94 101
313 536
404 887
311 408
468 317
231 529
933 594
606 682
104 213
644 368
877 760
645 780
615 310
795 754
837 694
658 959
860 738
128 953
451 16
33 679
566 729
441 465
90 412
823 279
289 30
485 156
644 97
622 644
436 180
198 932
542 105
279 132
540 823
339 844
257 507
829 369
342 877
323 341
335 47
289 442
119 772
810 590
814 656
168 504
970 74
395 644
711 644
644 638
189 109
365 644
134 90
303 122
641 644
732 104
85 644
383 290
498 878
957 194
118 266
301 547
343 835
143 644
351 64
758 215
215 524
5 473
84 709
774 619
295 890
730 871
70 135
98 367
394 644
645 375
326 562
265 329
586 828
532 25
425 278
418 510
408 494
222 988
338 6
644 32
459 511
509 925
567 233
645 23
603 808
882 686
582 462
483 475
644 70
994 370
882 644
306 406
130 948
301 644
824 177
282 681
644 807
769 209
336 513
326 323
913 501
585 331
943 612
394 222
644 827
710 707
788 191
889 137
544 10
468 644
183 785
411 565
560 477
968 644
937 926
736 182
801 151
746 644
554 691
316 803
602 360
978 208
552 194
430 578
319 873
515 384
955 142
120 444
940 305
802 644
254 963
962 470
410 926
435 532
280 625
428 12
193 146
609 715
149 332
884 625
287 886
420 626
211 51
428 479
391 817
650 707
588 667
185 196
644 360
243 577
933 296
330 167
100 904
998 212
294 334
730 657
64 911
725 55
762 644
229 721
110 847
223 277
490 219
722 822
644 292
227 644
971 22
179 870
758 524
626 762
751 352
644 983
723 284
370 66
552 401
250 143
946 248
686 880
292 883
191 954
236 3
241 593
355 644
321 583
775 679
778 647
733 269
927 375
573 862
644 16
461 672
419 584
701 245
512 549
239 580
189 362
443 89
377 351
682 365
429 958
232 825
663 867
563 410
784 132
286 119
287 99
500 764
644 631
264 483
442 414
717 605
133 644
332 267
451 268
493 795
560 147
35 163
465 558
29 816
101 734
780 375
508 994
649 806
424 376
987 742
813 694
187 57
164 326
700 572
417 881
633 227
1 72
539 989
151 1000
181 814
804 776
233 295
448 127
940 60
621 62
644 291
275 744
644 341
644 600
708 915
733 384
911 351
644 245
832 428
261 968
350 618
932 901
830 69
257 644
558 175
145 413
674 245
676 97
942 585
473 415
49 644
548 969
990 281
197 671
187 434
287 755
605 696
640 716
802 263
644 238
644 163
520 245
786 574
644 727
547 282
431 581
426 708
218 182
488 137
576 539
144 213
644 203
561 259
122 858
849 235
755 440
701 520
38 925
872 250
909 484
69 67
855 579
456 881
720 499
829 961
937 170
58 836
60 251
165 782
987 640
627 421
278 238
486 857
644 582
848 644
270 364
216 570
863 714
109 362
945 265
880 997
528 63
1 241
644 137
7 369
324 95
711 612
594 296
431 113
619 382
710 650
505 967
492 571
14 97
181 656
552 728
357 44
272 778
242 991
839 906
240 663
952 446
310 86
397 290
875 644
234 369
644 594
313 101
586 644
454 201
493 521
969 92
400 559
718 726
378 32
732 144
874 467
224 776
221 355
371 706
728 401
167 524
959 619
83 152
48 582
179 747
630 482
437 675
214 576
849 636
232 644
29 366
60 305
990 572
415 644
977 148
951 464
422 418
533 948
644 413
815 714
99 886
861 419
231 644
200 59
417 956
754 493
119 875
906 588
55 154
141 133
579 596
543 770
388 847
360 821
622 325
864 393
579 409
636 235
138 969
386 371
584 291
518 345
954 788
644 917
329 893
890 666
536 101
892 707
902 817
721 797
644 752
853 305
644 84
708 204
25 457
459 396
556 59
635 329
500 905
486 936
696 717
888 578
66 994
615 538
564 129
177 150
713 516
114 759
465 175
644 306
584 861
933 467
456 417
781 628
707 26
522 644
75 778
904 85
610 68
255 125
155 644
44 523
827 337
447 982
276 735
975 541
644 372
950 146
38 644
220 882
78 113
226 968
710 892
869 521
39 644
689 20
342 472
513 909
883 299
304 962
524 330
893 945
76 337
575 617
644 649
987 716
319 740
973 781
819 464
990 700
221 815
455 353
767 68
596 497
324 820
540 784
239 974
631 75
958 32
805 768
128 644
651 545
211 160
139 321
251 305
380 1000
992 49
80 680
862 87
218 897
983 136
406 819
857 402
822 644
7 961
850 200
164 341
336 644
603 266
638 50
612 320
110 388
946 96
185 333
593 390
912 861
170 563
688 35
173 179
615 302
315 371
297 460
177 643
34 106
859 817
794 644
672 432
13 444
837 813
27 531
333 196
199 738
588 644
375 23
190 98
884 280
370 508
171 293
644 541
644 289
687 110
125 639
539 214
535 644
48 462
770 189
699 277
829 7
724 321
697 644
153 186
180 274
644 596
519 240
644 864
631 272
345 24
591 768
499 209
810 290
209 720
428 899
526 616
396 232
126 471
612 664
455 140
642 225
476 402
644 157
777 392
245 553
178 908
650 892
823 132
997 882
316 350
534 985
850 644
773 906
498 697
282 301
618 803
497 579
555 561
799 237
631 778
310 538
580 974
644 577
805 591
610 767
160 669
807 986
548 138
424 715
725 433
867 519
88 644
592 942
644 668
709 559
50 83
463 946
57 917
393 836
414 30
192 505
924 618
381 920
427 785
623 219
331 54
276 741
985 408
140 348
181 123
275 91
470 587
584 912
768 644
760 472
575 203
641 952
728 194
73 818
147 477
41 644
162 223
746 545
718 745
667 773
157 21
227 811
395 122
383 810
713 31
37 298
960 153
647 272
786 752
217 698
466 929
94 313
452 966
644 691
411 203
111 2
952 107
692 80
644 834
385 868
864 836
296 467
894 415
840 798
325 934
300 145
644 859
85 655
712 102
941 357
403 644
195 46
854 992
649 116
966 106
47 690
91 644
455 423
143 589
562 164
488 889
644 120
578 644
505 644
491 161
533 644
720 769
485 800
205 598
89 550
81 657
199 860
583 11
405 901
574 646
731 40
896 781
603 118
569 155
859 391
523 357
196 712
566 691
450 121
704 637
652 197
752 574
894 5
402 644
767 644
897 206
530 962
644 640
158 604
809 761
27 157
735 741
81 730
991 644
586 176
644 452
4 741
660 124
533 130
638 83
243 840
858 395
644 364
409 497
422 131
452 654
54 942
161 974
964 920
532 750
557 168
620 938
956 456
595 517
409 855
85 100
367 190
309 769
977 398
372 274
546 49
279 784
478 935
769 499
214 789
939 745
41 560
872 273
112 228
271 456
446 845
60 853
157 506
22 262
698 507
268 16
17 274
441 175
192 967
793 135
873 740
140 353
734 536
615 644
727 340
787 702
162 699
132 540
902 391
308 661
580 161
271 956
568 482
514 126
678 104
234 961
644 717
39 89
79 385
510 980
753 779
739 489
905 794
839 667
604 721
346 822
865 127
642 648
874 594
644 449
301 681
103 644
644 795
885 253
437 205
590 397
644 516
32 429
567 890
522 804
644 432
746 651
774 658
241 72
600 138
739 344
726 416
786 646
234 7
562 341
796 644
449 970
693 835
184 216
503 137
799 723
459 825
599 103
455 348
67 830
531 506
494 311
198 405
259 555
172 613
325 373
251 644
373 622
839 773
837 614
853 251
854 49
731 379
644 417
36 782
396 511
495 14
625 653
644 149
100 931
644 996
644 195
526 18
666 295
761 753
517 976
493 869
53 741
333 102
399 555
25 750
673 801
931 904
684 126
951 306
551 918
924 350
936 857
463 644
322 982
171 979
450 490
723 389
487 377
148 481
563 644
484 513
46 683
185 102
537 466
304 587
458 114
435 25
443 39
