1000
999
378 939
880 529
315 674
725 217
660 597
453 68
424 96
146 166
467 574
403 110
73 726
510 275
328 740
612 645
319 152
681 689
299 440
158 270
630 572
326 972
588 107
964 61
161 159
765 721
684 750
285 881
117 867
863 528
806 30
453 124
927 697
874 630
985 937
352 392
799 1000
234 260
438 562
962 406
585 268
559 100
136 344
430 571
795 718
560 270
791 636
229 181
534 914
494 714
413 967
531 150
632 269
348 563
903 689
582 491
676 274
789 322
897 528
682 845
309 315
345 685
167 429
601 502
220 176
421 314
953 715
223 570
347 601
790 666
486 472
786 934
168 324
433 187
661 8
548 414
792 677
102 680
540 262
434 302
604 219
444 218
457 120
989 835
409 292
914 899
399 574
898 568
471 459
703 246
681 6
204 973
54 341
39 412
24 290
409 545
870 461
348 320
816 732
20 847
820 575
690 116
724 271
361 793
128 217
379 512
852 871
72 276
772 425
385 716
144 119
98 748
220 974
906 255
402 267
667 484
55 239
520 900
221 544
883 413
428 711
386 664
80 15
801 612
950 338
582 222
356 525
26 59
22 305
984 336
367 134
867 931
366 621
441 34
404 747
392 111
268 161
823 295
916 515
237 820
489 730
706 816
238 817
870 513
873 556
685 449
584 487
339 741
33 916
989 233
152 980
606 354
828 785
546 65
325 622
862 256
11 694
264 607
346 497
294 567
393 992
665 939
134 398
400 747
645 228
282 190
147 618
922 503
985 932
105 366
415 571
363 627
765 925
722 727
864 203
976 215
470 151
553 386
385 649
37 586
115 347
252 703
717 112
174 852
545 375
857 244
777 691
210 88
782 474
516 962
866 285
205 580
579 532
551 542
175 35
247 476
611 310
591 673
303 967
608 963
40 918
753 888
115 602
334 45
524 883
781 600
606 787
757 316
32 818
330 266
36 201
376 688
700 257
352 544
153 10
494 445
702 559
549 28
292 631
541 460
201 317
677 335
488 988
16 757
902 288
80 634
514 691
804 754
808 941
13 562
379 817
895 664
850 49
733 72
684 307
737 291
190 139
431 881
244 521
28 904
693 333
136 197
396 182
540 306
558 629
894 85
892 304
527 407
500 957
76 847
769 423
12 935
653 910
55 94
533 294
129 20
249 663
874 5
410 155
585 653
581 242
6 908
924 744
854 445
736 56
934 594
458 905
846 105
744 611
897 259
371 218
427 566
422 75
214 610
200 71
335 857
791 261
522 451
539 66
657 872
531 856
827 637
561 189
569 923
696 821
163 377
192 398
179 751
650 200
109 512
869 125
845 194
370 121
138 46
971 358
4 692
306 57
390 790
982 767
958 652
185 565
504 110
949 446
809 805
462 23
679 520
177 86
679 778
742 638
569 155
17 942
314 804
51 104
474 287
145 485
550 856
308 526
423 288
477 4
712 886
437 157
454 724
108 84
400 800
680 960
564 481
207 885
339 135
537 328
924 911
71 756
670 361
357 533
633 738
686 116
889 877
541 329
481 280
447 374
876 642
382 940
543 420
43 505
31 436
99 926
919 993
389 581
535 769
917 381
112 578
479 725
920 417
953 216
412 759
522 143
471 91
323 396
426 184
971 961
853 330
202 644
576 758
411 909
415 892
840 507
168 384
278 132
620 829
34 73
131 89
697 872
610 472
432 264
672 905
407 165
63 959
254 783
871 241
46 602
410 391
786 859
927 530
708 510
973 247
501 377
167 947
447 755
425 118
590 728
298 307
254 968
743 52
287 434
222 869
500 750
608 626
261 139
792 53
450 860
735 205
770 949
733 745
451 532
235 370
813 942
93 565
349 303
170 122
25 342
358 273
91 819
749 277
238 31
702 133
109 281
507 932
317 448
933 154
843 97
536 961
834 156
308 344
283 467
800 492
739 42
126 567
56 443
827 356
848 406
825 336
720 240
181 295
803 799
29 588
103 263
954 948
876 558
959 604
418 988
996 714
687 265
813 468
450 675
476 279
18 151
991 524
912 58
94 638
573 668
1000 552
695 177
131 179
596 651
766 493
57 102
311 432
635 448
741 1
5 523
245 484
726 66
37 771
403 855
394 442
243 258
859 302
767 47
966 23
478 483
928 76
930 405
369 502
3 642
446 260
326 183
461 763
749 693
69 32
27 671
272 759
893 925
475 362
182 19
616 232
553 864
517 101
424 832
938 397
130 36
710 887
123 509
587 246
705 912
762 224
7 279
629 577
185 19
976 583
92 885
863 594
75 304
706 752
486 327
226 365
343 926
868 77
405 723
915 230
796 501
946 359
963 195
84 209
457 137
455 82
212 193
60 364
465 160
596 58
103 723
180 904
506 17
327 593
936 381
848 97
543 13
189 659
639 206
81 908
521 836
231 100
164 369
89 994
835 61
488 768
701 227
141 970
773 838
831 837
391 463
333 993
359 316
830 1
74 280
365 422
373 755
196 78
568 313
492 683
557 849
380 495
132 720
211 822
818 350
479 854
849 700
683 29
945 781
810 226
878 113
986 496
810 397
662 21
836 740
250 95
207 762
436 194
64 931
383 346
475 463
875 389
25 219
250 913
384 505
77 815
828 643
655 496
498 713
378 449
764 656
822 360
815 946
127 812
117 433
286 788
2 736
656 850
65 499
357 690
599 503
751 873
880 313
196 3
271 996
654 482
794 355
617 248
148 613
414 223
796 329
232 663
537 624
263 284
719 966
99 169
180 85
868 636
186 886
440 772
536 768
865 183
641 487
592 293
808 633
441 699
895 478
839 216
199 911
511 171
44 188
14 229
49 199
351 899
147 719
705 50
466 106
473 40
143 162
513 678
978 625
853 87
140 506
753 918
711 420
811 970
831 104
435 651
276 688
550 995
935 896
38 324
628 980
779 727
855 595
458 98
490 464
266 175
907 657
337 125
956 938
780 504
547 497
665 137
557 921
354 234
300 707
837 380
165 802
547 426
728 704
756 209
92 795
374 274
999 252
411 159
362 514
124 419
814 325
658 10
390 277
272 129
162 576
584 875
429 842
802 133
722 794
929 368
430 293
866 351
907 493
469 213
965 142
21 538
598 951
575 88
984 577
843 8
640 686
784 619
90 455
712 530
840 439
490 45
59 775
788 975
439 648
775 538
646 83
431 670
465 251
811 427
70 491
682 233
299 419
106 127
654 87
841 508
746 761
262 305
839 734
957 160
915 830
242 825
114 929
774 717
809 452
554 401
256 731
944 265
146 879
353 360
178 861
637 798
674 838
163 954
842 289
555 300
600 641
676 983
245 666
589 364
460 120
241 68
489 944
331 551
920 53
661 337
776 473
707 807
332 616
121 692
462 579
578 632
388 113
771 893
67 289
69 643
958 236
708 672
340 901
517 746
311 748
206 64
350 922
82 428
515 15
583 253
695 395
171 609
198 79
987 255
675 624
107 625
564 269
452 943
696 909
950 698
992 281
122 890
186 619
118 668
278 204
678 123
655 952
16 613
51 235
975 983
631 24
928 615
215 981
955 699
715 956
824 202
614 782
444 153
560 709
646 126
301 554
561 90
291 435
138 947
626 394
518 784
896 710
860 286
154 421
951 640
169 101
35 819
623 662
793 309
312 173
164 734
774 322
718 964
891 483
79 595
977 877
416 173
485 156
605 253
96 801
50 669
991 248
758 603
542 408
296 889
81 174
9 977
477 172
981 652
599 739
141 902
998 83
865 798
321 318
321 86
945 44
593 778
320 438
754 30
549 95
67 135
760 732
659 607
11 54
805 111
995 191
78 297
41 480
650 198
22 243
972 225
236 824
297 27
130 368
851 60
273 858
969 834
331 948
338 826
903 230
761 93
372 334
797 592
399 979
634 108
464 713
296 382
518 898
456 509
519 469
345 480
225 70
752 74
258 176
921 844
47 628
785 773
418 787
48 777
589 618
730 511
157 673
402 858
416 760
148 709
621 573
144 555
890 192
745 940
498 343
323 284
952 150
622 882
166 982
974 906
468 844
443 627
900 623
647 884
383 779
997 644
879 39
227 495
851 776
789 721
698 529
239 376
701 887
738 806
340 208
742 52
539 823
275 731
33 766
395 319
355 669
442 861
228 195
930 737
535 12
803 829
586 888
764 649
694 614
342 525
884 987
763 372
997 729
38 797
955 249
237 667
534 882
26 298
580 807
210 969
373 341
363 282
404 862
63 221
783 548
937 388
519 941
191 729
170 591
943 145
459 257
566 119
814 841
735 128
833 986
375 7
609 417
552 936
18 901
408 312
212 516
743 158
999 318
2 523
979 251
349 597
658 367
149 184
401 149
393 556
62 290
620 671
387 224
960 142
526 998
687 833
371 968
994 780
387 43
240 527
933 913
267 9
812 353
470 231
454 570
770 910
41 563
188 14
878 919
572 114
214 211
917 660
647 48
615 639
617 704
965 178
482 172
832 193
301 140
826 310
990 197
716 598
603 990
978 894
590 648
213 203
846 62
259 546
332 208
821 605
42 635
283 587
891 187
466 437
456 499
999
853 531
893 270
437 357
421 634
650 184
308 11
882 519
39 651
606 277
191 452
198 618
223 178
516 296
833 426
418 69
766 717
375 413
485 993
762 406
973 419
783 274
510 761
812 523
204 940
435 934
708 845
687 898
489 479
952 272
31 407
651 805
274 306
522 788
881 182
679 446
610 538
699 50
430 243
818 466
797 658
237 366
386 899
476 361
565 38
15 302
779 258
46 675
540 218
242 712
89 366
613 149
935 876
584 559
632 70
83 667
535 752
37 967
759 640
582 921
852 829
217 67
668 451
748 832
27 43
732 580
498 423
185 307
214 680
278 533
269 116
113 641
877 230
926 754
901 722
961 483
464 196
798 880
725 148
587 568
454 738
707 99
813 336
46 932
692 635
760 389
224 630
647 747
710 124
146 90
497 21
15 103
394 475
189 309
349 689
238 726
271 784
987 124
927 300
180 878
985 924
604 100
475 946
889 470
725 489
210 627
755 760
933 164
232 344
817 524
870 530
138 886
941 3
826 11
66 261
982 837
118 909
30 879
391 703
514 462
463 61
891 528
508 276
770 525
742 174
644 546
247 868
372 123
573 306
848 376
966 208
294 344
442 506
112 4
84 793
960 605
269 7
433 190
454 158
586 495
245 142
727 794
408 588
160 276
39 800
400 346
804 80
95 657
793 964
320 422
957 930
556 974
507 409
165 246
574 943
706 616
373 616
977 649
130 654
305 657
448 631
398 382
364 131
49 649
796 908
526 32
676 24
22 135
192 830
883 637
115 571
570 19
372 589
327 405
65 567
916 163
560 100
297 565
263 919
22 985
351 882
700 497
231 12
261 612
86 799
863 858
224 854
945 199
978 345
619 288
90 894
239 738
266 765
393 819
438 482
648 630
439 238
680 455
561 425
104 498
919 290
88 176
719 151
947 109
272 431
374 835
792 824
940 101
471 731
443 628
298 299
629 33
708 105
799 515
743 81
587 319
639 844
938 696
983 277
718 506
645 558
560 219
703 831
596 569
131 254
453 384
874 836
881 456
68 335
359 859
353 290
577 110
926 521
951 575
222 387
410 611
378 370
314 652
979 666
949 299
241 392
942 234
971 336
704 321
332 910
558 517
675 36
777 754
413 964
662 984
38 599
40 55
711 5
285 60
825 474
48 609
815 233
56 128
974 667
995 364
348 581
698 103
645 778
407 201
521 602
82 79
154 487
892 311
96 511
291 709
94 72
535 626
385 769
773 395
109 280
805 105
527 897
911 519
843 441
997 850
975 524
471 963
52 77
169 141
358 317
797 869
573 688
286 132
922 929
612 16
34 821
544 195
937 512
297 807
465 134
751 959
107 730
293 59
568 328
751 223
419 969
520 452
925 317
316 809
555 815
106 325
611 656
802 173
216 879
944 129
14 589
167 196
155 741
330 396
615 771
892 765
811 341
753 330
902 601
841 972
659 721
248 159
496 424
48 267
350 60
614 121
484 43
128 282
583 897
557 239
674 948
504 853
702 397
757 485
662 768
480 580
991 663
427 329
668 85
539 367
23 840
108 749
259 21
901 430
920 75
603 546
551 590
843 906
369 787
868 117
151 250
976 653
279 170
792 635
818 157
390 54
450 956
960 516
177 188
723 876
168 513
145 361
590 943
809 459
727 62
925 734
479 331
166 273
360 658
938 865
735 988
989 978
17 434
603 125
669 529
814 713
783 116
187 782
410 972
226 728
368 924
247 564
642 591
790 166
933 707
910 80
318 681
482 318
420 412
494 955
570 724
98 530
349 819
842 369
753 685
856 810
554 195
957 812
758 846
983 653
76 814
490 120
701 536
467 684
44 73
984 310
137 801
126 941
597 345
758 18
161 650
217 342
2 377
775 7
59 810
115 111
904 307
478 659
862 315
368 1
490 705
626 89
189 102
271 637
920 87
469 339
281 776
795 279
563 308
246 836
387 786
542 734
378 551
912 214
212 215
244 356
343 618
218 958
534 77
4 236
625 335
401 621
51 460
139 904
736 231
914 49
451 152
614 156
40 834
339 285
561 729
527 292
287 200
86 993
861 337
473 761
503 177
826 598
135 301
464 221
193 235
97 362
78 700
970 351
240 380
371 170
986 532
283 996
609 623
714 164
83 275
397 333
209 20
30 358
930 324
714 537
432 600
431 228
278 597
664 14
348 820
29 338
507 739
289 526
143 428
928 977
774 1000
187 172
694 381
176 181
816 665
663 997
286 13
379 835
221 873
488 724
885 13
391 184
688 85
288 950
594 666
976 715
541 137
55 438
980 84
494 16
646 379
354 784
210 759
122 562
56 994
171 829
65 961
884 969
914 180
689 145
596 748
10 441
265 362
917 779
390 44
936 968
912 486
863 691
500 965
638 484
624 522
625 820
687 747
365 213
896 257
45 740
686 927
371 309
203 125
953 417
899 215
201 402
823 340
775 175
474 477
505 197
776 674
78 447
872 147
798 64
582 399
608 574
157 255
720 477
322 270
107 543
457 492
268 744
436 353
429 8
903 302
989 483
631 57
955 862
594 200
341 690
967 26
620 531
917 806
262 207
756 902
636 395
854 682
813 718
98 222
968 334
547 142
136 20
129 284
70 35
226 193
183 937
787 327
732 928
672 319
763 553
312 620
159 517
92 466
766 994
691 874
975 449
931 95
329 939
848 311
52 916
401 886
511 405
827 986
952 436
947 665
962 921
265 357
449 613
767 383
256 712
126 772
592 133
742 472
628 578
860 915
326 540
294 92
555 425
112 757
87 31
600 728
971 461
486 982
205 670
99 692
481 900
579 250
403 71
730 891
445 778
444 235
204 404
710 143
93 426
3 660
566 508
298 178
252 9
686 785
433 780
161 122
890 251
32 79
10 386
678 212
781 423
767 824
990 541
461 243
723 355
206 398
448 182
363 81
158 27
216 305
388 585
845 416
360 68
733 847
355 412
599 683
316 495
133 505
946 929
233 569
64 895
764 744
225 24
539 97
295 832
234 263
51 773
883 393
781 763
509 617
515 752
713 750
840 432
399 289
864 907
169 803
179 292
802 877
74 774
841 922
194 487
995 789
153 588
906 111
980 578
579 8
45 697
264 624
385 19
746 981
593 457
641 523
213 262
147 414
636 334
303 140
999 860
440 693
35 42
154 499
987 63
41 229
772 194
172 849
576 801
913 823
328 550
113 981
352 114
404 384
359 117
737 499
512 443
146 36
382 808
677 118
408 208
37 607
150 949
839 174
284 567
528 746
890 496
388 553
549 88
501 514
185 428
807 996
934 735
557 71
473 536
867 415
945 439
249 493
661 476
720 25
58 458
849 207
894 244
225 273
804 887
685 838
314 694
584 313
564 18
913 788
716 26
954 866
283 121
709 731
25 53
615 323
806 791
321 57
94 828
791 255
643 669
155 266
865 518
956 141
106 729
383 72
529 416
608 402
41 847
375 467
47 733
642 846
607 153
726 127
252 445
629 905
633 699
303 82
253 119
959 326
468 679
604 54
132 999
822 264
697 670
634 715
435 769
28 440
998 831
333 227
875 459
777 962
593 963
859 260
923 834
342 493
623 954
291 168
880 837
621 601
502 716
907 136
844 704
888 858
421 304
260 241
62 23
156 429
347 871
367 532
585 537
640 33
354 811
979 6
365 825
873 887
205 944
491 245
5 872
186 256
785 162
851 406
816 673
236 736
583 857
998 102
513 839
206 227
17 556
491 304
745 575
53 242
970 717
468 822
352 28
633 219
672 503
456 931
363 209
73 545
684 34
394 310
232 780
740 422
572 301
681 871
794 463
148 808
91 134
144 229
91 188
42 12
676 722
444 622
782 281
258 866
114 696
991 800
120 576
257 627
827 377
332 855
552 518
851 664
337 173
504 74
606 942
690 400
908 312
47 830
619 622
470 181
896 171
855 253
803 771
509 160
75 602
660 562
655 711
850 678
199 418
165 108
743 179
534 833
643 741
639 867
533 586
544 644
745 211
737 973
958 617
203 66
719 450
374 903
481 932
966 1000
538 175
893 869
857 152
455 6
446 705
186 889
559 411
698 702
948 259
870 492
770 29
356 548
581 790
123 542
162 654
268 313
554 786
411 76
460 695
638 577
682 340
140 951
661 350
191 373
673 884
417 130
878 701
396 409
543 282
50 478
911 677
415 549
992 249
671 683
465 756
295 488
183 888
61 58
104 96
9 338
150 67
768 442
595 275
447 795
228 230
376 915
990 202
323 510
296 424
965 864
655 939
706 300
315 898
119 610
287 545
764 856
861 69
598 320
240 656
796 648
190 755
821 953
547 988
632 403
525 852
918 267
420 144
1 347
381 935
817 220
652 900
838 750
202 331
923 909
138 248
592 548
437 502
693 2
434 566
695 595
322 163
842 992
343 520
647 254
472 500
63 370
918 346
280 885
480 251
293 101
167 211
591 789
605 458
462 749
139 572
936 671
427 905
414 380
389 198
895 127
192 220
762 828
571 197
324 550
501 646
563 392
325 110
721 739
875 950
237 469
552 93
