1000
1728
136 182
518 672
438 875
667 586
266 275
438 923
438 311
39 977
119 945
602 438
868 213
632 452
804 251
291 780
529 316
79 730
297 477
896 818
137 270
438 140
658 538
980 13
963 919
508 629
329 101
706 874
83 467
145 734
246 438
927 338
870 606
239 822
699 360
18 969
414 839
310 678
25 438
438 199
80 314
187 711
438 331
37 501
62 198
838 101
959 159
485 438
18 852
698 734
911 928
438 818
438 675
289 293
161 7
83 357
245 360
702 454
55 755
867 683
691 421
248 100
138 917
636 756
492 271
401 427
85 300
438 519
168 640
313 166
207 120
324 900
336 976
524 857
922 617
809 449
454 957
139 36
680 772
923 644
895 415
664 438
753 835
939 968
503 438
919 493
103 794
612 230
81 478
162 997
360 42
173 38
193 414
335 271
666 609
339 212
914 727
602 3
6 438
771 55
295 935
681 336
471 762
133 870
740 438
469 104
553 438
438 44
940 679
894 849
402 564
188 710
712 322
82 438
951 471
703 930
258 438
959 426
949 280
438 28
308 218
43 985
438 183
438 172
59 438
553 371
999 511
249 557
631 884
478 3
53 259
286 252
438 855
998 234
994 597
177 484
940 913
513 93
700 422
331 471
241 439
247 556
593 546
312 70
242 902
798 904
919 550
977 953
141 393
449 655
156 685
644 56
438 465
800 526
507 394
813 390
341 958
765 645
730 872
981 284
95 905
270 1
853 26
880 333
710 251
652 714
206 44
438 620
744 958
754 639
517 348
986 626
759 907
657 825
348 828
13 677
572 994
386 822
640 267
106 531
600 82
108 788
542 407
37 448
197 99
587 179
52 682
430 760
18 575
548 605
88 516
522 920
438 687
492 340
298 375
729 153
473 11
691 823
836 147
287 792
380 837
134 676
396 358
477 877
282 819
868 870
38 881
907 847
328 438
752 706
280 981
164 892
126 964
438 110
702 985
941 960
500 926
887 861
375 185
438 384
607 713
244 438
196 863
979 175
712 253
438 259
103 791
815 749
327 304
636 995
56 141
981 438
75 221
198 932
161 631
30 646
772 152
374 438
468 753
964 382
733 447
521 438
448 438
597 446
528 713
522 295
204 170
737 828
541 372
516 108
578 150
291 68
215 841
291 21
206 31
638 279
432 816
60 515
367 177
923 141
69 612
610 855
578 293
472 208
732 438
960 192
995 499
290 544
485 402
240 418
438 633
221 438
190 390
726 242
822 19
158 968
607 528
589 502
87 502
181 71
128 438
475 97
177 378
576 249
52 438
686 886
952 421
124 747
202 438
581 438
689 481
438 151
438 150
554 699
54 972
347 634
942 866
830 796
304 648
421 823
854 438
834 217
440 258
581 841
783 559
901 290
743 249
819 663
970 501
630 223
322 495
731 709
95 818
438 159
438 453
181 931
213 606
129 132
546 228
24 908
754 438
813 947
625 48
597 572
71 186
692 150
746 768
154 649
514 438
784 438
438 421
757 599
110 582
346 849
553 918
160 645
687 961
848 361
438 573
611 733
309 423
88 352
763 1000
831 438
646 127
438 956
536 422
231 873
459 4
523 784
408 304
456 295
606 133
322 253
17 587
515 948
701 685
541 321
388 438
504 548
720 48
111 871
973 398
335 425
165 570
170 903
187 381
787 388
855 47
492 335
276 432
287 384
510 769
495 486
200 274
650 846
653 976
371 918
349 668
438 659
428 651
85 799
191 117
564 332
185 247
988 753
479 619
721 571
138 438
614 642
213 133
770 159
438 558
438 143
438 144
57 933
993 840
900 480
953 39
311 539
915 378
993 979
444 662
298 185
879 781
406 404
243 828
559 5
442 491
710 438
240 588
325 688
443 639
248 560
438 55
438 721
824 873
358 624
798 102
734 78
391 417
438 457
811 928
168 267
462 148
302 955
438 272
222 116
245 554
447 483
738 784
703 438
169 589
215 581
45 25
389 515
806 438
165 992
576 557
105 863
503 490
390 450
401 591
438 296
888 489
930 91
573 929
977 337
505 876
395 696
274 797
962 337
603 236
474 343
28 524
118 959
613 802
209 246
638 888
190 947
403 881
622 928
90 250
63 41
265 294
496 70
859 287
943 440
96 144
946 364
441 614
581 180
747 906
907 433
438 304
369 438
40 609
405 701
40 659
757 933
506 563
373 106
650 561
492 425
233 77
726 671
74 539
514 51
438 225
35 721
856 717
652 250
438 786
366 338
367 915
708 412
240 438
152 680
673 937
668 744
160 563
547 890
438 733
471 899
798 537
958 349
785 745
810 925
596 317
549 67
463 329
438 76
438 439
90 210
86 594
692 293
131 684
130 244
615 848
939 158
184 807
728 579
925 479
675 826
942 637
370 475
199 22
728 574
412 438
578 692
330 894
330 346
122 875
575 969
724 438
352 108
177 915
900 174
773 814
438 182
577 911
196 105
393 644
438 181
731 842
738 411
262 527
438 679
294 438
792 859
868 438
438 165
211 690
511 438
914 944
713 347
278 734
326 912
761 942
224 151
303 710
537 904
898 992
198 438
808 438
550 438
955 716
230 69
438 728
938 438
438 598
438 528
502 169
216 738
732 921
353 36
438 723
990 217
740 109
12 836
84 214
586 547
438 814
779 749
662 658
438 157
409 418
197 781
296 351
438 13
438 813
569 62
6 399
5 199
121 757
417 122
363 498
696 922
567 126
264 946
577 811
832 371
119 740
948 113
389 948
438 991
736 178
824 989
844 640
853 674
306 413
543 971
892 800
443 754
44 362
438 117
523 738
438 685
878 867
652 210
540 10
702 43
376 38
486 253
324 174
598 410
437 509
348 737
779 815
176 880
303 188
821 438
934 223
841 812
465 207
438 233
794 72
305 158
438 236
499 695
375 438
770 426
438 218
276 816
438 309
215 812
800 627
279 888
197 879
901 544
899 331
70 439
756 438
159 118
290 722
980 677
326 438
552 85
678 728
438 49
302 438
244 462
858 805
459 64
746 630
251 303
665 438
201 239
344 345
654 858
602 478
286 991
894 661
252 991
323 687
340 335
164 800
227 32
438 532
634 528
135 639
438 614
907 438
263 898
984 880
398 833
438 828
989 231
438 18
771 755
857 359
556 185
125 323
972 889
932 569
253 495
438 817
204 903
761 637
667 547
90 652
266 432
438 661
443 135
1000 805
60 948
566 860
331 762
60 389
623 890
957 438
941 438
147 909
537 532
627 164
512 827
438 2
428 46
938 774
381 711
883 304
403 38
72 635
858 1000
394 438
990 834
9 694
376 403
781 99
413 140
671 902
878 683
656 404
768 223
438 336
910 161
884 161
20 524
275 276
687 125
169 87
460 697
760 16
720 625
61 617
799 552
695 756
530 555
438 663
903 438
486 322
624 396
461 64
438 101
438 64
502 128
823 952
949 284
293 150
923 393
1 789
97 8
956 498
438 103
412 299
131 665
137 438
438 911
438 267
870 213
592 320
16 430
646 670
125 750
536 438
458 595
268 833
624 438
22 559
438 7
608 203
201 19
670 604
909 836
840 438
544 722
4 64
57 121
641 643
963 550
476 498
438 495
746 223
599 57
438 927
762 951
479 585
438 535
155 965
944 704
784 216
792 384
962 39
374 545
8 723
452 821
669 438
59 862
542 83
803 23
993 175
865 166
954 438
636 499
647 212
309 281
698 145
98 307
741 255
285 966
795 107
281 533
628 474
809 655
438 339
970 37
261 229
529 153
558 474
804 710
127 670
843 379
534 651
519 830
751 438
441 642
345 766
324 350
945 109
405 156
389 113
297 877
211 633
883 408
7 910
438 397
831 189
965 473
756 995
812 581
186 181
589 87
839 193
968 305
50 673
647 339
714 250
75 487
438 361
840 979
282 663
68 21
482 300
142 277
438 526
78 145
98 232
528 347
469 202
197 355
167 268
530 724
697 438
432 275
983 562
224 123
175 777
24 187
375 247
391 122
216 523
21 438
55 342
973 438
739 260
679 58
124 906
556 298
231 621
829 92
758 354
203 990
712 486
392 400
338 887
438 593
891 383
538 444
83 407
874 94
94 706
409 240
619 585
385 431
943 258
59 260
934 768
974 328
660 181
984 176
208 438
771 342
198 569
802 114
456 438
935 920
583 320
917 134
91 27
329 838
900 350
397 416
175 840
438 455
438 153
63 808
438 834
441 356
764 725
578 289
493 963
533 423
625 438
817 802
788 516
758 583
940 58
368 825
694 793
298 247
623 667
771 435
363 801
610 497
438 621
411 784
901 438
100 560
493 550
805 763
882 434
863 767
962 953
146 720
992 263
941 543
160 506
350 480
438 693
976 580
237 109
533 309
621 873
269 466
540 860
972 573
842 438
267 844
998 438
448 970
708 299
873 989
89 797
707 380
672 419
46 534
178 365
744 341
537 102
715 183
284 280
256 718
911 811
21 780
791 635
881 376
333 176
889 929
485 564
862 260
754 135
951 331
992 570
561 846
138 676
496 241
195 494
200 797
438 255
822 201
459 461
112 178
884 910
123 151
278 145
17 437
383 438
438 145
167 398
438 547
531 438
604 127
820 438
301 272
147 12
605 438
579 574
816 438
165 898
281 423
395 438
89 200
317 748
994 446
263 570
729 529
596 748
542 467
146 48
606 868
104 387
47 610
283 379
438 778
438 297
561 438
121 599
97 370
588 409
525 584
683 438
722 901
26 975
844 168
997 438
133 868
767 105
464 438
897 954
391 875
616 895
288 983
438 377
956 363
577 622
232 307
787 871
552 482
566 540
483 611
468 835
862 739
438 649
116 641
19 239
323 750
513 171
688 438
149 785
300 799
289 692
896 905
244 148
649 508
438 176
549 438
772 225
934 746
68 780
42 438
573 889
604 30
438 668
957 985
857 20
2 112
338 861
251 188
833 973
387 202
922 395
357 407
850 620
275 816
433 847
764 845
791 794
879 355
173 376
693 510
962 977
879 99
879 438
952 691
883 327
996 438
163 481
173 403
438 576
419 518
390 947
438 886
662 538
162 626
532 102
833 167
758 320
628 343
143 541
592 758
303 804
194 741
385 334
357 438
47 497
504 605
345 233
966 438
489 438
153 316
435 55
736 112
843 283
766 77
489 279
803 996
947 450
711 24
593 228
783 22
923 56
742 438
670 30
627 892
473 155
411 523
488 219
622 911
654 763
222 643
438 882
944 727
347 607
438 494
353 139
656 438
763 858
454 43
908 711
232 438
2 365
167 973
152 225
221 487
217 203
922 61
887 366
354 583
427 438
438 782
438 149
99 355
439 496
206 362
927 366
31 44
827 369
438 872
933 121
12 909
408 327
61 395
752 94
520 200
332 485
438 179
997 626
438 809
120 465
143 372
696 61
971 960
641 438
535 451
701 156
871 388
941 971
344 233
365 736
408 648
130 148
565 507
313 865
455 11
863 438
59 739
310 728
203 834
798 532
468 988
532 904
341 668
312 439
552 438
699 245
359 524
192 971
872 79
759 847
489 235
583 438
32 967
42 554
508 154
340 271
226 319
750 687
29 705
735 313
427 591
472 590
563 645
621 989
42 699
438 26
277 438
310 574
617 395
543 960
558 343
128 87
192 543
914 704
473 455
262 438
263 165
318 238
411 216
957 702
115 326
988 835
438 876
179 17
33 191
589 128
226 438
217 608
186 660
874 438
33 117
602 81
438 968
842 220
407 467
653 336
520 89
155 455
795 438
32 521
20 28
71 931
382 567
586 623
58 913
202 104
332 402
651 46
438 860
375 556
406 656
458 438
43 957
786 318
66 831
681 580
359 28
438 193
103 635
42 245
101 463
319 885
367 378
783 199
918 832
577 928
327 648
553 15
858 438
431 334
777 979
180 215
616 415
654 805
49 551
184 438
34 820
388 111
498 801
171 93
15 832
497 855
659 666
517 737
536 700
169 128
98 205
832 553
885 226
356 614
659 609
72 791
759 433
777 840
268 973
984 333
927 861
242 438
480 174
902 726
770 118
482 85
599 933
476 956
925 585
489 638
661 330
73 458
289 150
572 446
359 20
461 4
719 854
205 307
916 978
612 438
438 239
235 638
678 579
438 466
681 976
270 789
386 239
705 438
476 363
660 71
129 778
138 134
208 590
595 73
743 576
23 996
50 438
438 916
678 574
39 337
438 492
268 398
70 241
438 385
438 274
718 14
484 915
684 665
306 140
703 91
256 14
462 130
693 769
28 857
901 65
934 438
386 19
336 580
348 243
766 344
361 615
894 346
456 935
672 453
386 201
898 570
73 936
743 557
698 78
96 924
645 506
378 484
438 946
512 369
65 290
315 45
241 312
731 220
438 749
985 454
810 479
641 222
981 949
698 278
932 62
357 542
312 496
491 775
765 563
695 636
15 918
788 352
762 899
783 5
629 154
987 438
794 635
841 180
849 661
438 313
491 438
438 324
273 795
936 458
939 305
438 177
810 585
353 438
100 438
420 438
76 776
893 869
437 587
845 725
438 538
455 965
438 9
562 288
274 89
958 668
856 438
50 937
613 817
54 929
475 8
544 65
354 592
231 824
127 30
669 869
664 864
818 905
372 321
475 723
775 442
438 30
648 883
518 453
1 137
24 381
438 983
194 255
357 467
674 975
669 893
116 643
651 438
501 448
714 90
509 17
995 695
444 658
733 483
724 555
812 180
599 438
642 356
961 323
160 765
787 111
456 522
344 77
782 851
601 987
889 54
887 927
751 257
781 355
790 420
81 3
113 60
469 387
852 969
320 354
689 163
445 568
760 438
592 583
579 310
438 747
337 953
125 961
920 456
634 607
97 723
173 881
102 904
108 88
768 630
619 810
646 604
982 377
27 930
676 917
622 811
438 160
315 25
965 11
500 438
371 15
340 425
829 438
5 22
113 515
438 93
349 341
561 950
526 627
438 788
661 346
316 729
681 653
559 199
849 330
367 484
237 740
637 866
172 254
243 517
300 552
78 278
405 685
429 470
66 189
243 737
394 565
884 7
438 845
499 756
384 859
788 88
521 227
179 437
107 273
72 103
986 162
360 554
373 531
324 480
242 671
141 644
755 342
824 621
520 797
931 660
457 424
777 993
2 736
608 834
362 31
137 789
112 365
920 295
438 382
925 619
967 521
10 860
568 438
558 628
86 438
580 653
712 495
438 415
679 913
953 438
229 438
192 941
438 572
950 846
382 126
114 613
438 14
166 735
311 74
35 571
435 755
799 482
707 837
342 435
266 276
924 144
147 438
40 666
816 266
426 159
961 750
174 350
896 95
132 778
393 56
908 438
631 910
210 250
742 618
506 765
956 801
959 770
438 704
464 436
237 945
279 235
368 657
975 853
625 146
450 813
745 149
761 866
766 233
196 767
113 438
450 190
713 634
179 509
722 65
9 793
54 573
575 852
115 912
164 526
438 525
519 796
633 690
752 874
806 429
77 345
238 786
264 364
438 843
821 632
205 232
709 842
753 438
587 509
804 188
438 637
740 945
534 428
190 813
1000 654
630 934
526 892
381 908
517 828
680 225
744 349
727 704
321 143
366 861
302 716
186 931
629 649
438 368
929 972
114 817
964 567
438 219
808 41
547 623
292 157
714 210
235 888
57 757
608 990
997 986
155 11
370 8
2 178
438 403
908 187
438 380
476 801
667 890
650 950
453 419
951 899
674 26
463 838
935 522
426 118
417 875
438 214
631 7
936 595
735 865
274 520
470 806
890 586
425 271
588 418
163 438
810 438
220 709
703 27
227 967
119 237
438 714
80 438
447 611
352 516
119 109
10 566
370 723
596 438
392 438
617 696
1759
770 388
869 190
71 561
989 830
192 336
949 710
240 949
921 366
691 298
711 735
407 293
294 759
735 949
562 5
534 820
797 560
778 282
949 209
163 354
371 801
831 949
623 110
569 798
763 990
621 181
349 81
651 436
492 926
911 178
110 985
140 161
676 949
423 498
120 132
476 738
48 783
458 757
140 949
457 300
323 806
476 310
374 649
24 270
307 847
42 849
949 990
549 65
703 521
15 976
335 432
216 949
315 481
646 973
375 696
216 813
82 291
426 415
54 30
516 546
103 799
231 430
931 857
277 18
334 763
886 83
210 784
13 364
949 464
949 479
954 465
786 848
736 345
460 848
938 287
749 54
820 80
270 966
717 49
733 417
675 953
182 687
237 5
976 949
403 636
949 454
949 243
415 544
777 151
949 542
554 55
957 626
270 172
691 986
233 962
194 165
989 251
451 562
255 505
595 684
949 179
407 949
454 835
926 390
872 808
505 949
278 605
718 722
742 960
988 586
686 190
599 263
441 692
879 337
93 510
949 389
824 166
883 730
671 74
823 949
949 129
268 60
534 949
407 890
113 540
59 898
133 949
314 967
309 621
759 949
43 452
767 556
399 802
650 20
33 685
313 184
85 825
957 378
20 949
468 238
949 631
997 753
850 860
949 771
198 228
949 575
583 720
807 768
973 193
487 938
28 949
706 218
958 393
970 949
233 930
577 385
127 708
403 197
949 964
747 949
443 528
567 152
132 29
832 477
983 280
143 630
186 981
946 741
967 986
326 814
268 281
903 515
949 417
638 949
381 656
552 597
975 832
449 746
897 949
285 219
789 222
517 919
505 589
853 369
960 350
520 512
197 636
251 830
424 949
341 294
949 171
13 439
568 947
522 949
277 649
608 66
840 873
579 616
81 949
402 926
966 24
738 283
949 452
727 408
190 83
347 292
788 949
659 21
958 61
965 127
374 732
766 949
96 949
566 845
376 54
580 80
437 949
949 91
85 647
788 368
661 41
407 704
160 509
855 1000
38 949
259 291
710 616
787 29
40 694
114 26
868 838
341 773
839 883
733 739
186 582
141 444
155 196
129 824
911 512
932 220
425 723
288 811
87 514
323 741
949 684
232 388
679 213
790 448
926 612
930 58
732 277
599 550
97 434
622 582
581 479
778 600
670 865
192 722
144 663
454 44
597 600
277 374
8 134
172 900
851 949
949 387
846 565
157 215
741 806
540 936
941 267
319 802
8 284
359 804
568 206
582 981
785 809
924 35
974 949
641 794
416 265
181 309
327 397
981 863
524 299
949 147
383 949
612 390
328 678
739 420
975 272
827 949
257 930
269 631
717 55
533 949
612 492
346 857
776 206
98 949
965 685
569 901
129 743
846 128
956 120
949 223
404 603
949 134
949 896
404 670
532 726
188 53
209 523
949 910
603 670
460 932
143 430
332 378
676 63
854 358
387 337
875 242
949 728
380 949
987 949
400 90
532 927
991 949
191 223
536 874
767 942
138 317
949 326
180 630
463 288
225 677
651 949
68 260
834 194
558 949
154 388
202 46
799 448
577 360
507 998
163 949
832 272
385 360
604 570
24 900
484 553
647 615
903 910
63 619
589 255
918 170
776 947
144 458
260 949
850 784
385 236
891 862
226 54
870 588
205 949
83 686
150 408
442 772
912 155
637 441
428 617
412 949
612 402
521 864
841 428
819 693
910 515
949 12
483 247
856 733
708 33
863 582
948 697
504 260
447 852
518 913
578 726
698 812
638 656
303 884
962 930
688 611
92 847
909 107
949 836
522 164
615 398
748 501
364 972
980 130
778 597
336 10
406 925
644 70
949 235
857 641
591 138
10 718
179 462
949 696
837 468
978 897
903 84
440 700
24 172
739 856
77 740
224 719
409 221
949 627
988 473
949 128
613 547
117 13
71 23
844 308
421 405
722 336
274 734
545 859
949 242
888 98
174 48
431 519
61 32
886 190
949 532
734 62
675 262
403 680
949 811
769 933
447 949
962 257
166 129
351 949
264 320
98 353
680 636
102 679
607 949
761 982
942 500
110 949
21 823
386 943
430 630
662 45
677 907
241 200
861 97
432 669
876 116
549 27
925 467
482 698
949 66
949 344
961 14
949 94
664 419
82 412
840 36
949 864
692 459
519 148
351 957
185 125
101 307
915 397
321 785
334 990
178 520
567 370
336 718
143 180
757 663
714 969
604 176
965 33
564 963
56 949
816 894
215 944
15 453
313 765
949 524
865 603
147 742
558 292
253 882
820 580
921 330
509 542
279 836
949 184
563 827
415 433
792 410
778 552
657 19
891 569
995 219
949 853
423 702
856 417
233 257
977 675
327 632
601 79
136 899
177 927
845 78
945 657
53 227
87 760
271 974
840 949
555 392
422 225
940 515
327 322
86 866
431 148
929 991
889 48
989 464
322 949
626 378
474 482
59 949
438 949
318 854
705 75
710 579
125 640
26 133
949 274
795 620
580 534
751 501
474 698
852 25
592 558
693 275
607 372
388 559
233 949
684 485
483 273
889 877
333 547
511 703
242 495
487 287
510 488
201 610
305 91
568 776
469 201
639 407
697 540
194 46
162 136
621 67
949 309
245 584
115 452
949 306
949 727
758 971
268 949
929 434
949 355
894 949
789 245
655 892
58 962
37 352
278 164
617 841
949 776
284 286
346 641
883 690
237 562
226 30
453 39
3 359
164 605
541 949
881 614
118 606
925 905
949 141
122 828
690 730
690 839
331 509
729 923
997 208
620 193
600 552
177 578
435 141
461 199
976 667
755 14
897 941
976 39
745 949
315 218
973 795
760 514
970 807
771 553
716 803
502 386
830 325
147 960
249 751
627 583
824 914
692 637
496 822
178 543
36 885
706 315
871 436
770 559
162 764
839 652
521 261
74 688
949 921
263 550
949 912
393 32
949 78
224 425
620 646
215 295
864 703
949 895
949 893
903 940
7 736
236 598
797 362
916 949
734 737
985 887
892 949
844 949
73 949
274 737
74 949
357 93
949 386
744 379
628 949
863 622
824 743
564 576
804 3
756 358
130 234
276 745
986 298
870 949
872 155
941 602
16 347
912 872
949 156
260 169
757 780
576 34
808 912
72 949
507 456
949 545
446 68
402 492
395 942
450 111
191 229
598 577
159 638
949 432
949 421
634 239
720 627
504 169
821 992
814 969
276 526
187 841
311 514
466 846
326 969
333 9
891 901
423 375
555 490
556 395
343 987
500 767
774 480
447 25
748 751
853 88
409 655
425 719
784 949
704 890
970 593
440 949
760 949
275 949
783 949
618 183
949 371
949 295
949 460
62 880
481 624
185 640
742 491
165 949
611 74
529 244
166 743
693 625
413 316
74 126
329 713
322 397
527 8
286 527
948 113
193 949
668 895
220 848
822 935
823 280
139 243
928 827
169 68
195 456
938 173
449 974
235 596
352 112
811 682
739 417
423 696
808 196
682 288
230 581
279 681
292 592
804 472
280 659
543 520
43 529
318 629
712 975
951 440
177 532
955 188
254 509
464 325
105 35
89 189
267 897
995 535
699 898
324 125
719 723
3 949
148 137
475 949
877 783
915 632
160 542
754 444
548 4
949 690
770 232
713 369
306 494
31 720
238 949
949 348
353 888
413 269
658 909
390 949
949 642
914 166
714 326
745 526
180 231
661 571
949 561
376 749
304 563
796 833
765 184
896 980
53 445
570 949
866 701
441 459
949 455
87 311
782 321
558 16
896 130
812 474
231 630
317 591
833 337
168 443
227 949
159 656
531 380
815 949
805 949
243 469
949 761
197 680
856 420
779 892
949 741
88 369
435 444
23 561
906 838
293 890
302 152
143 231
363 121
810 111
769 949
631 316
832 712
585 373
937 949
438 108
280 21
199 949
75 158
178 512
72 501
69 874
379 486
979 731
332 626
576 963
426 544
949 778
100 680
713 88
114 133
681 758
176 643
387 796
118 530
246 119
355 212
165 834
450 810
167 728
145 858
249 72
522 278
560 362
233 58
375 702
60 281
120 29
693 573
594 496
643 604
1 747
879 796
867 950
556 942
546 949
185 993
770 949
431 137
172 966
938 949
917 920
28 591
65 296
949 931
171 4
126 611
968 340
264 949
949 790
95 949
249 501
616 465
710 465
831 429
238 478
904 672
646 795
991 434
48 877
221 655
691 314
648 399
949 75
304 715
376 30
248 357
382 949
158 705
227 188
19 537
949 411
498 375
869 886
674 20
414 479
896 234
363 424
718 192
924 949
42 95
955 227
256 949
218 481
952 382
467 406
575 151
408 252
174 877
101 847
252 727
725 949
949 753
695 949
315 624
70 539
320 673
224 723
338 294
265 109
193 646
310 283
152 370
709 459
681 836
949 213
84 940
285 995
949 112
748 249
586 949
296 549
667 39
967 691
304 827
766 207
332 351
240 842
827 715
370 302
301 946
956 787
833 879
401 349
342 411
324 185
623 985
830 464
467 905
465 579
472 3
949 415
709 949
356 684
949 116
391 916
53 955
366 217
200 14
491 960
664 949
273 247
409 779
542 331
97 929
653 717
341 759
251 325
892 409
949 127
426 433
113 936
182 618
8 286
949 122
743 914
614 949
949 373
967 298
949 365
520 911
730 652
884 471
949 69
840 885
284 134
86 701
949 51
700 951
251 464
451 5
324 640
520 949
927 726
949 319
579 954
949 198
996 660
949 34
768 970
876 131
488 248
768 593
797 642
33 127
920 668
781 608
559 232
289 687
957 332
904 383
756 854
511 261
689 320
261 864
241 961
949 683
57 908
253 12
564 34
232 154
335 669
621 258
188 445
994 792
319 648
330 217
887 623
214 769
401 81
949 847
493 205
395 500
675 533
933 214
470 949
894 418
51 775
144 757
929 861
83 869
297 38
814 489
598 385
492 390
338 759
829 77
513 788
936 948
456 998
557 450
453 976
677 721
127 685
50 203
945 19
712 272
860 427
395 767
948 540
245 949
758 279
855 211
406 905
594 935
126 671
347 558
120 787
216 902
551 553
12 882
430 180
84 515
248 510
972 439
554 653
977 953
908 775
350 147
248 93
607 934
978 267
907 225
932 786
983 823
649 18
551 771
422 907
715 928
570 176
104 950
949 106
637 459
128 565
56 392
84 910
913 123
750 815
18 374
965 708
737 62
543 512
984 918
961 200
434 861
924 105
917 668
862 901
899 764
622 186
949 909
481 706
963 34
533 977
116 131
635 159
88 329
59 699
282 600
206 947
497 651
975 477
367 750
683 50
457 64
508 373
880 274
971 836
956 132
653 55
615 85
475 707
491 147
949 474
534 80
993 125
609 648
791 585
285 949
274 62
289 182
680 949
219 535
312 214
290 821
513 368
396 949
123 518
934 372
49 653
52 205
171 548
485 356
261 703
633 949
949 803
996 949
47 588
829 740
96 303
204 506
798 891
236 360
779 221
770 154
953 262
895 917
128 466
949 855
121 424
793 574
915 322
939 949
949 736
338 341
301 806
873 885
573 275
360 598
1000 211
696 702
632 322
542 254
422 721
949 772
30 749
452 529
821 949
912 196
754 435
115 244
862 569
790 799
149 156
949 540
986 314
609 802
763 666
292 16
73 65
170 628
445 955
665 348
106 400
802 648
949 506
581 414
624 218
203 683
949 118
339 608
162 899
570 643
563 928
100 636
275 625
46 834
949 146
381 638
111 557
340 949
196 872
478 837
210 860
994 410
537 657
146 503
304 928
889 174
780 663
956 29
19 949
949 822
49 55
981 622
949 843
286 134
949 562
746 271
202 165
949 662
949 248
124 384
293 639
379 949
469 610
258 181
610 139
358 318
18 732
956 949
850 427
866 949
899 949
458 780
949 333
346 931
201 139
380 40
673 689
2 949
718 949
246 389
949 70
617 187
794 346
656 635
838 949
265 541
383 672
138 28
239 455
848 932
634 455
358 629
825 647
862 798
334 666
613 333
667 15
319 399
925 843
816 418
999 805
97 991
577 236
949 283
749 226
902 813
109 541
708 685
416 109
494 6
47 870
752 548
519 137
949 370
625 573
345 7
296 27
839 730
573 819
6 306
532 578
439 117
812 482
949 762
697 936
463 811
489 326
782 809
709 692
984 170
477 712
264 673
103 448
868 906
964 499
446 260
43 244
399 609
949 740
949 785
294 773
865 404
66 781
575 777
762 587
549 73
954 710
637 709
786 460
183 687
327 915
755 241
937 361
412 291
602 978
344 175
312 933
420 417
56 555
554 717
104 949
853 713
427 784
380 694
525 135
259 412
208 753
301 741
145 470
126 688
949 653
225 721
67 258
914 129
507 195
99 633
154 559
343 818
949 826
11 851
890 639
531 694
250 893
416 541
624 949
878 922
927 578
378 351
500 949
79 949
987 818
658 107
652 690
642 560
468 478
27 65
733 420
289 183
764 136
490 56
319 609
90 106
566 78
376 226
949 986
365 538
488 357
284 527
865 949
618 289
949 195
159 381
472 359
983 21
394 572
497 871
990 666
234 980
972 117
983 659
330 366
238 837
134 527
453 667
975 949
817 516
142 37
817 546
282 552
264 689
57 775
949 793
95 849
819 275
302 567
949 394
443 949
795 193
303 471
57 51
808 155
256 89
880 737
458 663
726 177
742 350
991 861
994 949
252 150
780 949
271 449
451 237
843 905
144 780
554 49
949 270
445 227
222 245
627 31
259 82
787 132
92 307
732 649
615 825
58 257
22 826
993 949
595 356
374 949
389 119
529 115
918 628
525 949
339 66
186 863
466 565
886 686
537 945
647 398
807 593
73 296
618 687
949 979
528 168
165 46
283 476
390 402
324 993
511 864
182 183
498 696
403 100
789 584
727 150
783 889
288 17
790 103
585 508
654 725
293 704
536 69
592 347
989 325
931 641
72 748
493 52
153 355
798 901
490 392
867 104
414 230
316 269
810 949
595 485
819 625
473 586
369 329
949 186
756 318
256 189
504 446
884 96
115 43
544 433
724 943
397 632
387 879
724 502
68 504
510 357
599 949
381 635
41 571
495 875
471 96
854 629
949 841
457 949
949 225
843 467
4 752
682 17
173 487
931 794
908 51
31 583
911 543
488 93
272 477
100 197
247 949
213 76
738 310
773 759
67 309
480 695
213 102
181 67
317 28
949 439
758 836
645 94
779 655
949 854
891 949
463 682
368 590
413 631
584 222
751 72
782 785
201 243
611 671
64 300
519 949
470 858
301 323
946 323
769 312
396 266
142 112
486 744
834 202
958 32
949 878
518 949
971 279
2 377
709 441
659 823
39 15
734 880
642 362
139 469
602 267
638 635
141 754
210 850
496 935
502 943
714 489
460 220
220 786
517 949
194 202
897 602
695 774
533 262
972 13
102 76
760 311
907 721
282 597
463 17
688 671
384 949
489 969
895 920
285 535
590 513
910 940
290 992
833 387
452 244
484 771
351 626
500 556
511 521
650 674
883 652
860 784
811 17
557 810
491 350
101 92
10 192
427 210
973 620
157 944
262 977
949 749
117 364
321 809
254 160
531 40
941 978
171 752
337 796
254 331
687 949
497 436
241 14
393 61
954 616
676 619
629 756
921 217
41 949
223 229
949 729
715 563
900 270
352 142
788 590
677 422
628 984
479 230
386 724
714 814
539 644
873 36
704 639
605 522
592 16
398 825
594 822
73 27
892 221
815 367
800 437
835 44
439 364
959 939
243 610
153 212
190 949
887 110
722 10
76 679
329 853
9 613
791 508
446 169
180 949
871 651
702 498
686 869
825 949
961 755
187 428
971 681
373 791
746 974
533 953
755 949
755 200
781 339
112 37
547 9
697 113
949 719
706 624
606 530
295 157
843 406
174 783
314 298
331 160
287 173
966 900
338 773
195 998
309 258
385 949
857 794
993 640
949 328
85 398
944 295
393 949
551 484
806 946
