810
2478
367 35
512 22
223 751
310 39
252 513
11 457
724 775
478 509
468 390
619 519
725 146
189 344
113 349
470 189
1 457
123 538
374 330
712 32
70 181
316 34
729 27
661 276
599 40
18 587
46 545
543 231
218 597
525 614
683 423
247 420
413 681
477 768
560 612
775 335
484 128
453 209
601 568
9 288
33 168
530 529
771 520
281 337
510 37
17 546
319 629
32 436
101 447
531 532
583 199
773 774
312 544
676 760
689 642
1 303
545 160
498 378
283 293
641 527
156 480
483 487
112 1
715 740
517 674
635 616
614 40
669 657
723 359
140 633
220 120
252 530
93 454
278 518
355 449
650 394
625 706
400 587
295 539
242 340
580 781
61 591
325 712
154 337
24 198
389 539
115 641
809 626
398 316
484 112
629 552
522 35
649 782
160 366
149 790
628 605
104 571
777 188
462 793
682 143
802 394
106 625
499 624
696 478
61 399
783 392
765 667
699 656
228 697
119 367
634 686
713 724
508 609
645 660
180 134
455 48
499 391
166 479
663 345
222 574
407 18
753 294
476 121
754 463
501 368
83 367
456 809
745 210
600 627
603 785
606 1
633 49
536 466
265 431
500 84
336 312
12 532
289 298
305 718
376 111
381 654
329 749
567 406
268 88
166 427
339 78
196 305
588 560
325 220
793 371
246 682
747 104
403 778
513 272
374 576
168 687
278 219
659 522
25 554
596 201
311 357
483 630
71 500
156 64
609 352
437 713
497 280
317 764
348 513
730 47
635 365
116 480
554 279
794 183
466 170
220 682
126 360
649 746
375 639
413 217
509 303
55 351
414 241
127 35
425 85
223 500
482 112
681 473
758 236
665 794
218 271
374 648
260 782
485 499
112 466
284 119
343 277
123 403
110 767
691 391
527 578
330 661
530 78
570 270
574 373
234 118
9 368
390 693
29 217
575 101
411 3
421 384
639 32
125 461
350 450
74 239
91 801
639 119
634 370
439 519
295 344
804 170
156 797
540 207
547 596
303 556
645 202
510 551
7 219
557 231
197 78
212 799
162 528
767 609
230 137
529 192
127 1
405 459
448 712
335 673
694 408
637 160
797 115
564 774
196 243
177 661
138 506
619 551
133 16
421 49
1 456
193 401
370 52
468 189
110 697
7 22
509 430
616 259
176 399
208 486
472 647
216 70
233 366
195 190
279 50
211 267
256 73
560 40
408 621
200 745
97 691
416 53
455 576
270 699
400 723
406 454
220 786
465 264
596 143
8 423
387 286
465 132
536 554
453 105
466 795
350 467
267 548
270 276
413 531
546 515
276 267
558 676
485 632
136 761
587 304
279 645
442 506
180 696
572 515
570 431
63 22
176 456
458 508
763 244
205 242
431 149
288 554
755 440
162 346
384 315
796 150
385 259
506 547
319 654
29 699
345 161
5 314
248 756
290 686
466 306
166 602
240 730
769 152
80 771
188 603
744 684
320 798
630 570
284 519
487 427
619 715
254 653
487 347
410 541
272 744
788 512
580 425
181 105
203 695
347 515
784 219
73 69
808 677
224 327
626 374
16 472
312 123
533 62
292 501
772 236
686 689
542 713
717 344
432 701
782 78
250 581
480 282
709 243
180 421
361 385
124 252
229 113
619 129
198 628
40 269
511 486
290 806
722 301
382 127
449 217
206 487
718 660
554 35
569 103
367 464
639 568
446 262
168 592
65 795
109 484
396 367
289 767
624 576
552 63
69 605
284 176
725 685
222 514
689 569
335 428
712 403
762 257
589 495
647 54
503 309
336 171
717 472
388 760
730 666
471 267
84 316
407 598
399 636
535 545
737 307
177 179
302 670
59 640
784 41
233 34
77 155
728 309
350 307
431 743
402 350
72 352
585 275
153 722
327 659
459 110
583 35
326 804
352 61
60 106
116 34
143 442
584 472
48 182
664 715
216 752
150 117
462 713
488 522
494 644
423 200
716 135
289 71
246 622
409 388
729 45
126 185
450 679
775 345
234 71
356 214
371 757
504 648
177 95
87 162
449 351
788 610
336 334
308 149
436 124
469 107
410 332
517 547
168 798
785 750
620 216
729 585
712 419
392 456
807 503
774 567
520 684
107 540
96 606
753 615
485 71
628 755
789 448
279 515
372 589
554 181
677 454
731 518
565 612
400 199
399 229
596 344
580 263
700 669
462 130
570 675
265 540
257 608
427 167
136 540
508 52
310 284
401 498
642 395
791 125
700 787
626 67
610 775
531 266
504 260
166 145
102 678
310 485
167 158
703 803
147 59
259 108
702 707
732 486
465 164
520 532
107 529
456 204
191 470
142 685
141 134
590 363
133 783
189 163
55 625
603 694
109 42
752 550
399 664
659 76
790 377
145 48
61 25
409 160
79 33
499 690
690 583
471 165
473 93
683 577
798 314
592 128
680 385
343 675
261 76
522 619
4 43
627 144
584 567
461 285
117 671
311 700
149 136
490 12
686 539
402 332
758 498
260 293
766 615
508 377
192 157
203 209
782 241
425 310
537 211
327 651
14 27
371 741
193 279
494 342
14 686
144 399
707 735
459 345
495 221
495 121
715 175
633 626
235 141
674 363
67 656
191 128
494 723
773 403
175 707
226 120
415 376
643 119
106 480
430 133
336 444
757 307
785 80
243 476
240 410
276 254
549 339
213 168
314 668
181 355
262 690
518 642
236 759
660 518
749 223
136 806
792 318
351 93
621 739
16 474
497 556
806 722
70 505
496 563
512 230
571 183
722 164
692 118
94 791
781 219
801 269
233 696
590 672
485 650
298 583
14 749
669 683
649 202
788 213
124 60
287 401
537 444
496 715
15 369
65 531
263 2
786 291
767 220
160 180
433 282
106 61
661 719
140 59
18 88
344 417
779 758
658 645
208 532
395 202
602 564
713 369
791 381
377 789
142 418
27 750
456 363
720 668
726 640
711 69
97 796
651 510
277 485
782 437
404 570
641 509
715 20
245 631
711 501
394 183
120 784
643 504
322 414
279 430
452 537
299 182
781 135
498 295
289 799
401 783
543 623
647 103
490 295
425 451
484 223
756 519
403 709
572 312
247 369
751 118
421 603
752 177
771 404
65 372
109 354
570 434
395 260
9 635
572 646
192 90
647 631
565 129
12 758
637 452
575 487
716 398
595 392
120 573
414 799
722 423
448 656
704 463
649 586
604 341
578 10
378 59
519 216
220 180
275 104
180 744
89 81
290 498
202 679
553 274
118 446
262 403
157 511
113 190
82 600
349 664
619 127
480 2
228 543
168 775
67 21
526 568
723 402
98 517
107 595
339 689
226 118
546 233
487 513
102 86
217 44
358 708
125 606
248 7
385 424
457 312
746 213
173 11
374 597
591 360
457 753
219 402
470 321
96 517
355 395
216 787
114 337
99 677
109 135
744 616
355 805
476 432
355 317
141 88
627 587
710 663
46 112
358 76
625 178
5 311
64 527
513 636
54 740
163 457
782 511
386 613
580 99
607 166
764 679
428 593
582 8
391 551
10 459
30 689
627 97
313 116
726 663
117 461
292 563
503 678
97 308
570 45
785 247
397 80
339 124
300 586
587 802
134 470
405 572
807 616
684 693
106 563
726 204
23 217
670 38
163 661
102 399
642 377
271 298
50 227
399 353
486 5
691 311
497 107
635 611
273 156
483 807
795 499
306 696
564 668
104 408
86 333
102 667
160 534
217 418
275 775
72 258
486 777
698 31
161 339
174 579
760 239
407 569
522 795
773 583
552 573
796 485
533 91
206 354
6 156
805 402
253 310
280 7
120 187
160 676
313 715
407 293
776 607
195 569
742 583
703 311
469 115
682 663
625 703
396 420
435 127
158 665
64 589
81 300
344 356
444 2
308 113
747 535
369 688
335 635
402 556
120 543
312 113
377 585
339 570
534 645
447 415
493 460
67 728
762 421
123 625
481 60
791 90
635 431
256 769
252 704
703 738
795 103
434 393
23 420
658 718
26 542
417 608
178 428
433 675
357 349
367 798
156 186
28 661
401 147
439 110
118 504
669 268
640 127
45 238
679 599
324 104
517 90
799 178
534 690
593 241
584 416
673 688
7 362
195 319
355 465
31 51
52 269
493 70
266 699
270 726
143 555
293 350
122 548
678 778
414 87
312 116
423 171
207 38
372 657
106 316
795 700
222 215
138 344
87 450
503 260
532 688
92 572
265 501
418 572
509 251
177 186
590 239
211 421
532 594
395 361
366 46
557 801
177 380
199 574
168 741
747 89
481 4
711 170
631 601
694 610
343 322
725 303
181 442
317 276
379 640
691 715
172 587
62 381
366 167
418 488
452 475
245 437
526 618
536 446
260 727
580 466
236 229
519 429
338 236
340 294
579 555
233 414
780 339
661 243
348 251
150 407
386 19
566 67
398 107
196 62
553 697
308 621
519 752
795 455
260 394
564 104
29 411
595 81
674 101
562 4
493 546
404 125
76 758
161 462
168 67
698 542
265 324
240 453
582 247
283 472
359 539
770 392
769 704
113 528
797 803
712 774
797 351
642 491
289 459
793 121
92 157
259 298
365 730
702 31
534 351
73 115
488 651
629 610
674 3
465 566
599 517
453 421
263 283
654 326
438 69
476 526
136 200
255 332
92 159
154 339
737 613
708 136
443 485
444 477
410 520
475 344
60 657
7 139
192 607
80 329
67 260
316 315
39 692
326 610
450 756
549 627
65 777
567 153
679 119
486 463
134 73
380 97
339 542
650 255
349 174
576 688
287 465
703 97
386 327
247 619
250 753
252 542
427 316
662 2
477 492
116 279
168 517
29 215
87 434
662 671
708 685
480 489
245 38
756 195
760 376
29 680
782 410
541 200
372 542
89 516
733 332
157 153
158 407
601 773
41 785
762 793
793 695
250 261
195 261
772 51
671 212
622 784
148 431
300 702
56 376
303 565
208 336
144 619
52 112
645 145
111 515
774 356
793 457
607 127
488 199
209 794
154 490
567 138
426 500
57 42
260 331
339 13
555 17
180 702
129 8
785 226
635 63
105 60
581 365
613 164
297 113
692 257
97 527
548 567
450 692
757 480
68 392
543 435
568 198
201 180
212 596
564 724
788 109
573 449
342 741
315 128
763 393
509 74
522 741
188 314
730 386
217 362
247 324
211 251
184 380
232 654
318 367
326 296
141 47
79 564
671 341
385 92
360 661
809 6
193 720
373 434
737 127
486 671
634 113
303 508
575 10
371 262
779 488
401 425
492 581
219 666
296 753
665 109
769 31
439 164
762 342
449 50
497 216
574 146
146 159
540 82
324 529
96 398
79 598
332 222
270 623
263 732
379 9
311 471
713 796
792 120
272 326
192 761
727 329
306 175
284 328
299 239
154 653
57 29
216 607
337 399
141 53
202 68
247 595
450 305
150 92
97 455
482 624
689 382
342 375
100 515
108 387
607 622
678 104
521 808
563 619
141 304
426 522
8 337
97 270
547 708
605 527
519 280
208 702
368 118
371 349
579 527
567 585
648 275
572 50
15 258
597 140
229 473
216 601
497 263
749 185
86 798
169 721
230 731
207 214
415 111
550 514
335 288
687 83
117 521
114 510
30 234
571 525
629 13
362 642
205 49
239 186
502 209
594 227
88 503
461 494
37 670
518 357
579 266
415 342
310 516
684 214
410 784
486 545
433 313
140 753
641 359
759 652
333 325
760 518
372 547
388 803
749 689
606 57
476 320
437 277
104 454
517 492
232 566
617 450
650 414
621 206
215 363
650 517
757 689
45 458
763 120
97 58
718 120
594 43
511 676
95 293
273 214
289 428
360 714
566 448
46 151
633 154
121 597
371 412
681 165
145 688
258 165
589 339
663 557
650 596
315 607
505 110
29 504
168 220
628 546
357 562
424 193
504 1
444 777
22 757
532 89
646 30
178 494
105 504
615 679
769 225
316 681
763 289
807 114
7 704
314 418
216 376
242 423
161 520
466 474
628 322
667 740
403 389
713 621
381 610
590 557
602 806
738 449
803 245
712 646
251 89
142 24
551 459
716 92
805 332
238 7
222 68
245 417
516 586
409 48
437 158
751 13
140 34
444 522
497 437
616 53
309 562
536 441
451 94
368 759
453 703
169 8
514 273
156 135
194 446
663 746
21 694
187 420
498 253
104 410
42 612
82 260
725 175
777 601
146 786
38 716
54 12
220 730
671 199
285 451
45 391
215 118
319 712
45 512
508 792
528 459
733 507
245 92
634 364
61 350
707 349
26 646
155 678
549 142
773 730
220 165
262 417
95 327
801 121
716 346
81 712
574 109
618 737
662 411
109 343
12 695
174 743
261 414
627 428
598 197
432 59
710 291
671 458
522 329
802 784
64 582
552 766
739 150
424 628
632 516
349 370
628 517
543 573
170 303
791 735
805 316
277 348
233 708
537 754
518 710
710 78
187 207
772 193
539 303
582 90
424 124
431 387
53 809
790 668
760 330
353 766
324 91
114 761
440 562
801 506
169 706
729 113
554 594
297 687
480 356
710 574
530 235
423 735
780 602
115 415
407 611
563 319
736 601
79 713
708 295
332 90
223 142
563 36
712 85
126 426
97 736
682 118
379 461
497 667
58 710
153 22
637 544
319 219
308 396
47 181
396 7
215 37
255 531
265 721
690 400
159 376
245 484
249 605
68 345
594 790
483 63
798 507
205 200
416 647
141 550
460 429
272 351
47 522
279 345
638 437
77 570
463 232
756 658
330 743
327 7
511 68
209 558
21 349
658 104
334 560
442 243
234 189
644 83
690 373
315 323
332 808
632 344
232 629
748 11
237 407
160 634
396 131
596 584
440 545
699 224
504 328
208 720
403 376
621 25
675 321
797 171
280 643
678 635
295 700
596 29
250 139
611 538
366 496
641 352
500 307
662 748
494 782
481 559
459 527
785 89
92 345
406 128
81 30
782 172
628 304
130 727
106 792
254 441
155 26
786 257
55 162
169 555
296 625
574 182
527 308
348 768
150 106
697 516
301 806
14 70
367 117
145 620
805 449
40 320
363 453
488 703
194 619
151 237
754 758
152 749
157 488
787 61
423 113
727 332
310 274
740 551
29 84
626 324
435 360
764 52
611 620
547 511
79 712
184 657
207 479
303 561
195 616
61 794
547 697
189 93
610 772
661 218
251 303
110 238
100 643
649 362
502 643
447 293
17 1
482 14
144 57
712 635
414 115
153 44
250 109
457 624
367 166
188 350
61 416
237 150
132 156
244 55
742 789
565 469
507 431
41 418
90 643
537 342
190 616
409 600
679 305
273 181
573 439
93 50
641 298
593 419
1 107
396 749
633 694
765 776
384 511
137 130
374 325
770 218
513 775
500 197
253 6
243 394
61 191
402 544
582 133
360 783
18 596
530 177
236 128
642 368
16 793
304 176
437 279
773 248
526 195
358 446
131 743
252 408
783 481
197 505
141 302
70 419
216 332
733 327
443 33
59 143
277 187
597 315
655 11
689 504
570 256
375 493
362 669
178 433
806 158
300 802
386 787
785 565
200 531
495 12
766 787
485 617
211 770
271 278
430 43
330 176
665 649
428 137
476 340
750 695
589 282
320 684
158 196
294 429
752 490
221 517
609 112
540 677
54 458
336 155
726 108
179 3
271 664
534 799
576 143
95 135
436 523
354 748
741 56
749 740
516 250
87 74
595 197
589 395
605 235
5 418
521 529
182 381
650 22
771 206
257 458
439 559
79 809
177 663
732 350
240 224
420 14
804 481
359 52
187 245
435 432
637 339
316 216
754 208
150 679
773 110
52 351
585 1
633 209
563 260
705 632
709 37
693 708
141 93
489 773
310 335
437 72
728 717
459 329
542 383
763 97
92 453
628 13
365 206
802 530
100 687
804 483
335 23
428 741
550 24
472 367
406 64
167 445
516 349
123 476
365 387
727 718
652 212
84 748
531 702
463 723
97 671
766 480
31 655
261 225
108 481
630 74
803 401
765 441
249 704
86 95
489 390
53 366
790 557
139 326
539 209
41 628
410 124
483 11
741 477
179 392
739 195
789 649
318 149
382 403
184 312
149 735
608 356
2 112
184 543
26 321
343 1
748 731
4 360
15 633
331 302
63 277
19 645
672 462
375 543
269 147
515 178
557 707
754 199
597 643
390 457
763 759
519 616
244 268
725 11
264 405
208 205
476 336
796 615
381 299
340 737
507 780
594 793
810 487
191 554
780 604
93 395
97 696
612 802
297 624
441 328
220 205
619 21
64 565
602 301
519 583
274 26
786 107
564 665
311 504
782 262
749 200
546 514
646 574
209 79
386 495
262 267
538 471
256 493
524 319
156 429
726 120
528 486
482 165
565 235
575 711
750 547
313 426
350 569
652 284
310 106
418 721
318 76
492 415
734 803
228 241
612 685
704 529
484 99
740 489
780 744
517 468
166 77
398 467
636 227
199 177
740 228
784 577
341 433
770 776
161 449
514 78
368 204
299 540
752 319
334 85
25 535
531 644
735 491
448 411
409 22
509 76
533 350
555 656
119 188
268 233
714 391
300 430
353 64
679 207
801 148
803 674
564 733
16 772
679 804
194 754
107 336
577 538
765 735
402 592
219 122
798 650
522 706
119 499
202 697
350 9
3 152
250 373
375 792
230 758
132 84
600 479
23 775
418 482
427 300
374 204
502 232
439 40
527 448
311 410
560 726
465 307
589 122
292 21
268 709
259 230
804 1
77 706
478 205
77 741
584 319
258 20
634 168
64 805
157 80
22 652
674 561
806 516
325 322
643 364
600 28
566 753
202 508
628 493
508 354
611 420
403 684
316 749
556 538
177 438
580 197
770 153
722 318
701 745
112 591
705 8
472 636
81 456
646 333
381 613
617 24
552 699
446 409
175 288
115 59
402 366
765 48
299 272
616 271
91 53
273 406
521 213
605 149
278 719
39 754
545 569
585 669
692 313
462 115
104 621
147 342
97 755
385 486
203 403
439 68
603 671
598 143
668 650
314 357
319 169
13 183
337 351
750 410
462 521
673 778
644 333
685 451
684 571
164 372
424 121
498 495
706 705
132 593
221 509
672 141
212 90
791 689
21 775
250 771
437 46
591 551
392 725
130 4
149 55
19 74
170 439
497 87
243 116
711 159
650 274
1 527
133 806
168 72
636 102
690 550
661 311
289 776
83 192
543 221
751 775
460 211
313 745
218 409
178 430
687 653
104 667
808 156
188 19
560 484
280 28
327 30
760 222
679 519
577 129
13 117
801 728
254 285
520 68
784 468
400 636
243 437
273 69
807 104
231 458
169 352
367 492
746 210
480 323
787 422
441 794
575 802
132 306
598 564
464 647
371 402
674 138
419 706
366 194
728 591
607 122
245 137
600 341
424 626
612 160
5 422
261 519
790 96
666 587
141 94
524 113
725 388
525 249
237 170
739 576
548 64
250 609
143 200
317 306
295 538
594 651
30 426
291 55
770 68
453 593
372 699
340 270
224 185
599 86
332 310
595 211
301 644
434 163
367 28
237 807
645 539
502 728
457 80
234 225
404 55
351 182
486 84
618 476
116 398
714 567
453 419
71 240
234 402
555 629
89 647
444 801
340 716
800 619
227 802
526 246
309 329
117 304
645 496
760 442
274 416
404 392
97 301
392 21
10 378
386 559
549 45
607 553
615 399
410 566
627 280
670 204
286 450
751 79
386 757
705 660
776 700
560 766
655 785
722 488
422 384
503 380
156 14
573 493
583 567
784 488
633 659
65 725
414 393
713 216
37 545
391 604
534 568
461 232
266 143
284 224
645 227
580 795
266 279
721 718
767 694
769 715
332 686
292 666
722 523
397 783
386 360
750 339
492 791
403 184
689 192
80 653
405 522
213 203
368 381
657 624
387 441
131 82
748 261
804 362
576 209
516 424
622 419
99 227
280 177
568 301
47 195
202 154
490 268
496 794
73 537
433 748
70 777
396 169
609 297
255 595
437 545
596 585
411 308
88 221
646 389
344 184
33 418
24 326
612 394
715 657
268 647
121 143
593 125
351 542
251 650
6 50
703 222
669 215
747 794
797 251
639 737
373 81
339 388
356 443
199 335
198 129
665 775
277 809
66 357
433 377
295 271
465 612
799 548
573 797
803 216
679 239
80 666
792 709
194 45
274 167
225 502
571 608
5 767
262 698
674 456
32 409
523 366
304 496
339 670
564 533
7 768
68 421
230 414
254 377
46 346
131 303
280 656
602 454
39 246
364 809
741 137
131 587
519 760
148 467
179 509
1 645
369 132
800 170
267 164
487 388
463 555
169 73
17 242
559 111
250 107
782 810
356 362
101 437
96 324
738 210
536 379
182 452
244 33
320 259
594 501
767 262
782 348
708 477
573 130
371 139
167 724
508 772
669 581
384 409
775 784
26 71
792 399
62 734
110 787
164 769
64 373
384 767
23 618
353 581
657 3
101 264
775 785
712 30
776 574
757 323
228 83
608 573
462 480
784 682
12 545
172 288
756 681
334 541
14 261
241 781
630 709
747 634
604 730
227 132
661 790
346 379
751 165
514 184
60 50
23 573
203 379
340 724
200 406
98 663
503 494
740 520
310 308
13 197
99 412
327 424
542 695
472 491
284 234
733 149
203 616
784 419
86 263
249 400
576 399
482 117
670 722
636 347
255 369
472 585
413 611
764 8
346 410
570 389
430 444
431 449
750 781
436 79
452 235
221 424
670 346
452 88
331 566
341 685
107 39
203 92
280 340
317 611
173 262
682 299
21 529
392 494
113 493
121 810
68 729
312 162
75 410
60 290
527 531
257 677
120 282
352 91
442 781
721 430
456 158
110 9
160 471
35 77
200 636
148 354
706 113
208 657
527 720
587 378
657 241
148 7
327 689
97 185
241 86
73 800
345 248
215 587
722 666
151 247
228 332
780 650
577 91
40 655
622 487
554 228
49 14
389 330
6 599
86 99
771 711
692 105
290 649
700 37
72 150
332 109
578 736
728 13
447 222
424 48
379 673
16 293
485 805
37 67
290 580
775 561
59 47
120 328
581 27
258 204
52 9
225 584
477 542
731 277
114 538
528 307
525 706
672 753
259 176
573 6
250 648
696 174
673 618
353 153
718 273
795 54
280 531
221 618
798 154
461 14
631 258
339 691
599 714
504 415
624 218
614 603
364 242
303 258
620 757
445 673
739 156
19 675
19 692
3000
769 764
92 180
305 581
287 294
603 192
42 560
92 522
652 418
713 260
741 292
575 577
104 514
473 459
118 523
678 579
802 64
7 519
205 109
297 774
121 551
343 370
132 778
596 552
673 58
571 317
559 126
423 636
508 489
13 245
239 187
288 306
537 511
339 484
244 254
231 254
517 707
329 696
758 239
305 365
772 537
13 656
495 705
82 577
361 232
658 632
607 461
219 114
437 301
306 334
483 343
742 444
359 527
244 30
252 440
120 690
592 42
790 271
369 60
306 30
345 511
211 375
315 179
339 260
25 516
333 411
569 497
120 376
225 655
65 705
338 474
469 209
692 259
601 288
6 382
298 26
396 321
332 639
176 737
49 638
414 402
342 208
723 116
276 591
418 526
481 421
641 87
754 276
349 73
189 426
89 787
411 796
263 135
693 657
613 153
468 522
314 152
324 364
378 438
532 201
799 449
514 594
404 587
126 196
435 734
608 186
237 475
507 238
106 72
131 682
640 173
40 766
344 304
354 197
107 351
798 121
766 606
651 151
176 100
147 122
608 523
200 660
302 412
541 122
705 435
538 794
765 257
474 723
285 232
405 508
734 372
40 185
242 444
689 650
434 29
617 346
250 266
569 708
567 453
788 696
107 680
359 493
268 143
694 365
107 60
658 44
622 506
210 443
382 802
39 248
660 726
405 530
42 716
379 69
147 502
500 203
486 158
690 452
448 380
70 534
140 205
265 168
580 205
791 47
281 514
219 577
609 669
419 315
403 628
194 552
656 659
6 497
469 337
244 223
329 365
620 5
148 585
335 460
133 778
373 123
660 262
360 415
376 258
8 163
746 327
138 329
182 719
375 764
664 545
568 633
148 569
595 121
128 237
290 165
227 709
563 690
364 505
549 99
400 466
373 519
523 724
454 772
791 436
267 664
757 379
271 67
335 242
803 3
366 110
548 523
464 398
482 437
583 145
17 259
165 211
364 323
157 757
723 21
629 596
73 768
222 363
554 759
80 418
554 435
175 216
202 10
486 400
553 269
31 630
406 629
585 772
86 622
633 296
386 602
42 741
397 430
120 334
793 36
685 134
627 652
667 444
507 45
752 191
505 757
588 683
189 155
172 152
713 310
105 88
316 795
659 453
409 531
79 463
449 783
483 407
680 553
421 595
753 198
262 139
693 262
676 455
488 68
86 336
219 665
155 493
32 636
422 527
368 220
220 161
50 636
725 361
796 586
583 398
416 411
150 230
94 775
332 427
301 405
90 322
120 229
160 234
595 664
601 513
334 2
33 295
90 399
673 701
362 532
426 405
247 644
26 404
556 33
659 95
327 410
6 506
446 157
343 155
677 129
293 765
578 312
447 300
437 788
754 519
75 24
662 39
106 99
652 721
559 327
694 692
181 559
611 643
446 352
299 48
94 121
146 762
301 571
638 367
706 586
748 599
481 35
601 19
629 550
216 90
623 475
136 90
369 413
508 248
215 770
57 41
19 235
612 258
604 48
700 180
342 416
233 275
32 299
37 623
344 522
193 650
287 397
199 796
720 620
524 710
62 177
305 73
599 283
172 189
382 801
772 499
411 346
228 178
425 500
395 508
654 206
649 568
313 180
773 138
755 28
41 152
511 35
128 507
87 319
116 796
504 543
127 349
184 592
494 90
278 528
768 358
575 807
419 91
308 306
282 770
82 241
497 520
558 456
168 220
666 598
108 570
524 692
120 118
171 341
492 157
645 635
35 120
356 403
495 450
21 211
253 220
733 791
420 27
167 85
681 651
143 806
571 583
8 181
728 780
569 265
327 22
322 99
265 115
627 121
272 532
750 85
646 172
359 246
654 204
553 531
490 45
480 109
144 162
37 634
413 614
650 630
108 338
516 654
301 723
71 768
603 644
392 37
562 293
103 619
288 156
701 789
608 675
319 184
759 400
345 648
130 17
34 305
655 544
449 109
397 355
550 704
443 564
246 68
261 620
302 342
380 667
153 384
253 31
759 774
764 780
524 16
150 4
257 544
137 532
150 381
383 145
662 405
627 390
324 358
486 288
1 90
657 253
691 692
158 475
422 91
69 285
260 234
160 287
337 52
599 366
206 524
385 149
132 496
286 515
766 727
157 144
538 215
449 612
26 547
520 15
755 454
130 87
513 385
575 348
435 482
528 63
99 67
539 755
157 670
343 127
189 343
390 278
544 401
602 597
148 294
488 698
171 761
163 423
353 432
572 581
570 522
610 42
35 118
75 133
638 314
458 593
667 768
601 677
55 482
60 466
241 73
78 134
256 200
681 249
449 87
659 562
331 195
438 309
509 118
257 225
516 571
222 324
526 193
179 350
587 624
10 267
13 752
30 405
565 268
300 292
641 572
369 401
696 453
356 395
364 339
644 320
329 180
565 338
217 626
223 566
351 165
390 483
530 297
135 755
222 321
181 433
366 283
335 393
16 127
323 719
93 85
794 461
531 75
781 434
344 315
202 363
733 98
603 785
271 292
347 267
580 518
226 46
50 473
278 2
421 356
257 804
338 392
676 211
745 695
265 583
699 63
639 434
628 541
16 226
544 775
202 670
365 207
103 267
599 20
353 531
236 101
22 560
45 773
3 596
615 605
101 7
362 632
81 365
185 126
737 292
663 324
752 426
503 159
146 205
680 476
316 784
705 330
366 300
291 427
595 187
230 758
558 7
441 317
73 54
580 464
716 224
315 658
30 714
798 135
333 528
253 219
317 249
432 459
343 710
284 544
204 746
419 203
422 403
297 664
52 631
702 315
675 802
204 320
551 370
92 587
501 653
192 414
33 309
438 602
22 613
167 684
617 608
160 462
107 725
394 380
595 747
512 146
210 75
201 278
606 229
331 693
480 68
173 557
355 146
454 777
171 227
367 499
202 539
731 777
333 508
734 106
278 319
170 189
206 791
810 756
535 114
147 366
679 428
484 318
416 441
761 283
150 220
720 789
53 363
51 509
719 219
58 801
659 430
15 168
449 228
677 215
223 365
231 737
263 28
772 170
40 600
228 315
578 563
320 126
296 322
398 507
722 53
296 482
5 54
19 514
1 407
752 171
376 93
772 761
451 572
620 671
336 407
288 500
332 632
156 515
567 308
214 417
111 417
695 137
292 375
200 725
730 18
742 616
680 214
459 349
61 659
170 661
371 209
478 299
155 738
545 331
287 510
162 90
15 250
431 396
243 627
631 183
348 191
320 711
641 37
705 489
128 243
9 438
455 323
198 578
492 435
478 260
183 594
245 181
250 729
569 382
448 693
399 261
589 460
695 197
311 204
587 525
299 313
324 236
423 245
380 65
708 290
323 754
263 493
461 498
651 131
754 588
643 561
186 419
267 523
526 485
174 371
601 687
46 297
786 106
387 148
102 187
35 262
227 545
293 530
469 78
22 392
656 382
247 594
221 642
515 186
181 621
733 46
452 469
407 234
282 35
417 193
563 99
678 87
698 48
113 292
159 304
75 22
636 566
4 404
206 374
211 256
513 800
22 229
57 534
658 774
471 198
706 585
672 456
458 434
458 719
575 160
326 263
738 92
333 311
728 162
85 755
7 670
546 204
493 652
480 17
371 736
113 711
330 188
369 246
185 201
783 206
331 479
633 501
717 301
251 517
364 248
617 518
510 59
447 740
299 146
775 451
135 225
578 426
775 677
169 602
702 614
212 404
18 261
243 664
235 447
385 404
84 664
395 678
793 271
118 359
345 571
484 208
249 328
264 650
77 660
109 179
373 638
641 766
25 303
729 688
5 657
354 432
416 225
384 332
8 183
542 692
351 433
296 527
649 467
504 559
514 698
621 20
669 525
45 426
418 467
732 540
241 633
613 785
26 770
19 462
52 317
245 555
232 455
685 510
300 460
211 163
626 335
753 379
789 471
432 171
218 509
468 101
10 335
206 278
792 580
475 420
441 359
782 761
705 772
782 789
764 138
80 274
311 78
803 802
506 363
482 252
661 216
39 654
364 84
343 44
195 493
730 689
680 645
697 808
133 520
698 538
106 793
721 471
790 382
151 166
105 90
715 257
235 485
744 99
15 37
520 11
304 629
635 487
422 247
800 372
703 780
709 291
392 361
287 134
356 124
210 335
453 651
677 268
622 405
73 435
746 70
18 799
194 485
423 104
394 521
107 257
331 658
307 195
716 532
425 34
180 764
21 624
611 551
164 524
284 703
279 81
279 7
434 327
605 614
12 456
692 606
727 619
397 231
65 239
465 605
211 714
491 50
685 395
16 460
76 2
528 444
181 440
403 354
610 221
235 802
694 608
654 138
272 634
655 287
803 783
655 156
393 457
330 345
652 637
470 520
45 474
375 105
790 734
46 479
359 713
657 669
788 334
804 62
47 705
514 525
638 185
782 755
335 797
42 242
533 741
718 510
665 737
676 276
10 730
47 797
502 523
57 715
88 83
764 743
157 187
573 576
478 368
584 100
661 749
316 156
268 747
17 333
684 275
519 440
452 336
445 130
767 482
556 262
465 713
173 779
51 235
421 797
405 427
709 219
611 200
633 353
157 524
762 637
44 739
232 223
674 580
809 432
393 102
17 408
58 50
762 72
16 91
240 693
145 430
805 320
562 642
664 203
728 177
55 219
336 387
772 590
213 662
94 370
323 598
279 639
397 78
164 40
475 308
433 353
338 125
436 208
244 649
487 772
61 808
740 256
311 127
546 88
120 267
117 9
572 639
19 762
163 341
665 686
464 771
807 611
76 591
661 213
63 47
517 661
717 306
735 574
516 369
180 469
750 295
524 564
778 30
270 108
476 661
345 238
414 29
235 727
653 393
60 766
403 540
8 506
296 809
237 639
341 512
554 248
147 560
453 536
71 305
719 668
380 71
658 573
546 256
345 239
230 300
487 470
617 274
625 216
403 458
211 517
427 236
532 421
473 34
737 467
124 420
288 749
491 192
604 91
21 372
176 614
148 733
116 390
57 217
594 268
687 595
67 646
788 93
367 31
696 84
103 688
460 724
381 692
552 469
203 446
762 300
618 393
220 47
99 562
419 6
467 747
778 152
237 429
427 234
728 85
142 516
215 223
320 605
287 601
577 619
48 668
394 165
384 3
387 414
313 559
56 627
148 340
310 680
285 352
747 504
341 400
410 738
223 208
733 325
662 503
392 700
193 522
416 197
142 417
676 104
744 597
68 97
238 6
219 600
680 16
630 88
24 123
755 133
528 118
211 127
535 559
709 379
107 642
604 543
112 697
344 62
62 361
779 207
327 784
586 152
85 711
441 526
116 383
225 623
618 152
361 347
498 401
689 70
719 635
501 323
719 54
665 178
382 422
564 552
461 562
772 25
107 694
802 696
648 281
65 696
391 786
92 704
241 482
232 488
174 800
772 331
589 609
667 544
504 607
451 488
103 591
416 262
319 424
433 794
757 618
484 481
288 79
728 21
229 356
1 659
303 190
340 130
483 292
735 647
788 763
140 697
367 183
466 355
97 595
199 135
370 756
318 284
5 371
603 77
518 324
192 235
116 216
214 736
637 219
590 223
196 163
405 791
638 621
71 549
487 634
580 260
466 770
73 605
482 163
145 694
672 434
747 382
369 547
124 275
668 567
327 507
518 275
566 320
221 751
496 166
373 319
650 388
652 289
244 593
695 476
10 17
762 217
597 569
282 685
246 192
306 207
704 176
746 146
587 388
311 258
653 455
807 483
715 195
617 368
140 514
436 297
217 11
12 732
364 601
446 630
553 275
342 662
189 288
386 788
558 311
740 255
89 255
460 558
86 484
575 143
785 307
277 188
361 94
616 256
768 641
225 323
279 233
409 775
511 346
205 446
81 258
427 29
190 561
796 638
202 359
735 282
732 198
118 270
224 55
510 663
792 319
380 650
269 698
113 722
223 160
687 736
716 36
402 417
341 8
122 107
482 444
132 364
494 508
207 68
256 341
497 532
327 640
100 246
599 102
200 260
757 673
484 338
362 432
44 443
377 161
52 157
158 348
810 211
129 271
79 372
511 64
203 58
62 559
538 715
722 732
310 59
369 810
772 236
334 308
106 506
39 708
78 669
98 490
369 379
390 51
160 205
728 761
194 624
805 750
348 383
600 223
462 435
422 759
197 604
743 533
789 320
52 496
546 460
683 425
219 438
275 344
361 626
58 771
594 276
92 564
637 576
780 776
618 425
81 427
14 328
31 193
129 308
717 226
605 313
21 10
644 379
149 669
482 519
277 88
568 185
33 533
515 278
810 468
358 85
567 800
47 572
565 193
425 448
627 696
551 724
199 243
454 247
307 784
665 220
416 684
322 104
792 157
662 557
240 567
478 185
307 435
206 742
246 299
717 639
793 440
277 219
538 560
69 612
375 304
14 258
128 22
468 259
746 387
498 427
500 248
206 639
715 613
2 536
414 400
19 660
554 353
796 693
197 41
542 774
364 220
286 338
792 327
277 298
745 36
583 119
57 729
600 225
350 380
571 371
780 756
356 624
384 288
235 555
26 276
68 467
453 87
791 587
402 268
388 569
717 679
388 244
326 136
419 809
670 808
366 213
520 542
365 781
238 32
54 323
426 51
373 180
152 687
412 167
389 650
106 393
546 445
309 365
195 673
742 474
148 473
118 486
786 10
14 210
645 62
242 311
70 601
644 479
264 383
72 270
158 565
314 244
48 321
40 251
223 586
241 521
595 526
506 485
64 799
264 243
395 360
108 710
208 43
55 661
238 439
417 190
366 491
317 423
470 636
306 550
37 451
681 624
211 37
508 737
22 57
38 568
498 115
94 64
522 94
792 576
781 173
508 43
704 593
473 742
459 250
645 798
420 391
218 258
298 704
301 123
29 317
90 636
354 153
658 611
629 648
740 576
282 548
138 381
45 435
595 95
518 410
520 23
695 208
237 138
663 216
605 473
643 608
691 542
246 544
717 663
216 13
611 585
758 613
116 664
120 496
771 702
39 681
120 79
768 611
91 239
471 700
251 803
268 60
20 726
488 750
443 425
590 466
761 49
48 708
481 65
104 312
381 142
60 310
2 160
469 274
248 706
47 453
234 75
108 398
457 758
577 527
224 759
564 609
565 196
434 777
99 165
256 691
607 69
240 702
344 464
265 521
190 543
645 429
1 319
736 562
512 741
459 495
428 539
443 613
794 736
536 468
109 380
206 169
611 557
157 173
226 549
743 385
628 638
424 484
64 647
570 506
589 389
728 498
210 360
161 476
403 320
162 399
494 594
773 443
724 404
51 745
369 374
515 98
5 766
361 594
163 343
785 25
352 473
728 545
529 711
34 618
72 393
512 662
420 713
586 262
126 60
204 335
267 700
634 574
223 125
679 339
245 46
580 145
302 769
628 644
282 794
257 770
524 764
534 377
241 680
753 407
742 259
666 190
800 128
368 240
494 177
352 534
712 580
418 163
720 456
485 183
606 478
103 720
364 172
126 485
183 673
78 595
45 796
331 494
557 624
740 533
301 159
441 112
793 356
735 678
203 280
461 478
690 374
42 413
417 467
700 35
242 689
405 289
657 552
96 2
302 676
425 700
694 382
750 305
7 511
468 620
527 738
258 309
438 713
155 162
698 572
448 356
779 651
581 576
403 583
724 453
793 257
258 195
596 281
302 99
310 239
778 683
745 742
124 492
551 585
98 609
651 478
195 173
546 700
521 612
223 206
193 182
141 462
90 267
667 109
628 197
232 499
685 802
788 124
753 454
387 345
576 503
652 81
232 386
776 322
63 340
35 604
172 327
660 784
175 65
309 246
731 104
192 790
282 20
402 493
528 266
193 164
255 258
521 272
324 274
112 281
490 556
169 300
634 716
446 270
779 526
161 553
547 752
231 661
197 711
352 477
788 415
39 370
635 746
276 688
576 450
548 605
473 233
85 560
453 97
76 252
762 125
530 696
26 540
743 536
743 685
457 49
563 200
641 514
577 507
252 737
403 266
656 379
619 810
377 545
305 615
583 100
743 153
636 94
398 299
695 321
351 738
784 26
427 587
719 537
23 103
802 115
692 427
101 575
193 127
589 246
250 765
585 308
329 590
770 777
666 585
694 21
707 605
598 513
379 793
112 206
541 283
78 730
784 556
563 426
695 94
195 623
47 81
733 271
47 436
527 695
258 567
406 382
231 113
495 191
549 749
405 554
357 606
344 679
384 656
357 484
111 618
220 680
474 336
490 213
361 803
164 113
479 77
123 791
461 286
316 562
373 353
552 127
652 215
23 62
724 514
414 676
348 629
618 472
795 599
42 37
578 574
135 471
295 169
476 760
670 324
322 364
598 107
745 652
639 801
84 422
344 715
61 63
452 418
574 289
568 496
49 800
719 210
526 121
676 643
180 438
432 291
80 139
324 228
382 414
732 714
455 262
589 122
296 692
380 689
514 195
49 692
27 319
466 408
224 240
132 455
728 773
636 408
227 740
357 117
220 675
587 101
162 562
178 161
336 541
85 362
403 657
792 631
285 417
337 241
251 37
197 167
423 544
652 749
228 311
775 464
503 67
122 13
441 438
298 205
444 47
794 51
687 561
222 12
538 84
216 342
705 799
354 611
374 270
766 591
124 800
441 152
580 632
217 808
196 557
425 208
802 60
548 217
378 502
547 200
448 600
720 173
15 434
247 151
195 184
89 788
214 567
506 691
552 679
347 587
91 434
30 519
674 158
543 338
504 433
789 773
197 316
177 719
703 67
226 351
608 461
612 476
63 776
797 93
670 412
365 253
647 276
758 87
179 79
89 710
656 404
263 634
792 429
457 236
227 19
614 107
64 794
77 54
392 212
589 62
567 533
277 697
708 716
92 605
62 557
100 108
682 231
260 372
565 686
343 169
314 489
171 738
605 44
338 127
434 368
485 677
493 734
170 704
774 236
308 1
678 734
504 667
135 483
349 128
525 370
628 77
551 685
122 181
275 123
417 180
151 178
411 152
216 95
708 194
638 431
649 373
490 648
78 547
753 714
546 704
688 682
255 34
678 81
81 168
358 431
264 125
809 409
157 477
478 20
247 792
416 294
533 145
641 466
390 389
366 685
87 369
470 350
376 568
321 183
347 97
615 130
3 795
631 56
670 357
35 538
568 810
734 82
383 581
82 660
488 733
746 595
446 381
735 577
763 308
124 505
70 498
159 590
765 358
172 8
124 520
541 318
712 423
172 511
679 414
566 771
299 234
442 639
353 796
607 568
709 53
787 105
308 165
164 479
56 291
558 80
237 450
587 129
595 153
798 383
665 460
806 151
334 773
518 335
451 467
716 302
251 151
92 198
403 305
654 468
130 500
394 337
317 239
773 327
77 204
680 767
788 106
424 568
362 607
477 70
285 773
730 267
546 297
680 18
524 70
67 362
495 333
633 635
367 512
777 189
40 469
798 125
435 170
617 273
285 469
19 233
111 255
29 507
418 500
189 100
298 510
507 519
73 671
574 661
382 7
398 427
629 355
702 683
640 336
209 124
178 261
803 11
763 358
25 565
309 710
472 228
245 34
400 137
563 142
766 94
89 522
347 391
7 676
566 562
467 571
139 26
161 714
188 678
230 65
528 77
25 222
297 17
705 406
324 387
602 239
407 36
399 631
473 372
213 770
376 45
198 279
621 60
98 292
405 693
527 5
135 791
168 460
523 90
801 280
373 132
741 414
564 188
758 767
745 339
508 646
423 538
16 712
123 318
538 254
236 165
193 695
151 556
119 649
98 346
14 274
701 517
229 456
571 258
161 712
519 158
415 85
101 191
680 352
164 238
467 788
554 38
748 371
543 337
242 611
776 709
650 662
424 678
425 175
495 494
783 145
682 605
239 733
473 254
106 15
692 768
103 764
255 336
750 607
489 526
539 407
333 96
642 576
540 148
281 692
403 58
85 787
362 757
469 427
52 25
646 179
142 450
667 156
442 450
658 377
232 68
478 7
670 206
623 288
659 572
196 185
259 61
670 350
681 797
195 427
1 497
758 204
528 190
653 443
469 765
281 134
435 145
549 324
669 7
298 657
120 491
407 13
752 227
508 644
360 593
186 695
375 512
483 662
625 292
519 159
262 22
428 193
326 401
793 31
7 294
650 3
699 318
96 138
741 527
767 39
357 486
140 419
202 164
399 455
678 389
190 244
624 438
403 272
627 556
549 119
277 571
285 24
75 491
360 420
227 477
709 183
155 101
60 364
377 103
28 102
288 321
490 454
622 556
725 256
726 247
140 623
134 773
327 129
123 445
138 251
612 447
405 23
365 198
178 372
456 414
407 383
461 80
76 175
149 79
59 120
610 671
237 739
104 168
155 710
782 711
82 58
558 81
347 580
436 705
244 431
495 742
411 300
17 622
23 476
316 538
790 581
537 96
634 103
403 699
490 536
756 215
174 728
474 377
568 480
682 397
27 43
767 217
560 634
362 449
483 360
91 518
705 555
645 34
571 270
799 524
192 109
691 526
27 533
66 41
375 389
185 387
50 306
602 344
787 224
290 630
751 305
198 354
344 433
703 4
188 590
443 735
511 63
546 492
485 404
6 647
433 373
396 681
487 482
412 550
757 94
749 166
119 767
43 586
708 15
683 428
776 734
262 538
298 565
375 435
724 798
535 429
62 387
535 197
414 406
266 396
711 788
382 675
603 275
517 747
141 659
450 68
552 161
24 150
724 431
56 457
2 639
772 654
212 727
714 680
396 404
607 301
216 353
301 312
31 680
227 660
522 67
48 486
729 200
127 89
239 161
289 444
42 38
111 446
394 440
580 391
207 378
114 293
78 47
11 551
542 604
552 37
206 38
218 748
37 585
750 739
234 411
229 361
353 75
729 621
389 518
567 770
770 304
469 647
407 81
135 105
494 769
514 432
738 763
481 520
650 503
508 366
761 720
198 716
621 608
618 100
172 300
800 247
423 50
70 464
504 402
178 390
696 700
476 381
485 464
162 463
202 548
622 45
63 51
586 732
234 7
251 61
485 522
770 183
708 539
720 335
609 233
121 786
581 206
574 412
405 338
441 737
711 490
412 417
46 711
680 221
597 619
367 759
328 72
640 483
636 501
501 505
76 599
39 187
279 402
160 51
67 486
738 639
487 97
540 313
729 785
246 534
714 26
557 488
506 729
559 59
611 647
81 158
375 621
285 345
790 210
440 275
46 40
750 589
95 434
619 323
788 54
655 554
97 525
351 671
413 319
238 156
292 141
348 437
33 145
443 422
303 45
789 788
311 401
366 340
6 580
196 146
193 36
400 134
349 243
519 102
604 768
361 92
597 437
108 493
25 726
239 209
597 717
204 336
583 382
289 748
634 526
69 106
203 545
661 454
212 417
366 795
488 758
482 497
84 44
576 221
800 210
317 658
95 161
421 316
674 266
69 804
407 544
401 92
14 182
287 603
381 654
11 750
303 170
407 160
466 606
120 627
192 277
526 247
441 607
747 43
737 294
686 185
808 716
31 37
273 364
593 784
300 62
200 276
206 9
270 117
714 807
191 629
723 285
493 537
690 502
346 621
427 757
690 561
350 592
401 683
275 236
439 343
700 787
509 181
465 746
576 303
620 143
73 337
532 238
307 759
67 142
749 667
738 31
196 288
752 170
539 195
110 694
781 771
256 58
150 274
624 467
490 413
92 148
285 185
667 8
84 421
571 695
459 297
227 641
178 424
470 585
157 519
297 62
738 769
704 422
9 426
18 426
749 143
654 495
64 786
176 68
482 762
692 707
626 573
490 544
246 416
328 740
385 350
496 354
584 428
408 584
258 478
524 627
659 84
185 277
123 473
281 314
212 416
118 538
132 526
91 156
592 301
760 46
532 197
107 207
779 409
464 426
807 268
541 468
314 529
794 521
409 599
380 92
173 464
219 549
398 589
641 395
527 751
180 561
50 613
264 207
471 423
256 611
207 447
764 226
139 81
91 212
526 178
573 244
573 469
173 525
4 83
596 683
641 341
177 435
133 756
317 760
508 208
103 57
783 70
83 79
726 690
554 751
725 296
254 570
383 715
392 810
78 250
60 619
694 465
646 463
451 499
98 118
118 246
757 634
568 661
395 380
617 49
255 427
237 339
399 462
474 369
676 718
559 479
288 53
474 687
751 82
721 72
742 726
809 414
289 45
392 597
757 584
199 797
808 604
216 791
198 518
212 204
469 74
480 725
525 642
457 410
704 319
769 594
245 650
636 332
595 779
672 735
515 469
173 654
780 337
500 570
793 369
382 575
154 292
600 736
669 413
409 393
238 732
156 67
179 537
182 625
490 579
614 457
410 388
711 693
271 659
102 781
159 408
566 720
296 718
181 442
200 51
53 76
270 158
359 179
718 283
613 249
92 672
552 75
657 459
138 706
806 532
431 773
605 764
53 87
431 193
426 454
102 619
160 308
13 29
403 665
706 584
252 759
452 713
88 148
669 313
648 726
709 466
221 76
482 263
325 67
71 725
222 239
380 244
359 112
246 770
519 415
661 158
129 49
795 60
793 4
530 444
708 266
793 567
48 366
76 533
749 176
511 427
278 36
279 665
49 207
299 162
424 11
381 249
236 90
584 519
197 332
498 277
213 65
155 798
531 597
67 350
411 374
269 506
451 224
8 230
762 118
581 363
378 165
651 537
408 276
6 244
343 506
555 476
132 396
539 185
759 272
4 625
672 758
17 210
38 265
426 330
778 685
480 505
412 194
324 108
662 8
201 92
785 222
349 624
471 99
467 24
455 536
136 758
711 507
474 711
517 171
219 439
96 736
384 624
321 129
380 723
209 235
333 357
401 484
516 203
792 810
518 67
181 46
314 336
667 495
396 682
313 765
452 176
101 393
805 127
140 265
233 602
639 250
400 153
495 582
412 652
339 766
528 532
708 590
518 648
397 372
244 385
481 246
657 578
54 684
568 154
242 405
426 587
32 754
739 140
283 808
338 593
64 681
16 62
342 316
502 486
590 700
378 716
143 185
267 63
299 343
636 803
399 322
367 284
290 425
148 775
281 669
425 64
643 359
231 804
286 37
282 327
587 740
690 457
207 564
391 521
7 512
156 587
630 258
504 515
81 16
391 481
744 37
674 222
489 504
220 127
747 292
317 282
107 118
113 538
304 380
57 575
351 712
57 226
258 105
595 47
545 51
594 644
31 301
419 281
642 40
477 523
233 493
451 500
260 378
760 710
602 173
228 671
725 214
217 311
677 494
799 63
555 316
657 323
153 388
711 696
115 358
235 407
488 216
666 767
530 488
377 22
744 171
340 706
568 564
328 57
536 722
697 115
627 413
447 262
809 231
481 513
103 453
547 499
678 373
190 725
3 167
479 69
337 676
127 39
520 659
483 472
9 252
336 510
765 309
306 371
510 680
698 160
430 134
224 602
718 798
795 524
381 493
115 729
213 535
68 183
320 100
751 657
268 577
676 29
16 539
476 216
29 79
751 405
178 683
671 292
240 63
156 157
340 419
140 343
302 345
803 284
239 70
92 210
560 726
142 403
805 24
159 254
732 36
643 298
384 331
264 369
253 328
766 703
564 89
236 450
516 479
646 434
167 326
227 561
71 232
