1000
2677
74 3
160 628
595 706
234 66
14 806
597 859
119 347
939 797
834 321
938 709
42 310
233 739
589 612
469 153
368 605
317 864
691 760
147 346
1000 900
777 848
134 377
96 478
21 294
566 314
838 727
441 952
929 558
861 469
10 31
844 751
941 235
357 90
452 947
883 590
49 678
238 727
855 75
54 989
895 464
151 179
820 367
495 775
128 475
922 762
689 17
902 104
815 558
351 413
504 999
604 688
514 399
893 407
882 627
368 468
786 208
115 202
592 316
745 723
510 661
689 668
886 201
845 619
87 878
61 45
182 248
85 600
837 174
508 21
510 933
667 82
616 744
534 72
445 469
567 928
794 445
383 222
734 888
605 739
730 689
377 561
626 478
470 494
740 629
393 700
996 107
31 938
839 698
692 998
896 42
834 931
840 841
857 249
644 886
81 545
519 318
871 945
352 292
812 277
196 141
91 154
216 798
759 556
885 834
285 693
47 791
31 26
674 333
744 700
5 193
543 579
121 526
365 827
944 541
742 372
568 935
671 99
487 547
791 612
378 415
315 213
827 275
84 448
770 277
80 952
485 361
555 558
830 126
817 108
970 133
273 560
300 848
316 489
488 948
337 426
583 236
624 600
230 899
53 587
370 407
97 410
415 496
943 985
353 989
180 35
436 74
716 487
223 701
393 616
384 959
79 674
612 327
215 870
632 677
119 16
149 51
827 550
562 271
315 997
269 991
679 352
53 370
883 820
330 322
234 654
53 510
938 65
983 999
463 952
587 98
503 525
862 279
510 98
678 611
880 377
284 311
198 208
457 636
791 327
750 864
649 38
770 958
250 311
929 859
664 100
477 947
12 220
949 112
405 982
578 836
155 876
495 223
583 210
91 497
566 265
985 687
770 137
262 234
167 648
19 633
202 988
19 302
141 921
375 90
170 962
191 974
775 761
709 920
210 336
663 975
45 260
21 282
780 931
826 722
309 409
358 815
274 830
625 920
46 807
971 296
388 613
484 62
731 138
543 552
532 358
457 705
843 47
813 267
469 422
194 631
978 247
996 24
998 802
622 799
772 361
525 706
13 525
307 779
962 984
882 696
605 446
966 905
315 442
312 67
691 283
80 246
85 624
275 365
190 583
655 506
203 836
838 255
89 97
756 625
132 660
323 314
187 875
518 825
424 225
556 989
283 92
444 239
332 977
4 605
47 589
333 529
865 63
716 655
32 768
888 950
796 648
513 26
690 790
865 820
5 717
462 147
391 101
542 996
228 881
640 774
526 694
634 2
578 203
335 857
662 187
527 785
241 86
521 831
515 23
406 650
582 326
803 300
607 885
137 877
272 47
696 524
604 490
200 105
896 897
142 872
514 615
967 147
210 19
808 459
536 196
629 878
360 135
547 251
607 538
170 484
277 958
985 18
717 892
617 332
49 868
534 481
389 894
530 802
341 923
442 724
912 316
743 347
74 835
61 260
556 400
40 818
454 351
466 484
763 812
108 463
488 548
149 750
758 569
760 264
722 143
250 599
511 321
617 977
760 172
348 450
430 748
532 555
216 652
928 986
756 621
970 102
947 731
615 553
66 654
92 329
609 740
724 315
376 596
585 880
993 629
262 654
742 475
758 745
103 833
927 461
73 671
376 660
616 189
659 714
523 852
199 961
986 755
370 473
586 908
572 898
295 867
537 552
802 322
915 812
139 27
573 839
90 231
461 708
863 651
252 766
570 752
614 188
587 510
680 452
460 38
391 634
675 350
123 639
68 753
665 789
388 520
559 679
722 419
969 85
630 681
830 937
69 133
588 60
67 28
585 134
378 842
824 913
719 343
887 873
561 880
353 747
12 649
903 525
312 136
701 495
725 69
394 648
262 304
585 934
712 110
710 320
644 645
385 927
251 851
781 193
356 91
884 239
461 385
355 22
283 172
438 267
879 940
237 420
620 551
410 455
102 312
221 917
575 873
423 854
64 839
880 134
133 980
152 916
180 714
207 462
440 696
121 634
623 916
417 416
483 694
32 217
628 921
243 715
841 281
646 219
802 692
289 363
716 506
826 143
633 336
28 312
92 172
449 366
441 108
763 915
690 354
9 928
278 434
832 334
772 150
120 897
91 36
209 507
551 749
827 395
55 995
943 687
565 181
348 126
98 933
603 517
631 48
260 591
783 85
617 900
578 245
430 31
242 986
643 358
943 852
808 107
670 623
899 578
10 748
450 937
3 835
363 23
522 774
464 857
30 675
426 770
727 255
695 93
288 470
228 291
360 8
707 889
91 973
204 964
99 73
526 483
101 866
515 929
819 680
935 969
355 5
107 459
980 725
217 200
853 149
210 666
945 863
886 286
948 862
754 397
182 800
511 780
458 866
590 820
118 974
661 778
191 118
220 38
280 787
602 201
641 120
218 824
893 370
171 641
517 218
724 997
581 663
672 168
620 549
353 660
177 444
146 333
500 417
575 319
725 133
870 312
53 256
643 558
78 412
777 803
56 149
48 445
37 888
743 119
93 254
716 159
660 747
568 969
395 365
6 421
493 571
395 550
250 443
766 975
903 503
962 62
704 59
271 647
461 749
69 970
843 589
242 755
112 891
946 135
726 699
929 815
492 7
356 154
860 810
317 21
333 164
611 818
277 877
869 956
938 756
912 653
746 369
481 162
263 854
790 77
274 204
594 377
868 40
362 123
906 581
804 34
189 700
641 602
27 797
412 388
47 327
73 793
359 389
982 492
919 652
271 390
952 246
646 909
761 495
603 913
276 163
946 360
792 650
127 11
450 274
719 364
477 569
527 873
963 359
349 763
625 938
279 486
554 772
618 900
448 696
492 345
754 205
518 652
770 877
313 981
213 724
685 28
350 886
520 613
177 737
224 1000
422 153
455 89
428 801
642 569
401 244
397 205
657 480
80 478
243 369
245 836
697 872
332 1000
99 793
521 828
55 881
796 394
498 890
241 841
838 951
53 933
284 599
719 165
562 287
513 712
551 461
144 343
280 801
717 193
778 933
71 528
622 736
793 671
778 53
998 530
390 432
839 804
852 18
499 682
287 647
973 154
164 146
407 473
365 550
371 538
600 273
794 194
298 183
714 106
766 581
103 597
969 59
290 223
331 895
527 887
297 940
837 257
379 464
554 214
293 454
869 959
703 56
950 734
694 733
936 410
926 924
122 704
721 476
247 534
207 967
272 589
819 914
806 790
136 870
827 728
120 171
458 2
850 387
128 792
330 802
4 468
156 40
429 420
956 386
909 328
267 732
588 845
338 226
815 643
444 960
479 968
586 950
428 787
87 609
229 140
594 561
548 279
270 905
643 532
769 670
692 330
573 698
332 224
471 342
739 446
186 920
871 342
167 796
892 5
832 514
81 662
953 426
559 276
360 735
474 801
277 426
253 394
163 1
879 58
953 576
731 477
458 634
169 140
697 307
872 705
500 374
786 298
396 673
602 120
67 870
331 249
173 163
988 757
529 146
964 851
158 893
21 864
916 515
389 953
856 448
124 62
148 27
124 466
190 236
86 840
166 234
386 431
524 882
572 741
372 650
903 595
37 702
416 500
661 98
683 860
180 106
239 177
552 580
915 349
269 425
699 646
945 471
882 440
205 183
835 688
316 907
560 85
205 574
696 84
218 603
457 697
357 326
951 255
908 779
176 844
968 925
539 392
575 887
172 264
941 752
299 807
494 288
550 275
101 2
302 210
441 80
271 287
113 350
283 760
225 125
17 535
152 623
984 124
769 152
557 423
383 635
201 644
681 89
291 95
272 327
670 961
459 996
109 239
595 338
929 643
828 305
67 215
218 913
73 480
362 425
232 159
156 793
307 418
102 69
540 921
837 117
194 434
20 244
209 632
541 858
88 767
84 882
211 357
207 147
951 238
534 978
443 311
97 455
529 79
830 450
435 838
20 401
806 354
942 49
801 787
691 92
433 75
359 894
566 323
498 917
128 650
9 192
838 281
753 469
732 813
996 398
422 861
752 195
43 949
123 991
780 834
841 86
380 201
666 336
375 211
377 934
862 486
972 823
165 364
874 269
844 45
581 975
829 638
789 819
551 385
77 690
657 180
184 400
289 515
826 613
977 224
700 639
233 446
112 930
102 980
64 34
248 409
297 879
338 263
614 680
682 521
366 169
468 921
123 269
223 775
822 869
102 544
968 478
418 531
440 627
740 87
607 371
944 858
307 908
88 295
56 51
256 89
76 747
383 884
705 636
808 996
667 44
887 178
7 405
481 767
811 149
865 367
797 582
824 517
472 259
3 604
637 76
52 134
325 842
531 779
659 480
407 158
70 799
707 44
846 905
511 931
3 387
447 597
653 316
545 662
669 723
364 318
598 222
965 284
689 535
303 184
884 994
393 189
319 887
25 290
197 865
874 425
335 464
551 927
363 451
587 933
142 457
930 856
185 992
819 924
577 919
306 821
849 764
395 275
402 960
849 299
29 494
618 224
587 778
956 959
713 216
14 829
625 621
319 527
927 708
335 249
155 566
314 265
485 772
175 834
791 589
918 827
755 567
379 895
412 520
684 243
156 99
549 713
734 702
701 775
296 384
456 295
313 983
907 489
271 847
296 869
788 512
467 94
681 256
64 804
158 473
708 551
855 33
50 340
896 179
757 202
213 997
593 979
633 210
258 292
474 280
604 74
691 264
856 341
819 784
579 537
106 657
507 677
219 699
178 575
647 432
599 443
66 166
354 77
740 765
598 383
944 844
979 71
490 835
718 146
138 477
22 717
408 1
748 26
184 225
98 53
698 34
59 568
961 152
705 697
65 709
39 867
789 926
275 728
812 191
790 14
462 967
160 196
302 633
109 177
658 707
186 293
242 928
298 208
82 562
631 791
38 12
991 874
595 525
270 559
527 178
106 35
131 860
336 381
726 909
170 124
442 784
434 631
485 150
563 50
693 476
711 228
728 550
570 941
875 81
601 677
741 185
934 134
758 642
374 439
349 118
270 129
973 356
404 91
52 720
143 419
847 390
397 183
467 465
914 924
516 168
353 376
980 544
584 467
979 528
514 720
706 903
307 586
592 489
349 191
497 404
584 94
829 261
393 482
304 66
606 565
678 40
505 59
978 162
13 503
238 435
782 383
432 847
580 543
82 707
506 159
995 711
923 112
153 68
774 565
268 451
129 846
843 791
820 63
868 611
940 58
335 895
501 261
701 25
301 120
782 222
286 645
505 704
461 656
452 188
673 198
771 400
891 923
953 963
115 104
157 985
453 405
859 833
61 227
502 129
751 176
182 309
231 211
479 626
420 190
753 153
422 753
385 749
162 534
61 280
884 493
727 281
928 192
655 159
331 379
37 734
414 241
784 789
301 602
857 895
672 917
915 191
968 626
606 774
420 236
194 48
681 97
876 314
875 545
819 665
130 370
901 320
916 670
675 113
63 687
321 780
564 212
847 562
259 110
41 622
25 761
853 703
200 768
662 875
63 590
554 361
232 716
285 955
868 818
428 280
115 757
890 221
411 762
111 516
725 102
28 870
953 894
978 72
375 231
146 79
151 310
509 465
659 106
914 784
466 170
318 165
294 864
799 154
929 358
476 955
141 628
533 477
536 540
156 73
43 911
287 563
264 283
122 969
333 718
178 785
786 673
733 483
672 111
437 387
597 833
697 742
252 972
496 350
380 645
265 876
684 369
545 15
344 787
296 386
897 641
36 154
14 690
821 563
851 547
353 132
393 744
952 817
446 368
203 245
346 676
404 36
682 305
522 606
24 107
885 145
831 817
776 222
75 33
468 739
785 873
501 308
567 986
31 748
524 440
344 428
80 108
646 328
490 3
8 135
964 547
581 554
135 735
517 913
466 962
725 970
579 552
684 715
414 841
854 338
36 497
502 270
176 858
10 430
586 779
137 277
950 37
687 852
84 627
546 341
812 118
252 906
742 128
613 78
463 80
30 350
451 515
863 342
890 266
890 917
93 512
522 910
322 692
861 753
125 184
906 975
63 367
785 319
121 483
340 563
369 114
637 660
65 625
626 925
322 530
657 416
173 276
293 409
295 15
135 937
422 68
187 564
900 224
419 957
382 58
898 640
637 353
482 744
993 609
416 439
32 105
346 725
536 141
916 961
608 452
656 93
445 631
161 613
714 480
431 684
928 755
48 434
669 758
76 132
233 368
42 151
26 430
542 459
586 418
427 971
655 487
336 19
114 243
114 684
327 843
667 658
323 265
628 196
993 878
565 522
987 346
130 158
832 720
346 462
602 171
853 51
364 343
828 499
22 781
657 35
914 926
929 555
849 807
280 344
274 937
691 172
764 46
70 41
882 448
402 911
86 999
687 157
954 415
918 550
552 206
814 437
773 494
148 797
556 771
272 843
185 990
232 506
579 206
736 324
252 581
977 1000
992 990
426 877
953 359
149 703
995 228
594 880
45 227
939 27
925 479
222 635
761 701
289 268
573 64
339 588
946 8
989 771
401 57
478 925
279 488
216 620
233 605
786 396
594 585
412 161
992 572
62 984
235 195
814 901
519 719
653 592
455 256
740 904
151 896
482 189
976 600
332 618
318 719
439 500
312 685
398 542
618 617
520 78
867 88
728 918
361 150
615 334
139 148
100 1
252 975
650 760
115 902
55 228
125 303
644 286
720 334
484 962
746 431
6 596
35 714
782 762
764 299
40 49
586 531
926 819
963 894
288 232
487 159
576 894
328 816
835 604
521 305
392 813
958 337
156 671
437 901
310 896
686 111
751 858
463 441
368 739
695 656
165 519
282 508
137 426
610 593
302 666
842 954
777 809
155 265
496 675
704 969
783 624
503 706
160 540
707 904
373 2
907 912
386 869
4 233
367 197
850 437
591 45
362 639
634 373
3 688
56 811
991 639
810 683
220 649
986 192
625 709
378 325
479 909
347 16
4 368
260 227
610 195
54 759
25 495
290 761
890 685
259 712
995 95
74 895
232 487
332 900
893 473
948 279
925 96
96 968
660 76
647 390
227 591
109 737
576 389
248 800
640 185
253 648
293 351
912 489
639 425
831 682
592 907
106 480
286 380
432 271
539 438
290 775
356 404
394 167
72 247
431 369
398 107
628 540
266 221
814 387
759 400
247 481
472 712
301 171
469 68
257 117
982 345
269 362
97 936
612 843
304 438
561 134
214 150
640 572
727 951
355 717
464 331
347 630
321 175
282 294
745 242
561 934
152 199
17 116
871 471
976 560
621 709
118 915
951 435
519 364
193 22
14 77
174 117
719 144
930 546
881 711
192 242
136 28
78 388
155 314
851 204
681 410
324 799
370 158
191 763
792 742
869 384
379 857
942 818
821 50
614 452
441 246
581 972
90 211
382 879
921 160
696 627
60 339
220 460
142 705
553 809
139 582
685 136
470 717
404 154
715 431
54 400
751 944
542 808
23 268
829 501
126 937
474 344
629 87
553 300
646 816
663 766
502 905
658 889
291 995
429 583
527 575
560 783
52 514
141 160
69 544
659 657
276 100
507 632
85 976
293 413
245 899
621 938
866 391
253 796
355 892
287 432
212 596
273 783
871 863
386 384
297 382
1 173
832 399
608 614
895 249
518 403
740 878
637 376
284 443
550 154
3 436
558 358
703 811
181 774
371 885
245 230
826 57
472 513
52 399
140 366
822 296
640 990
305 499
19 666
657 714
263 226
980 970
911 960
289 23
414 86
619 60
274 348
79 333
822 959
435 255
616 700
229 169
529 674
706 802
615 52
382 940
853 811
285 476
175 931
92 264
817 441
668 211
850 320
920 938
862 622
788 695
850 901
542 553
398 24
585 561
59 122
105 217
492 366
973 404
608 188
254 512
817 80
856 923
655 232
403 919
275 918
754 68
663 972
825 403
328 726
564 596
749 708
656 512
730 17
296 959
155 323
425 123
386 822
58 297
239 737
405 492
955 721
747 637
680 188
497 154
862 548
274 126
431 114
39 295
57 244
588 919
302 336
291 711
226 854
487 506
19 913
924 789
237 236
219 816
666 633
225 303
981 999
43 402
195 941
776 782
951 281
826 419
236 429
546 112
174 257
329 283
74 490
508 864
117 492
916 199
729 244
768 105
200 823
990 572
499 521
308 491
570 235
488 167
209 601
652 577
442 997
183 754
688 74
814 710
583 420
935 59
583 237
263 423
110 472
580 537
963 476
335 331
721 285
411 119
187 81
490 688
446 4
741 992
267 539
501 491
391 373
357 375
509 94
651 871
306 50
121 733
524 448
672 686
174 738
175 511
267 392
125 424
837 795
187 15
399 334
429 237
194 445
60 845
939 326
899 836
147 987
309 800
684 746
949 402
127 411
254 695
319 178
562 390
862 488
410 256
889 44
921 196
732 392
453 7
668 17
345 453
197 820
353 76
829 308
544 725
698 64
9 567
532 929
769 623
475 372
795 738
102 133
804 698
588 619
919 518
965 311
993 765
814 320
624 560
665 924
157 852
197 63
514 334
433 33
554 485
372 128
904 82
329 760
247 767
30 113
976 783
744 189
876 566
81 15
553 777
432 562
380 932
435 727
661 587
219 726
958 877
261 491
741 990
756 920
216 549
988 902
33 391
645 932
324 622
122 505
491 638
224 617
449 169
384 822
650 475
32 200
490 436
122 935
464 249
640 992
415 325
327 589
100 408
518 577
774 910
930 923
367 590
13 595
455 936
105 823
179 42
803 553
170 984
974 349
773 288
150 554
732 842
333 262
528 593
686 168
381 302
215 685
970 544
82 44
977 900
363 268
113 496
942 40
616 482
192 755
57 20
76 376
286 932
956 384
12 460
805 433
253 167
421 564
682 828
815 532
95 881
451 289
945 651
482 700
685 870
240 860
732 438
294 508
571 884
763 275
131 240
125 151
840 241
64 845
886 380
277 337
340 821
858 844
539 732
307 531
505 935
161 78
398 808
543 206
939 582
48 278
217 768
715 114
693 955
344 801
345 7
765 878
762 127
428 474
355 781
950 702
593 71
130 893
160 536
891 856
363 515
228 95
272 791
484 124
498 266
548 486
6 564
459 24
806 77
634 866
290 495
326 139
26 10
729 20
425 298
217 823
631 794
65 920
342 651
662 15
844 541
633 381
967 346
639 269
308 261
504 981
908 418
758 723
998 330
35 659
343 165
270 966
610 364
538 885
797 326
82 658
541 176
186 351
119 630
509 868
162 247
199 623
853 750
931 321
847 287
373 866
145 538
674 718
798 713
548 948
13 903
400 989
846 502
171 897
542 24
926 665
800 409
773 470
281 435
299 282
688 436
95 55
509 467
304 654
313 504
569 723
334 52
817 463
92 760
152 670
312 215
805 33
458 101
679 258
935 704
598 635
599 965
264 329
987 676
875 15
388 161
71 610
708 385
413 454
678 818
650 742
676 147
2 866
861 153
769 916
694 121
572 185
237 190
407 130
909 699
549 798
624 273
681 455
203 230
664 276
816 726
983 981
96 479
735 946
663 906
173 100
605 468
974 915
369 715
453 492
229 449
214 485
658 904
148 939
781 892
682 928
175 780
212 6
371 145
49 611
164 674
721 693
248 309
96 626
677 209
730 668
261 638
111 599
352 559
834 511
966 502
465 584
958 137
345 405
919 825
934 880
395 918
902 560
462 935
53 661
932 886
824 603
251 964
723 642
606 910
213 442
922 127
465 466
440 448
874 639
84 524
600 560
396 208
14 354
993 87
636 142
196 540
387 320
720 615
673 208
365 918
784 924
910 565
83 994
111 168
284 857
865 366
453 982
97 256
166 654
750 56
676 462
523 985
930 341
93 228
973 497
628 536
604 436
767 534
535 730
745 642
718 529
855 433
259 107
41 736
183 574
653 502
532 558
699 328
451 23
852 985
569 745
230 578
567 192
18 687
246 817
609 765
792 406
582 148
278 445
594 589
9 755
158 718
798 620
771 759
376 132
11 762
109 444
148 326
326 27
963 576
954 378
25 540
772 214
215 136
711 55
980 69
281 255
22 5
974 763
574 397
795 174
634 101
765 87
891 341
98 778
40 611
408 664
910 181
988 104
163 408
623 155
738 257
598 782
456 39
528 610
32 823
943 157
767 162
508 317
848 809
67 685
136 67
598 776
115 988
921 536
656 788
998 322
613 412
318 144
11 922
376 747
282 317
977 618
850 710
203 899
198 298
323 876
195 606
284 250
157 640
299 46
752 235
116 668
56 853
653 978
710 437
590 865
710 264
93 788
580 849
728 395
456 88
799 41
771 54
892 220
995 203
116 730
720 399
764 807
479 478
994 571
669 642
516 686
609 629
439 715
983 504
356 497
537 543
917 266
408 276
413 186
713 620
909 219
379 249
717 781
751 371
16 630
250 965
301 897
382 189
790 354
738 837
789 914
179 310
645 201
606 181
944 176
258 559
872 457
460 839
531 908
977 219
966 129
273 976
906 766
493 994
409 182
987 462
138 947
8 878
576 359
459 398
337 877
863 471
825 652
145 607
710 387
731 533
207 676
444 737
206 580
164 718
802 131
897 602
590 197
101 373
741 640
886 645
768 823
383 776
777 300
786 198
456 867
292 559
674 146
926 784
699 816
519 144
945 342
840 414
320 437
89 410
238 997
673 298
62 466
779 418
408 173
195 570
539 813
672 516
868 678
9 986
942 868
4 860
25 297
262 66
70 736
139 939
234 304
805 855
254 788
70 324
523 18
126 450
963 389
883 367
651 476
515 268
638 501
403 577
423 338
930 891
447 103
804 573
856 546
665 914
892 193
29 773
43 960
230 836
83 493
839 34
22 892
825 577
94 465
767 978
65 621
667 889
901 387
904 889
304 166
596 421
313 999
85 273
524 627
439 417
573 34
749 927
356 36
300 809
308 638
707 667
905 129
44 658
131 683
754 574
343 318
743 16
61 591
207 987
909 816
849 46
499 831
214 361
608 680
912 592
288 29
989 759
975 972
523 687
83 571
438 392
736 799
2 391
776 635
480 180
13 706
646 726
800 882
65 756
960 949
259 513
611 942
386 959
856 112
954 325
201 932
491 829
965 443
545 187
757 902
750 811
24 808
692 530
49 818
381 19
846 270
842 415
83 884
630 743
265 165
165 144
197 883
848 803
948 486
990 898
623 961
872 636
761 223
337 770
362 874
850 814
406 742
229 366
446 468
656 254
238 838
530 330
846 966
629 765
112 341
861 68
547 204
372 406
139 833
529 164
898 992
226 423
470 29
178 873
180 659
194 278
746 243
352 258
403 652
306 340
124 962
30 496
668 535
9 242
329 691
601 507
751 541
632 308
904 44
231 357
594 934
756 709
25 775
845 339
218 981
632 601
815 555
406 475
51 811
653 489
794 278
198 396
729 57
449 140
976 624
7 982
139 797
37 354
117 738
317 294
89 936
679 292
615 832
132 747
936 256
792 475
636 697
473 130
143 957
438 813
8 735
669 569
805 75
988 785
977 507
286 201
445 434
41 324
676 967
391 458
311 599
555 643
649 460
305 831
355 193
406 128
339 619
364 144
362 991
520 161
617 1000
695 512
52 832
291 881
767 72
486 488
859 103
306 563
421 212
104 202
301 641
803 809
537 471
142 697
957 722
987 967
11 411
466 984
991 425
553 848
690 806
670 199
509 584
904 667
48 794
647 562
984 899
834 190
787 474
447 833
952 108
520 474
888 702
535 116
795 257
859 447
689 116
221 498
157 523
243 431
911 949
513 110
979 610
481 72
733 526
937 348
653 907
138 533
434 794
481 978
251 204
537 206
763 118
526 214
522 181
1 664
185 898
240 683
703 750
303 424
291 55
381 666
18 157
1 276
262 166
664 163
88 39
943 523
424 184
252 663
782 635
923 546
715 746
595 503
374 416
612 47
117 795
644 380
108 246
79 164
922 411
377 585
984 484
202 902
51 750
533 947
729 401
847 647
238 255
32 750
568 122
622 70
864 282
348 830
810 131
711 95
556 54
957 826
828 831
454 186
306 20
163 100
873 319
379 335
535 664
580 579
974 812
75 873
627 448
4 739
785 887
374 417
740 993
568 505
757 104
883 865
510 778
337 137
471 651
190 429
961 769
810 240
396 298
969 505
701 290
669 745
296 956
795 253
766 972
2639
268 706
303 597
719 70
271 209
910 294
832 340
951 508
841 987
80 153
266 566
654 105
508 643
980 313
583 504
888 595
978 709
727 461
855 320
919 718
303 383
496 976
337 249
39 894
560 797
633 487
99 442
291 27
873 408
183 543
279 807
150 601
483 572
279 322
59 543
113 124
20 98
332 960
409 698
530 620
699 217
888 559
693 751
474 416
558 851
878 124
120 456
989 551
463 645
119 588
97 217
38 433
755 866
193 890
634 834
157 98
898 128
934 559
682 24
786 970
882 639
637 156
51 485
752 955
227 633
638 130
829 310
84 240
722 966
921 26
957 852
142 792
46 944
979 789
447 941
54 610
808 730
995 258
837 389
522 653
236 401
781 445
598 59
892 870
350 80
696 972
141 916
315 631
217 498
946 16
154 281
830 485
461 691
440 825
1000 403
769 485
93 569
143 394
940 818
828 795
208 919
741 302
430 856
635 533
172 269
446 351
332 231
67 60
289 813
466 662
276 683
226 439
256 426
556 75
314 482
743 731
786 350
206 879
801 739
761 128
69 395
936 507
856 999
453 563
880 96
580 208
581 528
764 319
749 666
111 10
159 891
20 261
674 947
369 116
592 977
228 840
27 731
508 328
323 49
488 61
383 626
743 975
51 72
927 810
296 879
188 613
859 442
458 255
842 354
301 882
349 331
59 265
815 6
537 122
476 547
986 268
96 861
15 827
22 234
108 165
535 553
790 94
288 192
443 6
956 316
434 223
639 247
493 64
442 529
141 904
987 644
944 475
8 98
925 9
172 856
823 225
644 349
314 844
439 181
991 477
633 724
82 853
717 612
304 617
853 346
960 744
7 446
564 257
956 759
274 941
553 491
484 454
780 367
792 613
218 5
78 149
673 546
199 122
586 19
650 768
555 564
380 96
258 437
143 881
817 745
781 43
448 609
653 62
488 433
627 83
555 258
474 569
25 171
210 457
881 394
153 110
606 831
283 214
688 501
133 772
776 14
842 272
759 316
345 775
192 905
809 806
476 83
84 495
250 167
273 422
961 381
342 240
541 17
219 281
407 599
447 515
94 313
203 137
644 87
24 840
941 849
647 668
797 697
269 856
845 392
442 825
924 712
385 501
925 415
834 26
913 440
455 63
213 647
452 676
735 930
40 735
57 501
707 6
458 620
150 646
110 350
191 462
198 936
977 180
175 692
15 837
348 459
997 920
464 536
197 384
852 959
647 402
212 948
909 373
269 61
572 554
867 943
825 684
402 141
617 376
868 10
341 972
252 268
417 352
18 232
112 173
658 653
838 704
431 344
592 180
99 529
697 436
702 173
694 507
652 83
146 800
460 81
4 328
969 630
854 891
243 686
177 369
758 920
483 647
170 814
838 154
527 501
720 304
131 176
330 993
533 82
810 518
524 490
773 650
45 789
577 914
937 222
879 638
289 855
60 550
723 406
429 95
588 671
58 351
90 474
280 226
474 839
708 908
283 437
259 686
362 709
950 478
695 496
423 98
276 311
712 164
653 309
799 13
927 107
823 241
137 577
918 175
557 272
461 599
39 806
116 210
672 608
916 904
57 481
957 509
830 25
68 616
52 245
474 93
880 419
871 850
430 172
697 548
508 590
58 446
55 71
498 239
983 292
671 796
53 545
8 390
773 945
262 292
305 219
945 482
577 203
410 377
809 655
584 249
926 669
354 201
669 612
750 696
142 314
433 61
853 260
710 728
725 242
519 907
183 262
691 521
269 935
714 76
385 57
596 306
336 377
827 389
529 859
665 396
637 317
273 950
107 793
592 333
37 646
855 421
252 765
200 424
652 627
186 751
52 801
79 850
11 452
381 977
484 708
537 28
901 463
818 218
660 701
948 981
231 960
213 668
148 785
807 497
121 233
932 274
404 913
614 448
979 45
509 852
584 337
841 87
903 623
12 162
488 38
954 428
493 367
448 396
596 544
313 922
674 908
452 520
352 551
738 428
471 425
180 290
632 247
540 95
77 966
870 651
2 606
180 381
331 100
505 828
674 484
158 479
88 352
181 545
713 256
43 125
191 857
637 298
835 444
928 899
322 497
723 478
223 891
59 318
339 85
531 108
145 922
14 160
324 725
83 547
290 592
714 491
788 689
995 564
241 101
142 512
422 284
378 802
251 102
315 395
459 204
49 229
244 243
212 732
86 457
562 119
561 562
796 588
828 659
737 16
794 22
36 459
275 511
921 634
3 87
64 367
830 51
821 291
561 568
265 318
644 636
640 704
690 603
204 515
484 908
312 875
783 367
190 860
376 720
754 913
836 964
524 494
228 682
848 750
50 805
748 193
228 431
97 699
897 887
307 492
523 268
784 702
825 404
735 814
865 275
609 237
202 104
145 790
418 815
917 363
126 650
78 931
900 503
848 696
520 97
635 973
490 163
97 239
52 726
598 265
306 334
779 62
889 558
365 307
517 583
281 704
920 19
879 130
709 473
618 875
162 642
550 67
208 805
391 520
360 442
380 419
531 165
781 211
984 182
800 450
806 894
667 170
85 187
250 449
631 395
567 902
457 116
887 946
621 118
416 338
225 664
833 537
753 488
179 875
728 719
667 74
446 585
6 418
66 935
95 373
142 778
496 632
742 545
883 272
519 425
604 393
684 440
435 845
150 37
651 580
497 279
654 425
215 608
957 542
29 534
733 649
751 67
130 296
662 301
463 103
262 983
861 625
456 518
494 490
34 209
885 914
139 161
852 615
737 887
443 587
1 480
994 294
515 760
394 299
787 809
793 927
416 889
434 854
409 982
432 986
345 147
296 803
666 537
904 393
317 743
387 218
657 832
447 274
414 606
768 126
656 366
85 236
560 129
700 224
321 341
151 275
257 258
181 863
607 109
380 982
299 881
321 972
404 754
308 923
681 264
851 338
202 715
48 336
305 704
74 814
199 833
124 571
489 308
542 959
1000 802
78 898
700 740
641 612
930 667
24 382
623 549
291 819
253 872
732 948
330 144
90 327
405 864
107 536
863 742
473 362
610 800
540 822
354 557
410 71
189 533
538 455
645 103
902 182
906 901
898 761
526 980
382 682
877 450
714 535
173 593
293 867
745 435
824 499
669 641
109 677
455 867
973 546
772 953
151 624
173 784
478 422
852 606
177 457
445 43
869 865
219 154
623 782
228 24
514 383
889 451
796 119
256 453
539 873
601 733
904 604
870 657
436 736
594 306
349 996
906 137
431 840
234 794
93 839
467 634
983 974
506 275
363 767
432 412
525 60
56 232
528 31
86 116
320 670
682 344
138 958
618 179
372 790
992 224
991 176
736 548
185 978
210 177
990 252
923 489
747 223
420 435
593 583
94 922
672 621
48 377
679 131
236 578
259 318
513 451
939 484
225 893
107 810
656 302
527 589
730 767
763 591
724 227
77 722
36 204
775 865
955 72
981 732
13 657
664 726
429 373
726 245
851 889
43 211
603 29
447 849
480 871
967 829
810 464
596 594
464 927
22 379
722 938
5 940
883 201
317 862
646 601
265 400
427 782
126 482
17 748
19 358
112 702
540 429
772 477
415 607
149 659
791 883
964 4
143 299
913 684
467 723
677 607
309 658
290 333
636 87
844 539
994 716
148 259
657 756
939 708
335 388
414 2
506 151
687 301
959 957
438 958
760 348
141 393
127 829
527 481
305 154
187 401
293 943
721 94
277 699
983 183
251 448
79 629
997 396
240 495
741 621
416 851
466 687
206 130
675 647
110 970
355 869
273 478
24 431
129 548
655 806
577 885
321 848
438 522
9 607
343 933
703 316
357 602
219 838
688 617
866 717
749 534
839 90
679 472
660 34
769 955
538 943
993 441
106 1000
626 514
326 437
481 385
531 635
532 393
337 727
31 288
921 723
30 501
199 666
755 926
169 845
571 878
343 571
492 582
678 718
369 210
986 469
783 573
786 877
237 574
682 431
406 467
897 667
875 858
237 251
914 137
252 523
41 852
911 822
263 622
627 476
634 406
898 149
608 552
857 462
362 978
99 360
516 167
456 479
322 807
165 673
405 857
600 1000
234 777
210 963
407 691
780 783
552 118
365 294
992 700
234 379
624 506
826 322
281 640
96 982
27 155
877 54
725 235
481 30
880 861
129 436
499 337
65 940
680 596
82 189
820 566
256 565
535 76
877 134
111 949
875 798
448 574
269 999
346 533
400 896
738 223
183 974
565 426
818 139
826 807
953 56
582 620
477 133
356 572
622 285
408 844
568 119
569 327
389 15
193 17
18 361
344 382
543 896
75 12
355 68
259 244
537 749
951 579
582 255
916 532
745 420
399 754
885 221
653 779
416 558
92 693
574 102
282 888
890 541
925 109
817 420
988 456
670 855
976 632
41 509
861 380
724 286
450 134
779 522
212 746
20 423
887 500
11 520
886 681
637 743
432 468
494 163
392 169
768 773
649 37
939 454
460 713
457 750
728 23
671 20
785 686
275 510
289 670
851 451
295 659
268 765
419 982
336 55
257 555
668 483
413 60
721 698
975 317
567 374
756 340
893 241
521 407
843 892
576 15
386 329
788 308
758 358
909 911
991 131
163 524
309 781
148 686
564 929
813 71
712 961
440 404
737 946
200 928
616 216
451 338
227 901
238 253
64 780
692 139
934 595
303 626
611 81
562 568
518 793
690 847
975 298
40 814
619 397
652 476
873 648
495 342
170 74
140 491
140 76
277 217
670 421
509 542
391 942
197 721
731 821
580 919
73 794
864 191
841 946
706 523
295 201
724 487
989 47
233 50
32 694
921 406
285 263
658 62
359 246
226 194
260 533
524 74
117 334
112 593
841 3
115 349
68 865
611 526
417 276
638 803
622 486
573 367
628 238
73 138
361 558
859 570
329 136
670 333
171 161
190 502
169 91
867 538
559 113
251 609
140 714
5 65
867 968
427 623
312 179
373 822
511 510
918 171
771 690
560 954
297 993
535 491
805 233
823 893
21 712
126 945
644 3
314 408
710 23
96 625
912 424
743 156
339 401
168 78
973 531
300 651
938 952
600 403
179 858
695 632
53 181
736 697
2 370
360 859
118 741
175 171
151 511
830 955
612 866
276 366
949 998
319 117
383 397
139 25
685 665
279 915
889 513
915 826
162 75
944 325
425 907
968 455
644 841
919 734
486 285
868 998
378 403
13 33
697 129
773 705
242 444
962 258
141 604
830 752
352 47
356 647
982 861
111 895
844 873
781 125
616 681
453 565
478 284
323 335
332 132
678 208
451 416
465 69
72 830
15 184
698 197
513 338
256 563
614 102
683 366
457 963
251 614
325 46
539 314
473 978
542 852
318 598
672 741
356 213
360 529
539 648
782 549
975 156
901 347
812 93
933 124
945 768
868 895
911 373
408 539
899 424
675 230
839 812
854 159
789 900
985 358
29 690
88 551
145 94
514 619
36 348
42 836
876 693
88 287
412 961
284 868
364 190
202 675
391 263
685 396
887 16
764 117
493 392
663 498
718 734
521 135
906 103
73 438
296 206
746 948
166 167
679 495
455 943
794 777
605 544
868 949
333 381
525 67
242 235
205 342
806 787
636 3
619 303
193 541
642 75
773 482
996 100
310 127
504 597
480 850
294 716
303 397
21 164
825 399
649 601
886 216
244 148
134 800
803 148
505 659
254 502
323 388
24 344
493 573
649 150
395 465
905 325
195 514
911 540
769 72
504 371
276 656
50 121
455 293
679 240
967 168
464 518
684 399
747 159
752 485
288 581
528 905
222 444
980 611
339 236
470 991
794 379
83 826
271 701
278 34
260 346
174 805
461 368
973 108
954 359
628 178
185 473
581 905
769 51
821 27
798 179
995 257
184 837
475 32
192 31
402 904
958 757
400 59
460 611
320 421
441 297
911 95
20 157
739 664
329 357
33 340
882 575
52 739
419 96
462 864
522 309
270 392
679 84
130 803
824 584
660 278
288 528
770 895
813 855
310 566
355 775
964 42
286 227
962 564
298 156
376 688
553 529
204 760
962 257
472 240
641 755
952 77
975 862
833 28
657 799
432 160
218 940
492 620
740 89
470 766
937 729
688 304
52 664
368 494
961 21
470 131
509 959
111 868
571 113
545 220
588 561
406 834
242 266
282 595
306 680
924 164
404 684
46 32
923 788
849 932
43 35
929 995
65 818
683 311
909 95
879 803
241 225
756 799
906 347
409 197
106 403
20 8
950 284
56 711
585 900
872 238
122 749
290 977
694 353
626 542
508 579
108 635
291 731
717 641
562 796
793 464
788 153
235 324
243 259
199 537
573 64
964 586
525 550
224 89
459 884
255 492
791 272
785 244
76 553
890 17
735 74
304 376
73 757
183 292
875 188
405 582
558 513
695 247
881 152
120 479
29 771
207 67
626 397
44 545
768 705
324 242
339 578
71 377
728 660
766 176
863 220
591 849
918 161
571 933
389 576
630 297
730 363
132 231
753 61
783 493
771 847
155 731
405 191
956 1
734 580
289 421
770 868
988 479
269 430
185 362
763 849
655 787
226 816
166 449
314 648
934 282
545 863
456 158
343 113
320 289
28 666
53 863
351 7
585 979
916 604
325 475
63 293
591 274
863 44
640 154
57 527
806 652
106 802
310 820
871 629
386 136
338 889
631 874
239 663
113 933
462 405
410 336
833 253
574 251
16 500
882 662
674 454
371 583
118 215
812 90
795 505
266 725
283 326
72 485
417 404
70 728
665 123
53 44
234 623
49 335
423 390
815 649
630 993
726 739
819 27
68 869
330 297
98 261
301 639
65 218
862 743
804 437
46 475
53 220
926 612
897 737
363 661
679 205
418 587
361 232
248 816
586 985
200 912
976 247
192 581
755 612
635 165
68 775
12 556
204 111
382 840
888 934
834 467
109 415
812 569
884 760
222 729
733 150
493 780
915 807
429 822
264 216
403 802
334 267
602 386
152 299
115 331
44 181
736 560
714 553
248 194
993 969
86 210
220 742
565 563
766 991
125 445
112 784
426 713
468 776
692 171
390 261
700 89
665 997
662 639
213 554
175 161
971 394
862 637
11 942
901 103
104 675
38 753
308 689
631 49
509 615
795 295
315 874
703 759
791 354
143 971
78 761
136 602
599 521
727 584
543 400
575 687
409 384
198 353
517 504
323 229
572 213
212 981
846 131
566 829
339 332
371 811
676 520
293 538
893 101
689 923
750 341
990 706
978 641
813 670
471 519
820 127
399 440
771 534
711 232
188 142
162 556
954 246
920 358
628 872
858 312
412 924
921 467
447 763
557 201
168 761
822 95
119 671
396 123
377 55
413 67
878 933
267 764
546 531
342 84
353 507
779 309
80 970
466 639
884 348
410 48
147 355
59 896
254 364
938 966
865 147
902 374
97 663
570 99
285 398
370 606
161 692
428 246
877 146
697 560
195 626
870 843
387 65
277 97
155 819
274 849
797 780
712 412
610 146
660 271
187 236
207 525
160 986
595 559
92 751
86 177
122 833
365 910
798 312
894 655
277 663
192 528
178 253
630 144
33 756
991 846
905 883
306 544
995 962
994 910
530 458
444 729
687 882
589 481
439 816
424 227
997 123
997 685
10 770
817 196
765 706
953 477
391 676
250 166
146 450
883 354
554 647
985 758
624 275
387 818
798 618
472 342
715 675
663 217
834 921
751 876
283 804
587 707
987 3
250 301
28 199
347 645
159 375
404 399
570 360
907 654
68 345
301 575
503 585
249 727
463 347
434 747
300 870
92 876
190 254
148 243
327 474
816 280
352 287
77 938
47 551
329 2
333 977
590 643
674 708
108 546
402 604
730 940
664 715
939 908
945 650
302 311
492 458
832 799
411 133
936 774
585 45
188 792
384 721
4 836
834 723
227 487
515 36
313 790
337 696
149 761
621 608
135 691
489 788
365 994
123 685
195 383
168 128
306 525
808 767
862 298
713 518
127 566
672 215
63 968
505 295
26 634
577 221
340 799
138 438
302 276
874 465
680 544
929 555
713 453
121 805
600 802
240 205
155 631
941 932
720 688
387 940
66 938
707 443
119 561
361 56
342 650
346 82
671 562
295 828
120 988
854 223
114 853
213 483
760 459
397 195
800 877
58 7
53 742
270 845
264 616
452 942
999 935
885 203
826 279
748 890
432 469
702 593
617 720
313 372
730 917
915 497
861 419
836 328
745 196
19 758
699 663
574 609
897 500
786 153
730 661
917 767
651 843
198 1000
151 510
744 231
589 30
184 389
211 445
122 28
124 343
931 149
356 483
485 955
208 734
255 307
555 995
762 566
534 690
77 66
42 4
679 342
313 145
643 579
766 846
364 860
984 902
902 765
139 918
717 926
91 845
984 567
317 298
865 355
996 9
413 207
228 556
787 39
824 337
400 318
635 546
315 69
332 590
50 222
188 512
627 547
22 777
735 170
729 835
185 709
261 157
330 969
449 167
26 723
33 657
534 646
144 969
135 461
880 982
934 165
402 532
944 32
738 359
229 388
280 194
680 594
736 129
503 789
809 39
356 554
548 797
299 971
597 517
613 142
425 105
821 155
538 968
260 82
165 973
820 762
204 348
813 320
952 66
513 416
132 960
913 825
278 209
778 512
632 979
219 704
45 503
687 639
469 776
374 212
742 181
297 357
136 357
334 965
375 854
433 753
237 614
369 963
137 221
520 942
763 941
209 660
343 878
498 277
368 524
499 727
266 235
426 453
748 549
225 101
842 201
71 336
989 287
551 417
417 287
442 570
454 708
719 23
900 45
928 424
559 282
778 613
372 922
744 332
42 328
196 435
100 115
207 60
54 134
856 935
35 322
186 876
814 930
987 87
334 319
157 8
804 214
409 721
874 395
506 511
8 423
474 876
304 271
669 717
477 411
81 980
558 451
590 579
188 778
557 842
305 640
400 598
174 233
189 346
223 571
556 837
673 635
756 13
230 202
487 286
676 11
605 680
498 97
610 877
321 696
239 699
673 108
882 466
992 89
126 705
470 176
53 191
932 591
481 501
131 766
214 388
370 831
646 649
425 385
271 34
40 170
406 26
776 160
750 972
701 34
749 833
472 205
866 641
860 254
373 540
62 522
515 348
214 437
469 468
159 223
587 815
69 874
97 553
920 985
164 412
776 432
667 735
707 881
608 741
896 265
698 384
869 775
390 157
583 597
253 105
838 305
677 415
158 988
434 375
640 838
796 568
589 57
366 302
819 821
510 624
382 431
381 290
120 860
563 426
510 506
946 897
482 768
609 614
519 654
48 822
775 147
139 171
906 463
757 138
413 525
837 827
128 149
441 144
590 951
107 518
817 435
361 711
63 365
859 99
36 884
656 311
740 224
307 530
390 728
105 471
842 791
722 66
341 696
419 625
909 429
200 899
567 182
793 536
516 449
758 586
931 761
916 402
278 271
398 622
469 14
823 101
318 896
30 527
885 137
264 886
808 661
70 710
512 792
365 716
966 952
19 985
50 174
499 249
482 650
78 128
671 293
716 910
880 380
9 415
847 534
497 35
329 602
216 655
610 450
326 214
215 552
201 791
973 673
206 638
5 818
935 172
85 401
239 217
718 208
128 931
310 967
490 368
705 650
636 841
375 891
28 749
84 472
438 757
1 316
847 603
673 531
301 466
779 658
458 307
145 372
219 640
280 439
408 648
591 447
829 762
808 363
510 640
922 790
959 41
17 152
577 484
237 448
7 965
364 502
423 157
221 203
326 804
107 464
278 701
723 634
873 314
953 133
63 538
88 417
798 858
931 168
993 144
189 260
582 307
914 203
835 937
88 47
733 37
261 8
678 734
603 771
79 480
630 330
927 536
516 250
92 186
862 156
261 423
686 244
507 198
707 815
924 961
89 439
811 517
550 207
996 331
557 791
598 543
267 117
265 543
839 327
582 530
762 967
344 228
18 56
814 667
968 293
604 555
780 573
127 967
962 555
362 187
949 770
166 516
930 40
230 715
163 368
552 741
63 867
122 666
11 391
35 807
159 434
989 352
286 633
113 878
69 631
928 912
44 742
881 971
645 901
992 740
996 115
30 57
322 915
939 674
309 62
594 544
80 786
534 603
147 68
76 491
25 918
831 2
172 999
605 594
550 413
959 615
61 38
925 677
152 143
962 929
441 969
222 835
121 174
206 803
839 569
16 897
857 864
378 1000
450 54
205 495
802 759
411 953
73 958
668 572
943 968
140 535
102 448
385 589
496 247
339 187
979 503
9 109
754 440
565 713
452 391
383 619
774 507
514 397
737 500
245 664
596 605
40 74
772 411
824 727
924 21
80 110
894 809
843 300
624 511
810 536
134 610
312 618
156 317
584 499
795 659
683 302
732 746
928 441
106 600
333 180
194 816
548 436
844 648
418 707
407 461
799 33
135 599
616 886
14 468
530 492
310 762
86 369
998 770
311 366
568 671
952 722
55 48
903 782
340 179
10 949
198 694
593 784
111 770
755 717
872 178
215 621
677 952
619 626
637 975
281 305
967 820
631 465
454 908
823 86
175 25
965 58
903 427
355 345
382 228
778 792
986 468
898 168
120 158
668 554
950 422
443 815
176 846
578 187
177 963
88 989
549 903
824 249
564 258
575 466
601 37
578 85
747 854
639 575
303 514
936 694
298 788
774 353
576 827
748 541
773 126
270 91
833 666
591 941
880 625
321 750
401 578
840 344
787 894
547 652
581 31
224 61
869 345
895 998
970 153
100 349
153 350
79 871
183 146
554 483
861 219
51 955
39 655
615 957
907 471
522 658
592 381
106 378
444 937
619 195
441 330
963 86
447 932
572 647
711 18
819 731
279 35
350 970
152 971
580 678
732 184
54 800
726 801
957 41
427 549
789 585
645 906
909 871
160 468
797 129
432 14
429 911
796 561
340 657
919 678
324 266
621 552
47 287
31 905
777 379
245 739
70 23
733 646
765 523
566 967
671 561
90 569
609 102
913 399
715 104
661 767
530 255
375 747
563 713
998 10
608 118
589 501
29 847
568 588
489 689
388 49
895 949
951 643
125 211
826 497
783 64
21 412
251 830
184 827
418 443
25 692
221 914
738 246
74 930
576 184
884 204
899 912
287 551
465 315
48 71
428 359
956 703
891 747
55 410
526 81
583 811
548 560
776 986
830 769
371 597
194 439
430 935
557 883
255 620
972 848
917 516
13 832
641 926
860 682
803 817
149 168
414 831
205 84
718 580
248 280
917 808
393 916
754 825
763 274
704 154
446 965
982 625
486 398
797 436
111 998
811 504
357 386
681 216
226 248
259 785
518 927
765 990
229 335
44 220
198 774
896 598
90 93
575 662
523 990
387 5
458 582
966 66
900 979
853 533
774 694
622 926
327 812
615 41
677 9
832 33
517 371
105 907
515 459
512 613
710 719
976 695
586 358
230 104
273 284
139 175
869 147
909 540
500 946
560 436
846 470
811 597
961 164
116 177
801 664
319 267
969 297
942 676
402 393
884 515
842 883
372 94
370 414
556 642
263 486
189 853
263 398
636 987
917 661
667 40
656 683
378 600
990 268
248 439
532 604
866 926
209 701
521 461
741 215
553 140
529 570
182 374
186 693
860 502
35 915
146 54
892 300
110 786
291 155
964 328
614 574
105 519
746 981
135 407
1 703
576 837
706 252
98 390
785 243
705 482
334 764
277 239
132 744
169 270
905 288
6 587
642 12
932 621
417 47
925 607
152 394
974 262
820 829
178 238
14 986
542 41
72 752
904 532
518 536
201 272
850 629
406 112
353 936
480 629
103 347
338 558
32 325
474 812
421 813
369 457
638 296
245 801
920 586
526 460
999 430
669 755
385 527
253 628
980 460
374 984
929 257
769 752
25 161
306 605
599 691
297 144
618 858
651 892
965 351
341 848
292 974
434 891
654 471
756 832
91 392
420 196
672 552
1 759
954 738
