988
3000
795 849
592 737
480 558
18 409
29 233
507 986
589 273
906 186
951 457
933 135
580 747
319 909
619 385
973 223
331 457
246 300
738 970
689 63
356 513
514 373
473 160
912 600
270 681
103 519
477 387
300 363
766 433
928 51
828 927
588 958
79 859
105 481
352 32
18 164
468 972
872 542
69 865
648 28
312 567
495 279
425 280
465 767
819 741
475 119
365 208
720 988
855 338
544 190
496 498
104 834
698 537
954 306
603 838
351 184
256 936
309 155
313 460
34 930
551 658
483 127
309 713
872 29
858 912
577 960
436 717
555 707
521 198
566 130
5 216
617 916
455 874
487 313
556 889
613 173
474 958
265 776
978 594
553 318
948 689
200 905
179 771
38 538
62 255
480 601
601 527
611 500
291 959
225 475
333 773
827 975
915 835
134 373
48 748
762 251
64 86
888 568
929 928
273 72
762 221
664 74
187 693
25 413
513 673
511 668
638 554
58 468
539 180
911 85
848 287
842 543
65 188
39 160
383 234
691 835
640 619
926 808
910 431
15 137
546 135
515 114
562 424
646 213
114 731
698 425
647 298
502 567
758 767
100 650
664 96
620 947
810 971
378 944
172 368
723 286
236 744
223 686
845 934
603 249
476 161
213 719
489 192
68 254
95 97
714 144
519 876
12 285
945 140
377 381
424 490
561 735
954 590
457 431
612 966
172 147
917 90
863 308
234 462
17 229
19 970
33 896
366 549
436 197
197 629
16 387
191 944
295 334
871 320
32 484
941 544
277 974
355 950
511 299
939 199
596 870
522 728
400 390
345 774
702 3
43 56
658 273
697 949
443 122
903 219
676 194
144 851
234 717
114 967
407 105
308 512
302 109
555 492
840 968
539 74
12 7
72 390
418 671
804 516
537 293
218 164
706 544
520 644
523 443
891 283
598 454
572 612
985 838
231 147
665 942
252 316
581 120
445 800
871 517
730 146
247 76
736 98
240 422
972 788
443 337
52 743
505 634
341 21
95 10
616 327
494 26
962 576
470 5
214 564
820 131
823 207
955 818
910 457
531 540
247 119
545 466
823 396
901 968
542 498
283 199
748 532
52 644
10 563
813 301
421 445
71 378
603 361
229 38
502 428
300 331
459 186
762 613
436 700
378 478
569 590
633 684
877 868
285 258
684 202
229 334
920 224
594 45
46 507
723 460
924 428
66 199
130 320
506 856
685 771
627 453
257 263
864 416
9 514
816 12
902 852
231 693
98 546
379 458
771 650
279 606
88 169
409 9
786 350
19 405
24 639
725 731
308 22
515 761
542 461
195 852
260 957
794 699
806 385
231 907
513 542
34 475
662 616
937 145
238 220
94 208
983 773
905 771
96 32
536 828
650 105
815 860
281 123
322 302
433 209
631 333
461 360
648 77
8 159
550 387
435 269
976 861
820 712
78 124
90 7
529 976
308 334
399 863
859 461
771 964
90 835
334 669
926 324
650 355
320 562
197 192
800 361
732 304
555 570
819 521
882 836
835 780
840 682
113 298
954 968
372 67
115 290
25 983
315 552
649 29
76 856
525 857
593 751
963 111
775 172
628 241
149 94
890 459
841 851
70 727
205 153
303 809
316 410
912 516
12 664
987 974
427 922
655 43
925 142
237 155
840 878
656 448
965 889
877 756
155 895
757 161
644 871
703 83
888 916
398 857
195 339
212 540
170 761
515 479
612 909
223 660
635 824
232 487
51 729
242 391
757 54
200 838
78 641
380 674
422 759
956 820
836 570
884 92
87 146
169 616
331 401
181 415
700 904
89 316
923 363
6 719
619 174
258 466
503 520
580 68
657 220
468 110
63 745
690 328
18 885
614 35
60 330
855 888
203 354
29 171
416 139
579 960
598 718
939 513
558 441
198 645
410 288
194 377
697 463
289 495
797 880
646 947
513 49
753 431
183 934
427 889
845 79
79 691
497 184
228 652
499 264
922 744
137 757
89 913
173 315
674 172
708 76
613 821
906 617
684 83
595 948
573 678
591 718
233 347
681 837
362 873
323 104
172 928
512 318
540 252
565 838
781 484
284 271
616 840
624 222
948 76
605 152
944 379
463 655
676 572
563 94
853 603
630 359
159 25
963 808
920 664
586 332
873 672
359 333
935 530
264 97
895 960
912 77
123 272
692 708
147 276
513 883
297 645
904 921
170 92
905 743
612 869
890 551
149 710
755 681
507 28
851 232
584 212
627 44
377 748
429 926
82 911
664 130
314 523
323 587
128 717
603 926
20 706
321 84
874 607
146 582
850 453
737 668
213 481
833 427
278 754
461 817
834 510
901 105
597 139
628 565
284 44
266 639
745 120
837 391
813 238
777 21
783 539
739 969
797 506
649 974
694 644
571 334
630 882
984 611
771 565
279 345
856 266
186 468
570 493
379 63
479 878
244 442
308 612
609 140
86 151
216 923
900 291
568 534
822 443
559 397
939 642
663 281
891 967
303 57
322 733
183 734
28 794
740 730
459 107
938 607
900 786
107 507
727 753
437 489
514 511
250 167
882 905
454 291
324 216
711 839
66 862
7 582
239 150
629 650
629 823
479 151
695 341
127 788
776 263
6 968
443 962
772 824
412 888
670 237
930 111
850 175
910 596
892 410
841 313
313 80
756 736
260 788
104 805
512 921
747 501
442 694
767 34
329 503
795 851
553 643
917 198
517 715
827 42
482 319
292 680
715 148
650 762
779 402
712 196
982 355
511 589
484 394
491 536
646 384
103 468
799 121
962 893
793 685
387 56
57 22
376 899
780 490
786 892
688 729
586 959
120 951
737 648
908 38
102 451
977 549
754 553
928 943
656 694
988 161
818 876
899 834
594 544
327 191
699 331
966 752
163 58
144 329
481 489
480 659
131 822
600 134
957 893
202 453
5 504
545 702
320 27
447 345
112 939
925 601
59 233
757 956
963 341
709 294
603 847
416 208
730 592
319 890
606 229
865 238
278 154
324 664
119 22
556 988
387 421
436 557
923 702
46 131
452 544
284 853
35 917
525 797
370 115
266 574
602 522
69 949
117 504
143 707
351 768
281 670
379 976
331 573
219 613
170 552
171 948
949 417
492 472
947 906
579 872
243 279
976 894
466 517
988 119
268 833
601 395
736 540
645 55
247 151
714 12
491 801
591 97
311 866
607 862
577 452
78 411
916 932
917 449
434 193
928 594
450 4
696 756
150 367
460 713
25 213
885 271
623 945
649 889
858 481
670 941
553 894
772 846
207 928
656 534
366 277
804 80
788 751
104 878
282 396
600 195
377 689
925 891
452 308
322 584
83 706
537 807
487 590
344 628
642 574
34 301
976 790
200 832
563 413
818 664
276 542
624 964
417 349
354 317
90 92
11 739
864 639
323 474
654 114
60 40
827 308
834 884
502 266
945 936
854 654
448 485
908 280
341 942
625 827
221 117
731 572
723 62
816 206
616 660
844 777
700 676
334 818
376 63
116 834
162 296
351 742
203 766
743 654
338 294
129 41
388 576
513 197
11 341
399 244
888 560
15 79
616 857
453 958
587 97
480 644
779 79
987 577
144 913
985 846
113 838
929 305
922 9
639 509
814 82
918 971
341 31
32 236
31 521
500 293
542 107
810 466
408 573
37 193
461 915
479 531
433 489
110 388
333 25
63 372
354 378
289 198
845 224
862 959
179 424
234 244
522 504
341 567
747 806
542 40
556 906
700 775
369 363
522 692
610 164
585 971
165 548
202 251
244 146
23 447
876 681
75 100
510 941
567 409
98 35
886 393
777 208
545 243
190 375
826 254
878 570
32 391
531 196
955 786
846 296
671 738
706 642
642 352
417 265
27 914
174 500
716 199
781 333
580 901
283 863
941 64
101 2
529 185
350 985
361 344
660 792
595 553
237 976
517 501
305 937
170 360
63 878
721 368
973 383
932 949
553 156
514 929
349 73
796 875
375 507
260 153
718 194
684 514
637 785
775 622
549 46
360 6
313 549
392 73
170 887
7 578
755 708
395 222
478 11
100 207
687 675
78 351
519 750
840 324
567 309
167 581
877 383
137 321
782 793
961 807
17 807
965 746
253 153
119 69
787 376
192 842
63 84
254 303
616 592
962 931
223 644
268 770
525 222
592 236
168 811
309 58
889 441
139 185
558 650
813 715
909 705
613 382
639 400
70 964
688 30
488 729
828 612
514 578
695 520
662 251
790 891
636 404
212 901
64 500
175 683
710 798
858 187
170 753
65 866
275 555
566 535
79 302
686 536
645 554
378 301
823 457
405 820
964 629
178 773
267 482
389 648
613 659
480 740
395 638
585 331
923 140
436 493
183 165
839 868
461 694
295 515
293 204
908 46
686 770
974 694
188 782
934 468
404 552
163 970
541 801
147 395
925 334
975 186
672 134
324 738
775 346
638 886
462 693
542 322
520 228
192 287
887 852
899 864
102 790
839 732
246 152
561 461
821 861
792 538
716 314
28 407
715 46
285 543
438 801
424 52
310 515
533 157
57 897
586 445
570 249
600 131
465 847
798 55
227 283
359 674
288 841
488 357
638 770
443 558
489 173
217 794
751 382
888 64
110 923
82 289
451 65
14 378
911 13
61 443
298 23
59 456
273 748
320 640
856 532
922 616
888 740
69 78
530 719
301 765
277 44
779 891
354 504
975 346
291 82
46 9
896 879
296 957
535 579
802 516
550 909
605 227
941 90
222 681
869 226
372 100
557 305
637 793
413 855
555 506
661 521
247 635
316 947
97 170
117 817
937 752
461 981
465 161
766 948
246 37
912 678
605 621
635 168
212 321
690 338
800 853
510 601
169 819
630 556
189 642
174 8
318 564
848 364
735 349
748 953
802 212
336 959
615 463
91 569
578 582
494 12
794 288
45 824
612 974
422 26
197 742
879 618
45 172
446 721
248 766
483 940
385 542
877 210
118 522
459 592
410 510
23 785
852 907
104 912
306 454
186 211
680 258
384 808
859 204
791 348
616 629
583 377
222 548
517 907
651 244
533 628
611 801
419 49
550 472
197 130
12 609
158 78
181 891
587 435
545 320
202 852
376 638
119 168
152 798
303 513
248 160
138 263
78 593
903 370
691 196
768 661
268 674
130 709
259 25
918 780
494 523
214 152
629 68
728 49
108 924
603 921
867 81
565 981
689 186
608 55
23 98
449 782
761 790
71 832
494 601
735 907
581 47
331 546
11 873
757 438
988 216
440 747
68 533
987 526
699 579
491 891
282 156
677 522
835 920
945 354
29 57
29 173
593 397
299 137
406 906
242 323
319 198
783 126
388 485
397 114
618 119
150 825
736 6
1 80
14 398
312 554
532 799
346 165
81 900
937 299
685 742
470 300
431 341
439 170
225 175
694 477
209 340
309 422
645 207
61 762
267 919
166 145
773 668
886 67
940 668
400 112
212 894
103 640
132 838
321 519
621 603
9 878
710 575
848 299
895 349
305 898
457 765
40 159
763 885
276 566
518 582
718 621
227 323
214 226
473 458
602 821
949 180
402 342
344 715
202 516
607 640
610 397
963 14
800 415
696 646
621 431
969 898
677 259
16 922
832 104
507 125
367 941
110 364
533 613
940 708
396 794
243 248
88 480
295 453
794 987
414 92
611 779
56 837
908 762
802 749
89 436
916 435
664 273
866 719
440 462
76 581
474 876
929 565
796 967
44 336
280 169
204 174
833 852
828 348
19 74
699 267
617 98
809 461
203 462
177 795
497 269
172 660
555 448
861 740
254 906
797 956
424 922
413 331
959 952
785 803
793 660
809 275
176 436
904 834
192 518
954 961
301 253
944 262
720 310
165 398
7 469
475 700
149 185
429 986
788 551
502 175
847 357
211 389
149 338
74 205
523 481
478 757
85 941
669 888
169 821
834 287
225 50
522 73
365 660
193 102
953 234
875 816
534 714
117 582
727 157
333 485
239 670
681 962
757 703
9 142
472 338
113 874
671 198
433 314
66 543
475 543
296 93
530 50
132 794
155 757
198 66
940 219
591 465
602 944
767 929
24 490
580 862
912 12
388 798
357 620
746 523
773 468
231 200
760 316
586 540
891 782
231 520
767 616
378 616
409 607
768 239
151 548
889 504
268 565
53 393
147 670
616 275
201 272
155 223
915 576
37 382
720 273
750 955
859 665
256 216
42 301
270 953
122 724
509 974
664 981
350 85
596 470
622 85
316 796
532 637
326 901
401 164
68 626
453 197
566 863
767 267
707 550
709 683
36 838
429 697
627 455
877 317
726 345
316 855
212 784
820 684
847 430
478 640
793 126
688 226
575 101
492 90
684 704
936 830
796 289
874 362
719 538
40 107
895 518
798 413
261 952
143 883
36 608
803 575
575 927
732 78
194 722
463 514
643 511
29 229
722 372
324 66
17 592
538 390
935 11
724 261
124 37
117 418
484 499
459 938
101 935
549 519
524 617
389 905
902 153
649 970
123 35
180 393
744 561
535 855
607 465
219 257
58 959
692 232
718 667
142 448
596 255
532 937
406 402
288 171
4 184
929 383
217 600
434 260
431 410
362 770
819 647
177 966
905 984
550 176
372 608
315 254
206 11
774 588
227 755
607 423
182 336
776 457
642 421
920 776
457 474
765 812
403 935
869 788
429 141
1 699
56 607
709 57
872 724
473 700
722 557
943 73
558 935
878 468
405 301
227 8
121 931
120 504
221 309
369 960
429 765
315 183
843 541
699 238
255 850
868 488
323 127
4 352
882 589
664 428
328 749
882 283
801 956
347 587
93 689
7 616
175 218
425 481
818 445
350 569
278 231
352 446
328 796
71 932
610 860
882 12
614 333
727 707
124 462
141 636
499 948
632 192
252 287
370 939
33 197
574 411
748 683
349 549
475 152
255 583
937 987
68 691
299 181
11 767
4 877
564 769
967 608
925 710
78 442
681 140
695 38
852 283
34 740
377 554
805 656
329 480
188 763
317 675
734 79
184 383
959 604
23 914
145 285
974 884
170 933
257 772
402 554
841 583
777 668
180 658
127 941
885 33
359 529
982 599
400 21
134 118
853 510
439 93
233 411
219 691
360 595
657 281
719 428
903 418
562 445
814 303
324 637
675 171
265 543
341 860
503 201
539 459
545 455
392 308
250 598
261 799
352 812
232 28
83 964
686 190
717 179
449 115
646 530
361 78
108 158
510 508
765 25
654 971
941 701
160 661
892 501
191 714
485 404
477 88
673 121
877 870
920 365
769 359
270 641
621 640
519 748
865 575
421 272
237 931
165 171
829 806
177 262
586 789
929 298
667 503
339 667
741 371
765 643
89 37
874 353
65 885
602 629
778 638
242 495
843 308
568 972
479 370
551 196
375 623
453 821
573 15
589 547
416 88
3 637
670 601
724 330
612 400
621 617
529 962
363 32
562 561
224 486
597 248
267 232
855 200
190 482
413 476
720 300
373 810
160 572
744 622
678 353
348 788
211 816
377 307
513 416
515 853
577 753
697 350
792 249
55 382
721 682
733 874
476 697
539 208
957 944
605 97
687 366
202 849
416 202
876 537
911 453
248 149
928 498
502 170
116 855
846 160
710 504
288 626
53 986
189 479
692 204
452 548
280 531
269 637
207 681
919 264
496 556
389 557
621 380
66 72
535 73
477 636
722 652
38 304
775 979
63 305
657 735
926 271
365 258
712 886
755 687
758 867
848 233
173 787
809 342
383 71
516 25
121 90
839 168
164 41
40 57
174 793
555 583
43 923
45 71
829 378
63 697
298 832
912 764
163 475
411 891
745 828
447 263
616 13
741 867
952 92
641 889
279 421
325 357
550 581
108 700
66 351
963 853
104 461
867 535
467 333
92 74
530 301
355 104
347 559
259 754
443 416
55 701
787 591
942 33
963 250
616 362
559 354
581 187
33 645
561 816
400 13
854 471
885 300
90 980
866 949
356 661
209 472
173 921
960 104
501 99
360 669
628 757
415 425
196 799
955 62
583 194
786 319
250 43
328 922
654 519
612 864
588 19
948 87
434 377
737 97
279 851
358 626
17 148
618 9
709 644
878 295
528 824
18 794
756 939
900 157
905 424
69 676
140 529
123 189
548 801
68 82
782 820
775 390
768 930
482 69
5 222
42 441
46 958
573 922
488 671
178 534
723 400
511 754
165 208
429 25
112 96
415 188
861 56
71 742
217 883
224 567
816 146
412 540
712 579
801 778
313 799
908 67
834 657
201 321
507 699
147 125
654 525
821 723
452 848
23 141
207 335
80 766
389 315
652 304
380 661
157 397
387 771
872 759
821 691
765 151
117 314
741 160
54 947
206 775
772 445
28 491
91 349
906 963
263 27
489 3
683 504
25 616
387 857
468 505
484 911
581 332
375 986
57 149
373 907
5 748
59 581
657 983
218 806
676 780
613 556
106 659
34 141
507 863
24 373
749 530
219 585
891 616
421 457
418 18
72 666
511 475
382 109
466 140
344 733
538 660
717 113
530 284
288 252
896 84
928 424
347 248
17 573
728 963
54 686
790 406
205 455
455 357
553 645
262 976
253 40
45 515
939 91
946 604
591 62
711 526
364 40
775 750
72 123
961 786
835 277
65 610
919 293
642 330
452 939
398 407
29 976
678 529
260 843
888 602
931 925
74 790
739 735
319 377
47 595
347 195
474 969
386 963
327 64
804 633
147 517
271 440
930 341
468 752
427 480
695 872
384 525
942 332
590 295
437 661
856 495
11 498
123 673
676 726
91 179
22 473
245 575
38 728
680 686
557 440
626 580
384 340
161 542
758 547
504 325
690 538
260 411
737 433
528 231
150 950
275 103
793 769
233 538
468 235
340 120
723 138
74 281
625 595
927 19
889 707
810 198
546 877
791 197
974 685
414 930
920 722
418 21
948 253
975 30
540 528
728 944
986 511
343 162
959 370
835 220
673 148
875 619
718 203
860 99
65 294
518 690
969 154
946 391
402 446
923 767
121 808
660 176
898 552
915 921
442 57
763 701
920 387
630 636
150 637
43 15
866 930
457 854
775 327
849 676
645 51
621 686
86 947
825 119
437 632
321 57
876 400
935 372
405 638
137 690
415 834
767 155
107 245
480 720
914 245
711 970
6 70
403 99
265 879
653 962
709 860
839 766
404 646
376 676
479 305
601 397
380 703
868 532
875 72
909 556
928 237
195 243
942 476
655 155
87 798
582 742
128 858
382 831
687 890
619 171
442 624
13 391
975 219
461 102
828 975
800 3
980 571
427 782
502 749
487 354
953 612
830 355
295 383
196 272
671 35
846 402
38 385
445 757
91 946
109 58
108 796
168 68
328 813
366 850
916 532
10 28
741 270
247 944
797 342
127 762
486 383
576 172
626 513
866 463
126 839
608 783
773 810
6 144
346 566
342 655
666 698
661 692
836 929
704 769
234 791
131 21
877 193
599 605
234 858
434 840
133 712
775 491
40 244
878 893
485 883
109 243
494 47
206 77
134 13
904 224
816 987
580 961
860 801
540 99
604 825
506 552
77 40
594 474
188 634
212 376
857 737
597 176
474 772
324 137
963 367
564 493
212 49
683 918
531 232
529 381
405 383
249 139
562 61
655 63
483 853
52 505
550 705
801 841
216 626
509 274
25 119
496 614
287 93
30 894
64 740
922 221
738 615
265 829
977 244
699 785
872 521
39 95
625 654
74 353
32 58
92 649
433 375
364 440
586 875
779 894
540 340
618 908
380 948
306 514
553 568
304 397
197 226
988 64
194 609
707 579
53 467
257 540
117 775
415 269
558 539
953 536
623 289
262 538
126 142
877 897
426 870
756 728
100 215
572 98
35 818
912 670
380 766
867 390
465 129
933 234
569 259
387 197
880 679
927 233
873 922
121 647
979 600
715 142
614 96
311 863
214 764
585 453
293 485
377 719
508 802
618 303
438 653
389 165
287 792
592 676
689 21
434 102
391 914
945 303
352 416
673 667
904 80
104 449
176 670
954 964
273 204
880 49
515 48
924 493
225 504
224 3
322 571
559 896
821 585
900 514
55 769
397 248
162 427
428 472
438 352
684 2
760 728
282 914
764 685
554 737
215 307
312 111
952 844
664 105
690 623
784 870
379 523
380 686
655 321
951 49
878 476
592 870
412 510
337 532
893 480
120 290
979 114
544 355
443 10
331 320
423 378
63 47
617 639
975 800
831 346
202 279
811 881
507 935
551 41
465 183
367 632
651 25
714 943
942 67
303 428
915 888
952 70
835 593
200 477
931 888
23 907
730 177
584 313
113 185
803 964
663 776
880 624
272 369
164 484
622 733
37 29
877 182
565 52
735 465
926 318
525 885
47 24
677 370
283 376
419 925
298 238
356 240
297 692
237 573
805 464
578 724
431 575
386 180
100 540
415 886
465 734
935 853
124 781
946 846
598 274
579 118
740 556
307 120
555 725
408 680
636 736
587 905
468 443
855 758
599 48
631 321
426 283
58 491
642 754
659 919
609 838
320 110
525 109
114 301
29 700
826 815
400 41
286 775
264 752
457 831
277 983
877 658
164 921
629 876
296 988
670 872
391 903
617 485
871 919
435 137
225 592
357 473
156 326
467 146
976 524
975 913
507 234
314 454
467 309
23 646
186 955
864 712
977 943
842 712
643 85
24 478
716 617
980 330
462 519
799 240
821 570
758 333
962 864
181 58
166 355
520 103
223 679
176 29
527 818
99 557
416 842
309 226
771 959
195 517
141 708
722 537
385 819
747 865
236 78
939 657
475 129
17 420
964 943
761 858
952 486
440 294
242 271
386 33
945 96
552 512
103 340
112 606
832 923
485 982
430 703
950 339
281 89
488 330
504 587
347 705
765 503
799 601
693 389
600 692
238 719
680 133
907 925
753 377
37 477
90 918
825 599
696 709
260 750
260 36
497 974
851 320
966 110
656 639
587 277
495 178
1 768
410 794
709 108
457 19
957 61
228 927
337 367
831 94
192 104
710 478
509 586
189 153
411 670
426 148
216 864
17 3
505 977
228 53
431 4
159 627
874 342
379 553
41 53
211 74
906 43
896 696
823 437
33 724
411 647
406 346
377 382
965 207
525 806
91 788
31 798
873 341
669 509
831 287
810 735
320 86
813 477
307 544
912 731
243 534
904 270
635 500
898 864
83 122
397 932
952 817
888 323
793 714
727 820
942 803
450 641
426 185
294 441
355 585
759 650
348 862
630 978
584 113
630 833
880 872
76 641
395 574
493 293
216 836
398 636
954 747
841 764
193 820
963 90
683 530
431 664
664 636
172 334
877 745
17 355
211 184
884 880
865 118
15 125
904 484
375 887
144 127
594 635
649 815
196 967
671 912
45 599
423 264
335 343
374 599
105 864
60 471
904 220
699 118
384 35
257 424
857 227
220 807
730 574
456 376
506 452
185 855
452 504
811 341
767 32
854 606
847 462
408 293
792 728
391 253
601 401
49 716
895 702
69 316
542 890
355 729
467 310
49 845
721 987
567 496
881 323
173 620
912 214
461 988
205 770
204 649
285 577
457 246
674 621
463 795
641 859
345 292
133 26
967 616
227 677
79 398
813 415
394 912
462 276
176 609
384 625
807 416
79 431
283 460
783 700
105 455
474 878
248 812
850 941
315 719
199 913
866 901
807 452
241 551
681 476
104 478
445 542
292 698
535 343
432 351
347 718
39 575
423 960
54 960
91 765
226 974
265 807
813 736
908 42
859 234
59 474
152 20
667 203
881 474
278 437
276 267
566 379
635 163
388 893
693 814
477 209
647 847
883 565
666 219
611 206
970 526
579 909
674 941
844 835
879 8
355 158
494 632
774 706
197 562
729 618
611 913
96 35
396 516
400 615
937 417
5 100
141 671
421 532
972 406
620 299
251 847
576 251
607 211
494 370
658 823
133 956
498 340
198 226
763 811
978 737
696 326
635 750
633 519
55 251
898 102
877 972
108 862
239 43
309 421
475 146
364 425
190 956
880 923
645 635
98 350
126 910
914 665
941 683
237 111
27 848
10 63
257 266
686 793
229 501
960 737
122 623
813 408
929 758
219 45
709 583
543 487
783 629
2 681
295 387
302 522
540 781
91 186
552 662
792 89
867 500
946 264
393 755
623 524
870 718
581 71
818 507
228 134
959 108
513 258
126 882
881 273
11 891
457 440
212 547
262 215
679 424
711 46
792 339
895 728
600 274
6 405
420 285
415 516
219 469
589 446
90 965
878 179
2 783
280 538
675 403
234 538
395 302
343 136
843 766
553 301
368 400
381 343
284 224
60 668
704 65
253 616
920 971
981 280
729 174
363 574
807 658
255 235
210 426
836 73
73 564
389 523
536 985
886 428
126 842
969 249
837 490
886 696
350 976
37 960
759 960
222 166
777 358
136 345
369 958
213 199
835 870
472 720
386 266
420 887
29 40
747 104
691 146
352 709
37 657
578 567
581 672
319 35
921 905
327 522
755 167
8 143
27 294
562 943
630 210
645 687
788 150
432 612
866 376
869 141
326 131
722 623
231 484
811 300
676 116
468 751
186 812
296 68
53 127
193 423
408 592
861 882
286 82
969 307
184 16
886 374
271 852
427 467
403 530
701 415
344 509
16 360
493 824
559 944
660 120
114 183
718 221
525 627
1 170
685 494
551 256
381 32
767 49
228 975
341 753
873 576
833 203
778 269
815 722
230 918
347 865
773 145
584 333
68 813
155 215
914 178
984 327
180 460
295 688
119 434
221 426
346 528
651 419
959 530
465 441
900 584
461 124
695 628
806 334
342 743
894 752
25 724
463 248
75 630
458 229
136 301
629 469
397 680
167 588
449 86
41 462
978 768
479 193
362 241
2 930
602 378
466 777
101 451
68 271
368 638
987 160
589 885
402 467
459 209
76 944
397 330
959 280
282 123
678 418
706 913
588 214
935 847
3 612
186 636
432 185
156 515
468 953
281 445
32 536
162 212
442 528
725 866
110 693
284 617
396 16
119 789
811 135
224 857
130 592
367 30
17 593
894 376
893 164
51 490
229 217
22 682
619 910
518 21
245 636
715 692
176 71
474 472
238 779
430 675
638 558
836 115
982 439
682 238
483 45
475 751
338 911
265 729
4 288
844 186
466 627
407 25
791 974
392 371
556 487
619 187
677 273
681 847
680 845
474 434
793 728
711 737
269 156
276 616
714 37
261 225
25 541
157 542
81 199
894 616
195 13
597 136
647 76
566 157
814 943
387 5
255 723
464 870
769 86
629 319
32 796
327 710
626 45
307 224
33 130
622 444
286 941
339 23
499 234
446 896
898 122
421 905
954 572
189 660
919 339
292 404
472 636
628 747
976 800
336 448
941 380
132 52
706 809
569 374
890 683
652 561
623 267
270 438
13 290
985 528
949 135
445 833
899 804
607 286
666 218
219 80
358 664
253 220
286 858
487 171
975 386
355 72
132 615
634 871
496 372
672 643
480 37
663 166
694 423
187 279
814 903
813 540
541 743
691 490
878 540
247 545
528 768
201 870
254 736
661 725
325 186
844 76
475 454
259 335
746 591
375 44
418 72
290 84
52 314
723 881
3000
777 454
21 841
416 544
73 950
365 128
204 23
922 401
257 151
983 12
256 157
243 594
706 462
165 626
770 168
246 405
629 636
931 827
330 2
738 19
189 622
883 802
971 448
417 951
669 22
545 251
146 980
692 861
359 285
567 977
499 348
383 785
470 816
819 655
120 87
845 749
113 473
579 922
560 781
51 986
192 241
686 713
570 541
914 479
428 584
390 292
538 510
883 791
692 883
236 351
868 454
640 949
246 769
143 864
478 98
967 815
581 343
806 437
531 696
976 804
273 453
935 198
142 223
557 556
824 761
614 788
180 697
310 123
652 600
696 848
152 275
706 844
47 783
116 106
242 666
873 241
694 980
334 368
435 806
194 430
110 264
823 763
598 908
471 457
403 470
659 689
206 40
606 246
357 100
295 600
938 547
929 435
744 608
537 286
702 423
42 693
195 937
698 146
127 709
920 939
645 750
505 310
434 539
590 440
159 291
163 719
719 157
120 279
607 342
732 604
190 174
777 452
465 864
919 117
195 611
436 515
756 59
249 695
905 249
54 867
625 569
908 159
608 856
179 809
758 520
85 656
331 443
740 532
567 145
21 135
952 186
671 596
769 184
837 877
541 360
180 395
499 503
319 821
223 693
909 844
274 844
433 497
116 69
472 531
809 267
901 820
643 673
822 903
149 314
106 409
359 619
54 473
605 324
709 229
524 61
129 200
407 856
651 576
236 984
546 259
462 794
124 417
270 764
400 536
264 709
255 730
445 633
164 208
1 606
96 435
623 892
796 116
266 834
750 339
466 82
301 919
164 402
221 6
746 159
726 323
203 282
715 974
262 791
949 958
448 530
943 368
729 523
810 823
943 223
657 9
183 920
151 809
625 705
360 482
968 49
421 720
176 220
949 578
112 651
838 549
596 93
594 505
222 295
607 780
328 429
789 662
405 725
741 844
111 222
3 374
3 308
386 981
797 984
167 6
698 473
860 937
799 80
308 522
288 751
666 342
344 371
755 64
489 687
299 367
175 979
587 879
197 115
956 671
296 355
343 964
472 127
253 82
632 220
576 312
317 99
293 851
171 965
55 505
503 251
660 625
747 500
821 689
888 950
1 772
509 58
693 286
95 968
591 415
513 656
227 922
101 628
778 230
449 123
99 819
528 45
17 898
870 891
467 233
372 414
153 468
636 644
846 746
193 49
853 762
426 104
679 566
639 151
576 124
900 449
700 416
827 818
329 536
411 48
262 202
457 516
247 478
517 423
59 23
357 787
399 520
342 864
399 646
66 820
492 125
219 506
44 43
982 576
222 916
478 371
12 652
440 747
355 721
161 851
410 372
810 216
158 692
45 25
535 911
799 951
639 628
589 265
694 2
753 217
869 433
300 452
721 103
852 41
318 160
513 578
960 635
238 456
771 785
133 712
185 455
343 417
231 983
141 861
922 110
351 112
740 846
642 431
588 767
964 878
272 410
400 89
60 556
943 648
545 771
692 708
314 79
191 284
14 51
901 6
978 57
161 96
559 380
23 168
687 613
897 943
333 306
742 669
358 612
825 881
355 806
148 791
520 858
748 358
158 765
10 439
587 468
954 374
987 552
643 715
978 680
600 537
827 354
363 616
394 251
319 285
158 459
441 566
810 866
883 715
369 110
449 705
110 180
564 947
912 862
205 797
778 684
380 292
461 628
953 312
580 569
247 469
285 732
211 295
248 560
612 106
730 502
792 647
815 458
957 762
526 391
617 893
251 149
790 676
30 418
325 371
138 782
910 324
790 754
660 932
867 653
885 23
939 61
338 402
306 720
464 835
954 457
687 904
953 59
762 369
349 760
124 280
944 193
616 374
1 750
551 132
267 278
736 70
293 616
493 561
113 205
102 151
41 68
173 773
52 547
144 258
229 631
255 479
683 321
624 632
836 160
9 567
455 232
720 717
911 241
565 37
564 891
414 210
541 716
546 542
657 605
29 844
714 933
975 825
949 353
963 587
146 412
27 788
269 136
530 382
262 386
220 494
804 274
46 51
115 815
910 984
701 156
795 17
975 734
359 191
181 175
618 225
686 952
114 933
572 329
639 372
69 547
555 545
477 117
132 188
952 578
964 338
697 706
364 658
398 514
444 676
647 533
551 196
613 185
940 537
65 509
262 398
490 759
761 219
879 683
733 553
830 779
579 156
527 689
25 902
35 585
754 656
80 838
27 715
765 677
49 515
243 278
599 913
634 467
79 312
897 131
293 593
78 307
325 800
605 706
961 344
8 982
154 349
572 429
887 7
789 965
566 355
140 623
375 502
216 269
897 48
318 144
323 613
353 216
233 970
323 730
488 226
931 677
388 875
428 768
373 514
291 457
476 126
417 685
783 613
866 658
602 260
418 682
308 724
560 552
595 282
363 750
94 527
16 88
39 418
364 356
504 203
878 718
200 7
158 98
697 932
36 462
86 386
872 249
20 495
626 40
720 208
939 338
288 256
163 561
899 134
620 6
879 120
776 358
14 406
856 587
971 653
979 584
692 301
508 129
973 892
644 163
556 740
946 820
374 117
82 311
801 192
213 659
233 137
544 956
853 298
155 600
537 473
640 885
9 663
759 635
718 986
422 434
328 732
695 684
470 324
949 626
11 441
189 658
296 231
966 82
593 488
501 471
398 276
779 853
521 244
871 233
160 641
597 870
917 176
680 429
311 55
853 966
664 207
952 656
613 287
484 416
367 324
222 203
93 505
189 630
85 767
522 710
145 579
77 383
12 208
983 840
833 550
853 390
703 306
468 812
483 457
491 160
139 166
471 612
74 732
830 229
739 867
689 633
662 214
228 376
287 859
380 244
504 285
574 769
436 582
970 235
601 1
90 812
924 734
437 223
127 190
8 863
90 88
25 126
244 692
585 467
742 365
850 163
555 845
824 652
629 709
110 109
232 723
194 46
758 924
792 273
389 107
482 438
594 972
41 895
238 320
56 63
770 895
797 726
265 929
82 805
335 393
565 730
957 166
692 339
468 367
96 87
514 797
838 709
862 361
91 762
742 527
909 296
107 526
904 452
97 923
118 952
709 31
550 109
785 197
211 75
827 839
800 41
302 100
147 679
847 5
458 320
857 986
675 805
714 567
840 2
977 363
442 116
21 937
36 850
930 70
771 72
872 583
983 930
826 692
330 963
504 404
537 11
244 879
5 702
668 927
756 930
747 716
885 91
286 110
570 752
797 383
496 672
106 701
330 117
694 893
330 291
776 323
611 875
649 133
779 647
433 487
282 863
958 561
466 584
619 947
396 528
455 169
577 111
724 982
207 688
35 463
13 292
285 311
779 241
257 672
517 293
633 494
909 767
415 451
496 77
451 739
858 474
201 502
841 530
579 122
628 229
273 108
99 749
277 130
670 777
741 110
782 540
320 587
933 741
713 924
210 97
192 123
148 613
961 896
890 732
518 418
462 255
692 892
400 975
269 127
550 69
51 90
136 646
941 26
906 317
263 968
488 275
962 466
343 922
506 395
874 568
476 970
218 423
390 329
734 113
154 829
471 647
577 603
462 409
918 755
518 919
80 111
401 417
486 670
757 367
601 70
396 410
362 932
580 671
117 433
65 547
386 159
731 125
268 682
610 810
732 89
275 15
961 197
329 143
496 132
321 333
832 939
194 850
907 475
17 593
322 252
571 144
308 879
376 726
507 792
736 318
758 398
623 563
289 358
722 841
302 679
763 875
571 760
603 569
918 268
953 774
343 724
611 654
529 726
980 366
496 420
434 423
205 502
486 38
967 675
485 746
141 130
736 580
838 483
77 840
984 74
606 899
943 951
267 598
193 149
410 69
1 570
536 984
390 651
375 771
695 904
55 321
126 212
861 865
927 492
116 976
744 959
199 919
825 161
978 842
87 800
141 46
90 367
663 969
489 648
72 848
59 922
437 24
884 170
888 877
973 900
573 203
878 2
432 528
836 734
169 643
99 598
544 884
436 482
16 80
743 603
901 547
139 718
843 339
392 650
783 738
357 801
449 198
370 533
946 753
889 976
198 811
149 60
626 828
145 14
131 642
589 310
697 593
315 198
579 395
30 981
542 678
111 970
509 460
903 737
372 530
350 889
408 44
28 675
155 645
844 888
122 498
141 35
496 493
24 588
653 607
314 565
507 808
533 889
16 519
449 180
316 107
497 778
947 67
24 528
962 533
8 588
70 931
322 172
714 298
310 802
208 613
426 379
461 106
551 686
245 663
952 367
374 235
810 312
975 95
30 908
481 838
451 540
244 251
795 764
735 123
58 560
17 252
497 873
132 301
678 136
330 591
353 850
10 808
550 972
901 922
544 741
260 120
246 313
153 696
831 451
361 731
875 195
41 303
516 319
789 748
152 205
387 309
266 973
126 445
31 409
518 828
973 513
579 665
79 70
408 265
309 191
889 61
566 923
724 965
597 676
539 159
529 287
558 574
52 772
712 437
286 407
709 67
47 266
487 12
5 756
131 906
754 703
960 387
450 591
281 521
909 457
480 830
601 715
938 917
679 386
670 602
486 791
866 211
971 384
860 487
620 491
132 832
584 548
197 639
746 230
718 673
755 365
439 133
747 385
626 52
728 80
320 590
924 262
736 33
517 824
962 317
331 881
467 448
141 484
709 161
602 380
241 560
691 464
674 584
767 277
335 958
408 303
854 131
970 814
222 893
835 428
46 316
373 487
464 738
974 381
412 699
379 181
431 878
383 688
584 581
671 163
646 232
763 927
305 802
662 319
373 198
484 621
780 332
87 772
941 529
93 687
183 370
341 74
884 817
212 297
911 349
780 310
706 863
477 983
448 337
24 498
734 378
421 350
834 513
869 53
408 973
200 901
613 197
464 699
975 552
378 460
820 848
562 621
563 195
2 90
692 825
148 363
946 141
238 178
46 602
120 410
3 959
85 75
521 462
808 166
374 773
900 852
783 393
939 72
92 352
655 752
646 68
81 132
156 598
144 687
309 522
534 490
292 639
402 920
913 38
38 625
608 795
516 691
272 488
203 196
692 315
150 55
350 420
170 763
380 422
511 388
260 740
700 261
765 581
703 715
132 381
241 887
845 565
353 880
709 195
826 128
494 92
41 645
82 160
897 923
563 461
764 468
24 968
228 988
673 55
626 417
693 666
888 849
871 882
778 402
216 980
306 799
10 958
104 270
769 76
755 9
966 728
525 196
105 194
521 512
909 697
113 857
22 346
346 65
848 879
344 964
810 178
215 293
706 43
618 89
487 88
174 443
279 443
649 912
943 280
424 707
639 159
520 800
825 899
752 428
898 85
74 789
166 934
560 725
984 220
2 877
18 394
803 657
986 696
325 55
144 480
528 198
61 266
229 511
184 903
505 653
541 110
678 943
291 860
547 527
918 331
73 837
729 870
364 215
517 507
4 126
588 849
549 111
132 591
104 67
639 602
332 849
697 307
765 868
839 703
794 935
768 509
492 59
448 769
676 418
310 233
618 633
774 640
972 475
459 824
53 64
80 371
984 373
227 29
477 488
492 210
775 379
369 271
919 304
931 892
408 149
925 662
289 355
69 405
601 940
984 660
292 403
937 666
334 125
27 396
805 162
72 599
258 443
837 825
542 357
509 753
622 309
223 774
227 254
399 57
512 35
700 524
840 705
539 493
846 408
868 666
359 877
139 31
610 305
277 619
301 240
308 687
133 305
727 309
494 534
102 292
872 163
577 428
638 210
713 605
426 781
379 104
718 615
30 713
647 614
36 521
735 641
721 488
937 958
852 789
506 149
514 426
455 840
750 403
845 419
368 708
897 570
551 217
106 504
186 193
896 261
858 767
432 949
171 749
636 124
455 961
488 323
885 68
949 83
290 275
368 958
229 93
691 371
824 746
849 985
345 819
235 723
189 593
137 6
758 680
310 577
291 875
938 31
917 949
114 216
520 387
802 556
608 291
570 329
686 544
923 809
126 152
754 717
259 406
187 658
295 525
94 764
204 770
573 325
775 922
355 966
128 901
516 653
609 361
833 335
955 239
552 765
503 916
465 425
149 29
810 290
144 300
310 74
765 579
477 960
177 655
261 482
3 718
164 944
30 120
431 482
2 485
117 395
362 145
43 163
566 604
630 760
565 829
763 803
744 978
762 978
577 954
131 584
700 711
60 685
435 834
396 889
799 216
89 80
961 657
193 488
826 510
137 751
150 287
235 734
714 706
823 337
224 207
861 260
344 600
168 686
91 873
869 24
224 506
263 929
439 205
797 39
13 38
480 717
270 461
465 255
868 342
514 310
531 787
743 632
169 897
45 329
507 951
129 634
801 886
112 95
490 467
587 190
419 475
508 268
273 819
914 13
129 691
821 142
815 251
431 764
462 593
701 764
6 300
317 346
913 96
85 548
790 497
633 926
568 397
794 161
979 81
313 763
585 698
852 633
628 24
220 603
76 281
724 645
510 879
653 481
713 38
744 602
857 284
859 198
298 37
976 538
846 501
226 397
386 19
976 512
632 721
76 550
144 306
5 550
478 516
799 875
329 364
471 902
727 923
435 883
836 12
74 578
822 79
15 91
334 558
571 706
389 352
883 37
759 646
367 200
574 774
347 45
172 12
205 928
554 758
515 339
387 503
824 465
316 722
830 987
430 491
653 14
177 794
347 751
326 609
844 892
833 291
422 48
566 1
906 97
242 306
716 563
859 60
498 390
314 669
790 622
105 613
843 75
159 847
564 598
338 492
799 100
321 878
980 320
893 742
184 609
627 731
206 166
6 733
163 658
169 492
71 627
315 718
45 645
23 205
828 15
777 744
700 531
605 319
209 24
981 904
856 11
874 271
41 169
63 339
470 461
458 694
912 416
17 631
913 482
949 389
93 231
913 335
611 473
890 569
357 662
130 47
454 99
833 830
75 715
319 548
403 16
264 4
319 385
861 412
776 255
675 387
713 280
495 227
886 10
610 295
747 544
149 404
292 977
320 182
610 351
402 660
242 833
362 147
550 195
858 307
505 882
761 775
337 400
330 626
788 470
903 368
971 812
454 773
424 202
349 500
795 493
544 874
789 984
675 494
730 919
533 655
884 850
743 821
630 368
34 968
694 164
70 456
471 38
132 887
40 745
379 292
613 785
428 799
677 762
774 134
101 967
114 348
383 454
192 438
66 298
336 532
883 915
592 531
921 893
314 417
902 410
955 440
589 968
844 118
590 852
709 283
6 945
641 113
28 169
889 429
972 877
611 624
588 238
23 48
512 415
456 220
375 701
745 762
52 877
176 775
565 858
162 592
106 316
768 195
442 778
111 201
746 245
751 289
383 288
82 344
755 179
543 822
887 351
592 843
132 452
774 528
49 831
516 145
716 987
613 389
943 377
789 335
988 31
429 555
257 80
581 303
476 672
131 780
66 6
337 604
953 940
689 607
888 226
691 780
687 135
557 345
818 249
355 430
474 321
18 906
750 717
156 352
628 902
24 155
413 361
160 639
108 3
59 774
652 74
575 328
628 346
647 14
544 704
621 331
53 163
7 144
331 548
611 358
50 418
817 359
483 752
739 320
344 877
368 229
379 116
943 492
729 905
718 817
952 138
123 752
292 623
428 603
734 613
435 212
355 136
621 746
662 913
661 365
568 613
442 919
746 512
958 41
394 759
205 30
730 267
393 920
511 62
150 983
457 678
673 8
233 808
307 841
472 115
169 862
677 71
976 328
628 56
45 686
488 437
329 146
501 183
377 936
915 766
153 753
174 662
286 381
953 353
818 709
951 42
506 364
466 29
958 266
140 393
634 469
542 453
180 318
689 569
222 253
689 684
332 575
987 353
479 799
23 191
699 949
928 588
745 505
99 352
748 18
824 287
983 313
684 189
960 299
18 887
368 214
454 517
615 329
805 175
317 678
925 254
360 23
222 214
112 103
11 386
918 504
717 471
767 931
884 645
518 725
270 858
697 538
132 233
82 148
24 667
662 976
1 291
870 27
81 371
325 260
476 744
483 284
589 332
811 711
75 755
832 795
555 178
890 943
197 699
586 928
893 246
884 297
922 490
513 303
7 398
620 751
845 797
325 112
762 539
725 218
961 456
857 169
424 517
917 815
846 227
526 523
755 229
61 380
923 189
107 524
109 780
266 647
177 835
127 960
391 948
373 612
50 468
932 662
836 945
727 638
129 911
576 487
249 36
848 871
363 231
900 681
254 534
912 148
114 752
62 807
873 656
142 851
729 358
890 80
171 174
403 743
856 278
262 975
979 659
71 554
728 836
299 568
487 969
374 754
456 822
762 399
61 733
259 758
108 149
398 391
553 668
323 319
871 17
801 540
658 956
16 176
821 499
598 155
974 27
730 832
22 284
715 910
611 545
491 839
261 681
973 23
547 690
354 649
925 489
769 849
162 630
858 30
877 251
369 965
682 106
836 261
549 607
499 190
897 504
389 736
797 358
452 920
465 934
911 340
959 921
962 196
632 222
551 18
64 664
671 159
250 487
972 561
687 100
510 678
659 297
693 727
384 375
515 491
341 581
921 291
426 859
599 682
489 245
78 292
49 920
725 358
349 701
638 735
821 528
158 449
649 894
498 41
450 333
38 816
653 914
375 451
840 150
590 491
680 540
636 806
45 479
450 162
758 660
654 655
625 827
580 39
619 498
846 717
440 539
671 662
271 713
311 3
281 729
403 643
415 478
966 235
818 851
282 219
111 292
906 398
334 151
887 453
856 408
965 595
170 326
223 299
649 371
200 867
304 715
451 895
292 907
145 355
482 461
696 234
845 869
366 671
514 660
744 876
483 634
768 889
82 666
668 184
208 354
80 722
581 485
688 542
408 312
350 609
455 550
492 596
92 674
958 483
256 621
932 430
362 619
796 616
501 738
438 266
91 362
239 169
277 389
547 440
12 866
707 286
244 399
984 678
827 333
773 230
35 394
979 717
425 591
801 77
21 217
93 417
761 676
219 304
915 435
551 305
685 774
473 388
378 177
679 50
157 26
355 228
720 321
584 962
576 143
341 496
332 305
977 643
388 526
282 503
309 337
110 544
116 585
232 93
926 376
96 177
261 405
738 404
776 453
27 843
484 177
112 666
346 343
657 26
25 527
637 731
742 337
8 310
256 180
987 659
595 63
148 770
429 212
869 651
73 433
79 844
377 668
817 368
548 405
228 522
839 275
824 658
740 539
376 329
436 671
29 813
354 884
7 879
65 858
145 176
187 947
16 606
864 91
947 662
31 365
706 855
56 661
62 483
225 359
978 360
343 709
634 505
589 496
683 91
970 744
716 700
109 888
390 945
324 879
571 410
790 206
430 162
348 15
823 681
341 81
550 399
656 743
44 106
425 924
239 259
720 133
244 975
456 53
841 614
939 748
898 172
268 503
371 20
90 266
248 707
145 884
841 379
789 232
754 603
448 572
187 853
219 950
93 946
873 934
900 783
695 951
178 923
387 486
845 93
213 827
790 104
81 898
787 578
484 862
538 961
187 62
562 955
340 838
431 738
644 673
445 308
55 54
930 125
80 850
138 442
257 640
683 667
711 534
194 707
295 84
523 926
590 111
444 42
161 57
788 317
376 637
663 828
182 97
96 487
949 418
717 729
800 832
442 347
60 900
943 705
129 881
586 851
922 29
900 915
222 808
211 438
425 981
701 285
493 615
720 866
184 481
479 115
587 72
339 591
211 101
777 758
277 604
910 363
607 33
688 708
530 293
954 575
776 213
183 553
780 939
81 717
944 304
169 123
421 805
348 962
583 335
640 459
245 791
245 222
599 88
747 368
637 282
275 493
417 372
676 310
763 682
902 33
384 176
207 229
649 16
389 267
211 615
130 171
581 127
214 397
313 673
519 426
920 288
517 337
156 26
743 860
396 715
205 540
159 520
730 5
674 956
354 398
133 391
461 93
715 760
80 836
171 24
328 324
762 791
524 351
971 716
389 635
137 945
161 204
238 630
830 291
117 486
509 870
123 748
493 122
444 953
307 958
256 282
926 182
731 544
914 375
277 375
576 81
692 811
351 499
925 748
106 443
222 265
731 546
233 788
177 152
690 482
679 320
414 434
334 869
479 754
116 427
371 566
440 985
748 834
47 700
554 319
752 231
963 719
659 922
110 182
230 632
721 663
969 559
696 978
234 904
1 665
554 413
795 489
316 784
98 173
775 292
798 554
476 368
224 199
353 671
209 935
115 195
850 645
974 173
712 801
212 197
315 811
803 55
38 861
961 855
180 89
193 113
910 484
615 56
156 642
896 77
156 797
324 936
484 733
864 866
251 969
604 716
168 521
42 76
503 228
921 537
507 156
337 429
893 86
521 491
725 444
625 399
414 289
668 133
718 350
597 119
403 789
437 942
160 489
606 240
749 473
819 882
702 739
246 370
664 713
124 588
345 164
925 392
133 411
890 357
576 496
874 384
283 987
333 576
924 639
721 883
859 97
133 950
796 93
409 186
100 384
391 693
799 823
128 566
862 814
688 327
936 897
93 634
507 943
31 480
1 596
418 522
818 944
231 239
522 643
794 255
704 230
879 827
510 844
600 122
953 366
605 845
915 373
866 797
909 854
187 104
366 496
914 741
194 469
44 814
932 330
960 832
106 338
303 424
56 42
473 598
117 569
759 187
912 123
467 731
349 335
814 422
64 381
66 332
921 39
177 446
661 225
745 670
791 246
541 528
253 720
119 113
863 374
980 662
416 210
724 763
345 501
705 502
312 714
328 816
217 841
581 443
525 759
381 693
189 617
135 26
434 721
367 755
388 960
864 428
658 519
118 674
102 522
36 185
517 812
260 466
764 555
46 899
674 791
542 871
913 280
477 857
422 690
519 922
324 870
729 781
555 236
927 482
280 142
283 210
522 659
908 55
783 153
437 586
18 230
837 55
625 771
394 43
974 648
624 222
764 74
929 668
557 904
773 502
235 831
105 446
537 862
792 283
476 566
973 75
288 870
64 311
868 442
486 146
295 782
641 834
807 72
68 284
806 320
889 744
551 88
151 628
668 432
413 655
887 734
879 221
517 835
200 670
403 762
792 251
506 958
962 5
347 394
415 778
456 322
716 499
821 359
812 417
7 9
623 473
149 583
100 674
418 735
67 254
977 353
735 296
680 609
306 343
447 167
433 898
923 489
78 883
203 684
261 948
578 604
541 974
181 543
948 424
392 138
38 867
664 657
600 656
385 123
370 212
328 508
860 108
703 921
594 639
828 763
13 852
665 340
103 698
107 89
520 972
846 238
354 153
380 146
723 13
142 55
32 439
751 795
140 747
985 802
949 47
604 634
425 505
424 880
753 920
719 30
781 638
803 230
76 834
110 851
174 562
59 43
76 278
819 487
614 925
117 505
377 391
865 640
629 548
404 254
776 624
148 473
923 185
377 110
647 631
633 835
263 244
685 72
372 768
189 694
440 292
641 881
374 658
885 839
938 356
640 99
886 528
701 80
889 627
864 10
841 102
850 574
121 877
738 352
314 322
899 960
341 23
671 209
370 789
205 890
232 260
952 681
356 713
182 123
854 630
631 301
988 622
556 326
703 614
524 43
107 866
774 95
786 448
642 207
387 812
415 392
303 510
2 243
353 663
173 528
41 609
454 417
367 617
718 841
210 56
110 709
631 608
806 465
689 68
898 647
162 508
532 53
912 91
394 915
877 135
394 863
647 669
864 825
37 581
178 946
687 786
932 745
679 429
61 754
316 783
877 628
512 6
664 647
539 723
569 161
901 329
972 305
490 296
538 257
43 692
166 452
889 14
264 731
207 378
598 103
139 164
404 268
715 138
987 603
57 149
834 575
951 154
800 430
10 804
738 229
405 830
406 732
47 450
961 124
260 315
987 589
47 505
549 856
29 941
659 925
148 254
233 49
813 386
808 649
295 862
292 615
870 332
321 158
385 570
309 161
610 898
889 60
117 274
865 625
375 282
195 210
677 501
395 948
70 325
709 6
247 653
634 223
439 31
555 928
411 292
41 786
72 818
873 395
682 816
406 774
804 829
381 919
550 787
540 954
484 827
146 842
24 953
258 862
21 706
802 277
123 503
702 468
451 458
688 83
450 716
40 476
680 394
764 438
107 322
301 913
801 494
392 776
147 565
87 242
552 63
795 900
135 515
621 489
268 567
658 208
138 345
844 759
957 111
43 833
642 391
579 892
423 19
578 913
139 425
786 176
416 145
867 638
67 538
443 434
380 528
133 814
700 305
712 195
6 442
348 409
112 791
638 720
3 186
704 802
592 440
726 710
649 5
171 318
162 623
770 191
901 188
203 237
514 28
588 818
743 928
664 831
587 584
554 410
866 240
148 596
294 145
372 80
239 478
122 251
49 841
342 359
291 87
346 426
618 722
331 300
933 105
929 73
347 923
932 916
245 809
654 947
411 401
890 493
55 595
66 319
249 240
410 716
497 518
691 316
3 901
681 955
101 369
333 918
361 902
780 180
268 504
123 782
81 327
294 32
470 790
792 575
515 134
53 619
326 981
333 540
169 275
618 870
142 405
947 809
507 209
165 858
18 117
895 475
829 236
888 515
474 524
573 622
663 599
676 11
443 513
961 507
198 544
893 121
54 876
167 938
332 795
477 426
370 458
251 522
297 907
339 457
18 116
539 481
814 659
310 113
816 707
400 480
40 723
971 95
882 630
969 767
174 168
433 92
176 561
713 865
661 369
630 519
907 926
667 444
198 798
93 413
375 695
707 158
148 712
608 811
255 696
239 594
457 425
500 27
525 359
356 679
125 248
758 170
442 2
462 648
793 664
504 803
364 201
547 816
204 149
349 109
441 354
621 588
742 271
424 922
72 73
93 418
982 299
978 272
934 324
470 421
22 540
106 458
6 915
288 968
142 36
873 279
699 667
907 877
400 968
736 105
353 430
33 569
912 167
629 881
859 806
869 865
310 844
709 22
470 583
462 440
593 211
977 188
900 172
610 857
921 987
2 47
471 239
460 902
944 958
227 615
521 447
679 248
900 737
579 294
483 554
328 822
894 615
901 712
908 237
608 523
854 788
946 612
309 514
857 273
759 81
259 460
386 53
746 877
608 621
901 928
40 890
614 509
820 851
110 568
233 127
856 196
587 653
918 304
858 763
179 934
301 207
601 726
180 91
806 776
7 971
726 755
624 686
589 764
293 80
984 291
969 33
77 160
64 422
184 618
378 887
116 733
221 208
667 418
69 354
11 712
597 743
54 178
524 371
694 526
351 174
981 466
836 972
675 812
277 858
649 976
945 603
155 684
137 816
205 196
303 405
4 336
590 121
372 819
241 488
663 30
102 745
600 714
194 391
411 171
711 566
519 123
443 927
791 308
772 468
909 9
767 689
593 651
787 828
678 44
416 485
373 115
169 364
495 526
652 917
225 489
544 383
464 933
31 122
966 242
406 933
451 662
663 393
912 417
766 206
517 95
800 920
415 974
502 272
423 391
66 874
243 84
811 563
660 922
558 792
387 403
363 188
564 100
332 978
110 674
656 579
909 650
202 983
835 876
939 272
962 697
747 413
948 946
66 865
327 911
898 28
137 916
668 386
637 421
