994
3000
981 481
369 265
924 927
788 625
68 922
481 540
307 581
697 49
430 751
35 850
755 283
726 879
697 879
439 315
261 194
245 581
190 506
605 656
412 563
68 726
86 896
624 506
29 479
195 685
49 259
259 599
159 934
41 511
952 307
202 724
184 852
412 707
622 994
89 560
481 245
395 599
675 387
443 647
922 143
265 208
282 253
540 994
952 412
624 68
884 387
254 430
105 245
49 662
581 932
622 182
582 675
981 306
751 954
652 726
268 932
506 265
362 167
853 268
691 278
394 973
906 298
101 49
569 581
156 49
583 26
602 264
949 395
190 675
607 128
203 476
182 412
949 994
277 259
85 395
751 529
625 430
395 105
807 599
563 599
143 306
277 987
49 85
689 912
853 559
208 101
369 143
58 518
697 952
763 101
751 361
864 313
430 569
208 182
306 85
987 662
369 506
807 624
143 395
395 932
178 693
407 773
853 652
387 307
101 245
599 481
563 994
540 105
569 707
589 750
361 208
397 524
506 949
455 307
506 412
430 582
981 430
986 911
563 763
553 586
697 788
238 735
377 235
85 412
622 49
599 707
357 428
581 879
156 949
529 506
237 861
884 581
307 624
738 661
987 540
61 966
685 156
4 899
148 903
662 763
788 307
233 474
720 288
853 412
208 751
788 245
361 624
529 430
853 208
330 294
991 129
4 21
637 328
954 884
423 902
563 981
751 652
879 707
395 529
856 825
265 105
52 759
344 138
301 461
853 245
961 705
675 101
625 685
307 563
949 387
781 497
652 932
361 994
805 398
582 271
879 563
749 599
49 932
600 308
85 987
652 254
166 719
751 412
675 625
361 879
751 581
788 271
944 424
707 85
248 913
190 208
369 853
685 922
976 721
271 932
455 156
730 68
68 994
888 518
751 685
563 788
268 412
730 190
625 622
726 730
271 949
949 68
569 481
506 697
652 245
88 655
918 385
887 681
754 631
208 268
121 600
952 922
788 730
412 763
85 195
578 871
481 369
994 195
208 529
949 884
14 745
395 624
811 340
182 361
44 958
540 952
950 145
910 168
749 306
68 749
981 625
543 937
622 697
308 364
208 662
788 932
807 254
265 730
271 455
455 387
336 513
529 952
685 306
455 853
981 749
259 481
628 376
182 245
994 981
268 807
726 307
954 622
277 369
306 751
726 387
635 324
216 2
233 591
879 430
374 871
481 987
548 249
540 807
660 144
361 412
268 49
749 569
259 569
369 182
182 730
143 582
897 365
994 49
130 64
752 264
879 265
565 174
317 301
499 365
506 652
448 784
582 625
581 369
726 49
599 726
549 131
182 265
202 447
101 540
16 486
387 879
932 68
783 243
195 369
942 7
388 753
143 662
622 685
529 259
271 259
271 807
751 143
105 387
662 190
271 49
182 949
182 559
506 932
785 908
987 265
807 763
641 767
949 582
987 105
254 529
86 666
949 559
506 271
987 749
625 277
395 751
371 128
481 49
105 581
430 563
707 190
952 81
268 81
430 361
751 952
413 218
306 361
994 599
208 412
265 190
141 459
625 662
101 987
280 157
799 55
87 570
453 300
306 68
675 49
922 707
268 271
795 992
624 563
143 101
987 949
540 582
685 307
949 307
245 685
350 43
481 254
749 726
581 306
601 236
773 434
271 190
540 569
49 599
245 85
265 361
879 254
81 85
395 730
265 981
807 922
876 138
254 156
85 622
515 331
685 85
411 893
932 624
954 763
503 646
932 622
307 430
581 675
540 599
652 208
291 861
254 265
730 259
793 551
960 736
105 259
559 81
599 81
971 839
307 254
387 981
562 257
260 589
529 190
620 366
625 455
675 85
749 685
567 818
369 624
81 622
582 195
884 624
932 569
567 514
118 890
582 306
190 81
837 402
952 259
994 788
297 556
625 143
932 749
481 726
268 981
932 987
85 455
932 662
540 143
412 932
442 347
788 884
259 922
671 418
393 501
76 533
981 581
107 762
486 87
336 514
306 49
930 746
652 884
625 101
306 455
742 818
884 81
788 268
707 540
254 697
190 954
788 624
156 697
788 559
414 566
190 559
877 374
685 559
394 637
624 569
271 581
569 879
184 28
85 662
582 922
156 652
345 775
412 599
455 529
618 189
281 525
131 868
987 81
599 751
878 228
563 581
903 452
881 22
543 339
306 675
685 481
245 952
68 952
685 884
245 932
625 306
278 42
143 85
730 361
994 455
395 259
529 932
224 743
932 259
675 624
208 675
726 624
254 277
361 506
879 624
53 224
563 68
81 625
952 190
730 506
254 68
807 707
510 520
599 949
395 652
450 378
409 479
369 879
268 625
584 201
922 430
658 587
265 954
884 529
27 334
268 949
15 945
806 935
119 800
529 271
265 259
36 137
838 206
931 346
820 189
949 361
582 156
307 853
81 624
277 994
481 751
254 624
685 430
277 101
602 185
105 624
361 675
624 259
93 817
952 981
954 277
50 614
569 763
190 85
981 259
42 210
625 387
697 559
686 139
569 994
101 85
922 361
55 717
624 949
529 143
685 662
730 954
788 540
644 113
581 265
105 879
771 733
624 981
884 987
987 190
105 430
677 882
884 662
519 135
987 788
63 643
306 697
727 433
286 314
788 726
481 68
81 730
156 662
807 529
68 569
182 625
952 987
156 853
361 271
277 581
101 412
726 751
143 563
676 253
569 268
124 663
697 599
788 582
455 105
622 788
356 527
526 217
105 85
277 559
383 332
156 395
642 855
949 952
994 559
307 68
707 625
105 190
430 726
178 229
932 952
430 481
85 182
569 675
763 582
775 149
707 506
981 208
994 707
751 190
952 675
430 559
932 101
569 529
268 707
726 506
730 455
31 522
954 749
182 807
625 259
322 77
697 105
208 763
807 361
807 481
994 430
259 254
983 73
242 359
430 730
85 952
606 445
156 265
473 24
68 697
70 222
707 853
306 268
873 618
697 662
807 884
531 94
662 430
751 730
49 949
831 583
884 726
57 411
182 994
81 387
195 156
879 954
779 906
907 865
624 652
85 652
563 730
421 650
389 401
352 32
363 833
529 68
625 581
582 481
697 529
569 652
788 954
725 552
99 766
268 307
361 582
307 675
306 559
254 412
412 369
624 412
559 563
864 371
271 675
922 455
859 668
652 807
81 105
548 293
625 730
933 732
967 703
807 749
315 64
652 581
277 430
922 245
85 954
605 779
622 506
665 690
932 807
599 624
884 143
32 25
46 928
661 964
777 874
208 994
975 544
182 581
586 643
430 143
582 730
853 540
749 529
387 932
245 81
81 143
657 322
273 97
529 306
697 412
952 271
387 143
277 271
932 949
362 132
652 307
268 662
569 245
822 25
412 987
884 481
763 707
195 675
884 853
675 395
898 522
581 49
763 481
395 749
271 101
622 455
922 954
306 994
143 268
652 625
981 412
101 481
952 481
987 68
529 245
834 715
49 749
726 361
537 218
164 370
932 563
981 751
932 922
462 597
545 821
880 290
823 795
265 853
685 582
259 412
763 540
981 807
581 987
387 254
420 204
981 105
169 324
629 502
981 195
730 559
197 782
652 455
192 639
988 604
198 659
361 369
327 601
85 481
85 853
952 506
333 576
991 723
85 529
952 652
563 208
758 353
697 624
582 208
195 143
254 599
307 277
395 922
563 182
24 575
156 922
68 81
387 624
749 105
749 884
879 763
922 788
831 578
195 271
662 622
622 749
101 994
581 101
190 369
455 675
143 49
101 306
375 645
245 259
271 412
382 626
529 307
245 807
976 935
190 788
190 259
853 622
540 749
609 905
277 599
582 652
624 749
103 604
175 183
254 853
563 625
506 751
506 387
529 763
540 981
726 559
307 481
259 540
156 981
949 675
299 193
707 529
853 387
932 751
101 259
190 182
387 268
195 182
430 395
98 614
697 707
923 350
943 640
949 622
259 685
114 45
498 592
455 506
254 987
707 751
685 675
361 540
944 836
529 387
182 624
395 884
987 981
625 195
625 726
338 90
972 59
63 201
954 981
266 796
180 304
306 853
369 707
685 265
559 763
802 816
563 582
652 622
990 144
105 195
259 506
905 97
726 208
569 190
911 360
581 726
599 529
581 582
369 685
599 884
169 470
884 569
728 431
143 259
652 265
994 271
629 176
788 981
163 140
422 391
658 434
268 697
190 387
327 231
697 932
954 156
173 538
485 410
430 697
559 922
268 101
675 662
234 980
932 625
81 994
265 675
569 582
932 675
685 277
245 994
954 387
395 697
182 952
105 182
426 415
455 190
932 994
869 134
652 529
506 749
603 368
534 845
652 675
390 6
68 156
412 622
797 495
417 739
306 599
23 209
412 156
769 653
110 62
749 387
81 412
807 105
81 879
129 741
582 307
143 987
85 277
104 849
987 307
44 489
707 265
685 599
41 135
582 190
395 685
123 480
540 81
954 581
954 675
369 563
705 236
983 877
879 101
369 932
369 85
156 208
105 582
763 652
884 85
559 987
952 954
572 419
361 853
455 624
684 93
142 151
49 208
652 697
581 749
994 268
412 559
884 582
954 49
763 271
807 697
563 949
241 524
932 582
143 481
397 200
532 409
763 68
68 788
529 949
208 622
927 544
569 559
954 455
254 105
430 581
981 143
361 625
387 662
259 369
254 190
311 331
122 52
752 627
455 49
555 641
922 506
45 505
622 156
581 730
455 277
675 987
559 268
907 444
611 577
146 955
472 712
33 923
807 277
81 807
491 915
11 689
529 879
190 268
81 707
182 101
695 171
208 599
272 440
949 208
807 788
954 254
259 879
952 582
259 156
105 652
759 34
319 649
250 792
455 143
624 954
947 252
707 949
285 870
879 156
884 922
307 662
788 763
259 788
306 987
277 763
981 879
171 60
749 563
841 579
320 194
85 540
914 772
932 254
987 730
454 711
606 492
730 697
546 678
49 884
271 481
177 296
529 563
425 451
277 306
707 481
412 807
928 560
749 271
306 387
245 884
458 266
788 306
981 853
675 788
711 862
622 987
763 987
572 438
469 695
181 809
937 211
655 700
476 580
853 749
190 994
481 697
190 481
529 853
751 195
581 190
265 387
598 710
993 82
884 625
387 994
697 884
342 731
569 271
494 425
697 271
275 608
245 624
941 590
956 126
662 68
277 49
265 540
920 748
636 473
182 455
557 30
540 730
259 85
190 245
217 940
506 569
395 582
857 713
763 932
481 559
156 81
780 9
879 412
239 1
271 369
540 412
277 143
162 777
384 360
101 156
101 726
843 646
51 451
143 182
307 306
763 994
830 39
471 384
68 208
352 801
540 949
686 75
597 349
956 564
540 268
265 307
143 307
321 121
271 254
569 265
763 749
496 839
588 337
827 3
662 412
624 685
582 85
387 563
788 707
85 788
860 323
848 785
219 566
254 361
581 481
277 949
749 675
47 389
500 698
208 143
108 644
387 987
245 430
581 361
436 311
49 559
277 81
446 287
412 726
84 914
316 640
581 994
788 581
268 952
265 622
506 540
506 599
662 481
182 271
581 685
462 246
820 789
361 81
653 297
730 277
986 672
520 692
749 730
952 369
254 675
395 412
430 624
506 208
788 430
182 749
529 987
563 954
101 624
195 540
49 361
751 254
717 740
306 395
150 54
884 101
306 430
622 195
81 182
879 652
730 254
361 763
321 880
894 615
726 675
662 853
712 234
922 307
375 953
763 751
369 306
763 675
101 949
559 675
918 2
306 730
49 981
540 156
268 751
884 763
85 625
763 195
622 105
895 292
746 904
361 954
139 992
101 697
625 412
563 277
101 190
987 685
622 387
993 110
68 105
16 443
624 581
994 697
507 223
815 220
259 430
143 190
920 679
884 563
387 361
625 987
195 49
67 948
190 697
81 853
101 954
726 268
74 79
182 306
662 254
662 949
245 879
182 430
85 981
879 675
307 763
68 652
697 763
506 987
240 429
879 307
267 585
737 358
672 742
563 622
707 749
987 268
569 625
369 625
387 763
265 751
563 697
622 807
949 259
697 981
506 563
954 195
624 195
621 416
685 81
85 156
380 187
704 634
807 190
581 143
563 268
930 250
726 182
749 879
306 271
254 306
182 540
939 274
208 387
749 143
387 271
111 95
625 307
268 599
652 922
245 361
726 81
130 270
952 395
245 395
99 630
662 361
271 430
743 27
757 753
116 62
987 259
361 569
970 530
726 143
561 206
433 833
412 529
379 376
926 11
950 612
829 393
624 625
92 679
814 659
563 361
245 599
951 539
455 259
529 622
981 763
794 573
430 156
85 726
312 263
707 101
361 68
58 161
195 259
81 101
727 449
772 892
77 181
208 271
455 430
100 761
788 952
847 965
265 599
155 699
361 749
885 279
191 69
952 254
190 156
563 987
412 788
72 281
412 481
559 624
981 932
455 369
506 581
101 652
625 190
922 268
101 685
700 484
506 156
707 361
622 582
726 369
38 808
277 68
994 749
559 85
506 582
265 68
932 195
867 904
323 934
357 272
685 455
245 271
563 395
372 437
159 119
662 954
472 803
539 466
987 156
501 173
492 626
483 51
306 259
526 288
49 430
195 949
726 622
271 81
879 268
455 481
125 80
254 369
344 356
559 506
603 798
788 277
265 788
652 994
981 726
652 599
932 730
845 286
582 981
245 707
101 807
259 182
430 540
68 182
405 499
963 747
18 974
989 710
559 932
43 798
751 455
529 268
95 968
31 732
994 259
807 85
969 348
195 563
685 68
208 540
750 595
987 922
879 952
68 622
994 726
232 517
654 648
697 361
716 463
922 949
563 662
104 532
763 952
751 884
26 681
85 569
922 581
493 627
879 143
529 369
325 623
994 254
241 30
343 13
85 994
369 749
624 529
271 751
195 395
611 835
866 180
736 701
987 369
552 329
685 49
879 582
724 456
760 620
195 879
182 569
667 975
788 751
100 862
652 707
807 455
208 277
662 569
624 268
652 563
259 662
751 662
481 195
333 198
81 529
361 395
624 271
455 952
195 245
387 259
156 569
489 431
298 96
963 83
176 147
89 3
156 245
807 879
721 456
319 136
688 613
639 37
259 307
259 726
430 853
123 691
81 662
368 556
726 563
726 932
528 305
633 883
720 718
306 662
195 268
277 361
395 81
195 387
105 208
581 599
569 922
707 582
503 354
395 271
582 412
884 190
467 214
749 259
412 884
788 101
402 575
190 622
265 245
707 981
85 563
85 763
749 430
529 361
53 970
307 932
412 387
952 994
302 682
599 195
652 685
182 652
190 195
954 271
307 807
645 965
268 395
563 105
985 127
958 200
680 225
49 190
481 81
268 481
197 800
981 599
116 22
487 437
616 587
156 559
763 259
763 730
395 981
307 994
884 259
714 120
716 438
12 474
33 745
559 529
987 245
901 632
540 68
625 599
763 369
395 726
81 259
387 685
622 245
662 105
192 209
101 730
922 625
430 952
307 245
68 190
707 430
254 182
694 326
387 581
730 652
922 599
697 751
853 922
622 307
994 481
813 108
652 430
254 763
569 563
277 697
361 101
949 807
582 81
481 306
257 858
987 707
966 8
675 994
66 335
289 628
478 547
182 307
875 21
195 277
191 373
952 730
938 370
617 703
952 569
886 249
491 174
563 922
569 254
28 285
390 403
751 622
917 20
382 515
153 610
49 582
844 523
265 430
981 271
72 252
306 807
7 469
412 105
177 449
101 751
395 265
109 916
922 387
555 535
85 361
952 306
385 677
987 455
182 922
909 475
841 151
780 781
624 922
622 922
156 932
481 853
790 140
156 268
591 196
156 788
81 749
386 755
563 81
922 208
737 573
506 143
463 452
685 271
455 254
290 73
313 445
395 455
685 932
794 615
195 987
221 164
879 987
461 273
306 707
730 195
107 558
101 430
369 981
823 454
932 954
49 652
430 807
707 387
884 707
205 925
265 624
190 599
182 599
751 625
788 395
563 481
49 369
529 675
895 580
175 381
182 788
395 807
85 506
569 277
160 502
120 828
361 652
868 847
205 132
707 195
277 582
788 81
921 598
48 20
581 156
581 455
826 334
987 569
952 101
49 529
697 208
455 101
228 535
361 307
957 508
182 582
277 481
581 763
85 932
493 351
229 71
749 455
85 581
67 694
624 987
879 853
879 190
5 709
559 265
788 599
884 361
599 307
34 219
782 682
161 460
788 685
195 307
666 973
214 279
704 684
751 105
369 599
981 652
387 697
692 179
84 478
853 954
581 622
793 804
685 254
145 654
734 921
254 101
726 190
245 540
395 49
348 406
624 730
68 559
884 675
884 879
929 207
726 763
361 156
563 306
569 685
749 101
813 453
592 303
271 105
540 622
922 529
791 124
10 725
536 280
310 889
599 987
884 307
994 412
239 792
265 884
901 984
153 269
685 361
622 271
652 540
343 959
879 599
807 68
17 770
582 749
446 232
435 186
143 952
749 268
227 961
751 387
675 245
838 554
863 125
306 922
697 569
954 68
156 599
245 143
195 529
698 740
574 915
599 271
505 413
81 455
157 316
582 259
764 106
979 353
381 874
622 254
987 182
994 156
952 707
884 932
208 307
195 922
412 581
707 277
582 807
932 277
936 739
254 788
581 254
952 884
68 455
540 559
994 751
537 421
954 987
480 150
879 730
536 289
612 358
922 254
807 265
156 807
85 387
387 245
91 538
387 49
208 569
23 141
581 259
853 395
652 369
816 392
981 190
49 730
707 259
68 85
563 853
952 361
622 952
809 843
912 339
506 994
599 101
978 989
652 306
105 49
9 872
729 765
369 81
259 361
81 949
987 652
268 105
749 208
949 412
504 391
926 527
369 949
225 309
751 182
259 208
569 369
254 559
981 307
625 265
819 14
172 299
624 622
94 255
40 872
708 824
582 68
395 369
675 182
954 582
215 842
726 685
678 632
293 638
581 68
182 156
195 697
697 853
599 675
932 540
827 74
60 789
69 240
361 268
662 730
6 910
870 553
625 271
879 662
788 369
952 624
662 952
596 276
307 412
563 675
208 952
599 569
559 707
763 143
707 143
156 481
730 675
664 261
179 477
707 49
751 749
954 529
282 876
697 949
195 569
245 981
507 551
49 569
884 156
622 369
268 506
625 254
987 430
726 254
697 245
657 635
182 707
540 369
763 625
994 807
208 559
277 268
987 807
851 673
952 563
987 726
788 361
529 662
68 884
541 292
685 949
268 884
101 569
853 195
932 707
932 182
143 788
259 268
559 101
195 455
829 235
440 594
875 379
307 49
412 277
699 734
569 751
853 68
258 729
763 245
697 455
78 647
730 268
569 954
885 642
954 369
954 540
625 994
726 922
268 369
697 987
455 981
65 325
404 909
79 671
662 506
685 952
559 581
369 751
143 652
749 277
430 81
879 949
884 455
571 769
559 195
529 994
762 98
808 222
898 158
559 307
685 763
662 195
853 101
307 395
697 259
821 83
455 559
853 763
265 952
85 697
749 265
13 246
481 949
66 155
68 625
271 307
707 156
88 542
707 685
696 18
879 208
380 744
195 652
967 633
190 763
713 834
245 254
296 869
305 275
395 182
624 156
190 949
306 190
85 265
853 506
101 387
884 430
68 268
481 730
582 624
802 10
922 101
430 675
361 143
563 190
697 369
143 156
251 988
624 143
277 922
101 195
730 208
697 675
310 722
271 922
569 306
117 964
481 954
361 455
307 105
949 306
521 185
932 879
790 799
987 751
318 335
897 709
81 697
364 251
49 68
395 763
447 908
582 254
636 330
563 254
675 81
763 455
156 625
386 351
922 730
952 581
730 271
105 763
576 894
559 387
825 496
182 277
506 245
949 581
245 563
430 506
919 457
540 884
455 265
254 208
306 932
866 683
436 212
766 359
506 182
582 268
981 685
625 105
563 751
521 676
208 245
884 306
143 954
106 674
625 749
550 19
990 256
749 254
675 156
662 245
707 563
92 836
481 622
559 259
981 662
105 949
481 625
652 190
529 105
195 952
879 788
387 599
540 254
922 49
652 412
136 669
683 955
506 981
71 122
68 412
685 697
726 271
226 756
922 662
922 697
599 662
304 708
994 624
726 105
726 954
952 49
744 291
652 259
844 207
994 143
268 581
199 47
565 651
271 707
156 306
513 948
726 952
569 807
563 101
85 879
952 105
685 994
624 277
570 796
182 697
949 751
622 879
563 455
112 267
599 853
277 622
387 788
506 81
624 662
622 569
245 68
242 890
810 892
902 466
981 569
609 714
68 271
863 757
707 208
625 208
85 599
208 306
481 506
101 265
749 245
559 105
540 563
768 54
101 369
506 105
559 271
529 182
730 529
137 891
182 884
791 113
730 156
949 853
994 730
786 735
481 624
49 751
994 954
105 599
182 853
195 208
186 896
57 771
488 939
369 105
208 581
599 622
949 625
190 430
652 277
952 559
105 481
387 481
167 464
788 49
506 254
190 685
265 195
306 622
767 248
707 675
245 559
115 213
56 748
245 582
82 244
405 822
730 884
347 669
987 582
662 994
534 126
430 68
947 687
245 726
143 853
949 763
981 101
497 332
685 879
751 259
208 807
763 265
277 751
853 581
259 563
276 545
306 412
946 396
196 881
277 156
726 529
377 702
412 685
730 622
807 559
853 807
245 49
569 726
940 166
980 383
650 329
230 670
406 215
540 675
195 430
277 265
270 962
156 387
511 419
459 193
922 751
853 675
467 154
481 395
490 464
749 156
50 482
254 81
468 158
306 954
326 428
512 758
675 259
287 96
952 749
994 105
675 622
148 854
751 853
853 582
625 879
994 879
265 662
271 156
265 932
455 540
187 37
481 361
581 195
774 12
412 265
719 231
277 879
884 208
987 361
884 369
675 369
245 369
85 730
245 751
697 581
81 265
143 68
582 529
652 268
617 899
624 306
559 143
982 985
208 954
826 342
853 685
401 819
726 277
599 954
91 811
625 853
271 540
81 932
675 68
457 648
195 68
427 835
581 395
787 516
277 506
919 893
455 707
891 38
624 707
783 422
599 455
529 625
867 856
506 685
208 932
730 369
788 749
395 559
68 101
558 70
954 652
208 624
884 559
105 685
593 204
254 949
638 764
508 925
730 412
788 455
259 68
435 407
649 341
85 268
828 188
540 387
509 488
879 506
981 884
277 105
143 599
807 49
751 879
268 685
307 101
707 622
245 277
101 662
317 887
702 957
849 805
853 259
562 607
328 574
994 987
237 945
730 307
430 208
455 932
972 810
506 625
387 369
277 884
442 979
76 210
569 730
208 987
190 361
883 984
960 663
730 685
195 306
952 156
268 245
932 853
569 949
730 981
585 842
726 306
595 500
625 952
932 481
569 788
549 484
190 922
936 815
277 675
987 853
415 715
652 949
751 156
49 763
395 208
517 974
400 61
448 396
879 306
599 430
730 245
254 395
952 807
487 36
208 81
675 922
195 884
540 49
582 265
889 608
625 49
101 582
412 675
268 954
619 778
439 540
114 674
529 481
112 154
395 277
662 788
271 884
922 981
245 625
168 418
952 277
652 749
675 981
922 412
268 763
741 706
314 117
378 631
529 265
530 429
853 49
749 481
949 726
582 994
807 259
460 942
954 707
81 49
685 563
247 590
367 886
730 949
853 190
599 361
749 190
369 994
884 105
307 85
143 105
277 981
256 485
19 17
622 395
477 860
399 133
81 306
848 621
765 690
81 981
599 559
569 853
15 238
707 105
195 506
170 48
697 625
268 182
854 444
784 203
152 392
582 599
949 143
423 408
749 949
884 506
625 807
594 490
349 630
680 294
807 751
412 569
730 807
917 483
582 387
101 622
968 533
101 506
581 807
749 412
652 481
427 718
569 455
778 102
559 662
254 268
922 749
506 395
46 579
788 208
723 262
675 268
685 182
853 277
624 49
788 481
412 195
807 563
182 954
707 581
369 307
354 571
726 662
981 529
569 143
788 949
506 788
814 696
568 227
763 922
388 519
840 504
962 424
481 675
455 412
506 306
455 662
75 946
481 208
220 812
247 90
954 307
105 730
455 208
763 599
685 807
265 697
830 498
949 85
582 455
85 271
569 105
295 400
307 156
853 730
550 133
412 245
68 506
105 101
763 182
399 801
593 59
109 118
959 373
271 143
763 430
199 797
922 85
916 776
430 85
569 395
265 949
265 271
395 662
142 8
190 395
932 430
987 49
651 475
81 922
165 56
265 49
879 559
622 143
111 366
625 395
268 265
417 577
245 306
481 182
81 307
268 622
307 540
559 751
506 763
807 675
751 85
85 208
949 455
954 412
387 807
982 852
68 879
340 414
101 395
271 563
195 361
981 559
812 824
412 190
49 879
599 68
582 751
763 156
749 307
625 559
143 932
788 195
528 523
804 39
274 786
81 569
954 559
563 265
29 269
807 954
369 208
430 954
307 751
395 68
412 143
182 49
788 853
652 81
268 430
564 172
395 879
529 101
685 529
981 254
596 665
981 361
156 563
262 616
260 509
807 506
832 706
307 506
859 398
103 670
182 387
888 693
559 622
105 788
922 265
529 540
922 994
183 969
369 430
932 361
195 749
302 102
283 147
581 540
170 40
624 763
412 430
987 395
949 954
599 952
307 569
623 337
152 188
685 540
5 846
430 949
581 529
441 127
701 673
525 878
751 81
271 879
387 652
68 369
622 981
387 952
363 584
749 559
949 981
675 143
751 675
306 265
707 662
726 853
656 149
879 455
254 49
455 726
807 143
369 662
954 685
81 763
730 387
162 542
208 685
426 312
763 622
788 652
803 512
662 582
581 81
760 667
258 787
559 361
749 697
806 211
190 624
263 943
395 387
182 879
1 320
879 540
922 879
884 622
884 254
582 369
80 230
853 624
776 634
855 465
563 49
853 994
105 954
468 774
195 254
954 245
978 115
510 858
430 387
707 730
622 430
846 341
49 412
345 913
221 244
850 733
143 254
529 156
931 471
954 81
763 306
561 857
662 581
807 369
506 49
768 933
255 35
722 213
619 546
884 994
271 987
226 470
954 625
403 953
807 662
163 531
309 770
355 346
265 994
223 134
697 726
455 245
726 156
582 726
559 582
369 922
697 582
105 932
547 832
652 662
361 622
68 751
284 410
599 730
284 300
873 212
932 190
879 481
190 277
949 245
195 726
182 662
307 697
662 271
306 105
977 557
395 707
751 624
761 216
688 355
756 146
529 788
516 817
271 652
613 728
559 369
105 361
254 707
807 726
481 922
726 265
851 458
624 85
554 747
559 652
367 938
730 143
81 195
675 105
981 68
65 687
481 265
971 482
660 754
840 420
506 954
932 599
265 143
664 568
277 529
731 588
259 954
707 68
541 900
807 195
432 160
105 922
675 506
277 662
662 749
408 404
465 78
707 726
395 994
182 981
254 85
929 977
610 432
494 450
259 622
853 105
372 441
143 685
156 369
837 900
416 243
952 853
387 569
165 668
387 68
395 954
540 726
922 540
865 495
853 271
143 697
749 85
338 295
387 277
951 303
697 954
882 318
455 268
924 941
307 190
156 105
307 707
3000
743 797
455 749
912 846
784 766
77 47
743 884
829 983
244 728
384 438
565 47
904 640
932 130
884 177
928 321
803 690
26 503
797 142
711 808
351 625
661 27
837 61
177 201
884 889
542 138
336 692
904 120
731 201
475 223
464 25
670 444
278 114
278 673
103 429
27 503
330 731
78 93
592 426
181 511
790 693
201 952
660 828
255 235
206 704
121 815
114 25
432 693
477 991
944 137
443 769
673 606
876 297
503 828
503 77
711 16
511 828
808 790
828 432
944 828
734 510
575 705
503 815
932 871
842 172
606 804
57 359
476 367
171 793
615 37
520 131
661 731
313 389
731 137
155 778
161 789
952 177
3 168
575 81
801 741
944 614
815 284
211 206
43 693
177 627
669 686
661 121
889 790
460 305
614 330
815 181
27 673
673 503
495 661
25 284
549 627
661 575
840 274
660 86
555 358
627 130
235 314
944 884
895 478
815 693
266 919
278 130
100 6
147 566
113 384
934 811
16 394
114 889
142 330
591 746
22 806
693 575
606 25
495 121
56 810
58 570
731 181
284 130
693 137
932 464
617 585
828 115
630 15
892 185
693 808
614 943
142 114
503 284
25 338
394 114
181 43
743 665
258 242
330 797
106 920
618 437
422 447
575 201
503 177
657 121
815 660
392 10
130 711
464 26
593 505
457 168
201 884
564 833
284 201
614 81
284 77
394 432
338 665
347 857
306 629
130 25
711 565
575 673
197 797
114 622
952 660
432 622
27 142
790 113
114 47
432 657
43 384
952 394
731 130
546 847
545 786
910 329
25 622
871 181
572 95
575 27
464 797
742 917
394 115
569 40
575 711
705 877
130 464
565 113
464 804
932 943
197 503
197 201
278 889
565 657
330 794
515 989
606 797
815 330
495 77
25 201
113 952
46 407
807 848
121 47
511 121
565 797
743 464
77 201
831 558
565 790
674 763
338 284
815 575
237 718
867 97
571 759
276 641
575 278
284 142
705 828
394 549
711 743
26 114
495 878
962 976
889 622
972 750
26 338
155 301
619 465
154 227
944 330
918 318
511 614
639 835
77 693
227 644
384 661
114 77
967 929
877 673
511 932
495 665
549 815
149 411
657 884
113 284
839 413
649 486
705 26
884 495
47 503
432 142
660 673
16 181
790 731
808 660
831 876
606 86
197 330
641 28
566 454
115 657
113 25
181 338
251 462
394 495
77 943
673 952
495 181
622 142
612 312
711 338
137 661
416 681
522 341
877 549
723 300
731 575
181 121
790 25
796 854
177 565
753 859
709 209
944 790
549 705
849 378
137 130
142 871
889 808
673 794
254 480
77 394
794 877
581 785
119 38
33 895
228 966
589 289
622 77
198 689
808 673
994 594
289 322
917 33
665 27
705 25
175 708
394 627
781 968
815 743
247 379
222 104
495 197
815 142
878 790
824 901
16 113
660 657
752 23
301 239
606 889
804 877
549 197
705 338
181 952
575 130
338 565
4 452
438 693
26 278
25 177
884 438
197 47
384 673
338 743
743 438
25 661
711 877
27 627
394 932
25 495
440 785
936 239
670 897
495 137
26 743
104 72
614 26
743 828
446 391
606 81
444 138
382 770
115 797
655 388
81 797
25 81
884 952
665 121
197 565
588 601
113 711
114 790
731 121
139 386
114 878
889 828
943 731
229 782
894 300
197 673
871 86
81 878
828 871
384 705
201 495
979 887
503 943
711 137
86 622
86 81
137 606
461 761
815 622
804 432
370 53
871 731
394 731
16 86
614 278
779 143
828 113
809 664
115 338
338 495
511 797
606 130
394 284
438 711
47 743
877 815
495 606
627 808
932 622
889 657
871 77
177 464
337 441
676 926
705 889
693 673
511 142
284 889
43 661
449 252
394 884
326 722
230 437
871 804
115 330
121 614
102 425
51 645
665 884
790 575
877 278
137 878
151 375
932 43
840 368
47 384
549 86
144 819
828 438
693 797
731 438
113 808
464 661
503 693
241 99
657 673
43 115
966 992
614 731
113 177
34 131
47 113
665 438
673 26
932 121
790 943
877 943
738 930
743 627
464 394
438 889
197 26
201 889
5 682
12 544
871 790
743 575
646 607
192 335
177 705
106 852
451 811
197 25
3 260
503 627
142 794
794 464
828 142
197 943
84 855
282 681
284 432
113 197
656 414
919 680
632 737
124 163
799 76
511 657
81 197
743 660
614 606
731 77
790 665
115 878
113 871
669 522
27 43
606 932
114 113
442 220
44 924
623 782
137 828
828 661
858 800
661 113
464 943
195 683
666 740
601 52
606 114
25 943
614 27
622 673
693 278
790 338
394 606
877 743
26 884
432 121
743 614
181 201
624 229
394 878
221 624
559 791
828 384
113 549
932 338
673 432
130 808
495 932
606 711
284 943
113 705
130 503
113 438
943 113
602 539
549 657
482 795
884 47
804 278
943 26
673 114
627 432
871 575
81 743
232 561
661 673
878 944
533 874
213 165
549 944
944 943
115 790
740 588
115 177
889 181
16 114
851 365
705 278
81 889
565 16
711 657
142 130
738 326
693 113
258 942
69 497
684 238
248 548
871 884
316 938
581 492
86 121
277 140
113 278
16 438
137 181
829 375
794 25
644 1
47 797
469 275
731 549
330 693
25 932
77 794
26 575
952 665
432 665
16 828
278 884
474 269
142 673
113 622
81 503
284 871
794 614
495 511
115 16
660 731
614 86
352 805
16 77
949 158
464 432
889 503
743 330
224 490
711 828
606 731
302 116
113 797
464 438
943 673
877 115
875 651
565 660
552 141
871 27
503 878
394 130
657 284
520 961
27 114
614 438
688 906
114 86
284 622
877 121
815 81
787 820
25 660
271 483
673 878
731 797
160 387
53 15
11 748
181 394
871 330
294 196
384 130
973 148
356 78
693 614
944 889
115 944
711 330
693 47
877 113
884 797
688 741
503 808
511 197
672 615
657 278
115 495
330 47
114 660
931 439
197 77
263 531
808 181
432 871
976 923
889 330
244 73
137 549
952 932
113 665
657 575
433 126
698 930
456 30
866 65
432 27
26 828
606 77
201 115
549 464
503 705
22 528
841 186
419 7
614 384
115 743
523 252
668 988
924 222
871 511
511 660
199 409
1 685
114 81
790 81
47 511
149 479
43 130
658 234
47 142
804 614
77 130
41 50
464 201
889 804
944 201
115 26
611 745
461 481
705 743
344 450
878 278
115 622
384 181
215 547
627 871
384 944
953 233
47 952
113 657
952 878
952 86
121 177
25 731
71 519
77 338
503 16
495 943
743 503
270 475
943 278
338 884
606 565
660 77
361 469
575 665
790 26
495 711
137 657
201 614
549 181
804 121
825 720
113 944
338 432
323 580
338 384
114 201
914 698
780 189
137 43
219 733
889 464
943 330
384 464
503 622
177 43
47 808
705 794
27 115
884 81
700 207
743 511
614 711
278 627
445 597
121 43
26 797
137 790
394 808
253 321
77 665
815 278
204 224
392 266
808 743
434 245
797 130
77 884
889 197
384 693
745 715
146 436
767 595
614 25
797 503
657 384
743 871
389 112
693 889
559 880
432 790
815 115
280 583
828 43
743 794
790 797
162 342
142 944
952 944
614 877
98 283
626 721
808 330
121 114
394 26
898 700
710 701
390 403
121 503
137 815
464 657
549 878
384 794
791 719
639 911
201 943
575 804
660 944
575 794
909 212
817 70
773 605
790 549
877 932
130 27
432 952
16 549
673 871
944 438
438 121
952 114
25 27
794 549
779 635
113 394
776 823
762 589
415 287
884 130
27 177
130 705
828 284
56 352
177 804
945 981
495 503
384 86
464 878
878 43
338 86
27 884
384 622
952 25
293 737
503 394
205 906
115 114
177 657
627 673
130 115
627 944
397 774
25 878
201 394
511 77
438 878
887 322
575 137
115 86
943 627
193 648
334 625
731 944
889 115
801 818
660 113
549 693
606 177
969 643
551 882
549 201
27 77
410 369
871 889
627 495
990 727
355 822
86 711
432 808
661 606
614 177
440 105
137 877
201 565
284 804
889 549
381 535
627 794
115 731
295 212
549 606
282 651
503 804
362 320
943 661
622 121
309 516
438 130
170 616
26 121
324 870
952 606
928 325
832 986
16 130
711 464
673 495
157 109
567 16
130 330
43 495
675 124
660 394
43 77
77 25
884 693
466 494
86 113
90 85
114 932
27 137
177 511
932 113
797 794
944 657
421 667
113 81
285 872
915 760
794 495
622 130
813 836
790 622
130 81
197 711
726 594
377 845
284 808
288 120
181 26
884 622
665 815
606 871
828 627
726 331
277 810
756 935
27 693
226 703
665 660
952 743
959 498
598 821
804 673
902 781
7 204
497 953
572 958
889 932
495 828
565 804
394 338
113 115
113 743
146 942
197 693
47 877
25 828
438 606
173 80
142 113
464 284
790 77
850 728
614 627
614 495
606 181
177 394
394 622
815 661
884 606
278 81
355 24
815 432
637 768
828 338
384 432
47 26
828 464
587 591
575 877
627 731
790 181
549 121
943 575
105 59
16 932
771 367
794 622
432 43
121 743
281 610
102 153
181 673
117 736
338 878
495 743
86 25
932 614
330 81
562 933
284 26
384 877
284 330
575 438
77 121
944 575
794 828
495 871
128 331
743 657
438 804
812 428
42 898
549 77
878 121
614 660
27 889
113 330
115 952
828 130
495 86
606 27
671 754
606 338
862 401
797 815
151 913
712 458
808 606
181 657
660 464
511 804
374 814
438 794
43 657
278 77
657 338
808 665
181 627
181 614
885 270
86 731
944 130
665 511
724 914
622 614
81 828
503 438
181 115
114 828
330 43
665 828
177 137
197 606
835 717
661 944
503 464
114 130
221 499
855 965
113 181
828 614
790 743
84 633
384 394
380 313
627 511
575 384
549 338
693 394
687 590
96 982
177 438
952 503
384 808
511 943
889 86
932 797
278 790
705 657
575 43
140 578
960 948
330 661
614 77
97 88
299 433
661 808
661 142
77 181
26 113
177 790
705 693
27 384
278 16
438 932
165 376
113 77
137 871
614 197
627 137
763 990
711 121
878 142
943 438
259 512
64 100
137 113
278 432
180 857
854 977
657 665
622 197
438 871
711 511
177 731
878 808
137 952
233 873
934 553
757 888
549 43
114 565
67 346
184 720
188 789
957 240
808 731
137 394
661 693
556 215
575 606
932 284
551 479
751 725
667 638
877 665
884 464
27 284
60 754
884 808
675 534
495 330
498 965
453 298
723 363
660 622
870 405
565 944
815 804
932 660
121 808
25 877
622 705
32 296
871 503
939 832
495 142
197 575
614 889
878 804
661 871
495 384
665 565
183 659
797 627
797 284
790 828
241 335
28 249
142 115
495 47
23 519
245 262
432 731
438 790
278 797
27 743
177 660
815 627
884 114
731 81
877 77
784 974
982 145
250 154
43 660
828 606
808 944
627 575
447 460
464 693
225 733
126 640
579 385
660 137
164 373
606 26
536 194
673 614
517 58
808 142
952 657
121 284
430 107
130 952
142 438
943 743
93 448
871 197
265 573
364 677
195 509
614 815
944 25
705 201
797 665
284 661
115 943
889 878
130 804
932 884
305 462
130 889
130 743
541 2
877 197
549 284
944 16
278 121
804 114
828 549
464 665
208 775
81 705
142 201
62 757
575 113
86 330
893 332
157 860
194 442
731 114
254 286
599 50
16 665
338 693
889 338
632 276
121 201
197 130
661 705
666 320
393 916
278 660
201 16
26 731
804 137
177 197
181 743
622 330
181 884
411 699
661 278
622 711
871 797
304 691
908 605
665 114
657 201
338 871
869 132
81 657
750 798
889 384
678 499
884 284
575 878
137 142
693 743
984 291
790 804
86 884
438 622
371 525
47 878
121 16
861 340
513 935
366 397
189 303
731 743
932 808
25 384
808 877
113 794
705 330
808 278
574 911
310 92
26 25
714 533
495 113
278 565
693 511
27 81
114 797
121 693
627 197
47 137
606 790
661 657
878 877
394 743
549 932
81 142
661 878
693 81
657 77
943 121
606 743
560 421
466 54
804 113
338 438
711 26
606 943
978 915
878 384
690 31
897 963
790 86
879 956
557 504
246 875
549 565
944 693
201 828
797 77
565 181
661 711
77 711
432 794
828 693
27 657
484 205
856 309
711 25
706 298
877 627
614 43
554 38
336 185
142 338
464 181
665 549
284 705
384 797
42 481
121 952
25 884
705 115
549 673
308 423
432 113
649 586
878 511
43 511
197 804
115 384
932 828
711 943
943 705
456 941
794 884
766 125
43 338
944 932
929 562
878 711
565 438
137 743
657 693
5 21
711 278
792 980
871 665
794 565
563 153
794 944
660 495
932 661
943 693
743 432
804 657
353 234
43 808
808 794
790 201
932 86
944 665
417 482
181 25
429 127
174 630
804 828
622 81
395 603
944 804
25 871
115 565
24 176
724 891
384 815
201 804
113 121
197 142
606 665
284 81
828 797
284 114
815 889
802 379
821 216
804 26
673 121
622 804
261 694
711 114
198 548
657 114
614 884
27 660
166 202
627 665
575 394
81 511
240 350
74 563
81 661
578 351
565 86
330 121
115 284
217 431
16 26
660 115
863 834
191 707
330 384
358 543
549 804
684 896
200 521
177 384
494 312
503 660
693 565
693 495
81 181
47 284
283 880
665 661
731 511
890 936
511 86
878 606
794 16
47 81
622 27
628 696
804 627
718 316
88 191
468 954
886 2
177 711
614 130
177 944
278 665
278 503
606 705
137 794
432 86
660 797
804 181
115 808
27 804
438 511
27 932
884 878
384 16
877 871
794 114
616 907
710 287
790 657
611 256
284 711
503 665
16 808
661 177
495 808
794 889
43 284
86 705
945 598
606 115
27 711
125 307
47 794
115 884
181 878
511 944
156 964
201 278
852 8
432 130
705 614
278 47
338 503
384 549
815 932
943 828
790 394
771 939
14 217
952 622
130 86
511 622
711 871
181 877
114 503
25 47
76 52
575 797
236 225
661 503
705 815
952 142
614 575
920 883
16 673
323 949
339 94
825 311
952 464
549 808
159 894
142 657
187 761
657 86
549 47
944 606
197 181
661 884
877 284
257 655
797 16
330 278
808 943
142 943
384 943
650 334
160 560
743 878
503 614
660 26
549 503
501 214
682 755
438 27
871 43
250 30
505 729
16 197
197 121
878 665
943 889
459 947
731 197
464 338
815 197
464 575
26 142
596 264
197 794
790 705
16 660
943 338
115 627
394 944
797 877
25 137
790 660
515 11
177 622
565 77
885 129
16 884
272 46
350 63
449 712
265 774
760 642
142 665
384 114
201 438
26 384
565 26
384 660
663 167
889 731
622 877
40 59
804 952
284 660
132 816
848 957
232 29
121 115
627 384
794 27
142 660
384 121
660 884
889 142
944 47
893 787
394 330
394 142
565 25
952 790
884 384
16 657
438 197
483 162
471 910
262 292
804 81
130 871
394 665
394 877
438 660
507 524
847 518
511 115
201 932
65 295
729 48
27 815
805 865
278 142
86 26
343 547
435 400
450 354
713 879
620 167
368 357
115 432
850 677
815 790
952 16
181 177
325 269
115 794
705 121
943 27
565 828
420 54
489 891
622 565
324 970
503 711
114 438
114 693
171 576
878 932
27 705
948 308
143 532
432 47
464 877
387 899
972 903
646 574
278 932
815 808
77 661
665 81
987 135
877 657
142 932
384 731
458 717
952 693
731 877
731 565
43 665
77 115
330 877
152 777
10 683
27 549
627 711
338 952
43 16
384 81
804 495
121 27
142 25
43 565
27 278
230 169
330 27
101 400
81 711
889 665
984 776
768 20
77 438
493 951
418 868
177 284
36 362
77 86
438 115
26 27
944 278
201 808
725 18
394 943
197 661
693 877
16 804
797 86
292 568
716 318
565 661
871 815
794 284
142 575
438 181
815 26
944 711
804 661
177 16
932 432
834 339
16 878
26 932
177 871
606 622
314 360
26 130
731 622
944 197
952 614
25 115
47 673
622 575
743 142
731 278
338 673
177 815
947 412
495 284
330 660
96 534
743 177
660 661
794 665
843 45
711 794
665 705
503 877
278 177
363 304
197 660
218 307
800 822
319 296
657 495
201 877
549 495
937 863
657 130
731 693
420 635
806 311
703 136
952 565
87 543
43 743
663 792
878 871
177 889
432 77
26 137
464 944
889 660
464 673
43 794
627 565
565 330
790 27
181 330
673 711
660 705
877 952
549 743
878 731
13 872
944 86
797 661
541 94
851 746
627 330
81 932
828 622
47 43
148 912
432 330
130 661
804 797
889 25
330 804
432 549
828 394
658 922
565 27
622 549
799 756
219 69
364 348
809 118
826 975
550 926
944 114
394 661
16 25
511 661
592 359
614 16
549 575
993 927
558 17
614 565
128 8
380 971
438 432
565 932
495 130
14 841
47 177
575 25
394 47
201 627
751 803
613 17
932 804
177 932
468 916
62 371
137 622
121 565
788 349
661 181
943 130
743 944
549 661
268 210
137 665
565 432
39 978
464 121
26 495
661 627
905 471
47 575
115 278
772 490
621 236
987 184
932 181
582 654
711 797
743 197
432 705
454 795
815 952
889 26
959 463
495 790
284 673
743 25
181 27
181 114
86 673
438 47
384 511
278 25
889 661
27 394
871 705
43 711
549 614
693 25
26 665
338 815
201 661
47 731
773 82
274 174
43 606
113 815
790 197
828 808
330 884
877 177
438 808
788 772
565 503
201 384
693 665
201 511
530 535
77 81
503 384
529 158
177 81
627 121
13 424
81 121
808 77
395 842
394 797
538 91
186 31
25 665
686 552
81 16
329 64
794 815
427 223
815 394
808 622
264 73
889 575
871 944
438 394
361 946
26 177
197 657
705 673
657 878
70 853
657 932
555 513
813 557
932 197
343 484
330 137
815 606
549 177
815 438
197 432
464 705
950 955
115 503
711 815
661 743
123 532
464 43
511 705
812 892
673 201
495 575
394 673
583 255
278 794
130 201
432 81
580 169
271 508
47 790
529 839
101 699
871 114
459 679
121 889
408 882
338 121
764 753
618 382
340 243
501 18
284 743
871 952
622 661
575 77
412 553
884 137
121 25
954 608
330 201
142 565
27 731
886 523
394 81
866 134
201 47
873 75
177 794
804 705
743 622
115 693
464 142
25 43
338 511
575 828
565 889
549 114
974 702
464 627
27 338
502 261
49 172
370 858
201 113
943 622
464 27
652 619
142 606
486 98
216 687
765 950
197 115
693 201
115 871
410 263
16 47
511 130
565 81
878 77
943 16
884 815
86 943
464 114
606 278
147 946
115 661
808 565
575 114
503 932
797 43
211 238
979 36
944 503
610 524
243 860
507 110
113 878
27 877
565 673
511 808
631 178
115 614
731 665
797 181
103 951
606 384
396 386
114 877
218 406
279 652
614 394
441 613
86 201
438 673
877 438
629 961
511 815
565 871
51 231
394 705
390 75
142 790
284 693
762 719
328 827
137 284
183 388
197 27
673 944
693 181
731 932
622 43
142 705
130 673
804 808
347 327
790 884
889 711
804 142
828 884
901 742
328 862
278 828
943 815
306 349
327 246
77 828
180 714
111 526
743 201
549 884
752 521
884 113
25 627
90 702
181 284
731 794
932 794
627 657
181 943
794 130
790 384
731 43
150 940
432 884
565 884
137 503
503 86
877 944
338 130
590 653
438 627
794 657
828 673
705 197
242 345
790 43
43 114
790 330
794 661
817 838
622 871
973 509
665 47
554 485
536 925
902 473
549 130
19 739
627 142
606 464
68 85
495 565
25 330
549 943
985 268
201 43
77 944
828 731
317 623
877 660
130 113
665 804
82 427
503 575
114 743
600 299
514 134
790 16
374 37
697 777
181 705
26 438
711 201
439 288
758 496
678 502
889 43
419 478
673 511
877 81
661 26
142 177
330 606
77 804
114 511
575 808
853 35
943 47
26 944
878 614
992 492
575 884
109 61
201 665
878 943
27 808
794 201
878 815
627 16
804 394
614 338
115 575
952 284
743 384
47 338
480 636
861 500
794 693
177 114
182 207
693 932
394 794
177 878
432 944
86 142
457 759
278 284
660 549
665 614
369 856
47 130
828 86
568 41
181 622
275 679
432 26
731 503
86 197
438 81
932 743
137 115
39 315
21 290
614 432
432 606
627 889
769 664
248 237
280 732
43 705
464 330
705 77
114 432
330 77
25 804
27 944
944 622
506 537
952 384
396 226
432 511
661 952
877 338
27 86
871 16
731 284
549 438
278 871
944 705
943 797
344 199
549 952
804 711
808 614
584 585
130 565
908 985
435 643
647 604
201 606
614 47
43 503
426 196
284 565
815 495
272 188
86 627
330 665
86 575
653 508
142 503
708 913
952 575
884 673
99 931
57 467
506 431
932 137
81 43
338 197
711 181
137 81
606 503
192 35
26 330
416 694
487 676
744 837
660 81
338 330
778 697
284 606
808 25
824 986
993 899
657 26
542 428
814 537
137 808
394 565
794 790
889 743
606 16
27 495
278 511
808 952
604 472
177 943
81 944
804 693
952 81
943 660
496 798
130 181
889 77
181 432
136 577
889 137
43 197
360 538
491 747
142 549
884 877
43 804
137 565
4 32
114 614
614 871
332 257
384 142
815 673
673 81
432 877
804 384
27 511
828 657
108 634
828 27
890 695
923 213
808 705
565 743
620 888
884 197
47 627
197 278
19 659
660 575
783 208
815 828
657 622
668 845
142 877
673 115
692 609
398 767
794 952
932 665
432 503
47 622
338 794
152 648
495 952
794 121
731 815
662 749
864 89
47 464
286 650
657 438
661 114
731 884
705 495
77 932
43 815
889 47
647 267
177 86
747 881
338 81
438 86
503 790
794 871
693 606
130 665
463 402
944 121
438 137
705 627
921 796
394 889
142 731
197 464
802 92
940 960
599 701
627 26
47 871
540 178
790 284
827 989
83 739
177 808
418 202
818 112
711 384
409 179
137 338
107 487
871 464
43 394
423 735
815 25
284 878
434 398
330 952
786 68
209 593
517 564
110 383
622 797
372 60
878 660
602 783
333 539
622 878
394 197
556 66
665 943
877 565
797 438
889 511
43 438
197 828
113 673
393 453
660 201
642 971
849 540
731 657
952 438
967 399
290 87
510 579
877 511
900 674
656 685
473 864
27 201
983 770
302 470
921 291
197 384
284 944
63 830
797 432
943 43
705 137
815 114
113 627
711 665
438 330
122 843
606 511
575 338
657 503
627 884
804 86
977 963
181 503
808 86
43 113
526 139
330 503
573 297
187 260
596 133
464 115
86 43
511 137
775 907
730 617
47 705
77 142
86 743
932 384
808 338
26 43
711 790
964 584
657 614
86 394
330 177
26 878
278 338
878 330
815 464
182 691
16 27
25 432
25 511
693 86
511 26
943 884
922 74
177 693
743 16
12 865
279 455
430 525
797 137
884 142
673 932
26 201
794 181
177 495
86 181
464 614
606 113
86 665
26 693
575 511
121 142
113 464
137 614
614 661
141 425
511 503
673 889
877 86
711 705
815 565
16 338
705 952
44 994
503 201
278 137
546 680
137 943
81 627
79 116
281 900
577 348
163 489
142 43
503 113
77 464
544 175
877 790
660 794
384 137
804 731
758 49
969 518
815 86
127 991
80 722
214 251
432 889
661 790
181 944
432 661
27 47
731 952
89 631
638 528
503 794
66 918
884 511
365 373
161 586
9 764
711 660
721 662
633 166
338 661
932 575
797 614
201 797
71 341
867 249
338 804
27 797
808 81
878 86
26 77
889 797
404 645
121 606
193 354
118 403
709 636
86 464
315 406
26 808
356 48
711 932
871 657
338 177
606 794
330 511
77 384
705 797
114 627
378 381
201 871
130 693
731 464
815 47
122 477
889 113
432 177
565 384
438 284
815 657
884 43
190 512
735 472
705 731
173 376
25 673
384 871
130 660
878 794
181 665
705 884
25 549
943 794
612 780
797 808
201 81
26 549
731 495
661 877
197 808
394 711
844 29
626 968
815 201
808 464
932 627
871 121
943 81
878 627
77 952
884 804
828 121
338 113
407 715
903 970
95 621
372 310
932 705
600 119
197 284
575 284
278 952
77 137
26 622
565 511
565 705
884 121
77 673
137 673
278 438
72 317
464 137
86 137
394 871
273 401
377 150
156 319
896 446
177 673
43 877
16 330
293 830
794 81
943 871
47 86
197 665
736 748
693 711
597 730
405 267
115 549
495 278
808 871
660 181
794 804
278 43
790 121
130 878
549 81
711 47
808 114
622 693
511 16
944 797
415 765
253 823
877 16
16 889
797 338
432 16
417 603
627 660
432 575
9 366
575 121
952 828
432 660
549 797
790 614
121 394
228 545
622 464
27 113
197 878
943 657
932 790
797 952
284 614
952 197
113 731
47 932
627 606
711 432
394 278
530 595
432 137
465 83
705 114
937 868
464 565
933 385
671 833
55 587
511 394
606 47
6 704
665 673
330 673
665 177
488 474
622 338
177 130
932 330
27 878
170 689
711 142
871 660
135 294
878 693
47 828
511 464
114 137
790 511
43 944
696 836
137 197
247 504
394 657
511 113
452 569
660 606
614 142
693 871
657 808
495 464
711 115
133 414
451 34
25 657
731 338
575 330
47 804
660 693
878 201
943 804
627 693
943 114
878 705
657 606
884 503
464 278
495 16
828 181
816 256
941 981
889 495
661 47
142 181
201 137
794 26
606 877
804 743
495 114
925 695
278 622
231 203
549 278
115 932
622 627
838 975
338 114
734 408
711 549
201 338
86 284
181 575
47 657
177 77
661 86
804 115
330 828
878 432
284 511
278 86
384 665
333 727
707 582
654 732
114 330
952 943
345 962
952 27
402 846
81 495
210 55
909 190
26 81
130 121
81 464
955 123
878 828
121 797
284 384
797 673
660 121
878 565
432 943
828 177
952 43
665 284
422 527
25 394
956 443
988 634
871 549
330 657
627 77
516 424
807 859
432 201
338 660
159 716
488 607
278 743
404 20
278 181
25 438
438 495
927 883
877 130
467 200
164 357
673 731
889 952
130 790
567 869
561 628
820 259
179 346
826 576
711 884
673 743
114 197
819 491
383 337
575 177
797 25
614 113
711 952
485 176
958 938
432 495
514 744
342 713
627 284
338 944
660 804
877 495
67 413
608 793
549 511
391 445
77 815
627 952
575 565
43 673
531 129
622 495
278 384
944 815
731 711
145 203
511 952
285 470
673 790
622 201
980 881
144 844
47 181
438 705
495 797
142 693
115 47
889 877
464 16
794 511
627 43
665 115
693 16
115 81
273 476
828 877
26 877
464 790
77 743
130 815
755 637
657 797
220 45
794 86
549 330
111 527
493 79
137 121
177 797
495 944
627 790
660 47
665 622
565 943
570 117
303 550
878 797
26 952
500 874
571 399
448 609
438 661
81 871
25 503
871 26
108 91
627 338
353 905
706 436
