871
3000
773 472
601 260
511 147
766 445
322 751
192 448
645 158
496 489
744 647
731 166
425 498
152 181
66 2
241 783
447 197
870 220
661 697
321 421
571 137
406 497
375 535
837 683
649 585
602 34
217 813
561 128
323 203
729 367
536 187
31 551
462 652
776 464
613 829
505 69
45 734
120 664
439 236
870 77
781 180
639 496
393 867
839 476
77 720
596 658
660 125
631 701
551 347
246 220
436 65
475 606
500 55
96 534
284 269
250 412
725 478
502 431
269 224
410 667
423 838
696 576
835 526
774 578
348 37
559 347
740 530
676 200
84 587
425 742
716 653
551 82
639 641
234 371
824 180
97 468
269 474
225 193
409 687
553 116
27 644
744 13
781 255
309 471
473 204
23 87
542 281
399 799
287 678
579 571
158 213
820 220
711 775
234 273
565 206
396 461
109 847
707 61
144 235
439 704
228 700
399 488
655 692
870 58
209 248
175 106
258 363
491 253
51 237
298 31
181 26
869 8
646 139
708 817
193 513
465 259
221 107
603 47
677 42
266 299
332 487
204 427
393 119
484 555
592 834
815 433
579 855
271 830
138 482
281 156
169 565
701 3
532 185
69 418
4 352
737 728
15 797
604 353
145 231
90 345
494 824
216 42
375 804
662 574
430 9
242 814
594 554
213 223
171 266
130 671
214 538
103 688
659 460
323 469
573 71
330 259
781 291
224 17
826 67
801 79
231 612
350 417
62 225
567 499
470 867
562 340
659 267
608 291
66 155
32 664
560 162
820 563
568 260
18 312
4 325
544 429
286 401
519 12
745 386
538 831
348 367
172 561
613 812
218 210
806 109
10 268
412 500
157 269
60 772
814 802
417 596
467 525
786 404
30 744
669 692
618 373
408 262
637 740
340 313
737 254
538 830
431 465
272 509
355 462
214 305
351 271
206 746
377 807
127 460
125 339
335 746
338 696
246 244
605 462
281 36
774 442
314 591
204 809
619 550
281 851
484 846
856 697
450 367
836 328
593 598
215 540
65 267
597 686
489 768
383 386
637 581
405 616
192 626
869 238
381 515
507 814
597 60
398 86
180 136
14 312
67 32
220 298
752 756
677 520
396 110
719 154
406 94
525 536
122 781
69 627
278 592
597 248
89 562
679 680
305 853
669 54
390 756
714 475
526 772
788 318
719 603
332 401
652 436
338 203
580 241
352 857
773 124
306 514
567 664
693 408
417 537
207 397
565 301
442 55
546 380
553 99
748 330
833 849
21 726
701 539
413 561
503 726
67 324
301 487
793 31
807 641
181 441
110 508
335 207
159 80
810 280
499 460
42 463
805 78
714 760
12 614
134 485
282 422
739 363
240 499
147 198
140 76
812 518
205 379
404 626
349 325
196 491
776 521
617 436
114 823
752 473
478 101
205 487
163 630
832 467
849 529
539 675
201 490
195 661
796 336
233 165
456 163
175 658
511 640
413 214
188 510
337 8
3 438
82 620
475 192
226 629
510 255
319 279
484 840
281 217
557 240
282 378
738 295
332 464
801 350
854 325
45 393
628 587
769 49
578 718
839 377
708 393
368 76
303 489
4 468
157 668
694 847
314 208
338 302
383 201
143 531
557 228
365 432
372 338
719 7
523 323
197 98
319 370
481 11
116 98
692 575
2 527
720 813
110 163
447 315
463 247
672 87
473 444
63 559
840 291
547 367
808 385
208 607
330 510
837 133
161 563
240 64
357 608
70 737
478 233
671 834
852 142
70 771
497 151
579 554
607 60
793 730
268 854
656 766
115 667
338 433
502 779
739 206
503 255
42 234
637 733
849 495
105 763
619 344
853 132
435 663
722 581
387 392
127 120
172 756
738 850
441 351
308 183
385 357
476 126
770 694
589 33
226 287
737 623
513 37
260 437
158 638
749 445
599 847
308 393
385 51
716 796
295 78
376 168
267 736
177 618
84 438
8 411
500 735
788 778
74 666
666 863
651 793
59 128
113 83
86 498
276 393
447 530
543 608
845 449
832 655
8 706
485 204
187 167
766 703
565 589
90 724
468 683
646 312
64 479
467 655
361 778
473 567
868 276
334 820
461 600
693 777
350 381
835 237
58 299
329 480
103 263
221 112
311 364
216 609
455 320
473 660
263 637
806 369
511 357
414 383
489 329
844 83
251 259
549 417
690 114
529 269
437 78
167 709
4 86
594 599
540 678
842 136
703 378
592 628
783 636
182 485
53 740
713 489
110 267
503 827
788 861
849 85
409 521
151 195
49 536
363 116
844 316
147 64
852 570
818 293
610 272
745 362
287 528
353 550
72 425
637 473
608 803
641 584
161 189
566 726
123 245
310 232
428 790
687 492
764 521
466 526
147 786
769 814
795 613
336 494
808 730
75 710
638 388
695 306
237 410
720 299
343 136
857 4
198 275
279 478
840 143
458 824
794 839
308 785
65 385
422 99
760 639
239 810
187 177
865 358
651 595
780 528
626 737
218 367
548 101
595 592
788 362
712 839
851 765
325 390
848 730
417 153
410 861
621 397
519 603
201 249
89 285
61 832
838 400
835 226
776 506
277 799
127 530
583 778
554 724
549 205
490 86
772 769
621 789
531 228
758 735
782 684
112 539
515 721
295 200
289 162
787 532
346 377
87 233
193 694
536 199
149 49
832 746
366 869
85 655
572 94
312 855
278 343
16 168
591 465
519 714
306 519
267 36
293 794
851 320
544 609
327 298
708 64
376 443
749 143
214 26
502 755
732 527
582 514
147 581
81 276
436 519
430 487
684 286
504 596
638 378
358 17
612 150
329 384
866 377
56 763
114 733
220 415
667 319
854 278
407 124
689 147
458 142
266 122
225 7
370 563
367 793
185 626
161 215
593 632
239 482
207 736
749 802
15 69
394 193
426 538
581 46
502 691
79 258
500 613
426 364
685 170
280 440
829 94
610 380
382 849
455 308
65 582
783 17
29 308
676 600
253 282
862 525
439 167
478 157
460 106
291 475
552 607
759 744
178 736
847 415
582 806
342 845
548 196
202 674
575 178
831 148
568 239
698 662
154 485
51 343
366 562
87 190
292 432
582 153
834 237
386 193
87 200
390 68
430 275
800 687
201 867
515 529
292 854
69 251
778 698
428 651
485 805
229 265
782 74
163 735
680 683
737 456
156 666
478 531
868 260
708 592
523 117
277 455
801 715
304 704
61 108
271 178
664 297
360 63
855 738
328 468
453 480
615 757
436 564
457 594
601 712
788 845
420 123
580 143
170 243
689 228
656 42
705 288
83 478
488 254
117 482
40 464
766 36
377 430
674 269
347 584
791 62
309 441
248 133
438 870
710 535
225 781
478 813
4 429
44 610
605 207
640 42
434 464
622 769
140 303
470 711
757 257
469 808
67 410
547 223
270 716
142 313
157 52
433 377
719 242
613 818
113 304
467 506
513 852
823 186
390 254
706 697
850 670
417 91
396 590
529 262
760 568
710 69
541 857
197 803
742 289
562 223
812 545
746 631
213 802
447 473
537 755
724 779
769 471
472 697
249 548
72 410
459 214
268 506
427 364
39 610
550 825
691 324
110 325
608 46
857 39
229 820
356 54
544 527
480 137
539 642
384 643
190 45
448 586
11 530
134 277
777 347
139 638
776 535
707 689
638 561
870 203
161 444
494 280
714 349
539 323
317 567
167 747
198 361
166 120
171 189
702 854
326 847
162 55
87 219
21 682
88 689
92 733
158 353
542 760
522 849
698 454
307 598
315 482
640 176
202 869
422 428
122 850
240 162
248 868
668 552
154 63
87 325
395 764
40 629
581 386
162 48
795 868
723 731
743 91
683 433
321 7
826 690
223 354
103 531
352 112
141 589
581 31
534 410
585 40
807 351
353 768
129 655
479 62
594 391
125 202
762 54
754 330
613 17
380 384
818 820
856 430
78 493
187 271
631 860
383 240
212 497
42 563
45 644
572 156
491 833
547 113
176 816
141 654
247 44
374 46
274 367
557 135
731 230
717 420
187 583
519 168
599 505
319 848
111 663
509 779
441 582
706 809
206 117
747 639
781 236
533 207
731 70
14 838
430 233
820 42
785 422
250 112
284 182
351 80
112 819
368 734
831 39
411 596
424 839
684 38
435 537
558 742
233 317
329 22
673 726
633 469
438 126
1 325
377 148
769 206
779 705
242 570
821 729
855 699
39 510
597 660
381 130
634 668
749 807
480 162
186 14
81 846
271 759
295 126
676 21
682 499
6 243
54 441
404 565
79 261
539 505
623 778
777 309
8 778
710 728
407 212
610 715
351 242
810 355
597 225
868 242
176 518
869 644
414 246
519 210
492 708
531 469
118 756
603 210
756 333
741 492
454 505
660 27
185 799
478 392
56 601
451 840
244 229
468 748
439 645
613 443
12 809
610 775
148 529
218 831
370 526
752 223
619 174
701 491
145 856
1 11
214 110
721 393
461 460
377 333
84 409
368 547
47 281
735 550
691 483
729 783
532 849
19 732
206 638
106 258
720 570
81 742
368 271
449 151
706 12
578 675
245 608
304 825
871 248
291 235
276 662
64 603
40 419
505 4
635 353
208 640
717 155
407 292
560 517
827 501
16 155
124 117
160 764
316 559
337 781
220 526
256 307
475 795
652 479
314 142
437 2
54 185
523 475
32 581
598 852
102 509
581 351
173 290
268 599
871 598
509 158
77 50
106 599
484 551
229 106
386 265
371 611
464 507
291 117
339 26
363 620
651 684
260 673
472 6
264 623
728 449
17 450
646 240
650 417
656 116
376 142
81 220
377 606
104 362
261 270
844 271
608 640
22 266
86 467
482 238
31 148
801 444
69 589
156 401
801 617
703 35
182 555
618 572
135 778
62 496
551 324
44 453
308 240
830 240
818 216
614 624
227 862
51 851
264 480
182 283
269 699
376 6
338 130
343 251
737 362
318 786
362 174
351 740
470 586
96 82
65 397
5 264
121 852
341 525
289 337
259 619
843 746
520 706
521 807
266 388
726 366
141 377
182 670
738 30
572 363
828 411
343 610
635 13
813 234
453 224
431 314
309 770
438 318
96 386
218 708
830 411
32 817
560 602
61 210
443 669
679 576
24 859
315 293
869 720
528 629
869 166
629 162
742 515
688 83
101 678
793 737
559 293
143 409
52 241
646 539
119 282
537 64
779 92
663 295
682 191
528 72
63 224
791 455
107 588
513 110
83 760
726 820
426 82
397 208
146 244
393 250
514 847
541 452
721 777
644 124
865 403
253 114
101 440
77 690
452 578
509 398
637 249
574 491
298 840
699 570
742 391
387 121
737 720
55 373
124 474
422 669
237 378
20 323
861 813
803 862
205 609
868 796
449 293
227 434
509 479
533 749
457 652
158 811
118 403
620 137
228 435
599 265
498 622
782 471
606 180
531 593
402 248
142 772
866 541
173 85
727 209
723 594
826 667
238 78
570 120
405 763
757 225
151 79
319 124
284 161
394 368
528 162
821 668
276 184
731 638
782 458
633 638
204 628
343 803
315 206
569 94
119 416
618 647
673 139
694 75
141 325
838 562
771 383
158 823
635 67
497 135
496 617
683 586
347 610
478 785
748 605
66 557
123 575
702 414
99 700
499 343
567 148
600 795
523 631
656 739
358 134
749 615
7 296
836 613
185 485
346 663
775 484
386 290
506 785
39 279
869 199
680 538
815 411
861 750
285 675
144 495
303 482
139 684
456 195
465 841
515 274
368 296
427 457
468 145
77 64
19 55
549 826
613 607
622 219
663 161
784 167
364 288
757 194
868 233
328 464
230 723
859 263
596 10
584 184
738 284
246 450
426 445
265 554
229 800
527 781
324 330
147 474
303 500
335 787
151 466
273 165
409 146
110 252
556 558
791 392
21 32
727 632
419 642
659 696
556 530
295 409
145 603
255 628
271 758
116 40
44 66
500 362
707 623
814 538
76 103
807 656
452 98
234 800
125 42
519 725
457 167
580 34
41 250
90 73
640 723
564 329
84 537
839 558
799 118
323 625
55 179
86 41
170 350
214 358
451 646
414 800
820 395
430 290
639 583
30 799
537 680
340 529
407 714
372 742
550 419
424 759
198 332
52 89
333 528
860 298
182 70
210 465
404 271
399 503
268 576
866 260
514 619
699 622
403 244
427 592
454 261
266 347
251 74
228 765
740 318
679 77
35 287
175 737
184 472
792 285
455 652
531 736
382 56
26 330
511 854
706 398
621 545
445 89
344 154
698 549
610 127
47 602
424 104
77 702
382 304
788 511
459 63
282 730
621 531
650 147
629 707
681 630
445 837
99 555
387 619
779 164
121 847
282 706
33 573
752 342
647 313
291 86
416 135
225 373
180 609
377 576
539 704
590 86
769 817
548 121
549 740
368 491
123 534
318 605
255 326
130 319
258 591
722 726
24 182
585 61
95 313
174 122
112 733
750 836
377 669
575 26
629 154
190 245
9 701
114 425
713 355
563 133
450 628
553 211
269 48
588 812
461 466
864 251
616 763
799 309
297 405
436 90
247 252
425 445
582 524
808 96
468 506
178 87
599 443
275 324
16 189
101 827
351 201
516 371
715 297
158 755
465 740
326 695
117 44
787 812
844 214
110 296
191 103
45 483
61 689
406 465
779 19
463 38
708 477
871 645
845 171
368 585
349 204
116 676
759 12
613 189
317 280
854 804
126 651
234 244
780 577
371 460
267 528
289 740
838 719
369 798
578 492
846 346
537 472
217 663
129 348
102 225
462 123
576 345
775 594
167 540
80 674
639 209
675 525
745 206
579 222
394 22
524 200
235 150
17 518
649 842
243 821
683 163
798 677
534 674
190 790
555 241
602 112
22 857
124 708
432 835
207 699
226 407
405 664
193 770
769 609
733 857
64 534
550 721
614 727
540 656
14 204
766 215
24 816
578 467
412 181
795 110
164 242
495 204
261 407
722 811
616 188
731 79
686 207
58 595
169 216
682 218
732 712
393 41
317 47
67 513
742 347
602 246
113 781
682 344
272 820
483 571
317 137
276 150
425 829
869 447
504 343
37 67
631 756
402 551
682 628
667 704
465 279
91 54
809 844
338 456
393 171
594 663
194 589
441 370
359 454
397 335
814 390
764 323
538 844
742 687
95 277
351 75
860 146
270 234
14 609
279 439
57 789
85 866
530 572
20 90
823 556
47 51
100 101
82 406
159 269
646 605
517 616
700 770
735 306
461 137
367 820
14 270
605 285
488 571
399 534
42 257
766 565
305 324
43 646
562 736
719 456
350 132
377 367
451 687
555 508
167 713
701 655
569 652
48 179
863 442
406 277
300 630
637 45
398 353
167 783
378 478
5 678
526 484
779 525
365 493
715 684
185 573
673 686
175 835
64 116
229 694
469 271
37 807
639 183
20 291
396 726
457 422
381 168
617 373
30 365
281 567
750 593
484 734
473 620
398 599
310 321
179 217
60 189
421 718
111 654
670 25
657 792
537 580
736 719
200 738
626 856
298 520
825 382
819 256
603 734
476 777
610 375
333 368
116 72
215 596
57 138
833 18
574 343
291 206
714 207
710 177
157 636
269 348
352 299
651 196
173 451
666 35
6 458
277 695
8 812
537 100
851 866
238 727
726 301
154 525
813 69
23 399
435 45
438 488
254 642
787 304
607 339
359 90
99 573
226 637
468 56
668 362
665 133
354 795
519 565
64 276
728 500
685 816
446 777
569 118
333 66
47 681
77 374
804 414
650 193
735 47
599 789
635 704
73 272
825 614
692 813
813 575
795 245
386 371
813 214
61 29
764 740
312 813
341 812
754 577
15 855
623 488
441 254
107 520
469 422
25 830
455 820
700 528
98 627
744 666
149 137
401 625
758 141
386 861
635 152
731 8
336 547
630 131
274 718
533 856
14 363
129 592
528 435
628 870
582 597
221 685
677 175
632 754
548 522
173 74
365 391
149 569
545 433
446 504
638 386
642 213
426 846
723 710
806 613
102 588
20 149
591 818
673 303
592 327
397 5
11 513
193 211
536 654
323 291
783 323
241 358
835 149
743 711
579 256
611 89
522 97
410 469
741 113
725 632
132 422
3 114
76 687
218 864
26 23
867 1
418 175
653 813
126 162
288 691
624 11
537 545
695 683
795 533
853 436
474 843
673 765
508 369
87 566
584 621
197 646
730 112
447 822
293 614
871 694
95 433
62 348
313 773
749 398
530 300
265 394
484 830
732 820
583 256
347 83
777 564
816 475
724 316
317 236
817 224
243 23
96 412
422 49
674 381
777 649
546 395
805 289
485 294
573 375
59 855
177 97
292 816
780 313
733 631
31 501
604 337
471 467
378 525
145 700
831 379
593 435
588 348
746 587
770 336
515 624
389 132
429 125
758 257
851 30
807 598
270 553
415 293
861 779
168 662
609 633
836 59
563 789
812 598
62 321
812 395
73 284
471 151
286 151
445 121
149 438
558 208
571 657
551 348
685 498
733 830
431 269
747 710
711 87
697 581
614 68
583 294
635 294
619 813
11 181
630 259
303 167
235 28
303 560
40 820
194 486
712 686
220 285
12 621
377 311
748 730
10 851
785 613
120 290
628 261
581 801
522 152
460 428
622 713
77 482
604 313
415 613
448 21
612 319
196 108
824 179
353 659
68 454
766 491
820 341
93 119
767 321
655 410
743 204
286 855
70 482
76 824
665 59
426 339
755 235
139 855
214 522
203 76
14 483
202 68
196 841
128 332
143 256
809 142
54 306
209 273
469 680
306 322
669 473
228 737
414 509
239 351
546 488
437 403
694 299
628 168
303 710
212 356
446 701
552 70
66 231
329 178
148 26
838 674
537 705
473 188
343 673
776 646
567 398
144 532
292 629
718 828
632 327
41 437
60 279
47 411
257 393
636 758
348 12
13 585
762 318
700 201
687 26
743 765
397 499
220 441
177 536
91 529
413 612
20 587
355 89
182 859
49 148
336 232
468 821
588 553
620 731
140 594
844 624
26 176
645 45
530 198
737 91
151 170
423 157
113 130
10 562
51 423
92 580
867 421
204 794
605 851
846 7
441 434
653 268
533 394
432 631
67 38
260 702
268 600
93 769
133 195
72 336
428 324
448 558
774 852
143 125
523 128
114 813
821 311
617 123
651 784
585 865
396 155
333 589
535 337
551 303
832 451
813 829
140 288
561 765
857 36
528 403
260 621
249 174
219 218
793 28
85 112
567 21
262 664
491 684
458 524
451 688
348 547
205 789
829 183
808 756
306 515
109 573
577 611
14 225
766 597
538 17
579 49
318 5
682 700
760 96
53 302
485 85
29 428
468 763
269 519
698 50
428 414
398 66
457 610
225 799
158 637
599 327
510 853
302 291
818 184
796 97
271 400
542 155
517 476
94 761
615 830
563 137
442 291
65 629
761 126
351 312
862 660
313 741
775 169
400 598
240 801
627 330
737 451
69 17
235 632
642 730
578 176
550 732
679 228
486 646
595 7
441 294
163 330
184 316
80 323
292 791
668 88
186 678
586 773
444 2
21 239
234 103
251 171
276 282
248 228
415 579
465 407
34 450
582 112
822 52
555 3
49 91
2 412
864 578
35 537
337 361
824 20
56 490
144 363
758 376
205 438
542 32
784 515
627 358
759 429
797 499
610 355
513 487
804 289
157 757
501 147
473 446
710 289
655 37
501 138
258 268
88 724
195 474
336 720
455 511
415 377
596 322
134 196
669 820
855 535
324 786
392 284
784 230
541 717
670 330
301 434
442 790
479 444
188 269
731 735
189 324
36 169
662 483
740 243
647 276
849 600
352 379
772 341
366 334
465 564
404 294
141 644
3 314
805 325
628 857
584 95
664 16
142 551
27 840
241 347
810 453
50 702
301 425
772 810
331 837
322 683
350 554
797 633
654 399
869 115
99 838
729 71
584 369
317 804
826 758
328 362
530 811
625 530
128 268
215 75
636 573
310 245
677 601
837 410
341 258
626 533
264 137
70 714
200 427
682 3
548 550
215 857
376 326
142 757
1 571
242 777
714 576
702 41
406 606
390 755
527 516
800 413
412 738
736 353
401 613
449 161
818 720
707 177
564 216
502 640
343 816
719 641
75 28
5 411
143 764
165 294
73 329
306 594
694 682
167 712
61 749
279 124
712 602
830 280
83 536
845 612
683 314
412 755
760 342
556 802
325 83
357 532
416 113
250 62
225 466
803 490
422 702
256 205
871 83
344 415
771 27
498 537
197 574
817 570
830 311
411 731
331 455
687 538
470 573
520 528
291 716
242 783
6 416
583 801
523 771
280 471
194 17
454 82
71 421
312 641
554 455
744 370
137 573
570 599
618 3
427 287
802 699
26 397
649 392
391 364
279 351
232 601
789 160
220 648
870 114
209 157
550 206
607 397
696 785
333 813
249 55
675 761
807 637
58 528
356 577
787 79
784 128
624 721
508 130
731 249
688 396
225 35
312 844
344 483
373 505
850 154
290 783
843 185
671 451
413 590
138 49
689 176
114 535
550 563
373 504
178 136
861 452
1 152
137 267
202 361
796 857
177 72
510 313
777 73
715 84
278 398
256 134
812 441
650 360
289 131
662 409
175 471
83 220
423 526
640 24
168 47
68 375
481 420
121 833
302 795
397 638
85 579
627 855
175 583
528 770
355 686
741 71
116 86
641 710
846 442
344 680
572 291
157 490
202 288
333 81
380 683
665 612
553 647
310 742
93 315
693 372
322 182
257 119
296 329
724 852
605 844
846 29
208 270
106 668
303 804
413 158
840 623
343 500
437 211
432 737
604 122
695 703
606 576
522 427
737 560
720 622
174 451
733 254
404 135
328 222
792 429
317 247
274 171
379 242
790 468
48 509
826 192
397 845
348 458
581 202
626 689
749 204
413 445
309 29
714 473
811 616
52 561
31 150
45 616
379 329
395 187
850 178
291 358
313 746
563 608
702 195
106 251
754 567
543 664
431 595
65 38
613 724
271 738
722 403
828 152
669 277
729 397
527 824
570 32
164 484
764 267
131 744
376 407
565 839
158 715
720 825
452 854
111 232
312 583
335 362
685 869
465 290
349 221
500 855
528 472
268 209
547 453
258 819
419 632
365 256
107 668
690 563
739 579
725 34
414 743
720 702
301 492
260 863
418 117
18 752
722 38
530 640
837 351
166 694
861 80
726 361
400 871
456 73
276 108
824 309
858 392
374 611
267 283
3 830
109 459
818 49
718 687
104 678
140 86
373 119
861 296
550 341
360 171
16 246
753 262
46 159
778 709
415 370
460 227
154 744
724 843
355 423
347 376
579 162
523 447
726 678
702 241
583 240
539 567
355 327
599 252
707 277
567 63
270 432
812 195
154 690
647 66
24 579
575 526
338 485
374 478
801 284
397 519
743 698
139 465
33 362
558 497
382 747
696 699
333 413
369 392
454 35
278 177
141 137
38 140
339 788
409 471
1 699
793 741
726 528
179 28
736 796
734 392
808 93
642 666
683 173
107 127
737 759
826 426
318 523
130 564
170 546
692 582
623 260
802 544
231 241
407 435
822 265
530 348
548 213
750 339
257 479
405 527
391 500
89 558
78 441
427 338
530 439
591 404
416 143
270 786
105 309
863 667
56 634
762 286
89 723
159 99
494 830
188 434
143 73
279 648
571 863
336 311
463 759
223 464
626 618
94 800
827 204
320 700
77 63
742 393
340 515
188 576
297 479
9 15
269 820
544 311
184 420
638 571
54 74
788 789
744 178
288 79
529 99
702 275
311 710
375 660
851 813
391 671
237 843
322 636
276 322
655 248
543 29
661 470
105 331
129 475
396 538
728 264
363 71
590 707
216 446
89 444
668 374
831 413
47 82
871 519
323 353
554 194
734 246
427 412
770 214
455 536
495 421
102 245
503 237
393 144
129 430
720 487
680 110
785 636
386 167
524 760
583 191
258 361
567 444
228 13
169 373
104 780
679 320
499 745
777 595
867 674
462 84
272 298
279 618
534 831
245 808
146 321
789 327
573 208
720 771
99 831
596 257
36 199
108 746
306 629
751 308
24 752
520 219
783 358
835 491
863 143
82 8
225 259
112 392
682 354
176 840
137 670
629 228
602 755
334 100
355 474
769 432
522 90
340 230
17 240
512 84
257 574
736 438
509 561
608 26
476 661
833 323
578 783
357 122
512 481
516 613
663 846
41 192
612 717
324 827
859 622
748 536
590 810
478 798
387 9
593 582
474 7
792 479
323 629
27 804
568 421
101 238
25 868
601 235
428 381
671 11
800 307
106 417
786 561
19 187
802 811
793 218
735 584
178 336
118 313
270 484
476 79
341 535
408 716
537 473
461 701
198 149
9 51
839 111
755 193
542 43
834 582
791 224
662 291
774 518
44 465
823 599
794 220
310 841
756 846
263 31
499 2
41 822
660 24
61 219
2 585
690 105
510 273
110 218
28 182
440 535
24 472
710 871
339 710
607 383
296 490
355 612
223 807
286 649
505 581
676 263
466 760
444 662
412 482
366 704
120 859
737 657
852 679
803 160
178 171
364 229
320 163
99 770
798 198
837 89
299 752
434 561
393 738
524 763
659 801
478 687
814 588
408 317
394 215
639 142
731 300
541 727
374 522
142 831
577 112
111 723
609 600
665 333
651 268
506 834
108 195
734 393
717 69
530 590
301 24
254 388
769 759
56 687
603 68
326 58
87 229
61 709
604 721
706 134
849 704
23 571
233 116
231 296
381 481
488 751
165 204
389 425
563 674
755 290
498 47
606 37
689 671
453 736
845 293
551 854
222 524
459 126
95 525
855 214
523 21
372 851
17 34
618 525
846 655
753 527
301 41
625 257
398 159
133 124
492 637
25 727
484 793
559 583
442 478
781 126
295 87
484 593
500 349
820 536
862 566
41 112
522 289
314 834
364 108
366 485
863 452
73 146
129 572
347 848
14 720
223 21
844 731
2 64
862 608
384 452
723 312
149 662
114 33
131 667
336 105
444 416
765 831
389 762
31 290
288 183
863 592
750 699
168 23
585 202
66 588
71 543
457 249
490 187
814 3
471 338
645 773
744 164
631 550
311 313
509 170
545 242
854 825
805 313
499 271
809 39
483 676
88 740
523 389
594 609
750 283
473 177
323 565
188 148
429 80
736 70
286 562
482 645
391 769
774 12
330 251
788 819
547 742
435 702
219 760
511 456
784 113
466 303
251 160
695 800
736 584
474 817
280 302
70 551
708 44
674 15
481 617
46 657
398 72
48 709
170 328
658 378
88 343
471 360
10 227
721 716
696 504
420 44
325 416
292 611
218 786
235 564
721 348
841 856
724 8
860 430
832 122
57 578
156 718
785 299
580 619
344 51
600 1
486 387
465 539
783 588
779 244
299 263
93 523
592 438
790 540
8 549
503 553
534 670
494 705
776 507
333 297
340 286
252 773
172 410
466 783
611 163
544 778
403 487
671 492
587 541
573 105
563 534
71 151
634 451
690 308
449 249
339 29
685 34
12 292
778 221
296 684
152 419
681 61
798 47
263 389
669 133
452 604
769 378
545 509
218 628
593 514
3000
656 135
845 342
427 87
201 765
542 73
474 858
486 594
408 232
268 405
487 631
581 247
350 683
315 247
407 188
506 371
607 147
666 191
85 254
416 839
365 246
18 503
797 547
102 868
58 16
441 318
119 181
9 463
519 171
819 739
19 805
363 713
294 618
191 109
82 865
152 144
491 669
72 271
256 731
813 762
142 818
264 693
69 347
597 382
831 75
168 509
6 616
777 461
799 147
25 580
604 506
745 118
6 151
156 646
523 101
814 248
510 259
759 661
392 641
201 274
458 406
513 572
300 480
25 126
108 733
688 544
835 54
77 432
135 460
706 538
20 545
623 6
493 740
36 618
438 520
412 329
848 358
485 580
677 495
75 32
803 833
840 359
743 234
22 612
798 852
401 575
261 321
609 442
387 103
643 506
789 817
559 348
591 798
260 216
782 51
142 469
607 652
358 104
105 454
851 870
695 242
519 603
805 319
317 467
675 510
706 555
666 664
451 70
728 6
494 71
729 365
390 288
521 15
121 24
72 855
309 254
108 27
530 226
81 675
720 569
633 148
51 119
40 25
206 5
498 665
675 820
632 672
744 526
782 130
691 584
853 581
222 246
43 523
529 535
382 143
247 541
214 719
443 174
478 429
318 347
369 349
483 501
818 586
554 476
678 244
60 714
72 556
47 241
830 107
362 498
578 811
515 406
836 375
219 734
479 870
332 540
209 821
767 527
69 131
156 277
588 144
442 697
631 317
300 454
133 784
423 335
398 369
490 388
72 19
118 804
22 122
848 467
806 344
137 80
39 170
402 762
124 808
236 248
642 767
798 831
782 36
769 176
491 200
864 458
568 108
653 525
421 443
463 723
827 246
473 450
670 23
621 789
465 72
671 132
172 571
684 533
633 696
728 652
412 230
817 202
554 174
419 678
231 75
441 92
387 462
637 736
296 311
204 858
801 267
318 405
67 509
224 724
594 465
437 500
408 778
560 509
277 862
490 457
339 163
62 432
580 88
674 395
825 123
225 5
198 722
410 250
14 498
828 346
330 171
80 869
739 368
454 115
702 355
203 788
452 156
529 559
596 490
225 689
378 490
865 839
860 131
869 465
597 524
521 11
523 661
55 225
55 553
146 85
664 222
436 840
344 844
50 451
408 498
408 227
24 535
245 663
113 333
780 701
266 196
257 332
761 602
344 330
132 411
159 286
317 584
653 224
848 334
466 259
717 522
431 856
555 732
604 704
26 679
139 342
755 736
383 746
437 632
743 24
459 99
644 865
851 227
480 865
220 337
306 214
148 30
701 328
11 749
97 160
691 339
335 291
268 700
498 590
547 561
432 816
750 516
675 843
678 473
311 8
30 803
334 812
322 756
222 796
112 64
279 106
447 617
114 692
620 781
848 230
172 852
475 598
296 802
229 259
355 332
231 153
300 871
23 47
312 334
755 780
441 240
589 331
256 816
44 485
611 305
544 159
765 472
176 618
90 600
300 130
25 468
603 279
126 116
577 542
206 539
786 741
392 195
315 425
580 218
147 816
498 779
138 776
110 347
379 268
433 610
770 780
763 664
797 136
300 292
779 348
181 496
751 543
842 485
241 159
475 832
645 834
805 796
657 719
180 154
291 679
814 64
552 649
261 420
240 131
87 791
559 827
325 132
488 553
99 655
158 417
593 63
52 726
843 213
335 508
691 557
487 514
801 95
545 697
299 565
566 620
405 595
256 539
554 833
550 477
650 588
137 859
349 234
68 416
837 178
647 169
121 117
629 766
785 325
15 741
316 195
15 146
356 270
539 10
675 691
497 658
174 623
653 277
783 76
546 497
351 647
126 555
765 720
304 68
692 590
122 293
62 316
639 561
2 318
389 249
584 483
548 870
43 410
843 360
621 543
682 65
612 92
203 495
373 100
483 706
250 360
856 568
733 791
617 58
780 132
592 735
87 6
743 699
86 95
122 358
16 777
820 350
667 20
839 380
849 208
88 807
20 712
383 674
90 646
738 343
630 599
375 629
554 401
386 253
369 726
183 460
542 845
469 265
521 547
833 439
67 451
155 501
512 396
649 590
279 45
616 537
739 487
264 113
291 525
597 45
577 202
587 50
838 479
692 591
544 535
99 496
633 379
386 313
332 497
288 678
672 474
650 752
730 268
528 800
487 273
322 127
748 193
521 225
127 35
858 369
551 858
801 245
189 760
474 682
594 439
496 246
74 734
428 436
458 385
45 753
745 212
317 633
497 16
456 749
78 795
169 753
780 652
70 442
143 457
163 594
119 531
101 580
769 600
500 548
803 68
239 462
743 721
282 444
606 728
761 512
241 320
576 394
443 646
420 233
687 763
176 619
203 25
106 663
279 21
442 370
197 163
231 590
245 397
803 787
621 329
33 427
101 47
699 514
534 40
290 249
528 668
251 90
805 168
715 170
78 595
637 363
506 795
860 383
427 669
506 113
652 633
336 795
190 269
135 416
216 624
682 77
195 542
1 427
66 613
818 395
847 593
284 446
516 784
585 672
708 625
364 360
388 579
192 64
355 675
26 440
93 500
744 201
86 78
154 39
205 568
323 182
182 660
466 806
612 267
366 97
261 666
385 242
231 794
399 155
245 757
3 266
336 222
660 13
316 722
561 686
713 248
13 252
671 355
568 549
56 41
752 682
40 164
572 168
769 830
379 98
110 196
401 444
853 819
85 661
769 817
684 381
855 167
824 382
837 386
771 366
361 203
800 597
230 209
544 699
466 535
667 551
281 488
420 518
131 213
21 379
720 499
476 626
580 138
52 49
100 453
469 729
47 695
402 386
6 379
441 823
16 239
58 79
472 752
494 835
518 446
806 156
163 407
590 305
416 536
188 403
361 854
154 245
602 302
522 140
738 710
647 138
809 237
763 259
199 685
786 497
579 340
648 564
91 50
447 262
649 152
7 866
252 829
708 494
220 275
459 342
436 155
485 362
466 56
541 222
272 221
621 863
103 238
508 609
461 194
671 641
141 258
714 790
132 542
621 590
787 814
802 635
427 218
274 736
137 864
156 327
543 649
658 229
3 715
535 313
811 158
360 459
538 605
654 106
83 364
423 353
541 464
633 301
585 597
864 523
461 860
398 223
86 354
88 839
750 75
176 607
422 352
673 495
778 407
571 199
791 188
79 269
152 801
184 763
568 267
810 284
356 662
20 752
658 870
385 136
53 756
479 709
711 150
580 235
821 274
501 248
492 603
122 255
87 424
667 22
354 546
68 181
503 615
336 431
658 216
98 659
474 712
399 131
759 105
549 789
157 219
144 90
292 203
436 396
346 495
835 278
143 135
370 82
817 808
215 250
27 790
229 672
538 358
164 840
805 521
638 110
612 465
178 162
362 662
332 171
310 45
437 867
751 768
804 618
15 424
671 323
189 754
469 592
533 129
510 831
494 377
134 14
715 275
345 39
549 554
824 193
778 866
854 400
756 755
222 674
822 296
136 222
602 55
561 251
206 708
391 276
722 122
836 788
406 841
160 393
729 829
350 633
553 634
578 459
462 430
169 76
223 19
664 367
831 218
17 190
148 695
770 306
818 292
659 793
460 483
352 569
410 707
164 817
521 396
95 204
390 114
104 700
663 134
434 453
252 465
641 238
512 167
276 42
426 320
183 204
264 193
398 154
161 852
508 313
567 194
547 116
268 194
82 226
679 638
236 298
121 48
694 710
777 196
167 178
229 835
645 210
725 754
204 652
437 74
35 193
377 296
302 767
686 547
710 803
718 785
272 515
427 535
630 7
666 218
793 830
231 445
480 566
487 714
71 809
284 194
34 398
572 9
472 463
717 663
470 679
316 669
482 848
763 57
613 833
568 269
508 575
102 531
300 711
739 554
618 704
7 646
269 365
132 188
857 288
803 417
108 316
198 266
279 410
457 756
199 713
556 605
724 380
509 722
152 32
673 390
417 811
134 822
814 517
462 88
625 620
645 594
784 301
294 331
485 145
258 358
192 323
464 231
286 247
790 469
124 286
316 43
588 784
254 246
210 780
851 236
131 372
414 598
387 685
550 732
635 710
656 785
203 426
40 652
650 17
153 314
534 118
513 319
698 59
68 219
773 396
44 284
677 587
164 626
676 591
101 849
200 277
212 361
837 74
69 167
820 164
18 579
638 67
607 188
841 293
630 602
557 59
474 785
559 99
348 131
145 170
190 526
527 640
841 231
528 84
528 603
142 586
318 243
368 86
800 746
663 143
80 561
629 496
375 476
812 3
205 79
756 84
237 310
267 52
831 201
348 791
772 140
859 40
614 856
476 396
287 762
140 52
406 99
661 564
579 650
574 781
647 323
700 364
691 274
168 660
341 18
414 824
723 74
541 476
16 188
177 395
837 648
307 857
652 521
861 384
170 457
419 742
640 822
599 641
671 508
672 762
89 306
8 206
613 46
704 691
757 476
183 666
561 73
415 358
66 450
191 256
5 397
172 114
762 407
793 857
393 791
119 573
71 337
488 677
172 738
360 439
761 659
369 242
308 98
867 380
132 262
808 869
800 789
842 525
789 292
656 443
550 480
176 414
457 392
556 44
510 167
410 376
155 670
230 19
835 33
709 656
520 352
429 317
269 208
342 568
300 756
773 124
333 281
497 678
332 297
703 197
32 460
694 102
230 185
131 565
715 373
598 573
779 525
755 224
232 555
391 76
643 375
76 165
279 68
40 659
559 454
128 90
449 15
337 63
680 457
229 830
467 852
365 676
803 189
518 238
648 257
862 387
61 853
615 755
744 807
532 382
243 91
474 289
510 603
670 71
704 753
284 141
504 229
565 803
308 570
286 593
1 646
861 527
454 806
89 448
110 518
642 266
603 76
421 730
154 301
510 475
840 520
530 460
119 2
833 1
608 691
277 330
663 829
155 450
137 341
97 770
673 461
143 441
618 715
11 189
205 471
490 292
589 728
504 816
794 543
840 90
571 179
799 314
24 408
283 139
341 139
367 146
114 292
617 461
235 261
809 470
458 62
186 381
414 505
493 496
733 624
572 533
240 602
372 117
842 102
281 124
318 110
404 3
479 66
296 89
79 406
502 462
511 695
43 589
432 207
220 514
24 117
312 591
867 2
10 440
402 368
163 693
195 849
789 243
290 658
751 62
380 374
176 152
330 632
682 23
590 412
185 330
117 235
200 201
524 684
205 239
409 304
651 140
470 303
715 301
838 25
235 289
40 106
290 91
770 613
532 846
325 685
501 704
852 126
596 471
562 576
417 675
687 512
372 620
71 229
425 759
47 274
108 292
202 675
805 77
143 230
304 81
684 611
590 731
294 498
157 844
867 805
364 788
300 221
610 606
625 412
816 121
610 434
422 438
531 450
529 235
570 859
529 685
30 417
75 369
760 190
843 786
660 217
368 867
702 430
656 543
739 469
228 799
862 523
580 829
708 182
574 93
735 331
56 541
388 708
220 193
555 348
332 111
342 371
668 520
246 308
744 610
96 356
184 696
163 309
112 677
46 676
858 87
23 277
450 342
391 510
91 555
766 243
850 112
154 385
749 86
100 575
43 257
484 480
659 53
181 247
10 107
243 592
576 86
300 569
44 294
176 791
328 494
558 107
801 698
807 232
39 608
341 441
479 575
395 173
851 263
507 669
441 650
451 53
789 453
278 107
301 139
416 183
457 199
805 871
282 683
839 39
337 835
660 278
664 554
316 383
837 526
567 556
653 676
502 432
558 840
725 312
666 705
606 384
94 265
664 704
679 86
731 65
157 331
350 599
531 217
679 684
502 672
737 708
440 323
835 274
226 40
81 549
90 297
75 774
276 693
89 711
629 683
791 602
826 407
203 122
635 127
783 822
749 577
674 755
313 257
764 767
123 103
441 633
805 97
181 402
548 431
99 730
98 771
498 31
366 224
757 636
612 280
240 105
105 304
379 863
675 854
538 521
239 819
819 372
381 762
404 130
65 730
515 538
256 367
66 260
476 694
690 814
794 867
432 246
80 46
142 178
662 746
325 737
512 62
99 197
617 464
501 123
492 805
414 192
832 57
708 425
47 318
406 532
172 475
15 373
169 158
758 592
388 810
168 132
582 814
620 195
501 101
871 470
727 372
807 429
696 210
59 49
296 156
275 577
288 191
691 387
777 460
831 175
248 841
286 193
434 193
242 598
25 309
443 751
235 781
197 849
600 500
140 544
199 78
838 207
387 759
114 494
404 46
178 723
117 78
730 36
597 697
783 59
179 461
739 749
695 638
650 786
651 405
470 403
634 304
40 848
811 812
870 310
306 221
120 809
765 244
697 770
616 386
376 316
372 755
14 186
436 749
770 159
183 263
375 613
568 18
655 692
191 558
318 22
856 633
696 143
275 54
733 787
620 197
149 641
332 716
155 784
357 656
425 574
110 792
109 853
121 450
587 503
772 565
537 533
316 332
454 120
238 71
611 94
337 567
810 474
457 475
361 290
49 312
682 643
333 155
832 77
73 683
662 459
577 361
302 204
459 747
239 435
502 37
508 219
664 348
863 16
503 369
521 862
333 102
221 154
712 857
345 83
248 67
611 544
264 658
104 277
207 247
513 611
418 691
436 159
54 298
605 338
395 484
65 796
689 639
355 96
179 674
59 98
846 854
746 283
709 773
301 469
781 591
390 403
304 451
164 209
576 18
232 543
614 644
107 56
626 248
360 830
479 168
451 775
624 379
145 237
221 812
67 61
111 24
839 748
236 573
633 69
858 486
44 19
197 225
346 366
663 639
582 498
680 84
703 350
156 302
777 84
649 159
229 441
548 274
338 485
809 203
56 625
781 598
249 687
663 80
643 117
21 166
832 826
145 435
30 110
321 870
327 591
786 262
495 412
727 191
681 88
759 114
327 865
302 616
604 532
651 465
93 229
96 805
386 766
631 674
406 869
499 734
373 320
302 130
681 624
626 594
417 200
725 647
725 857
716 808
563 320
214 163
60 870
187 135
580 720
777 699
503 850
768 719
816 565
107 701
679 518
415 53
413 708
361 677
712 254
659 839
776 363
169 595
625 281
819 671
171 819
42 2
153 455
379 832
612 453
441 383
559 692
159 586
593 266
109 593
19 309
288 815
92 144
137 348
850 78
20 379
493 604
711 856
88 195
547 12
41 797
141 741
643 299
836 542
736 774
20 41
356 868
1 273
608 366
210 732
538 216
451 164
762 361
739 45
315 66
9 608
236 168
179 681
91 186
177 231
789 755
299 723
48 84
745 195
107 33
46 869
576 745
795 180
201 677
695 84
739 737
56 517
389 737
459 551
714 95
102 4
503 404
656 666
819 255
144 817
168 254
86 384
694 75
120 713
441 415
767 263
320 709
857 281
494 724
272 263
578 4
64 459
34 634
71 615
309 867
441 198
726 334
578 499
797 363
397 389
383 145
298 350
634 284
787 368
558 69
230 796
168 359
157 160
824 133
328 49
381 517
54 9
545 459
515 620
399 581
77 736
702 423
135 341
161 810
379 336
198 699
510 414
493 502
148 237
222 450
805 40
388 562
110 389
407 184
579 143
851 65
110 371
735 236
859 407
799 362
644 861
50 719
776 759
288 487
387 794
728 296
569 533
852 697
598 753
767 56
368 654
73 504
80 409
455 203
707 820
766 15
535 3
381 254
164 595
693 413
24 149
119 165
357 278
553 187
95 392
209 405
668 868
83 697
664 462
79 168
321 17
464 211
34 754
671 88
717 186
99 289
870 71
346 519
507 42
607 260
395 154
489 407
795 822
841 163
747 721
133 697
232 495
539 457
614 183
35 336
452 346
812 750
522 369
277 678
311 835
199 591
167 160
90 51
819 435
266 522
757 459
565 580
472 160
449 154
133 180
159 238
419 85
235 6
224 776
194 342
714 504
13 209
745 853
752 105
510 547
685 380
46 75
539 589
272 207
525 784
441 435
297 344
37 582
776 779
825 752
508 163
776 717
730 273
240 693
821 295
375 537
86 617
516 807
292 146
164 448
680 628
484 559
28 575
649 90
126 778
551 762
782 428
346 102
174 170
838 386
780 75
692 41
503 857
75 564
127 507
573 361
403 698
86 604
823 759
662 797
569 515
664 771
425 268
92 342
156 122
622 520
757 534
742 623
150 812
812 136
432 362
175 721
240 77
411 715
27 75
169 758
205 224
547 759
294 167
241 99
700 684
804 847
587 536
38 590
79 267
701 77
207 330
765 569
655 463
601 559
17 156
92 469
131 824
633 86
666 609
437 839
657 401
714 8
802 860
391 380
771 598
823 197
521 255
639 139
495 744
756 105
497 462
505 140
62 91
83 808
162 299
94 727
40 637
149 44
338 382
685 263
40 332
755 325
833 188
556 626
679 772
286 214
108 194
451 339
228 70
596 248
630 37
733 400
15 46
547 497
529 324
288 714
693 31
650 32
99 189
117 411
706 46
345 474
588 287
17 510
769 202
455 738
194 469
694 4
727 508
744 272
29 450
837 871
806 431
417 768
428 676
589 476
47 157
632 73
313 96
15 468
149 390
747 125
472 733
447 288
566 858
554 202
150 34
386 27
472 610
203 748
494 385
837 68
83 822
612 358
420 413
168 708
705 611
817 344
674 671
128 546
12 66
730 443
718 219
632 820
870 100
591 177
583 288
618 778
467 835
529 294
604 215
476 758
547 567
500 631
789 417
482 816
274 504
645 121
487 339
621 623
225 252
267 627
745 109
461 869
181 473
487 49
274 771
252 484
53 384
404 365
681 361
151 858
696 789
145 374
660 354
433 862
276 834
608 254
186 758
568 314
223 504
838 582
577 468
848 794
780 490
525 742
342 347
313 109
199 14
36 52
315 13
679 523
653 708
25 232
141 656
756 246
261 783
306 211
602 290
843 517
305 532
691 482
668 192
185 658
755 838
382 3
459 451
795 220
369 853
383 822
173 311
94 717
387 428
778 768
284 836
756 33
636 137
168 715
357 814
462 83
253 679
620 234
183 622
779 333
539 245
224 354
123 736
498 92
140 107
426 350
729 660
378 562
584 779
103 804
831 531
139 143
300 671
817 239
141 723
154 812
335 346
611 175
833 563
127 485
317 440
219 789
203 400
711 767
12 371
500 751
501 683
478 711
90 13
763 486
45 180
518 812
7 233
260 637
316 263
845 685
411 726
148 831
625 468
563 14
615 852
343 385
779 496
685 668
453 373
746 550
445 761
703 243
705 831
461 731
266 762
667 773
335 186
352 344
365 237
805 780
274 88
584 634
225 61
287 102
38 432
37 129
745 752
186 330
630 424
847 78
823 728
280 835
717 741
682 35
743 403
801 465
599 478
449 229
655 667
166 516
395 469
178 350
196 174
347 468
131 843
565 815
514 156
871 825
518 417
552 489
436 627
143 288
720 205
847 462
178 340
67 392
225 40
40 436
622 552
135 275
537 60
289 586
750 139
691 435
170 448
426 444
407 519
687 385
20 394
7 782
441 14
710 202
681 736
82 767
212 798
207 852
270 53
670 630
608 316
265 693
798 804
154 78
108 863
21 90
226 236
87 411
523 147
325 162
14 657
637 119
821 248
685 91
306 654
117 517
406 120
470 313
748 660
329 60
815 728
47 413
653 501
837 781
420 639
591 490
857 612
607 405
149 698
710 152
141 678
689 791
82 736
774 516
422 340
275 658
661 657
229 694
362 285
628 45
637 439
142 127
574 56
710 85
807 493
80 428
169 298
2 845
843 845
740 440
817 705
51 60
80 121
871 240
214 366
776 332
154 208
223 595
659 653
205 487
621 831
503 624
481 789
810 167
862 497
172 822
321 48
139 821
718 191
306 417
305 93
292 17
734 621
66 223
65 525
296 473
456 164
43 30
508 859
347 162
296 210
118 742
585 600
778 855
857 140
5 505
262 562
434 828
8 24
619 167
798 691
558 744
168 418
396 492
480 690
853 642
452 659
630 276
332 712
367 871
432 277
372 865
326 109
195 710
215 132
170 589
173 128
827 278
261 793
609 616
331 636
548 606
798 177
329 637
116 3
620 106
225 451
517 59
814 620
478 242
129 621
311 791
836 295
479 803
555 635
601 624
309 802
863 486
216 479
564 494
396 366
724 54
357 337
450 706
866 824
271 77
265 354
332 547
637 234
92 257
126 411
107 544
635 24
665 406
709 12
367 196
216 350
109 859
689 187
433 148
776 283
268 761
251 530
372 123
860 324
708 533
355 614
527 851
306 547
451 220
759 22
350 539
509 315
456 308
823 22
392 787
163 703
258 507
270 601
848 447
385 673
853 525
542 220
286 659
767 838
720 131
83 20
360 728
861 2
344 726
212 597
418 632
727 542
69 605
196 760
660 337
61 380
407 415
22 555
191 207
156 636
348 211
837 270
785 8
771 315
762 348
154 445
208 442
266 596
261 579
66 522
711 324
343 183
183 525
845 202
278 514
393 459
619 720
256 288
750 619
626 176
121 189
12 769
552 652
535 791
287 248
654 375
493 234
302 583
708 484
116 364
282 515
753 822
188 657
793 796
189 686
670 91
266 100
126 581
769 263
214 531
454 379
508 411
704 190
666 231
610 78
759 742
687 501
178 25
597 42
30 706
129 780
576 207
137 251
178 79
546 817
594 365
142 416
781 512
326 315
7 394
711 333
743 233
630 478
519 628
285 457
590 18
858 592
858 487
14 798
272 542
149 155
56 227
247 687
651 161
36 608
767 222
331 256
363 397
82 81
675 790
816 517
182 755
136 636
397 759
502 751
424 870
528 832
562 452
102 265
629 625
547 573
330 38
244 277
654 529
558 820
491 6
50 528
201 473
601 627
71 797
728 690
713 596
496 817
671 414
503 173
344 207
285 278
428 199
646 765
407 500
807 844
560 354
626 481
46 18
16 5
34 445
769 837
539 520
50 820
667 153
494 94
234 361
549 587
240 215
362 306
675 618
514 35
77 381
660 450
87 739
393 665
764 672
693 544
274 536
312 220
243 320
142 349
521 734
680 859
138 43
330 548
732 459
332 401
748 651
699 330
15 419
851 754
606 293
192 230
870 515
163 487
187 657
346 150
431 53
521 283
381 324
294 239
447 516
420 28
78 157
119 170
630 667
143 557
346 500
740 503
538 765
697 161
588 428
479 770
482 600
174 358
303 515
509 457
430 27
254 401
680 438
640 349
433 47
315 743
741 568
264 335
476 203
544 379
373 543
494 61
740 805
415 256
558 90
397 668
636 6
33 336
780 24
639 774
169 188
249 61
274 472
672 495
755 688
523 493
449 438
697 141
831 757
281 135
679 340
51 67
827 40
14 870
639 372
692 179
38 183
225 355
828 639
615 56
457 40
287 546
565 230
51 77
540 267
64 166
176 531
752 870
195 241
758 631
330 80
190 141
7 4
667 113
583 234
53 69
713 307
512 464
433 323
303 823
155 487
22 703
766 535
673 16
314 231
399 488
358 354
644 33
422 344
235 287
802 835
795 127
658 604
454 81
108 279
726 708
747 491
93 110
371 849
835 429
66 226
466 711
361 755
517 400
301 307
149 753
677 816
523 305
227 598
689 745
276 696
20 820
566 82
831 775
600 794
216 518
27 368
794 212
205 313
725 580
165 249
648 853
440 549
6 28
280 429
702 857
403 508
642 224
757 824
766 36
409 377
717 698
844 723
440 582
752 503
244 471
754 308
113 128
440 487
581 692
725 219
708 225
92 663
342 738
276 312
7 5
806 610
243 867
251 649
444 132
593 355
808 326
196 792
31 814
50 145
12 592
102 255
317 55
621 99
748 414
328 388
226 848
408 768
544 644
477 386
60 589
746 188
373 255
685 834
502 676
149 839
505 387
550 617
636 562
621 469
723 817
101 395
655 672
728 331
227 780
164 169
829 179
462 636
324 838
738 424
149 763
22 400
814 395
757 295
397 2
422 759
799 654
335 146
390 200
648 725
545 242
807 589
354 352
134 477
843 458
477 148
457 313
444 394
527 868
351 487
28 804
504 115
759 330
807 316
102 67
675 719
788 75
330 226
458 651
336 732
128 526
852 157
296 790
594 867
477 569
190 578
189 784
75 787
685 245
133 128
84 803
328 770
73 409
13 97
446 47
318 498
535 758
307 283
513 284
555 630
239 404
47 800
734 151
234 4
611 768
758 653
638 819
186 797
537 93
418 87
146 82
179 544
472 538
596 585
87 724
375 619
316 653
374 388
602 549
672 244
495 265
141 196
767 369
287 472
405 313
723 559
603 456
469 554
343 77
147 58
213 25
73 460
554 573
315 363
106 314
659 28
103 328
3 831
254 10
799 257
551 421
786 19
839 559
726 536
735 853
439 21
129 572
332 672
862 707
158 63
759 670
299 718
99 868
3 471
664 488
471 538
454 408
633 778
192 718
806 656
458 762
185 757
719 641
350 596
128 551
137 342
432 387
450 367
458 195
162 272
751 682
152 450
377 621
806 392
716 141
679 521
659 812
75 196
709 454
755 596
242 637
496 555
528 599
749 315
86 97
538 604
510 520
578 805
627 331
79 429
467 459
814 259
558 246
22 467
385 331
808 473
2 757
165 87
637 793
449 496
389 666
297 305
623 468
339 766
257 796
748 309
347 384
438 489
328 310
683 107
315 95
88 40
57 647
63 298
347 742
60 413
757 57
454 12
87 186
329 164
642 331
682 272
127 200
549 662
199 469
638 159
576 696
439 225
572 373
393 267
90 40
143 213
809 529
780 711
523 243
861 35
256 400
850 837
232 661
291 369
257 339
114 758
751 239
670 718
233 597
191 645
208 444
348 557
395 727
38 500
825 161
438 169
859 309
71 675
99 205
98 222
130 131
788 575
834 245
607 825
490 529
463 423
31 670
589 183
653 515
11 738
53 578
275 339
376 47
354 167
732 45
660 769
640 264
679 700
24 278
131 813
553 264
55 182
76 404
325 239
220 130
749 811
175 304
34 556
54 198
37 200
470 585
843 52
357 312
805 31
338 343
124 517
5 572
765 626
666 115
852 844
757 130
389 303
480 72
626 522
240 5
393 162
123 36
259 342
412 227
407 214
199 349
207 45
365 179
473 776
461 479
735 397
56 187
379 241
779 25
539 158
855 194
657 645
671 665
211 264
38 700
48 196
335 187
633 690
51 196
645 732
768 839
680 845
498 338
655 103
780 69
601 479
188 794
156 811
806 682
389 831
322 160
261 71
220 379
112 11
717 142
606 762
657 678
727 540
192 642
629 124
558 684
107 490
127 845
570 52
757 22
527 744
537 804
246 27
579 316
303 685
702 424
204 298
688 50
398 816
264 657
233 770
814 227
847 803
674 156
492 502
793 791
305 832
307 482
206 559
848 782
716 370
552 387
421 141
110 147
827 223
362 270
380 43
459 657
751 853
852 212
771 31
298 790
50 640
172 573
534 563
573 175
300 467
156 567
379 73
432 152
614 588
617 512
119 270
665 277
198 700
391 470
376 353
428 331
378 789
798 259
306 821
229 455
166 236
107 752
413 29
402 82
394 584
799 222
464 423
390 369
666 86
521 535
413 533
79 543
784 528
765 806
550 532
151 484
36 531
