1000
1169
719 441
292 386
71 141
627 923
441 28
485 441
441 721
153 470
46 600
798 560
402 706
52 961
434 441
656 441
441 696
817 886
278 441
441 409
504 633
543 718
441 290
716 196
340 712
688 84
584 932
441 684
193 60
22 423
327 441
441 1000
193 57
27 441
504 548
441 69
441 654
874 63
441 855
775 441
546 857
597 336
632 581
886 878
788 441
992 441
441 192
524 846
441 474
614 850
441 224
792 664
99 569
106 472
994 441
823 975
559 441
950 441
232 85
441 562
358 736
965 975
447 682
441 800
448 441
441 411
913 441
842 441
262 441
388 43
569 441
700 668
602 703
613 967
891 211
852 441
780 441
711 302
441 193
214 788
501 893
143 73
921 828
277 422
229 321
159 32
858 255
636 185
556 441
441 41
87 587
753 264
88 441
441 203
441 511
582 441
869 260
341 441
487 474
61 490
925 441
491 880
999 441
452 648
410 615
85 223
441 796
441 376
441 346
803 774
392 441
441 519
673 227
259 31
265 580
720 36
960 563
469 778
200 364
19 445
289 674
882 441
179 770
308 978
441 389
441 996
219 352
347 624
289 309
950 557
821 441
530 441
722 686
521 350
988 17
672 773
426 81
441 642
922 441
225 182
642 110
849 368
415 374
441 59
880 493
339 834
441 248
952 101
745 378
441 42
441 814
678 554
768 441
702 441
997 686
441 934
252 571
997 441
441 361
441 630
735 929
738 441
458 934
679 593
174 961
407 291
50 625
594 38
839 381
461 307
705 441
251 441
441 335
604 441
148 815
515 164
441 887
441 101
191 843
70 879
927 441
555 433
417 299
728 315
127 441
282 441
268 341
441 664
441 733
508 752
441 258
946 809
864 448
441 211
956 100
83 650
958 984
441 627
449 441
957 166
930 441
186 486
20 441
441 707
441 87
532 130
909 758
511 868
311 197
867 928
629 741
938 830
348 701
212 441
119 441
135 550
441 231
885 938
153 18
538 171
999 933
309 674
754 782
737 293
962 441
353 441
441 285
517 344
534 812
188 441
722 997
751 201
9 513
12 296
797 931
441 404
728 441
602 475
508 951
441 412
441 383
797 441
398 109
872 793
441 430
441 428
527 669
456 441
903 605
355 671
655 441
441 355
503 385
214 816
74 441
641 802
479 620
767 727
249 441
822 818
441 531
441 523
762 441
243 985
441 359
200 170
441 451
861 101
478 631
455 31
454 635
164 250
136 441
616 478
441 318
441 790
807 37
43 441
441 261
157 968
287 924
699 441
331 795
548 441
878 441
889 647
441 124
949 619
608 589
288 441
224 784
148 284
345 441
172 441
187 772
675 820
492 62
785 441
91 479
825 441
514 759
685 313
343 441
503 441
848 390
551 335
494 441
965 823
541 892
441 19
606 441
824 691
441 6
769 317
441 109
47 592
441 956
453 40
441 174
1 776
370 233
180 215
987 32
554 199
441 457
833 441
889 441
441 372
441 619
283 706
787 441
322 984
528 441
267 217
491 493
250 515
918 128
441 942
441 235
500 715
242 767
490 482
17 871
929 441
134 441
441 382
746 441
302 977
136 634
888 441
79 441
539 753
228 837
168 167
303 603
441 697
441 443
945 441
617 369
8 441
475 703
318 247
622 627
441 300
297 441
687 962
384 774
749 378
112 441
892 441
384 803
910 318
711 977
441 884
989 441
897 127
380 441
441 461
983 40
13 659
947 946
441 895
441 15
350 213
441 432
748 441
441 210
113 441
520 724
760 441
905 441
137 271
30 441
603 970
667 441
9 457
20 178
809 947
912 936
441 685
2 424
610 670
863 36
679 441
539 264
296 695
228 441
441 431
875 29
301 139
269 441
568 136
361 755
441 190
441 978
904 401
878 817
441 939
462 241
758 441
441 514
62 316
441 896
232 441
856 273
178 595
723 327
197 821
441 77
419 441
3 441
521 213
854 313
849 570
421 669
441 234
51 931
648 429
329 376
79 847
274 543
901 462
728 496
413 596
790 794
170 364
988 871
920 441
344 734
690 441
441 173
441 220
103 34
561 441
824 905
708 390
441 936
968 800
441 196
351 468
441 603
120 441
160 597
441 713
441 129
336 160
736 654
441 844
441 692
177 441
788 816
80 689
68 766
785 416
202 937
496 315
328 218
385 204
262 761
661 441
782 367
441 875
189 441
811 254
441 611
299 406
149 853
441 670
943 446
872 441
595 20
646 379
344 441
544 441
441 594
441 839
979 405
982 147
851 64
441 16
510 6
455 259
202 312
55 542
739 646
952 861
663 862
726 608
182 441
441 873
877 742
568 634
78 48
60 57
427 82
675 33
282 795
186 441
441 319
969 397
93 448
718 274
420 845
564 505
437 441
544 572
502 332
439 713
955 371
574 3
342 72
283 441
446 609
441 208
209 110
844 495
996 98
245 257
94 34
441 24
681 927
441 948
21 70
466 394
739 379
908 955
441 584
416 747
441 586
672 430
441 601
452 429
441 899
441 509
662 441
142 441
900 881
649 441
966 441
519 342
976 757
198 133
538 441
919 441
441 271
441 710
656 542
887 393
751 729
450 912
64 441
441 298
441 490
441 242
558 790
162 518
441 732
953 556
108 991
628 106
38 96
828 771
441 580
862 586
61 482
579 42
398 876
441 477
330 127
589 726
230 842
306 23
441 550
282 331
270 187
829 898
340 25
815 441
705 638
585 440
624 184
441 725
323 328
441 770
84 294
540 188
439 944
480 11
990 441
441 981
97 441
659 577
441 397
50 704
441 799
441 695
304 441
533 337
441 122
951 752
632 240
441 118
606 425
884 75
441 371
743 441
915 441
800 157
226 400
109 876
827 677
749 745
360 89
259 441
573 227
748 512
759 526
128 476
441 65
441 91
664 914
367 754
441 578
894 919
941 156
111 441
118 644
53 441
371 908
441 527
441 720
964 441
625 704
181 811
470 18
441 373
441 39
441 107
601 467
441 786
585 441
970 303
885 830
660 441
527 421
604 599
565 507
944 713
441 164
590 881
442 125
902 623
741 789
441 123
724 730
441 680
441 420
408 360
779 893
623 814
642 209
441 484
484 349
936 450
441 987
58 143
441 23
786 454
971 441
116 332
677 396
441 480
693 808
763 572
883 896
354 441
441 362
650 441
813 687
901 241
441 726
529 469
441 694
441 583
973 441
53 435
399 775
678 441
403 846
441 33
93 864
444 372
441 13
74 410
950 637
779 501
122 413
773 430
441 140
555 263
21 441
986 207
776 441
666 423
807 77
594 96
804 217
441 276
937 312
316 492
868 438
488 441
441 629
730 520
581 240
206 444
581 441
33 820
522 441
305 441
181 441
441 645
679 104
714 147
152 1000
532 806
117 441
86 394
242 727
618 913
441 801
750 441
407 441
441 505
907 979
436 441
849 441
963 626
441 607
596 122
708 441
441 866
509 676
105 653
68 441
262 859
254 181
537 468
1 56
902 814
500 140
90 243
441 446
488 180
407 497
441 982
441 972
441 406
696 657
441 566
369 441
920 253
288 836
424 441
441 49
960 940
441 937
441 516
199 678
185 121
777 145
703 441
445 266
476 918
441 462
819 441
441 347
429 441
441 974
152 575
628 472
48 441
576 441
447 365
995 441
441 221
222 123
21 879
835 314
808 441
803 441
218 323
666 441
459 233
37 77
279 441
294 688
441 293
894 665
132 994
607 126
492 441
631 616
485 857
368 570
805 441
914 792
41 131
73 58
400 866
441 25
252 441
176 441
441 704
441 592
441 163
326 441
981 928
701 158
917 592
275 4
35 441
441 294
434 700
441 236
613 208
863 720
441 843
212 333
870 441
578 658
663 586
363 441
441 301
821 311
598 124
621 441
18 441
257 441
441 765
791 916
74 615
47 917
769 441
3 588
441 764
714 982
702 567
503 204
656 55
334 399
247 910
535 441
867 981
362 144
441 652
993 536
734 517
54 142
151 45
633 548
940 563
718 441
987 159
130 806
26 441
579 489
951 441
441 641
441 921
210 683
357 441
128 441
441 292
889 831
395 441
786 635
506 353
529 441
441 947
666 22
646 441
850 324
959 5
76 583
441 791
17 441
441 66
732 810
72 519
480 272
95 211
441 986
900 590
441 145
897 330
347 184
709 441
921 771
518 441
405 907
488 215
441 277
417 406
463 441
244 441
441 591
466 86
94 103
887 239
442 441
273 441
154 441
320 415
831 647
441 114
708 848
853 441
441 200
911 431
890 441
24 194
418 441
155 441
441 366
104 593
558 794
588 574
138 580
526 514
441 818
761 859
441 459
552 832
441 555
396 827
525 441
414 441
441 460
358 654
441 835
441 998
441 533
834 441
441 804
355 612
881 441
235 205
441 350
441 614
823 441
630 980
441 169
622 923
441 468
441 216
612 671
281 388
865 248
591 877
396 441
547 441
243 441
1000 575
614 324
667 481
207 14
626 906
183 395
441 926
860 441
483 441
549 366
161 404
43 281
983 453
709 740
502 116
778 529
351 537
441 447
471 221
665 919
441 957
92 441
942 102
310 441
441 270
176 651
830 441
502 441
266 19
441 81
782 441
133 441
465 696
441 237
668 434
275 717
150 238
441 674
441 86
95 891
826 35
325 258
673 441
223 232
441 869
441 534
499 441
840 171
441 829
165 870
815 284
441 744
263 433
958 441
134 781
717 441
643 441
174 52
322 958
733 375
89 408
441 80
783 441
441 320
441 597
491 441
749 441
67 166
441 34
712 25
785 747
12 695
348 158
764 464
441 560
962 813
387 559
772 270
573 673
441 653
731 441
629 789
219 441
544 763
538 840
391 825
441 520
13 577
121 441
372 206
906 963
334 775
154 156
637 557
51 797
201 441
441 106
657 465
441 10
731 954
941 154
7 441
757 441
711 441
545 441
286 925
441 377
441 874
141 441
893 441
356 255
401 441
295 441
4 717
441 605
963 441
365 682
201 729
441 983
441 473
441 218
441 565
151 441
44 441
459 370
553 915
291 497
374 320
46 441
905 691
636 121
498 220
11 272
356 858
256 389
960 441
998 639
524 403
238 441
67 957
609 943
441 280
441 841
405 441
441 753
120 195
441 478
967 208
115 428
310 146
441 338
924 441
403 441
441 838
393 239
866 226
441 175
441 82
441 167
457 513
441 89
138 265
756 7
438 511
489 42
959 441
819 246
108 441
640 297
685 854
620 91
715 140
985 90
441 698
441 58
441 255
776 56
441 229
804 267
402 283
591 742
14 986
485 546
441 552
441 993
348 441
935 441
441 532
1149
520 111
528 374
507 915
693 57
198 915
67 727
752 958
963 401
915 337
915 993
915 722
915 41
915 441
264 645
915 15
915 223
24 255
956 73
790 915
343 121
915 159
663 915
606 143
922 668
915 738
915 225
854 269
915 333
915 91
915 513
424 795
313 684
986 915
137 237
164 658
52 387
806 915
915 700
494 656
708 782
830 409
740 116
676 915
915 480
169 310
271 757
363 215
915 907
915 389
915 734
173 140
180 915
326 730
923 915
288 915
330 898
566 706
546 915
718 878
588 576
478 78
4 915
451 915
804 551
329 32
915 87
778 489
877 211
218 817
119 899
915 592
810 213
380 163
829 915
183 439
691 739
351 416
604 81
915 950
903 34
966 915
112 733
216 326
151 255
201 581
915 436
993 65
915 788
107 46
784 664
915 748
290 915
915 162
915 110
417 915
348 921
168 926
23 821
319 524
364 805
915 148
955 649
807 299
372 915
915 517
2 459
306 879
206 915
915 127
915 12
52 368
482 915
3 754
427 383
915 720
857 428
308 141
45 182
705 257
93 752
915 396
227 270
506 85
915 503
915 325
956 915
796 637
895 118
915 918
915 357
669 598
695 697
915 827
915 205
691 397
744 82
915 237
129 627
144 852
558 17
662 36
582 205
843 915
309 867
268 912
444 915
209 798
915 414
882 512
952 915
915 259
931 609
514 351
597 295
848 233
51 915
655 908
957 915
410 915
303 230
638 212
915 203
839 915
7 275
915 871
488 43
550 915
915 726
915 577
259 86
915 418
315 835
246 3
328 802
915 840
815 222
946 970
37 968
455 915
915 245
915 638
447 186
890 915
876 59
822 581
469 899
187 834
529 797
288 608
495 915
915 943
915 739
915 548
767 777
176 468
22 872
4 181
463 61
140 369
915 142
915 609
379 286
541 621
77 504
556 977
915 991
440 578
255 915
915 994
320 843
32 915
535 915
453 163
208 49
915 3
915 666
669 715
169 915
915 980
561 313
35 915
471 467
113 915
171 915
66 877
915 239
101 816
94 915
367 418
294 911
915 221
39 526
915 195
312 336
915 434
915 673
915 138
537 653
709 199
617 904
474 608
565 841
874 915
493 915
631 28
678 290
983 651
366 105
665 915
915 277
333 459
190 915
915 308
473 915
101 803
508 915
569 304
665 820
915 228
915 854
219 915
942 99
793 709
701 571
340 109
418 155
915 933
567 12
260 434
424 915
915 74
763 141
812 265
915 335
450 92
915 371
576 915
915 433
915 998
915 626
497 28
130 915
594 903
889 537
965 692
915 248
297 915
785 915
851 91
901 48
915 496
337 896
915 526
915 932
780 914
914 382
921 836
89 307
438 915
853 915
789 792
338 227
562 100
915 370
915 598
838 853
57 907
371 960
354 481
222 53
724 915
63 782
987 706
24 151
915 464
531 915
624 359
591 870
540 666
390 191
128 699
437 492
408 974
829 997
737 723
974 242
778 769
345 85
915 58
833 696
915 707
847 915
996 616
915 60
915 122
439 915
976 105
915 714
915 888
915 30
915 332
263 915
416 514
961 991
610 915
600 99
552 915
581 915
915 445
911 166
247 864
10 915
70 438
239 202
358 915
915 43
685 915
486 545
915 96
984 787
895 429
571 939
345 506
915 695
163 915
904 919
497 631
750 915
292 289
87 773
915 758
915 900
915 109
177 373
741 40
915 809
836 348
915 197
915 8
183 240
23 915
774 530
469 915
615 194
990 22
915 413
616 915
461 40
886 217
125 915
915 220
932 126
443 568
671 448
43 735
915 104
645 842
350 868
270 338
160 915
489 769
915 419
915 276
515 915
480 599
939 915
223 27
915 491
915 504
915 116
915 826
626 292
792 799
62 764
318 798
915 689
611 915
298 517
915 544
611 978
317 915
954 855
644 887
698 915
746 214
915 226
339 256
342 915
915 802
138 688
19 188
551 41
456 247
147 784
441 969
306 403
521 915
620 736
915 926
226 753
450 915
85 915
75 130
915 721
322 915
915 189
915 67
232 106
536 915
915 908
736 95
531 642
100 483
170 775
401 915
391 915
682 915
89 915
570 321
915 590
915 913
640 837
915 613
621 405
866 915
915 316
330 915
915 945
984 915
788 102
512 747
845 915
716 915
885 915
915 664
117 576
995 287
98 915
470 595
905 694
806 775
53 815
915 906
36 586
915 490
679 642
468 279
731 362
718 682
526 231
111 915
444 354
602 915
465 786
878 682
705 915
915 635
516 848
915 557
867 244
505 64
806 170
511 213
182 114
915 500
164 702
915 374
915 856
915 373
983 629
377 304
200 755
915 645
377 569
267 728
915 319
968 915
236 311
988 915
469 119
796 915
769 915
559 500
196 266
246 754
295 915
534 648
732 915
313 915
776 858
230 915
511 810
446 400
88 487
704 411
942 600
488 735
837 915
261 915
381 419
721 542
435 499
572 224
385 577
915 45
389 188
407 915
307 18
930 290
932 252
311 915
98 150
915 324
915 216
915 209
131 818
915 761
572 628
911 915
976 915
532 767
894 619
361 915
452 915
562 915
476 273
365 400
20 177
336 915
240 439
915 604
375 949
89 18
939 701
831 295
925 484
733 360
224 915
915 33
123 915
456 915
936 321
425 915
369 173
934 941
464 779
174 915
389 19
156 915
585 652
327 915
915 742
915 777
62 915
437 915
807 959
721 479
852 431
920 685
510 81
547 580
915 511
605 121
915 711
915 999
83 915
959 299
757 297
915 855
849 277
918 386
915 614
972 59
63 708
915 603
127 145
915 254
915 553
465 425
96 395
686 915
365 446
915 674
209 318
915 578
110 356
915 808
2 333
355 794
392 441
915 499
866 953
915 446
289 626
915 38
427 5
937 915
915 671
574 32
172 683
915 717
533 716
93 958
301 544
229 915
1 256
771 472
863 223
233 516
805 994
869 324
980 634
915 934
299 915
655 646
889 653
915 31
915 660
332 725
915 618
555 915
546 781
42 915
969 392
915 917
915 568
811 467
915 846
1000 915
288 474
915 472
915 824
199 793
97 915
153 915
915 416
915 704
915 282
583 915
678 930
789 915
915 800
952 44
915 573
915 901
487 284
848 915
382 780
915 207
134 915
915 585
479 542
825 228
9 866
915 184
5 383
629 651
199 915
915 398
461 741
915 108
639 143
580 610
98 426
34 594
82 915
833 915
399 931
915 622
915 394
915 405
353 438
915 615
915 651
473 641
884 915
803 816
27 863
915 995
915 306
804 41
422 285
375 915
964 790
667 283
873 522
175 915
468 915
915 699
317 519
210 915
965 915
300 791
768 915
915 344
915 14
613 359
378 135
947 915
402 207
925 885
861 86
656 710
494 915
756 82
453 380
915 191
924 133
185 421
915 958
217 915
915 71
407 612
647 893
129 915
155 367
107 915
238 915
342 302
915 243
146 915
53 915
830 915
610 547
915 262
583 55
152 915
485 319
229 828
915 131
235 717
786 425
305 915
548 591
176 279
321 915
309 244
915 281
915 558
951 915
445 463
430 859
154 915
790 179
915 817
300 460
712 915
33 801
915 981
50 544
990 872
56 854
670 834
915 794
915 534
662 586
329 574
64 915
619 915
964 179
388 168
61 445
297 271
135 915
693 907
466 694
929 700
982 883
972 876
680 160
675 281
204 915
464 935
117 588
915 623
690 732
915 677
397 739
15 352
471 811
986 713
813 915
765 915
916 749
625 623
915 575
647 167
388 926
864 456
915 26
915 273
594 915
915 1
232 915
541 405
723 862
924 915
831 597
973 12
636 123
760 915
992 915
915 882
861 259
391 643
973 567
316 946
67 346
563 871
495 384
827 25
264 842
915 423
475 915
186 76
915 21
549 92
657 915
688 477
915 29
348 915
844 938
915 875
124 915
858 915
915 268
347 915
336 633
915 683
897 238
272 35
915 343
55 249
296 915
962 108
303 331
139 915
569 915
915 118
915 6
915 420
66 211
821 291
311 860
234 915
457 172
373 20
834 915
274 51
9 953
145 165
140 915
994 364
749 768
915 910
915 280
14 630
915 13
915 632
915 892
415 650
230 331
314 396
989 915
132 950
620 915
977 125
220 668
915 944
63 915
915 363
253 404
915 509
667 923
891 881
755 915
414 672
539 717
661 999
315 915
579 79
564 742
940 823
457 683
765 607
28 915
974 915
715 598
242 408
538 623
562 483
710 494
967 915
70 353
945 979
915 422
16 915
293 915
157 174
985 421
777 532
241 915
915 120
870 548
312 633
554 915
915 415
429 118
909 915
919 617
342 975
719 68
729 361
515 728
343 605
789 799
915 902
915 723
915 647
915 797
987 566
161 6
518 659
556 125
915 103
412 915
971 915
595 915
185 985
249 583
915 275
639 606
879 403
841 915
76 447
822 201
649 915
477 138
646 908
727 346
339 1
672 449
915 79
284 88
376 349
791 460
915 486
49 915
743 915
916 768
915 334
658 915
601 915
42 832
915 881
466 905
513 11
915 566
276 432
702 658
922 220
543 915
915 814
915 90
40 915
150 426
428 915
549 450
127 165
915 844
451 868
300 915
915 478
763 308
850 915
606 915
772 915
915 101
624 613
609 399
587 341
178 486
393 69
915 687
278 915
915 404
779 935
251 325
360 112
442 915
915 617
915 379
915 467
88 915
915 770
29 880
458 774
915 653
344 527
915 115
126 252
731 915
915 196
620 95
670 187
524 485
659 394
845 501
139 525
235 539
928 915
39 231
515 267
860 236
302 975
50 301
454 915
703 856
366 976
462 915
341 915
427 915
915 852
387 915
178 545
915 530
414 449
927 915
192 90
294 166
522 915
686 819
484 885
865 915
535 158
382 915
915 244
751 915
406 915
676 745
56 269
664 147
743 948
746 915
915 762
915 584
262 589
915 54
915 22
59 915
13 258
156 80
882 747
561 684
347 887
536 560
812 915
915 942
915 823
877 915
291 23
915 596
47 442
338 915
625 538
730 216
681 915
862 737
915 985
498 738
936 570
884 250
193 915
136 152
694 915
350 451
915 733
394 518
144 431
915 186
628 224
604 510
662 915
915 349
84 159
893 167
988 654
502 915
68 915
316 970
766 915
698 593
679 531
865 323
915 393
724 783
26 72
149 915
915 523
444 481
530 458
387 368
430 915
915 883
347 644
915 759
923 283
114 45
744 756
