4000
3999
1 2
2 3
3 4
4 5
5 6
6 7
7 8
8 9
9 10
10 3925
3925 1648
1648 3717
3717 3985
3985 953
953 2422
2422 552
552 2622
2622 704
704 920
920 212
212 989
989 490
490 3837
3837 1013
1013 1980
1980 1845
1845 3602
3602 1704
1704 3447
3447 2340
2340 156
156 1141
1141 2947
2947 1627
1627 1468
1468 1318
1318 1337
1337 2126
2126 2645
2645 793
793 3720
3720 633
633 1241
1241 1487
1487 3129
3129 3899
3899 3486
3486 3908
3908 2952
2952 153
153 1889
1889 1090
1090 3589
3589 226
226 1827
1827 3848
3848 3264
3264 3777
3777 491
491 3040
3040 3301
3301 3009
3009 457
457 406
406 1635
1635 3520
3520 1084
1084 3489
3489 3601
3601 502
502 1073
1073 1975
1975 565
565 542
542 1615
1615 587
587 897
897 3712
3712 1235
1235 459
459 1501
1501 935
935 3112
3112 1037
1037 1955
1955 1038
1038 3387
3387 1870
1870 1442
1442 142
142 1035
1035 2654
2654 3446
3446 2517
2517 38
38 3448
3448 3128
3128 2892
2892 557
557 2579
2579 2330
2330 2286
2286 3650
3650 3490
3490 3416
3416 2191
2191 563
563 3263
3263 2819
2819 3894
3894 731
731 3983
3983 1458
1458 268
268 2806
2806 2566
2566 2860
2860 2075
2075 3268
3268 3647
3647 2703
2703 700
700 1853
1853 3158
3158 3175
3175 35
35 1461
1461 3897
3897 2169
2169 3354
3354 3422
3422 2167
2167 1645
1645 17
17 3011
3011 1665
1665 2849
2849 1868
1868 655
655 1465
1465 3186
3186 2824
2824 3891
3891 1261
1261 1899
1899 3312
3312 451
451 2176
2176 767
767 1920
1920 3125
3125 3431
3431 2535
2535 1380
1380 1286
1286 3566
3566 2948
2948 3705
3705 3571
3571 389
389 2794
2794 369
369 338
338 1167
1167 2186
2186 2565
2565 2058
2058 3469
3469 2726
2726 1391
1391 3335
3335 3976
3976 1336
1336 48
48 277
277 1896
1896 125
125 179
179 34
34 1265
1265 1652
1652 1335
1335 2589
2589 1922
1922 2682
2682 1003
1003 1260
1260 671
671 303
303 54
54 2939
2939 2150
2150 2774
2774 974
974 2306
2306 676
676 1370
1370 1940
1940 513
513 1689
1689 2294
2294 2133
2133 3385
3385 3684
3684 699
699 1562
1562 776
776 2830
2830 940
940 3246
3246 1067
1067 141
141 2331
2331 2786
2786 3523
3523 2195
2195 1539
1539 2769
2769 2607
2607 2429
2429 566
566 319
319 2627
2627 3585
3585 3747
3747 1721
1721 718
718 1871
1871 1328
1328 439
439 396
396 355
355 3039
3039 1046
1046 1804
1804 1221
1221 204
204 2338
2338 3402
3402 616
616 3233
3233 2213
2213 1675
1675 1165
1165 1097
1097 90
90 46
46 787
787 2062
2062 2746
2746 3703
3703 3766
3766 3163
3163 3748
3748 1802
1802 1428
1428 2932
2932 192
192 1603
1603 642
642 701
701 1794
1794 197
197 2006
2006 1624
1624 2837
2837 350
350 669
669 2938
2938 1646
1646 2707
2707 870
870 291
291 452
452 50
50 437
437 382
382 3544
3544 3592
3592 1269
1269 630
630 3336
3336 3211
3211 538
538 3575
3575 2996
2996 3822
3822 1810
1810 1703
1703 3576
3576 2598
2598 641
641 806
806 1893
1893 1760
1760 892
892 2099
2099 2552
2552 2634
2634 1608
1608 3217
3217 1673
1673 2693
2693 865
865 2771
2771 2671
2671 2526
2526 3683
3683 3803
3803 276
276 3449
3449 2209
2209 580
580 736
736 2484
2484 3253
3253 3865
3865 2151
2151 159
159 3133
3133 1617
1617 2846
2846 394
394 2254
2254 3924
3924 3527
3527 3674
3674 1660
1660 2438
2438 2290
2290 808
808 3351
3351 1270
1270 1288
1288 1593
1593 11
11 163
163 1716
1716 2972
2972 1844
1844 3083
3083 1239
1239 1971
1971 1953
1953 1297
1297 3695
3695 1957
1957 3173
3173 367
367 2464
2464 1884
1884 3754
3754 634
634 1374
1374 3568
3568 3505
3505 3614
3614 1805
1805 913
913 2647
2647 3905
3905 1776
1776 3114
3114 3236
3236 1930
1930 1028
1028 3296
3296 36
36 3484
3484 3194
3194 1393
1393 1041
1041 3716
3716 2760
2760 3947
3947 471
471 3668
3668 498
498 2752
2752 3921
3921 2242
2242 1076
1076 3436
3436 2533
2533 2216
2216 2835
2835 1469
1469 1233
1233 177
177 2596
2596 2188
2188 1697
1697 2541
2541 993
993 2388
2388 797
797 3270
3270 1383
1383 227
227 3030
3030 3972
3972 1448
1448 311
311 1144
1144 3340
3340 3380
3380 3677
3677 1364
1364 2635
2635 3048
3048 314
314 2839
2839 2962
2962 585
585 2047
2047 3878
3878 2681
2681 325
325 1762
1762 638
638 140
140 1387
1387 2129
2129 3565
3565 2223
2223 3421
3421 1365
1365 2120
2120 331
331 3244
3244 1948
1948 2304
2304 3896
3896 2999
2999 3239
3239 1879
1879 1709
1709 222
222 194
194 947
947 60
60 2787
2787 2504
2504 450
450 1069
1069 2657
2657 3381
3381 1875
1875 3795
3795 1519
1519 2018
2018 1996
1996 354
354 768
768 1319
1319 800
800 1729
1729 2248
2248 714
714 2969
2969 2221
2221 3393
3393 3033
3033 1368
1368 1887
1887 2630
2630 1257
1257 448
448 3193
3193 2661
2661 1113
1113 3366
3366 3364
3364 930
930 2733
2733 2652
2652 1100
1100 3015
3015 2401
2401 900
900 1087
1087 1841
1841 2683
2683 1829
1829 1850
1850 1688
1688 734
734 694
694 1701
1701 3216
3216 3788
3788 2877
2877 550
550 1479
1479 2460
2460 1840
1840 3736
3736 3615
3615 1659
1659 3950
3950 417
417 811
811 3689
3689 3861
3861 3685
3685 912
912 2426
2426 1706
1706 3046
3046 3201
3201 3409
3409 220
220 2978
2978 2955
2955 1385
1385 2898
2898 2988
2988 3867
3867 298
298 2428
2428 965
965 1438
1438 3056
3056 1681
1681 2297
2297 3180
3180 300
300 1791
1791 2021
2021 3087
3087 2937
2937 556
556 2143
2143 3098
3098 2160
2160 702
702 3890
3890 960
960 646
646 3508
3508 2572
2572 3570
3570 936
936 549
549 1938
1938 2405
2405 2070
2070 3636
3636 1749
1749 2127
2127 3888
3888 1211
1211 436
436 1874
1874 3680
3680 3117
3117 2323
2323 2419
2419 2063
2063 2300
2300 3839
3839 1511
1511 3372
3372 3279
3279 2617
2617 2115
2115 956
956 167
167 3553
3553 569
569 188
188 3519
3519 1914
1914 813
813 3292
3292 2666
2666 3341
3341 1463
1463 3123
3123 2336
2336 1642
1642 534
534 2845
2845 2624
2624 1429
1429 191
191 3515
3515 2644
2644 1890
1890 1524
1524 2567
2567 2798
2798 2764
2764 398
398 22
22 3162
3162 1537
1537 3687
3687 2158
2158 231
231 1499
1499 517
517 1682
1682 2339
2339 945
945 532
532 3512
3512 1604
1604 3562
3562 643
643 181
181 527
527 1214
1214 803
803 2124
2124 3440
3440 2217
2217 2984
2984 1587
1587 2857
2857 2875
2875 3430
3430 1036
1036 2313
2313 2631
2631 2501
2501 3582
3582 3762
3762 2768
2768 3546
3546 434
434 3191
3191 1530
1530 1986
1986 74
74 2478
2478 1740
1740 2871
2871 1679
1679 3455
3455 3084
3084 2258
2258 3267
3267 3248
3248 1532
1532 2105
2105 3928
3928 1771
1771 3506
3506 1215
1215 1790
1790 146
146 3070
3070 2347
2347 2709
2709 266
266 3655
3655 966
966 3069
3069 864
864 1702
1702 1457
1457 217
217 1305
1305 1164
1164 3266
3266 595
595 1759
1759 2728
2728 1093
1093 2051
2051 1958
1958 2616
2616 468
468 933
933 2432
2432 1307
1307 221
221 1021
1021 922
922 2953
2953 3923
3923 2199
2199 2899
2899 2960
2960 1175
1175 1124
1124 723
723 2326
2326 3694
3694 715
715 2568
2568 2851
2851 632
632 2619
2619 3608
3608 2241
2241 387
387 3035
3035 3799
3799 3869
3869 1389
1389 2740
2740 2758
2758 1128
1128 3086
3086 654
654 1142
1142 1082
1082 2078
2078 2697
2697 364
364 657
657 2132
2132 3981
3981 3002
3002 3063
3063 444
444 503
503 929
929 2722
2722 1605
1605 2249
2249 982
982 1000
1000 151
151 1913
1913 887
887 3734
3734 2940
2940 3987
3987 213
213 3859
3859 24
24 475
475 358
358 2106
2106 1410
1410 3978
3978 3618
3618 1590
1590 1455
1455 3437
3437 3529
3529 756
756 708
708 2287
2287 2558
2558 3008
3008 1437
1437 2247
2247 2963
2963 1941
1941 1375
1375 2985
2985 2905
2905 1133
1133 134
134 3284
3284 1109
1109 1426
1426 2615
2615 3483
3483 3811
3811 391
391 455
455 80
80 752
752 541
541 2584
2584 3304
3304 2359
2359 1903
1903 3221
3221 2976
2976 2994
2994 174
174 2612
2612 3912
3912 1510
1510 3829
3829 171
171 1582
1582 749
749 2387
2387 2730
2730 3252
3252 3019
3019 3870
3870 346
346 3316
3316 1664
1664 934
934 2855
2855 3927
3927 535
535 1944
1944 2342
2342 626
626 3352
3352 1016
1016 2587
2587 3977
3977 1931
1931 2986
2986 888
888 1554
1554 3836
3836 2227
2227 1885
1885 3168
3168 1300
1300 2864
2864 135
135 2646
2646 3937
3937 3203
3203 31
31 1294
1294 1881
1881 2109
2109 3753
3753 3205
3205 3572
3572 1423
1423 670
670 3159
3159 2351
2351 2102
2102 955
955 1229
1229 1534
1534 948
948 3612
3612 3411
3411 2625
2625 72
72 482
482 1209
1209 392
392 688
688 1194
1194 3338
3338 1398
1398 43
43 2310
2310 996
996 130
130 3593
3593 2998
2998 2606
2606 1580
1580 1382
1382 2451
2451 746
746 2799
2799 3230
3230 660
660 2320
2320 3833
3833 3939
3939 3451
3451 1789
1789 1820
1820 2168
2168 2333
2333 3027
3027 1613
1613 2329
2329 3442
3442 2951
2951 1782
1782 3059
3059 3574
3574 1088
1088 2364
2364 3974
3974 2915
2915 1641
1641 1441
1441 1500
1500 2288
2288 1089
1089 1713
1713 2735
2735 2013
2013 2382
2382 223
223 1924
1924 1769
1769 3791
3791 713
713 1947
1947 2979
2979 3013
3013 1683
1683 691
691 108
108 2265
2265 1983
1983 1710
1710 1057
1057 1661
1661 1768
1768 623
623 658
658 1502
1502 3789
3789 2084
2084 3769
3769 3801
3801 2444
2444 1200
1200 2876
2876 1784
1784 33
33 3245
3245 3119
3119 1834
1834 3578
3578 666
666 1178
1178 1250
1250 2688
2688 2332
2332 2767
2767 729
729 1518
1518 2369
2369 3390
3390 1158
1158 3318
3318 744
744 186
186 2100
2100 1363
1363 678
678 2882
2882 1108
1108 664
664 366
366 1891
1891 1527
1527 663
663 3818
3818 1404
1404 1839
1839 986
986 779
779 1505
1505 395
395 3732
3732 1359
1359 1550
1550 537
537 3213
3213 81
81 590
590 2325
2325 2968
2968 481
481 2035
2035 421
421 2301
2301 3028
3028 3258
3258 1901
1901 3052
3052 3036
3036 1561
1561 1012
1012 2894
2894 1974
1974 1752
1752 2796
2796 3285
3285 1480
1480 1775
1775 1341
1341 1907
1907 1754
1754 622
622 3654
3654 3643
3643 2267
2267 261
261 2453
2453 1386
1386 1020
1020 2236
2236 783
783 815
815 3459
3459 3507
3507 1039
1039 821
821 1966
1966 3831
3831 2660
2660 576
576 501
501 2108
2108 3367
3367 2943
2943 3109
3109 594
594 1495
1495 3664
3664 3876
3876 2580
2580 122
122 2277
2277 3764
3764 901
901 18
18 2031
2031 3756
3756 2093
2093 804
804 3961
3961 381
381 2219
2219 2888
2888 1764
1764 903
903 1056
1056 581
581 2742
2742 3195
3195 1898
1898 1321
1321 1774
1774 1535
1535 1099
1099 362
362 368
368 3214
3214 2878
2878 2417
2417 3215
3215 170
170 3930
3930 1597
1597 825
825 3557
3557 1198
1198 727
727 925
925 3525
3525 3452
3452 1340
1340 2946
2946 3269
3269 2614
2614 3763
3763 1291
1291 1079
1079 2406
2406 3767
3767 3607
3607 874
874 2532
2532 2848
2848 66
66 1344
1344 2695
2695 1992
1992 1900
1900 3208
3208 1183
1183 2791
2791 2232
2232 1601
1601 656
656 673
673 3889
3889 328
328 2088
2088 3206
3206 1251
1251 1407
1407 39
39 1677
1677 294
294 75
75 2356
2356 3406
3406 1276
1276 3708
3708 1095
1095 14
14 1225
1225 946
946 1607
1607 855
855 599
599 2936
2936 3958
3958 3227
3227 3810
3810 2189
2189 2079
2079 2384
2384 1125
1125 1139
1139 2494
2494 3807
3807 232
232 2424
2424 2141
2141 3141
3141 1705
1705 2434
2434 1247
1247 1306
1306 1062
1062 1314
1314 3577
3577 3629
3629 1843
1843 3329
3329 3184
3184 2048
2048 1725
1725 2904
2904 1894
1894 1811
1811 1045
1045 3164
3164 1018
1018 3740
3740 3784
3784 1541
1541 336
336 683
683 766
766 1308
1308 3693
3693 1147
1147 2557
2557 3165
3165 1420
1420 1282
1282 2770
2770 3787
3787 3397
3397 3306
3306 2751
2751 1739
1739 1671
1671 244
244 2412
2412 2004
2004 1765
1765 2072
2072 3739
3739 1190
1190 3825
3825 235
235 3262
3262 3910
3910 2907
2907 1653
1653 1838
1838 1065
1065 763
763 1528
1528 379
379 3773
3773 1163
1163 2925
2925 3412
3412 2095
2095 333
333 45
45 1695
1695 906
906 3516
3516 2766
2766 2398
2398 1008
1008 224
224 860
860 970
970 2590
2590 2748
2748 485
485 857
857 743
743 1136
1136 2800
2800 2686
2686 3770
3770 1424
1424 972
972 827
827 3913
3913 2273
2273 3190
3190 2425
2425 52
52 2620
2620 3604
3604 3429
3429 3476
3476 3023
3023 1123
1123 1732
1732 2655
2655 1699
1699 77
77 976
976 762
762 862
862 3250
3250 2240
2240 2534
2534 1897
1897 2328
2328 674
674 1563
1563 1102
1102 530
530 695
695 44
44 1735
1735 1203
1203 1591
1591 2776
2776 3139
3139 3884
3884 3721
3721 2475
2475 1237
1237 2473
2473 230
230 3407
3407 3426
3426 2307
2307 3821
3821 233
233 3828
3828 478
478 2896
2896 133
133 3594
3594 954
954 198
198 1973
1973 3207
3207 3711
3711 916
916 3941
3941 2941
2941 262
262 1658
1658 2171
2171 1396
1396 1985
1985 3089
3089 378
378 907
907 219
219 1488
1488 1577
1577 1691
1691 774
774 3605
3605 2042
2042 3688
3688 1736
1736 2788
2788 2225
2225 454
454 3081
3081 3179
3179 518
518 1255
1255 2469
2469 1384
1384 1394
1394 3796
3796 2520
2520 1160
1160 509
509 3371
3371 2508
2508 3417
3417 3834
3834 442
442 3794
3794 2399
2399 3243
3243 248
248 868
868 445
445 539
539 1050
1050 775
775 2922
2922 769
769 2496
2496 2500
2500 3273
3273 3369
3369 3032
3032 2514
2514 3350
3350 2840
2840 2524
2524 3984
3984 1402
1402 2402
2402 2737
2737 340
340 1280
1280 3146
3146 1606
1606 473
473 3731
3731 1552
1552 2576
2576 2665
2665 2775
2775 1846
1846 418
418 1910
1910 3349
3349 1634
1634 1115
1115 337
337 3388
3388 1960
1960 1526
1526 1728
1728 2926
2926 3775
3775 1155
1155 1908
1908 3698
3698 1777
1777 551
551 791
791 1285
1285 2276
2276 1415
1415 2843
2843 3126
3126 279
279 2251
2251 3047
3047 3665
3665 1906
1906 514
514 846
846 1618
1618 693
693 593
593 206
206 12
12 3104
3104 245
245 228
228 3241
3241 1414
1414 1140
1140 837
837 1492
1492 3276
3276 2201
2201 3377
3377 1657
1657 1544
1544 183
183 2450
2450 1388
1388 3500
3500 2502
2502 2098
2098 149
149 1262
1262 1180
1180 1837
1837 2497
2497 2296
2296 805
805 2488
2488 1994
1994 3092
3092 3714
3714 1878
1878 3065
3065 1031
1031 2621
2621 3622
3622 1197
1197 388
388 1005
1005 1120
1120 1357
1357 208
208 2001
2001 3737
3737 861
861 1191
1191 836
836 3463
3463 2717
2717 3467
3467 859
859 1349
1349 1303
1303 3091
3091 2076
2076 3202
3202 2640
2640 2965
2965 1304
1304 1202
1202 1722
1722 2023
2023 3964
3964 2736
2736 3967
3967 3400
3400 1542
1542 3143
3143 2278
2278 440
440 2991
2991 3122
3122 2394
2394 546
546 2993
2993 719
719 3951
3951 850
850 2720
2720 3105
3105 484
484 2509
2509 2311
2311 1030
1030 2975
2975 759
759 1559
1559 323
323 636
636 601
601 3074
3074 2668
2668 1998
1998 2797
2797 3414
3414 3332
3332 2813
2813 1858
1858 2196
2196 2578
2578 3432
3432 3134
3134 3242
3242 269
269 254
254 3136
3136 1116
1116 1356
1356 1105
1105 1460
1460 914
914 842
842 3903
3903 3051
3051 1324
1324 2538
2538 3398
3398 1818
1818 2324
2324 665
665 3518
3518 3781
3781 2491
2491 3378
3378 877
877 3853
3853 1888
1888 348
348 2352
2352 1060
1060 1096
1096 29
29 67
67 2361
2361 3204
3204 2318
2318 3434
3434 2667
2667 3317
3317 1867
1867 1574
1574 1565
1565 1566
1566 1644
1644 3359
3359 3323
3323 2581
2581 1330
1330 1828
1828 3043
3043 983
983 1921
1921 3026
3026 2548
2548 3471
3471 735
735 82
82 2090
2090 2493
2493 2918
2918 2053
2053 1503
1503 3879
3879 1033
1033 1077
1077 2906
2906 523
523 1755
1755 589
589 2745
2745 3150
3150 844
844 1273
1273 3503
3503 3389
3389 2482
2482 2089
2089 3690
3690 147
147 1476
1476 3384
3384 2642
2642 3662
3662 285
285 190
190 2355
2355 1965
1965 2052
2052 801
801 3686
3686 3443
3443 1557
1557 2676
2676 1540
1540 3348
3348 879
879 1023
1023 3873
3873 3181
3181 2499
2499 1610
1610 3320
3320 2268
2268 3347
3347 2017
2017 2125
2125 709
709 1134
1134 1753
1753 3140
3140 2679
2679 1564
1564 2637
2637 816
816 1315
1315 3401
3401 1218
1218 1397
1397 2230
2230 625
625 3564
3564 1763
1763 3856
3856 812
812 2086
2086 375
375 3814
3814 425
425 2814
2814 2604
2604 1258
1258 304
304 1619
1619 2780
2780 3441
3441 1548
1548 1567
1567 92
92 1182
1182 2270
2270 2718
2718 2016
2016 49
49 3373
3373 2204
2204 2135
2135 2556
2556 1694
1694 3812
3812 1379
1379 359
359 2920
2920 1417
1417 3420
3420 2210
2210 1849
1849 3595
3595 1651
1651 659
659 182
182 76
76 169
169 1982
1982 3006
3006 2449
2449 876
876 2859
2859 2801
2801 1816
1816 308
308 1066
1066 210
210 724
724 2003
2003 1857
1857 2312
2312 1734
1734 3672
3672 2140
2140 2357
2357 2492
2492 829
829 3339
3339 608
608 2692
2692 3012
3012 1322
1322 3290
3290 196
196 1217
1217 469
469 1019
1019 1213
1213 2714
2714 2945
2945 1612
1612 2261
2261 371
371 684
684 324
324 1516
1516 96
96 265
265 70
70 3045
3045 528
528 692
692 2373
2373 3656
3656 866
866 2014
2014 3475
3475 1783
1783 3281
3281 3278
3278 3816
3816 3379
3379 711
711 3247
3247 3793
3793 1640
1640 2608
2608 603
603 1862
1862 1216
1216 286
286 2138
2138 1596
1596 2433
2433 3911
3911 2511
2511 313
313 1137
1137 2828
2828 1372
1372 1009
1009 3642
3642 1860
1860 1772
1772 3073
3073 2250
2250 3031
3031 795
795 161
161 2847
2847 516
516 962
962 3702
3702 2183
2183 486
486 280
280 2025
2025 295
295 413
413 3535
3535 871
871 1743
1743 477
477 1177
1177 2159
2159 3142
3142 2104
2104 2131
2131 1934
1934 3792
3792 2700
2700 3616
3616 2379
2379 3218
3218 3514
3514 3080
3080 2897
2897 3491
3491 1188
1188 103
103 40
40 1825
1825 1283
1283 330
330 441
441 1486
1486 1219
1219 1064
1064 1851
1851 809
809 373
373 1181
1181 2992
2992 3842
3842 2753
2753 3548
3548 1795
1795 349
349 1068
1068 3579
3579 2966
2966 3563
3563 1656
1656 1553
1553 3025
3025 3480
3480 3428
3428 2467
2467 3965
3965 2274
2274 745
745 3082
3082 1793
1793 3102
3102 2599
2599 3549
3549 2956
2956 236
236 3830
3830 847
847 3334
3334 848
848 1107
1107 3055
3055 582
582 2299
2299 1186
1186 3075
3075 2755
2755 2137
2137 3315
3315 3360
3360 427
427 1001
1001 985
985 992
992 121
121 112
112 2964
2964 2973
2973 3274
3274 2805
2805 2762
2762 2613
2613 2997
2997 1117
1117 3427
3427 98
98 1094
1094 1643
1643 889
889 1927
1927 1800
1800 3914
3914 2757
2757 1905
1905 1352
1352 463
463 1326
1326 2832
2832 2924
2924 1600
1600 1485
1485 3498
3498 617
617 3121
3121 3435
3435 3746
3746 3813
3813 606
606 2212
2212 2092
2092 3940
3940 1830
1830 3634
3634 71
71 435
435 2390
2390 975
975 526
526 240
240 374
374 3653
3653 1865
1865 529
529 1956
1956 109
109 1043
1043 3819
3819 2783
2783 1972
1972 703
703 3704
3704 3147
3147 3053
3053 119
119 255
255 728
728 62
62 2155
2155 841
841 1227
1227 296
296 3926
3926 1416
1416 1439
1439 3375
3375 572
572 3118
3118 2371
2371 1427
1427 1807
1807 2416
2416 905
905 2949
2949 2917
2917 631
631 3532
3532 980
980 1454
1454 1869
1869 270
270 3973
3973 2027
2027 3511
3511 3196
3196 3003
3003 28
28 397
397 2117
2117 310
310 2809
2809 1143
1143 2663
2663 2358
2358 3272
3272 422
422 1149
1149 2902
2902 3798
3798 1252
1252 1325
1325 2465
2465 2873
2873 1866
1866 600
600 1977
1977 2319
2319 2335
2335 3741
3741 2521
2521 2050
2050 1715
1715 1061
1061 2461
2461 102
102 1047
1047 2850
2850 650
650 3132
3132 3226
3226 1212
1212 1991
1991 317
317 2184
2184 682
682 449
449 3185
3185 1693
1693 3257
3257 725
725 3591
3591 2808
2808 645
645 2409
2409 3530
3530 3487
3487 3584
3584 203
203 597
597 2732
2732 3641
3641 1312
1312 117
117 2705
2705 202
202 2443
2443 1238
1238 1193
1193 1272
1272 2724
2724 2185
2185 1268
1268 2458
2458 2967
2967 1872
1872 3824
3824 2194
2194 604
604 3219
3219 2930
2930 3551
3551 1950
1950 1773
1773 2148
2148 2971
2971 479
479 2103
2103 3325
3325 2603
2603 3692
3692 3847
3847 1680
1680 3302
3302 2269
2269 3504
3504 3679
3679 3742
3742 2341
2341 988
988 83
83 2553
2553 2781
2781 1523
1523 2559
2559 1937
1937 562
562 2094
2094 635
635 2028
2028 3652
3652 3231
3231 2659
2659 611
611 3513
3513 1277
1277 875
875 131
131 2883
2883 3531
3531 620
620 2457
2457 2123
2123 1576
1576 2173
2173 2958
2958 2446
2446 2161
2161 3068
3068 3188
3188 3229
3229 148
148 1650
1650 1006
1006 1943
1943 839
839 2691
2691 1588
1588 87
87 3198
3198 3395
3395 3376
3376 438
438 1478
1478 3326
3326 3107
3107 123
123 2413
2413 3394
3394 1377
1377 370
370 3099
3099 878
878 3041
3041 559
559 1726
1726 685
685 1961
1961 129
129 1187
1187 1400
1400 596
596 3238
3238 1118
1118 3072
3072 1712
1712 3860
3860 2879
2879 2395
2395 399
399 613
613 753
753 3648
3648 3156
3156 3800
3800 3167
3167 1666
1666 2435
2435 3916
3916 1302
1302 3197
3197 3709
3709 2961
2961 2153
2153 3478
3478 1298
1298 902
902 1014
1014 2220
2220 961
961 3155
3155 1579
1579 1489
1489 3805
3805 2677
2677 1373
1373 3611
3611 1939
1939 1700
1700 2081
2081 1508
1508 3581
3581 2266
2266 65
65 360
360 1242
1242 3725
3725 2082
2082 3286
3286 3541
3541 1482
1482 3864
3864 583
583 3237
3237 984
984 3774
3774 1059
1059 307
307 1766
1766 1026
1026 59
59 3321
3321 2782
2782 1266
1266 2481
2481 3177
3177 132
132 2392
2392 1432
1432 1462
1462 2157
2157 675
675 365
365 3863
3863 1747
1747 1201
1201 1259
1259 771
771 2466
2466 3603
3603 726
726 1514
1514 717
717 2527
2527 3014
3014 716
716 3587
3587 2067
2067 2582
2582 3874
3874 2954
2954 2649
2649 412
412 1581
1581 2910
2910 1406
1406 1936
1936 2391
2391 533
533 2142
2142 1621
1621 287
287 2908
2908 2000
2000 578
578 995
995 2874
2874 3778
3778 881
881 3938
3938 1558
1558 3499
3499 305
305 2934
2934 1275
1275 88
88 2669
2669 3918
3918 3307
3307 754
754 342
342 2575
2575 3907
3907 2020
2020 799
799 3361
3361 3649
3649 1159
1159 1568
1568 1808
1808 274
274 1029
1029 3135
3135 2708
2708 329
329 3989
3989 3567
3567 2713
2713 1655
1655 3846
3846 2636
2636 3957
3957 1453
1453 3049
3049 2121
2121 474
474 3715
3715 1342
1342 2696
2696 1799
1799 1230
1230 86
86 1854
1854 2773
2773 2314
2314 1826
1826 2923
2923 58
58 3151
3151 2172
2172 2959
2959 2377
2377 1575
1575 2056
2056 1192
1192 521
521 3408
3408 3314
3314 2368
2368 822
822 1392
1392 1504
1504 1668
1668 909
909 3232
3232 3761
3761 1195
1195 1135
1135 200
200 1112
1112 3096
3096 243
243 3265
3265 105
105 1623
1623 1817
1817 1560
1560 1354
1354 3152
3152 2789
2789 1231
1231 138
138 1555
1555 3249
3249 3539
3539 3760
3760 2036
2036 2303
2303 385
385 1459
1459 410
410 3313
3313 826
826 1122
1122 1672
1672 1842
1842 1034
1034 2197
2197 3111
3111 506
506 742
742 2002
2002 574
574 2350
2350 698
698 2711
2711 917
917 3849
3849 3556
3556 2366
2366 2295
2295 1148
1148 2889
2889 1179
1179 1184
1184 2281
2281 1467
1467 1490
1490 2505
2505 3588
3588 2701
2701 886
886 2283
2283 3370
3370 2170
2170 1549
1549 252
252 757
757 2470
2470 3138
3138 3727
3727 1446
1446 443
443 1531
1531 689
689 2744
2744 2550
2550 1933
1933 3212
3212 2293
2293 1205
1205 1520
1520 2687
2687 3545
3545 1440
1440 681
681 85
85 2974
2974 2348
2348 306
306 3171
3171 3271
3271 2761
2761 2238
2238 1316
1316 788
788 3502
3502 2595
2595 2059
2059 3353
3353 3808
3808 3473
3473 568
568 2821
2821 2573
2573 3920
3920 3670
3670 155
155 3004
3004 792
792 991
991 2528
2528 1571
1571 854
854 2472
2472 1801
1801 2235
2235 1405
1405 2421
2421 1578
1578 2833
2833 2066
2066 1984
1984 952
952 2423
2423 264
264 3057
3057 116
116 818
818 872
872 1481
1481 950
950 3882
3882 2179
2179 3363
3363 1174
1174 1452
1452 111
111 3823
3823 1778
1778 928
928 3357
3357 785
785 2408
2408 1787
1787 1263
1263 1157
1157 1746
1746 3108
3108 2490
2490 2816
2816 3538
3538 1086
1086 964
964 2594
2594 2034
2034 3915
3915 1401
1401 2911
2911 495
495 3630
3630 3050
3050 1569
1569 1309
1309 2852
2852 3383
3383 487
487 2215
2215 55
55 2609
2609 1545
1545 2091
2091 3626
3626 1536
1536 205
205 2861
2861 372
372 3596
3596 3534
3534 619
619 185
185 3062
3062 2602
2602 2367
2367 1204
1204 3765
3765 3303
3303 431
431 1969
1969 3346
3346 3224
3224 3093
3093 2759
2759 3554
3554 2386
2386 1821
1821 3892
3892 3617
3617 3453
3453 3365
3365 987
987 2206
2206 343
343 73
73 2571
2571 351
351 1249
1249 1078
1078 1967
1967 2699
2699 2085
2085 1719
1719 2542
2542 2353
2353 3148
3148 2430
2430 2246
2246 3558
3558 524
524 1293
1293 216
216 2872
2872 2317
2317 3772
3772 1911
1911 3917
3917 2378
2378 13
13 3838
3838 2136
2136 1836
1836 944
944 2083
2083 3160
3160 588
588 883
883 3465
3465 2763
2763 1717
1717 824
824 2337
2337 288
288 3598
3598 1916
1916 1945
1945 126
126 2022
2022 2015
2015 1253
1253 3871
3871 1951
1951 560
560 835
835 3966
3966 2255
2255 1360
1360 1101
1101 2844
2844 2271
2271 2518
2518 3477
3477 2128
2128 2291
2291 1780
1780 408
408 1663
1663 124
124 969
969 3900
3900 1720
1720 3933
3933 1690
1690 851
851 2519
2519 1714
1714 802
802 2096
2096 891
891 2057
2057 2522
2522 2643
2643 3374
3374 733
733 2471
2471 3209
3209 1409
1409 2393
2393 3628
3628 1785
1785 465
465 710
710 2112
2112 2577
2577 1431
1431 1750
1750 3552
3552 2853
2853 1741
1741 3330
3330 3145
3145 2601
2601 2831
2831 629
629 2480
2480 1589
1589 1151
1151 290
290 1435
1435 1507
1507 1647
1647 3631
3631 624
624 3288
3288 3424
3424 3718
3718 3942
3942 3744
3744 2561
2561 2546
2546 2385
2385 765
765 3713
3713 1886
1886 543
543 3488
3488 2710
2710 2279
2279 3305
3305 393
393 3949
3949 2144
2144 424
424 898
898 2727
2727 1631
1631 690
690 47
47 3868
3868 3280
3280 315
315 918
918 1788
1788 3392
3392 1450
1450 697
697 3095
3095 3225
3225 647
647 492
492 225
225 1598
1598 3131
3131 2539
2539 3797
3797 91
91 403
403 3855
3855 1964
1964 3235
3235 1730
1730 858
858 1264
1264 838
838 1207
1207 3632
3632 2626
2626 696
696 1863
1863 3909
3909 3101
3101 1738
1738 3399
3399 990
990 545
545 2483
2483 1491
1491 2180
2180 3293
3293 598
598 2032
2032 234
234 1873
1873 3464
3464 949
949 2495
2495 1146
1146 740
740 3844
3844 971
971 2374
2374 1430
1430 1172
1172 2259
2259 2365
2365 2116
2116 2166
2166 302
302 3468
3468 2540
2540 798
798 1055
1055 2995
2995 467
467 2515
2515 2734
2734 446
446 3735
3735 784
784 3866
3866 3885
3885 2628
2628 2651
2651 937
937 3590
3590 3418
3418 2316
2316 3750
3750 2865
2865 3450
3450 496
496 1053
1053 1852
1852 2933
2933 2334
2334 3149
3149 3299
3299 2012
2012 1361
1361 2463
2463 2702
2702 915
915 2834
2834 1256
1256 2054
2054 283
283 3980
3980 211
211 3722
3722 257
257 1592
1592 3021
3021 2531
2531 1240
1240 1946
1946 3153
3153 489
489 3526
3526 2452
2452 640
640 3749
3749 253
253 2203
2203 2077
2077 2187
2187 2005
2005 1296
1296 2178
2178 525
525 705
705 3110
3110 21
21 430
430 2448
2448 2739
2739 2544
2544 849
849 2901
2901 344
344 1835
1835 3251
3251 1525
1525 1381
1381 510
510 3962
3962 1083
1083 1048
1048 2812
2812 2982
2982 3661
3661 2222
2222 2445
2445 3745
3745 3883
3883 2343
2343 1684
1684 1909
1909 456
456 2060
2060 1586
1586 3637
3637 1989
1989 1071
1071 1422
1422 1106
1106 2370
2370 3528
3528 637
637 1538
1538 2234
2234 1085
1085 3456
3456 1572
1572 68
68 1223
1223 1727
1727 777
777 472
472 1447
1447 661
661 2033
2033 2935
2935 3783
3783 1130
1130 3088
3088 2818
2818 3331
3331 1976
1976 2685
2685 493
493 2650
2650 2886
2886 579
579 1449
1449 830
830 1638
1638 1796
1796 2987
2987 1234
1234 1119
1119 2149
2149 2638
2638 2927
2927 2410
2410 3256
3256 2863
2863 558
558 3555
3555 2009
2009 107
107 3064
3064 1176
1176 899
899 1445
1445 1338
1338 3858
3858 1040
1040 316
316 932
932 207
207 2244
2244 2239
2239 3521
3521 3843
3843 1919
1919 3729
3729 26
26 3755
3755 2154
2154 3044
3044 143
143 3137
3137 2749
2749 3415
3415 2233
2233 3457
3457 1573
1573 3733
3733 2678
2678 1145
1145 1472
1472 3768
3768 1987
1987 3898
3898 2895
2895 3701
3701 1814
1814 2459
2459 3580
3580 458
458 1475
1475 3291
3291 998
998 2510
2510 3658
3658 2130
2130 3651
3651 1248
1248 957
957 3524
3524 2280
2280 3657
3657 2455
2455 3726
3726 94
94 3222
3222 852
852 3425
3425 2593
2593 353
353 2190
2190 3259
3259 3826
3826 3328
3328 3700
3700 3815
3815 335
335 997
997 3461
3461 3018
3018 540
540 2648
2648 1334
1334 1918
1918 958
958 267
267 1024
1024 1208
1208 2823
2823 520
520 400
400 2990
2990 794
794 2226
2226 1390
1390 78
78 3485
3485 3979
3979 3540
3540 1327
1327 301
301 968
968 1880
1880 1323
1323 3199
3199 2684
2684 127
127 2046
2046 720
720 2229
2229 3071
3071 390
390 3785
3785 209
209 1378
1378 3410
3410 97
97 2468
2468 100
100 2285
2285 3678
3678 2554
2554 433
433 3832
3832 3975
3975 2868
2868 741
741 555
555 2592
2592 3254
3254 2530
2530 904
904 299
299 2363
2363 2562
2562 943
943 3633
3633 1614
1614 3309
3309 1917
1917 3391
3391 3054
3054 1185
1185 2415
2415 2785
2785 2867
2867 853
853 2729
2729 553
553 3968
3968 2029
2029 2658
2658 3621
3621 2919
2919 2260
2260 869
869 2118
2118 259
259 2071
2071 3697
3697 627
627 2689
2689 3613
3613 2862
2862 1170
1170 1162
1162 1864
1864 1855
1855 101
101 1611
1611 1767
1767 3113
3113 3666
3666 3751
3751 2820
2820 1636
1636 1707
1707 1199
1199 639
639 1351
1351 3640
3640 758
758 1072
1072 1169
1169 3310
3310 1522
1522 1622
1622 3024
3024 409
409 2841
2841 1963
1963 347
347 1498
1498 3116
3116 2977
2977 3851
3851 1464
1464 1925
1925 712
712 2224
2224 3625
3625 357
357 3106
3106 2803
2803 1152
1152 1015
1015 99
99 1970
1970 1220
1220 614
614 2038
2038 2214
2214 3738
3738 1471
1471 432
432 1744
1744 2866
2866 2436
2436 2119
2119 1245
1245 2549
2549 1815
1815 2869
2869 2725
2725 1320
1320 3454
3454 2163
2163 2506
2506 3115
3115 575
575 3324
3324 1332
1332 2516
2516 908
908 1022
1022 1496
1496 1637
1637 2322
2322 1058
1058 239
239 2010
2010 751
751 3094
3094 2037
2037 500
500 69
69 2807
2807 2641
2641 628
628 817
817 2080
2080 3699
3699 2327
2327 2893
2893 2632
2632 483
483 2344
2344 3952
3952 1366
1366 894
894 2305
2305 730
730 114
114 158
158 1367
1367 27
27 1131
1131 162
162 1995
1995 3433
3433 1698
1698 2765
2765 3192
3192 2778
2778 3936
3936 2145
2145 3542
3542 2513
2513 1512
1512 856
856 1547
1547 3144
3144 42
42 137
137 165
165 1895
1895 796
796 3802
3802 867
867 189
189 1222
1222 3358
3358 1017
1017 1990
1990 3919
3919 414
414 2507
2507 2418
2418 3932
3932 1533
1533 1968
1968 3946
3946 19
19 773
773 312
312 3728
3728 2890
2890 1813
1813 1515
1515 1027
1027 1011
1011 2211
2211 750
750 3493
3493 1054
1054 1317
1317 84
84 653
653 2055
2055 2040
2040 3988
3988 461
461 2019
2019 2007
2007 176
176 2315
2315 577
577 3344
3344 2564
2564 3079
3079 3880
3880 1474
1474 377
377 2555
2555 3495
3495 1639
1639 1196
1196 999
999 2346
2346 1632
1632 3189
3189 242
242 106
106 263
263 770
770 1848
1848 2404
2404 1806
1806 3854
3854 2228
2228 1403
1403 789
789 1493
1493 3954
3954 1708
1708 3573
3573 249
249 1928
1928 2916
2916 2970
2970 3922
3922 1584
1584 3169
3169 1819
1819 3042
3042 3902
3902 2257
2257 1758
1758 1114
1114 3723
3723 3176
3176 321
321 3959
3959 979
979 1822
1822 1521
1521 2981
2981 1570
1570 218
218 214
214 1902
1902 3497
3497 782
782 1111
1111 380
380 2165
2165 2403
2403 363
363 1132
1132 1171
1171 1912
1912 1358
1358 1506
1506 2487
2487 1331
1331 327
327 2447
2447 1678
1678 570
570 890
890 1150
1150 1284
1284 2245
2245 3956
3956 3779
3779 2712
2712 272
272 2738
2738 2152
2152 187
187 2389
2389 1959
1959 1737
1737 2087
2087 2420
2420 2041
2041 2793
2793 2349
2349 790
790 199
199 2731
2731 2411
2411 747
747 30
30 3005
3005 1786
1786 924
924 2804
2804 2891
2891 470
470 345
345 2656
2656 2107
2107 416
416 2252
2252 3223
3223 2039
2039 3386
3386 1629
1629 1310
1310 1667
1667 880
880 760
760 1477
1477 2414
2414 1350
1350 1246
1246 1278
1278 963
963 1770
1770 544
544 3934
3934 2427
2427 1962
1962 282
282 2560
2560 168
168 3382
3382 3460
3460 1935
1935 2777
2777 2829
2829 2476
2476 2498
2498 2721
2721 1687
1687 1798
1798 2664
2664 3901
3901 2380
2380 2914
2914 241
241 672
672 3001
3001 3120
3120 973
973 292
292 1025
1025 1551
1551 512
512 3609
3609 2784
2784 1926
1926 896
896 2396
2396 3458
3458 3971
3971 2192
2192 3559
3559 3022
3022 453
453 2591
2591 2921
2921 2397
2397 755
755 1333
1333 2825
2825 615
615 706
706 3029
3029 2156
2156 2912
2912 3187
3187 823
823 3522
3522 2177
2177 3322
3322 3295
3295 2164
2164 2694
2694 1662
1662 2706
2706 978
978 3289
3289 1301
1301 2182
2182 3294
3294 3945
3945 584
584 1226
1226 309
309 1513
1513 3809
3809 3827
3827 1742
1742 2181
2181 586
586 3943
3943 2870
2870 1466
1466 1070
1070 2049
2049 2900
2900 3496
3496 3255
3255 2073
2073 1483
1483 3675
3675 2884
2884 885
885 1345
1345 3261
3261 184
184 3893
3893 2354
2354 144
144 3644
3644 1376
1376 2822
2822 1092
1092 56
56 3667
3667 1292
1292 1803
1803 648
648 2362
2362 339
339 61
61 2680
2680 814
814 1052
1052 3969
3969 2792
2792 2074
2074 1098
1098 3445
3445 2441
2441 2146
2146 927
927 64
64 2639
2639 677
677 332
332 609
609 251
251 356
356 2375
2375 2881
2881 1408
1408 2044
2044 57
57 145
145 2264
2264 3017
3017 2836
2836 1412
1412 564
564 2585
2585 1724
1724 2597
2597 3355
3355 2114
2114 1421
1421 3182
3182 2942
2942 3852
3852 3759
3759 941
941 748
748 2011
2011 1425
1425 515
515 1355
1355 508
508 3606
3606 2715
2715 1812
1812 1470
1470 178
178 1244
1244 761
761 3597
3597 1044
1044 831
831 1809
1809 1529
1529 136
136 1748
1748 1497
1497 32
32 511
511 3970
3970 2237
2237 322
322 1080
1080 2537
2537 3536
3536 3020
3020 893
893 2756
2756 2207
2207 977
977 3620
3620 334
334 3494
3494 3743
3743 1002
1002 1556
1556 2431
2431 95
95 320
320 3691
3691 2503
2503 1779
1779 2400
2400 2551
2551 942
942 2198
2198 1792
1792 1075
1075 2068
2068 2885
2885 1243
1243 2024
2024 2633
2633 1110
1110 2200
2200 1781
1781 3776
3776 297
297 1942
1942 2263
2263 2208
2208 3275
3275 1988
1988 166
166 326
326 93
93 3034
3034 1339
1339 115
115 447
447 3638
3638 834
834 2111
2111 1915
1915 926
926 2772
2772 1419
1419 1509
1509 1595
1595 3707
3707 3342
3342 3297
3297 3986
3986 3610
3610 1274
1274 383
383 2827
2827 2253
2253 1649
1649 1189
1189 554
554 3343
3343 1254
1254 3624
3624 1281
1281 1484
1484 1451
1451 79
79 828
828 738
738 3234
3234 547
547 1832
1832 3260
3260 722
722 3174
3174 3817
3817 1633
1633 2437
2437 2345
2345 3895
3895 3533
3533 3127
3127 668
668 3067
3067 53
53 2275
2275 128
128 810
810 3561
3561 278
278 2743
2743 3220
3220 3474
3474 3841
3841 573
573 644
644 3482
3482 63
63 1299
1299 1979
1979 1757
1757 2569
2569 1669
1669 2205
2205 1411
1411 3757
3757 1546
1546 3061
3061 2653
2653 258
258 289
289 3960
3960 23
23 1670
1670 2523
2523 1121
1121 2272
2272 939
939 1594
1594 2536
2536 476
476 2826
2826 3010
3010 610
610 284
284 3462
3462 2360
2360 497
497 3466
3466 923
923 764
764 2674
2674 2302
2302 561
561 3085
3085 531
531 1993
1993 2292
2292 910
910 1685
1685 3282
3282 464
464 2950
2950 833
833 3066
3066 238
238 652
652 3183
3183 1138
1138 2570
2570 2989
2989 2858
2858 293
293 3016
3016 1399
1399 2957
2957 1847
1847 1206
1206 3599
3599 1456
1456 2754
2754 2454
2454 1686
1686 3444
3444 2440
2440 919
919 352
352 832
832 1923
1923 1856
1856 3955
3955 271
271 1692
1692 1824
1824 160
160 1271
1271 1267
1267 2383
2383 951
951 3037
3037 807
807 3948
3948 110
110 1602
1602 1733
1733 2673
2673 618
618 1628
1628 1616
1616 3682
3682 2547
2547 3696
3696 1434
1434 2838
2838 426
426 2741
2741 2698
2698 2815
2815 1674
1674 3875
3875 2574
2574 651
651 2442
2442 1313
1313 3509
3509 20
20 173
173 591
591 3100
3100 361
361 3646
3646 154
154 1289
1289 405
405 3635
3635 884
884 3850
3850 1049
1049 3820
3820 3130
3130 1583
1583 423
423 1042
1042 3060
3060 1443
1443 3935
3935 1004
1004 3623
3623 3283
3283 1949
1949 3659
3659 938
938 840
840 3586
3586 845
845 1353
1353 3645
3645 2795
2795 2474
2474 89
89 402
402 2716
2716 2321
2321 3368
3368 2512
2512 3600
3600 3287
3287 401
401 175
175 1418
1418 3038
3038 3077
3077 2525
2525 3172
3172 3170
3170 3403
3403 994
994 2256
2256 1347
1347 2097
2097 3007
3007 229
229 2456
2456 1833
1833 1517
1517 480
480 3319
3319 3547
3547 488
488 1129
1129 2026
2026 152
152 3639
3639 3963
3963 195
195 1103
1103 1877
1877 341
341 504
504 2802
2802 415
415 318
318 1892
1892 2043
2043 2704
2704 494
494 2381
2381 1348
1348 1654
1654 3124
3124 2670
2670 3166
3166 1882
1882 1745
1745 3423
3423 721
721 895
895 2065
2065 1311
1311 1362
1362 1861
1861 737
737 1074
1074 707
707 2477
2477 2586
2586 2719
2719 2880
2880 120
120 3396
3396 2376
2376 1859
1859 536
536 1346
1346 3090
3090 2811
2811 1166
1166 1329
1329 41
41 967
967 3663
3663 1761
1761 1954
1954 519
519 1413
1413 959
959 1295
1295 772
772 3560
3560 843
843 2486
2486 384
384 3982
3982 1625
1625 3569
3569 2309
2309 2779
2779 679
679 3673
3673 1279
1279 1711
1711 2134
2134 1433
1433 3862
3862 1156
1156 1224
1224 981
981 172
172 2675
2675 3501
3501 3758
3758 911
911 2747
2747 1904
1904 1287
1287 1831
1831 407
407 2790
2790 2929
2929 2913
2913 863
863 51
51 1751
1751 739
739 2174
2174 505
505 3327
3327 246
246 3906
3906 3078
3078 3154
3154 786
786 662
662 1007
1007 2545
2545 150
150 1952
1952 1978
1978 2045
2045 1626
1626 429
429 3550
3550 2618
2618 2139
2139 2588
2588 548
548 2944
2944 3872
3872 931
931 250
250 215
215 2101
2101 2308
2308 921
921 686
686 1718
1718 2064
2064 1173
1173 193
193 2231
2231 2462
2462 201
201 3472
3472 1236
1236 1543
1543 2611
2611 3790
3790 1676
1676 386
386 780
780 3931
3931 873
873 3345
3345 2983
2983 649
649 275
275 3886
3886 3710
3710 3228
3228 612
612 37
37 3298
3298 605
605 15
15 1696
1696 3438
3438 1168
1168 3157
3157 2243
2243 3492
3492 3097
3097 3887
3887 2662
2662 2887
2887 732
732 1999
1999 2113
2113 2605
2605 3058
3058 3719
3719 411
411 1127
1127 507
507 2810
2810 1154
1154 2629
2629 621
621 113
113 680
680 3681
3681 1620
1620 1997
1997 1210
1210 2750
2750 3362
3362 567
567 3804
3804 1444
1444 3200
3200 571
571 3782
3782 180
180 1883
1883 820
820 462
462 3583
3583 260
260 420
420 3840
3840 2856
2856 3076
3076 3676
3676 2690
2690 3510
3510 2218
2218 1630
1630 3806
3806 3311
3311 3660
3660 687
687 3337
3337 2407
2407 118
118 3308
3308 1063
1063 281
281 164
164 2600
2600 1494
1494 1369
1369 1609
1609 2008
2008 1599
1599 1081
1081 667
667 3000
3000 2928
2928 3413
3413 3786
3786 3178
3178 237
237 3277
3277 3404
3404 3944
3944 3671
3671 602
602 2284
2284 2854
2854 404
404 2202
2202 1981
1981 1126
1126 3619
3619 2723
2723 2563
2563 2282
2282 1473
1473 1929
1929 1091
1091 3881
3881 2489
2489 2289
2289 2485
2485 1290
1290 3771
3771 2909
2909 3730
3730 2162
2162 2903
2903 104
104 3780
3780 1228
1228 2061
2061 3103
3103 3990
3990 2262
2262 1823
1823 3356
3356 3161
3161 3470
3470 139
139 1756
1756 2110
2110 2623
2623 1343
1343 3419
3419 882
882 2193
2193 2298
2298 1876
1876 419
419 2931
2931 3706
3706 3479
3479 3845
3845 157
157 2610
2610 3857
3857 273
273 522
522 3752
3752 256
256 2980
2980 3669
3669 2372
2372 781
781 2817
2817 1032
1032 3439
3439 499
499 1932
1932 3929
3929 1161
1161 1723
1723 3543
3543 466
466 2439
2439 2030
2030 1232
1232 2479
2479 819
819 3537
3537 607
607 2147
2147 3300
3300 1051
1051 1104
1104 2672
2672 2529
2529 376
376 3240
3240 1395
1395 3953
3953 1436
1436 2583
2583 592
592 25
25 1797
1797 428
428 3405
3405 1010
1010 3333
3333 2069
2069 3627
3627 460
460 2122
2122 2175
2175 3481
3481 2842
2842 3724
3724 247
247 1585
1585 3904
3904 3210
3210 3877
3877 1153
1153 1371
1371 16
16 2543
2543 778
778 3517
3517 3835
3835 1731
1731 3991
3991 3992
3992 3993
3993 3994
3994 3995
3995 3996
3996 3997
3997 3998
3998 3999
3999 4000
3999
1 2
2 3
3 4
4 5
5 6
6 7
7 8
8 9
9 10
10 1177
1177 3946
3946 2639
2639 2619
2619 3032
3032 632
632 3545
3545 2585
2585 3616
3616 3658
3658 2153
2153 3326
3326 2789
2789 2710
2710 3149
3149 3150
3150 2502
2502 209
209 2938
2938 3893
3893 3033
3033 3832
3832 2284
2284 58
58 3809
3809 2167
2167 2110
2110 1680
1680 2722
2722 1235
1235 1537
1537 2305
2305 447
447 2227
2227 1404
1404 2431
2431 1267
1267 2049
2049 2920
2920 1237
1237 441
441 3918
3918 663
663 1698
1698 3233
3233 1973
1973 3144
3144 3508
3508 1226
1226 1707
1707 720
720 3184
3184 1239
1239 1955
1955 3902
3902 2817
2817 3363
3363 142
142 658
658 3885
3885 3970
3970 2477
2477 529
529 3512
3512 284
284 3250
3250 3618
3618 1464
1464 3967
3967 3199
3199 2231
2231 2032
2032 2003
2003 3825
3825 962
962 356
356 3014
3014 1846
1846 807
807 257
257 1860
1860 176
176 2856
2856 1901
1901 1779
1779 802
802 3284
3284 580
580 973
973 584
584 3576
3576 68
68 2726
2726 3615
3615 2612
2612 1098
1098 1120
1120 1395
1395 2752
2752 2739
2739 3810
3810 2176
2176 2375
2375 3016
3016 2399
2399 49
49 677
677 3397
3397 3232
3232 2161
2161 283
283 3559
3559 2116
2116 3884
3884 649
649 393
393 890
890 2123
2123 295
295 2214
2214 2005
2005 3904
3904 500
500 1418
1418 1866
1866 652
652 966
966 2848
2848 3763
3763 12
12 2241
2241 2349
2349 362
362 2332
2332 2283
2283 1576
1576 1275
1275 3913
3913 2908
2908 1913
1913 3266
3266 2684
2684 1642
1642 3252
3252 1117
1117 1238
1238 348
348 1171
1171 2306
2306 2994
2994 1564
1564 16
16 2027
2027 3705
3705 3835
3835 1803
1803 154
154 983
983 2597
2597 3324
3324 865
865 3142
3142 1524
1524 1057
1057 2119
2119 2301
2301 3527
3527 2633
2633 915
915 319
319 350
350 2374
2374 466
466 2508
2508 3006
3006 1869
1869 3280
3280 3247
3247 2616
2616 51
51 3312
3312 2444
2444 2288
2288 2207
2207 3651
3651 518
518 460
460 3076
3076 2490
2490 1611
1611 3157
3157 2061
2061 2114
2114 394
394 1988
1988 2419
2419 2949
2949 1431
1431 1355
1355 3550
3550 1000
1000 3683
3683 749
749 3451
3451 1510
1510 3063
3063 3148
3148 3578
3578 3274
3274 165
165 3115
3115 2001
2001 133
133 2408
2408 1301
1301 3083
3083 3811
3811 3236
3236 753
753 3990
3990 1256
1256 561
561 1327
1327 312
312 1894
1894 3607
3607 2420
2420 3209
3209 1189
1189 3989
3989 1212
1212 3574
3574 177
177 2063
2063 943
943 56
56 260
260 538
538 2514
2514 227
227 3231
3231 2976
2976 3342
3342 1815
1815 313
313 2075
2075 1164
1164 1463
1463 3962
3962 1352
1352 3640
3640 1308
1308 3351
3351 3619
3619 1604
1604 91
91 800
800 373
373 1646
1646 2913
2913 1318
1318 637
637 608
608 375
375 1713
1713 476
476 3878
3878 2006
2006 1475
1475 3965
3965 419
419 1725
1725 834
834 1856
1856 491
491 2846
2846 275
275 3229
3229 2020
2020 1288
1288 232
232 978
978 1017
1017 2190
2190 2193
2193 110
110 1796
1796 3647
3647 3588
3588 378
378 551
551 976
976 2581
2581 452
452 186
186 1174
1174 3565
3565 1882
1882 2317
2317 1257
1257 3431
3431 3807
3807 3519
3519 3055
3055 3659
3659 612
612 2092
2092 2244
2244 840
840 1290
1290 3589
3589 3354
3354 3415
3415 3573
3573 3050
3050 2873
2873 354
354 526
526 1502
1502 3593
3593 2984
2984 1597
1597 3916
3916 3689
3689 1193
1193 732
732 1140
1140 1089
1089 1898
1898 2129
2129 135
135 1765
1765 1101
1101 2729
2729 2108
2108 1812
1812 1981
1981 2025
2025 2609
2609 1154
1154 85
85 1759
1759 2008
2008 3203
3203 565
565 2024
2024 2371
2371 370
370 3652
3652 1511
1511 1819
1819 3029
3029 2785
2785 2485
2485 3111
3111 2993
2993 1805
1805 1176
1176 536
536 3817
3817 1297
1297 3720
3720 1623
1623 900
900 2388
2388 125
125 2458
2458 292
292 1607
1607 3222
3222 1629
1629 84
84 2370
2370 502
502 1461
1461 510
510 1276
1276 3556
3556 539
539 1115
1115 2840
2840 1185
1185 1721
1721 520
520 2437
2437 1935
1935 3183
3183 2359
2359 573
573 448
448 3287
3287 1919
1919 2864
2864 1181
1181 449
449 818
818 3842
3842 2904
2904 1849
1849 2276
2276 1766
1766 1271
1271 1097
1097 300
300 1551
1551 615
615 1727
1727 3223
3223 2792
2792 1260
1260 2841
2841 2486
2486 3538
3538 1299
1299 1808
1808 2738
2738 3901
3901 1205
1205 3249
3249 1127
1127 2870
2870 3776
3776 2560
2560 2492
2492 645
645 492
492 124
124 2102
2102 1844
1844 3663
3663 819
819 478
478 30
30 115
115 390
390 960
960 1042
1042 3866
3866 2589
2589 905
905 1414
1414 3090
3090 2711
2711 2704
2704 2663
2663 707
707 2011
2011 2801
2801 1784
1784 3703
3703 65
65 1801
1801 2982
2982 78
78 1813
1813 2236
2236 3755
3755 1748
1748 1263
1263 2026
2026 735
735 3276
3276 967
967 2478
2478 3338
3338 3145
3145 3165
3165 1400
1400 1797
1797 703
703 3264
3264 2941
2941 450
450 1609
1609 459
459 957
957 2237
2237 1972
1972 1483
1483 3048
3048 1599
1599 2042
2042 1982
1982 3321
3321 581
581 2411
2411 1640
1640 1633
1633 653
653 2038
2038 3122
3122 1139
1139 2598
2598 1839
1839 1293
1293 2177
2177 360
360 517
517 3488
3488 2414
2414 655
655 665
665 3394
3394 2845
2845 77
77 2675
2675 3416
3416 1436
1436 853
853 2442
2442 3934
3934 2640
2640 74
74 3963
3963 3802
3802 2676
2676 1130
1130 2571
2571 3562
3562 3045
3045 2137
2137 3841
3841 3592
3592 1108
1108 3608
3608 897
897 3323
3323 2903
2903 926
926 2548
2548 3058
3058 880
880 266
266 504
504 948
948 3737
3737 1199
1199 1423
1423 1289
1289 1480
1480 485
485 1166
1166 1863
1863 2480
2480 638
638 1242
1242 1408
1408 1347
1347 1088
1088 1096
1096 3396
3396 999
999 808
808 1364
1364 906
906 377
377 391
391 3009
3009 2432
2432 1692
1692 3107
3107 3728
3728 3668
3668 2299
2299 3177
3177 3646
3646 487
487 904
904 3826
3826 1778
1778 3699
3699 3034
3034 3325
3325 524
524 3793
3793 2430
2430 1426
1426 385
385 708
708 3417
3417 3307
3307 1743
1743 817
817 2681
2681 846
846 2409
2409 2867
2867 3517
3517 2706
2706 3194
3194 1081
1081 2509
2509 380
380 2600
2600 3874
3874 1980
1980 2731
2731 1470
1470 2345
2345 2473
2473 1322
1322 3182
3182 3337
3337 766
766 315
315 1229
1229 2847
2847 2257
2257 2783
2783 710
710 1018
1018 2076
2076 583
583 2334
2334 2517
2517 55
55 793
793 2762
2762 621
621 2724
2724 1441
1441 1099
1099 1729
1729 86
86 1401
1401 2682
2682 918
918 3008
3008 1407
1407 814
814 679
679 3424
3424 2037
2037 2282
2282 3790
3790 1964
1964 2868
2868 514
514 3186
3186 2546
2546 2453
2453 1370
1370 1910
1910 2765
2765 99
99 241
241 2636
2636 688
688 2524
2524 533
533 590
590 878
878 593
593 2179
2179 3709
3709 2621
2621 1852
1852 2203
2203 914
914 2990
2990 1802
1802 3981
3981 856
856 1432
1432 3601
3601 1253
1253 1129
1129 2000
2000 1677
1677 70
70 2512
2512 3369
3369 1625
1625 3952
3952 3294
3294 2910
2910 2825
2825 3310
3310 2208
2208 2107
2107 3372
3372 777
777 1904
1904 285
285 3800
3800 1262
1262 383
383 1251
1251 1740
1740 2554
2554 1411
1411 901
901 2197
2197 1056
1056 1969
1969 2545
2545 3799
3799 256
256 1077
1077 3281
3281 3271
3271 2039
2039 1093
1093 3969
3969 2468
2468 2383
2383 3886
3886 2415
2415 2118
2118 3240
3240 836
836 2978
2978 3327
3327 2500
2500 1940
1940 96
96 1545
1545 169
169 2019
2019 2890
2890 3099
3099 3263
3263 3130
3130 1122
1122 2727
2727 374
374 1612
1612 931
931 1631
1631 53
53 2687
2687 3726
3726 791
791 2264
2264 717
717 1241
1241 1236
1236 2438
2438 3779
3779 849
849 3560
3560 695
695 261
261 1516
1516 13
13 1632
1632 3316
3316 2447
2447 1110
1110 935
935 2555
2555 683
683 1204
1204 1050
1050 2962
2962 3289
3289 812
812 1180
1180 2239
2239 564
564 2238
2238 235
235 1291
1291 1485
1485 737
737 3518
3518 2009
2009 1751
1751 1051
1051 2889
2889 3924
3924 776
776 2632
2632 2372
2372 2759
2759 2808
2808 2296
2296 541
541 3197
3197 1459
1459 2074
2074 2959
2959 1512
1512 1119
1119 752
752 2928
2928 2827
2827 1577
1577 3155
3155 3134
3134 2069
2069 1878
1878 1284
1284 3867
3867 1343
1343 2205
2205 2819
2819 3932
3932 576
576 1059
1059 3711
3711 2126
2126 784
784 3870
3870 1544
1544 613
613 2287
2287 3848
3848 140
140 1953
1953 2736
2736 1183
1183 2705
2705 2223
2223 1647
1647 2277
2277 3808
3808 1224
1224 425
425 2150
2150 3343
3343 1756
1756 2200
2200 624
624 3256
3256 2568
2568 2787
2787 3655
3655 949
949 843
843 281
281 2857
2857 304
304 3843
3843 582
582 617
617 2035
2035 2319
2319 3801
3801 3839
3839 1425
1425 424
424 1591
1591 3306
3306 174
174 2140
2140 496
496 1430
1430 2697
2697 1570
1570 2626
2626 1877
1877 861
861 454
454 2915
2915 682
682 3139
3139 1070
1070 1854
1854 1827
1827 2835
2835 1695
1695 2131
2131 2823
2823 3595
3595 210
210 3676
3676 493
493 2654
2654 835
835 2939
2939 1777
1777 734
734 1945
1945 2162
2162 1416
1416 2100
2100 641
641 1484
1484 184
184 1026
1026 2918
2918 3698
3698 3833
3833 1419
1419 786
786 1160
1160 2224
2224 2896
2896 398
398 3409
3409 829
829 909
909 3864
3864 1379
1379 1527
1527 3169
3169 1914
1914 3980
3980 3782
3782 1917
1917 3161
3161 2494
2494 387
387 1754
1754 1841
1841 119
119 833
833 572
572 2643
2643 863
863 3057
3057 3095
3095 1990
1990 3432
3432 2254
2254 45
45 2518
2518 3664
3664 3803
3803 1653
1653 3367
3367 108
108 3561
3561 3758
3758 711
711 1422
1422 1066
1066 2021
2021 23
23 2365
2365 501
501 3542
3542 1905
1905 509
509 3509
3509 3279
3279 2364
2364 3024
3024 121
121 2544
2544 247
247 253
253 3614
3614 1021
1021 3410
3410 3973
3973 2799
2799 2450
2450 3657
3657 2961
2961 3905
3905 1402
1402 310
310 744
744 2956
2956 3907
3907 1310
1310 146
146 1903
1903 2761
2761 2565
2565 673
673 3639
3639 810
810 1330
1330 1033
1033 3617
3617 2816
2816 2346
2346 2863
2863 1994
1994 3570
3570 1494
1494 2401
2401 2937
2937 3333
3333 2892
2892 2988
2988 562
562 3609
3609 588
588 916
916 1603
1603 3827
3827 2756
2756 1575
1575 2493
2493 175
175 3818
3818 264
264 2030
2030 2017
2017 1286
1286 2449
2449 2202
2202 1085
1085 2278
2278 1032
1032 2059
2059 2498
2498 2513
2513 3447
3447 406
406 1546
1546 2905
2905 2691
2691 2997
2997 2552
2552 535
535 2186
2186 3774
3774 1391
1391 3730
3730 3288
3288 262
262 1492
1492 302
302 3119
3119 2674
2674 3187
3187 2183
2183 2158
2158 1927
1927 1357
1357 1388
1388 3077
3077 484
484 1326
1326 2434
2434 349
349 3581
3581 388
388 2909
2909 3259
3259 3117
3117 3974
3974 3285
3285 1811
1811 2232
2232 1574
1574 3005
3005 1159
1159 3633
3633 2331
2331 1356
1356 2155
2155 2700
2700 188
188 2652
2652 963
963 3523
3523 1682
1682 755
755 869
869 2220
2220 3380
3380 1349
1349 1442
1442 2718
2718 3501
3501 634
634 318
318 3669
3669 2045
2045 1648
1648 1209
1209 3291
3291 67
67 1560
1560 1254
1254 3064
3064 527
527 153
153 956
956 1124
1124 463
463 882
882 3255
3255 1616
1616 1887
1887 3292
3292 205
205 997
997 1192
1192 1658
1658 1538
1538 3463
3463 62
62 1206
1206 3362
3362 1519
1519 1358
1358 2407
2407 1741
1741 18
18 497
497 3734
3734 1302
1302 3421
3421 811
811 486
486 2058
2058 933
933 888
888 83
83 3531
3531 1100
1100 680
680 727
727 2822
2822 228
228 1826
1826 3873
3873 114
114 2611
2611 265
265 892
892 1282
1282 512
512 1044
1044 3378
3378 1744
1744 2465
2465 1309
1309 1219
1219 1776
1776 2406
2406 3798
3798 2923
2923 2647
2647 3039
3039 1200
1200 29
29 738
738 1307
1307 217
217 2315
2315 761
761 2235
2235 1998
1998 2672
2672 1234
1234 3643
3643 3446
3446 3785
3785 3056
3056 81
81 3490
3490 17
17 1083
1083 1639
1639 772
772 325
325 716
716 2185
2185 1605
1605 2157
2157 2902
2902 1465
1465 2875
2875 1908
1908 1015
1015 2834
2834 1052
1052 112
112 3159
3159 3094
3094 1867
1867 1704
1704 2243
2243 2901
2901 713
713 3218
3218 2860
2860 3675
3675 34
34 3731
3731 875
875 1040
1040 1732
1732 473
473 3691
3691 2533
2533 2350
2350 1643
1643 3176
3176 1684
1684 428
428 3442
3442 2843
2843 872
872 2745
2745 1148
1148 1361
1361 117
117 1683
1683 2521
2521 2833
2833 3025
3025 1868
1868 3752
3752 2747
2747 790
790 847
847 3721
3721 1656
1656 3317
3317 1592
1592 719
719 2215
2215 1428
1428 1368
1368 672
672 1668
1668 2209
2209 2550
2550 3972
3972 1479
1479 602
602 2556
2556 2599
2599 1491
1491 2128
2128 3473
3473 3407
3407 2482
2482 2782
2782 2882
2882 1689
1689 2725
2725 2291
2291 3085
3085 1082
1082 2169
2169 3766
3766 3133
3133 3023
3023 482
482 1931
1931 1799
1799 3898
3898 2884
2884 3019
3019 640
640 1621
1621 1541
1541 2429
2429 3775
3775 979
979 2098
2098 160
160 1022
1022 1305
1305 1715
1715 1702
1702 479
479 951
951 659
659 1447
1447 3293
3293 954
954 1723
1723 2861
2861 3819
3819 3751
3751 1843
1843 2898
2898 2931
2931 1123
1123 1006
1006 2139
2139 859
859 2658
2658 2679
2679 2947
2947 2384
2384 1530
1530 854
854 182
182 1833
1833 731
731 722
722 1556
1556 3444
3444 2103
2103 3001
3001 215
215 1724
1724 102
102 1635
1635 3468
3468 1146
1146 3275
3275 3219
3219 2387
2387 317
317 3385
3385 213
213 3862
3862 3152
3152 1636
1636 1791
1791 3603
3603 3375
3375 1638
1638 3411
3411 2996
2996 1664
1664 1742
1742 353
353 395
395 323
323 1208
1208 14
14 3829
3829 3141
3141 1094
1094 2516
2516 2044
2044 3895
3895 3332
3332 3079
3079 1571
1571 242
242 3504
3504 1810
1810 3697
3697 3510
3510 937
937 2776
2776 3937
3937 3428
3428 953
953 2955
2955 1179
1179 574
574 195
195 3613
3613 1962
1962 586
586 3727
3727 891
891 2198
2198 2511
2511 2701
2701 361
361 691
691 2769
2769 3984
3984 372
372 2737
2737 1473
1473 1427
1427 3968
3968 1134
1134 631
631 2392
2392 1558
1558 3977
3977 3196
3196 2992
2992 3026
3026 2154
2154 3543
3543 278
278 2527
2527 63
63 723
723 2667
2667 3535
3535 857
857 2251
2251 1069
1069 409
409 754
754 3586
3586 468
468 1528
1528 2460
2460 1513
1513 1523
1523 3521
3521 3856
3856 3857
3857 2537
2537 684
684 831
831 2479
2479 1789
1789 2985
2985 254
254 2130
2130 259
259 3153
3153 2376
2376 1043
1043 311
311 1078
1078 1761
1761 371
371 2433
2433 1207
1207 3156
3156 2483
2483 2217
2217 162
162 2634
2634 2943
2943 896
896 3921
3921 2662
2662 3786
3786 1382
1382 667
667 2702
2702 72
72 1296
1296 1012
1012 2866
2866 2510
2510 2133
2133 971
971 2728
2728 367
367 2012
2012 1874
1874 2091
2091 3439
3439 1816
1816 3933
3933 3258
3258 934
934 528
528 3207
3207 3628
3628 994
994 747
747 1651
1651 443
443 1822
1822 1525
1525 2624
2624 277
277 2610
2610 1295
1295 1676
1676 567
567 3896
3896 839
839 1578
1578 3179
3179 3301
3301 1736
1736 328
328 2457
2457 1814
1814 2535
2535 3908
3908 59
59 3880
3880 2428
2428 2774
2774 1221
1221 3305
3305 1153
1153 3722
3722 351
351 3170
3170 1837
1837 1175
1175 150
150 877
877 3401
3401 769
769 3453
3453 2330
2330 1312
1312 3516
3516 2670
2670 1655
1655 3572
3572 1900
1900 3695
3695 1859
1859 3983
3983 2763
2763 746
746 1457
1457 427
427 2671
2671 3066
3066 3382
3382 2753
2753 3052
3052 1630
1630 2661
2661 3483
3483 1864
1864 434
434 864
864 211
211 3534
3534 2363
2363 1923
1923 1933
1933 2484
2484 1555
1555 3650
3650 194
194 3357
3357 3012
3012 826
826 2425
2425 2899
2899 3928
3928 1369
1369 2655
2655 1321
1321 3682
3682 701
701 1346
1346 134
134 2970
2970 474
474 2717
2717 3770
3770 2191
2191 2876
2876 1652
1652 3030
3030 1936
1936 1150
1150 942
942 1892
1892 2260
2260 2272
2272 2859
2859 3872
3872 1084
1084 3725
3725 694
694 2213
2213 365
365 462
462 1601
1601 3482
3482 1247
1247 298
298 3887
3887 2784
2784 3740
3740 950
950 274
274 2591
2591 3814
3814 2117
2117 341
341 2839
2839 144
144 3953
3953 2525
2525 2448
2448 3420
3420 1614
1614 376
376 1836
1836 3102
3102 1504
1504 2887
2887 1697
1697 1399
1399 19
19 1699
1699 1824
1824 103
103 465
465 3313
3313 2677
2677 258
258 3096
3096 2519
2519 38
38 3654
3654 1624
1624 231
231 3405
3405 3975
3975 998
998 1907
1907 180
180 3461
3461 243
243 771
771 1521
1521 1313
1313 2966
2966 2335
2335 3419
3419 2644
2644 702
702 2768
2768 599
599 2261
2261 2805
2805 2794
2794 1071
1071 952
952 939
939 2052
2052 80
80 2247
2247 3935
3935 938
938 2323
2323 1731
1731 3175
3175 2865
2865 2163
2163 837
837 2132
2132 1654
1654 3345
3345 661
661 1306
1306 762
762 600
600 2413
2413 3492
3492 2566
2566 1314
1314 1879
1879 923
923 2135
2135 3146
3146 3900
3900 3889
3889 2932
2932 3068
3068 2853
2853 548
548 321
321 1435
1435 238
238 1880
1880 2046
2046 558
558 3191
3191 3241
3241 2818
2818 3964
3964 1013
1013 1526
1526 3498
3498 2210
2210 1178
1178 2171
2171 1456
1456 1031
1031 3171
3171 1875
1875 2998
2998 403
403 2821
2821 3037
3037 95
95 3098
3098 623
623 342
342 884
884 1595
1595 3713
3713 3767
3767 765
765 3540
3540 758
758 3093
3093 3010
3010 269
269 2230
2230 813
813 2803
2803 825
825 163
163 1691
1691 3929
3929 1149
1149 3502
3502 3040
3040 1420
1420 1539
1539 458
458 2255
2255 3674
3674 2229
2229 2991
2991 489
489 1390
1390 650
650 838
838 3506
3506 2874
2874 2945
2945 3210
3210 1380
1380 2802
2802 1764
1764 2530
2530 2888
2888 1719
1719 2357
2357 2553
2553 3662
3662 3544
3544 3958
3958 411
411 2377
2377 2960
2960 3982
3982 2883
2883 796
796 139
139 1446
1446 3943
3943 1573
1573 3388
3388 3631
3631 111
111 797
797 1413
1413 2971
2971 1398
1398 908
908 1845
1845 1351
1351 244
244 2271
2271 1520
1520 2082
2082 2342
2342 860
860 3214
3214 3011
3011 2586
2586 1763
1763 1372
1372 577
577 1279
1279 1438
1438 3914
3914 1842
1842 3760
3760 1244
1244 699
699 1888
1888 855
855 1385
1385 2944
2944 1886
1886 3434
3434 3206
3206 1753
1753 1049
1049 1471
1471 1709
1709 1649
1649 748
748 2402
2402 2858
2858 2790
2790 3611
3611 1535
1535 1701
1701 879
879 1924
1924 3868
3868 433
433 1688
1688 1928
1928 1916
1916 3821
3821 3216
3216 2622
2622 1596
1596 3513
3513 1662
1662 3403
3403 1835
1835 2919
2919 1009
1009 3625
3625 3080
3080 1952
1952 687
687 417
417 2212
2212 3600
3600 3735
3735 560
560 446
446 173
173 2013
2013 2673
2673 268
268 3899
3899 1505
1505 1489
1489 2579
2579 1949
1949 1331
1331 553
553 3708
3708 279
279 3765
3765 2758
2758 2333
2333 885
885 845
845 1225
1225 3125
3125 3947
3947 1884
1884 3295
3295 3487
3487 3717
3717 3514
3514 1348
1348 90
90 1794
1794 1223
1223 1847
1847 2097
2097 1046
1046 1681
1681 3015
3015 566
566 2659
2659 995
995 1155
1155 3566
3566 2104
2104 2924
2924 2917
2917 1848
1848 2977
2977 2368
2368 1716
1716 3072
3072 1782
1782 1131
1131 2577
2577 3051
3051 2373
2373 1548
1548 145
145 3769
3769 3820
3820 263
263 3636
3636 3044
3044 2813
2813 1730
1730 1622
1622 3202
3202 556
556 224
224 1240
1240 1774
1774 1230
1230 870
870 1048
1048 3606
3606 3060
3060 763
763 3955
3955 379
379 1454
1454 2580
2580 3858
3858 236
236 172
172 3387
3387 3623
3623 118
118 1889
1889 1755
1755 219
219 2389
2389 2584
2584 2325
2325 1014
1014 2969
2969 2844
2844 601
601 1064
1064 3978
3978 2016
2016 46
46 1304
1304 1583
1583 339
339 3178
3178 3195
3195 1606
1606 1792
1792 1392
1392 3753
3753 421
421 98
98 1686
1686 575
575 181
181 2151
2151 202
202 203
203 779
779 656
656 895
895 930
930 2504
2504 2967
2967 3458
3458 3749
3749 1429
1429 806
806 1434
1434 2614
2614 911
911 1488
1488 3903
3903 1211
1211 587
587 3626
3626 346
346 3719
3719 1087
1087 1024
1024 1116
1116 239
239 52
52 781
781 1915
1915 3400
3400 2320
2320 3087
3087 1152
1152 3320
3320 2404
2404 2855
2855 1362
1362 1417
1417 3761
3761 3224
3224 128
128 927
927 3108
3108 2559
2559 191
191 2089
2089 3530
3530 3598
3598 3370
3370 1090
1090 196
196 3564
3564 334
334 3265
3265 1501
1501 992
992 418
418 1354
1354 666
666 2281
2281 3632
3632 1690
1690 862
862 756
756 540
540 2694
2694 742
742 104
104 1850
1850 1495
1495 1661
1661 2732
2732 2503
2503 559
559 919
919 1137
1137 316
316 392
392 2582
2582 3131
3131 3226
3226 3254
3254 3891
3891 3805
3805 3160
3160 1536
1536 1857
1857 206
206 913
913 1450
1450 981
981 3553
3553 745
745 3234
3234 1320
1320 3587
3587 1967
1967 3987
3987 3053
3053 2820
2820 2914
2914 3558
3558 276
276 2547
2547 2120
2120 2773
2773 3555
3555 3729
3729 3671
3671 3688
3688 3472
3472 294
294 2199
2199 3143
3143 511
511 3577
3577 1045
1045 1714
1714 1107
1107 1381
1381 333
333 985
985 2312
2312 2259
2259 3228
3228 192
192 795
795 3736
3736 2832
2832 431
431 685
685 1897
1897 1926
1926 3834
3834 1443
1443 324
324 1858
1858 2625
2625 646
646 1344
1344 3091
3091 1328
1328 89
89 3783
3783 1214
1214 3308
3308 1553
1553 789
789 167
167 3112
3112 2695
2695 787
787 436
436 2795
2795 1660
1660 1272
1272 3205
3205 2105
2105 414
414 803
803 2314
2314 344
344 1925
1925 1589
1589 1522
1522 899
899 2165
2165 922
922 397
397 2657
2657 2065
2065 1627
1627 1157
1157 113
113 1804
1804 164
164 1780
1780 1749
1749 809
809 1468
1468 647
647 3949
3949 783
783 522
522 32
32 2716
2716 2849
2849 1118
1118 1190
1190 2538
2538 3211
3211 54
54 1363
1363 1218
1218 129
129 157
157 1976
1976 2242
2242 3604
3604 3732
3732 2352
2352 1787
1787 2631
2631 2786
2786 1105
1105 2109
2109 2455
2455 2788
2788 1628
1628 3198
3198 137
137 2946
2946 2145
2145 1144
1144 1659
1659 2326
2326 3436
3436 1215
1215 2311
2311 158
158 2194
2194 542
542 2463
2463 946
946 82
82 2968
2968 1403
1403 868
868 2088
2088 2056
2056 422
422 3070
3070 490
490 3246
3246 2592
2592 1316
1316 3976
3976 3936
3936 207
207 1840
1840 1138
1138 2441
2441 2497
2497 1993
1993 778
778 1342
1342 3784
3784 3815
3815 2424
2424 1610
1610 1543
1543 798
798 407
407 3459
3459 2405
2405 2523
2523 2029
2029 3296
3296 3641
3641 3672
3672 1703
1703 1569
1569 2828
2828 721
721 3630
3630 338
338 2303
2303 1965
1965 1829
1829 2734
2734 2973
2973 1114
1114 3061
3061 2683
2683 2289
2289 3557
3557 2900
2900 1750
1750 947
947 1265
1265 3909
3909 2340
2340 3624
3624 1467
1467 1201
1201 3954
3954 544
544 3082
3082 2459
2459 1329
1329 759
759 1747
1747 1773
1773 197
197 657
657 2664
2664 193
193 3002
3002 107
107 2980
2980 1076
1076 3771
3771 212
212 1549
1549 1959
1959 3590
3590 3243
3243 2337
2337 326
326 3746
3746 3441
3441 364
364 871
871 1865
1865 830
830 2454
2454 2178
2178 1323
1323 516
516 1405
1405 961
961 2464
2464 3897
3897 3348
3348 2754
2754 1324
1324 3511
3511 3959
3959 629
629 1039
1039 3114
3114 941
941 1350
1350 330
330 200
200 1547
1547 1068
1068 1222
1222 2489
2489 2964
2964 1872
1872 1991
1991 1141
1141 2421
2421 1109
1109 2138
2138 1163
1163 3110
3110 355
355 1019
1019 1800
1800 270
270 1005
1005 594
594 1496
1496 2211
2211 2172
2172 2070
2070 3845
3845 940
940 2474
2474 3273
3273 3579
3579 2036
2036 1675
1675 3546
3546 2578
2578 3116
3116 1534
1534 1637
1637 2233
2233 170
170 1786
1786 3649
3649 368
368 2741
2741 1760
1760 3315
3315 2051
2051 2878
2878 3520
3520 2362
2362 2488
2488 805
805 1650
1650 549
549 2344
2344 337
337 453
453 616
616 1478
1478 507
507 2187
2187 457
457 3383
3383 2412
2412 2826
2826 3694
3694 1757
1757 3692
3692 79
79 3677
3677 3739
3739 3748
3748 2269
2269 1474
1474 525
525 3549
3549 2068
2068 750
750 936
936 554
554 1983
1983 3622
3622 733
733 2779
2779 780
780 2995
2995 131
131 3822
3822 1285
1285 3162
3162 1665
1665 3797
3797 1366
1366 503
503 2653
2653 2023
2023 2066
2066 681
681 3957
3957 1440
1440 2804
2804 3750
3750 3733
3733 3238
3238 1667
1667 1567
1567 3951
3951 3038
3038 3377
3377 1158
1158 345
345 852
852 2688
2688 3602
3602 741
741 1162
1162 3069
3069 2540
2540 1294
1294 2292
2292 1717
1717 1775
1775 1128
1128 1007
1007 1672
1672 3423
3423 3591
3591 3379
3379 2751
2751 2593
2593 2862
2862 3912
3912 3393
3393 3304
3304 1963
1963 3599
3599 611
611 3239
3239 3200
3200 3860
3860 3484
3484 2079
2079 578
578 2225
2225 2285
2285 1938
1938 1992
1992 706
706 1458
1458 2520
2520 2379
2379 3718
3718 1948
1948 1506
1506 3261
3261 1112
1112 1037
1037 1951
1951 700
700 2354
2354 2149
2149 2651
2651 874
874 3911
3911 1785
1785 1644
1644 3123
3123 2146
2146 2093
2093 1885
1885 1550
1550 1062
1062 27
27 1259
1259 842
842 725
725 233
233 2073
2073 3408
3408 288
288 3836
3836 3286
3286 1694
1694 2588
2588 2719
2719 889
889 3073
3073 3791
3791 2693
2693 671
671 2470
2470 3213
3213 2668
2668 697
697 965
965 1641
1641 3022
3022 3311
3311 61
61 2851
2851 3358
3358 1920
1920 420
420 250
250 1060
1060 605
605 1974
1974 3665
3665 3350
3350 974
974 1956
1956 343
343 2894
2894 2989
2989 2267
2267 3167
3167 557
557 148
148 3353
3353 1250
1250 1600
1600 3185
3185 1145
1145 1921
1921 3427
3427 1711
1711 2648
2648 3445
3445 1823
1823 3361
3361 357
357 883
883 2594
2594 724
724 1086
1086 2469
2469 3861
3861 401
401 2436
2436 3470
3470 2678
2678 1706
1706 970
970 3854
3854 3723
3723 505
505 3371
3371 660
660 3334
3334 2339
2339 3563
3563 136
136 1758
1758 198
198 2935
2935 2321
2321 93
93 3850
3850 2170
2170 3876
3876 3627
3627 3883
3883 2085
2085 2558
2558 730
730 984
984 309
309 3100
3100 287
287 1608
1608 1490
1490 2250
2250 3360
3360 569
569 3154
3154 2053
2053 2268
2268 1378
1378 2014
2014 2031
2031 822
822 2084
2084 2184
2184 607
607 1663
1663 1507
1507 308
308 100
100 1977
1977 1989
1989 2607
2607 3208
3208 982
982 3710
3710 1738
1738 1334
1334 444
444 2893
2893 2950
2950 3283
3283 1072
1072 1615
1615 1394
1394 24
24 498
498 3215
3215 622
622 3620
3620 2948
2948 3575
3575 643
643 2015
2015 439
439 3220
3220 2274
2274 3390
3390 1008
1008 3838
3838 123
123 3277
3277 3882
3882 2309
2309 2641
2641 3031
3031 2422
2422 2043
2043 2295
2295 3533
3533 3910
3910 3828
3828 220
220 1188
1188 912
912 2921
2921 3092
3092 3047
3047 2144
2144 3128
3128 230
230 3644
3644 2062
2062 2195
2195 2811
2811 3174
3174 1970
1970 216
216 867
867 1722
1722 2531
2531 1911
1911 1054
1054 2078
2078 3426
3426 2886
2886 1834
1834 272
272 3381
3381 1559
1559 2445
2445 1061
1061 3201
3201 289
289 1769
1769 60
60 3794
3794 648
648 2534
2534 1433
1433 2378
2378 3282
3282 1080
1080 2060
2060 2491
2491 1406
1406 2041
2041 15
15 2570
2570 1025
1025 94
94 2329
2329 3314
3314 2764
2764 3089
3089 2630
2630 3497
3497 3253
3253 1220
1220 271
271 3158
3158 2646
2646 199
199 2629
2629 149
149 1319
1319 3493
3493 1818
1818 2136
2136 3242
3242 543
543 1035
1035 2270
2270 1332
1332 382
382 2689
2689 1001
1001 2954
2954 3985
3985 3251
3251 3043
3043 2240
2240 1298
1298 3537
3537 2188
2188 2569
2569 3028
3028 1386
1386 3661
3661 3712
3712 1855
1855 2576
2576 1634
1634 481
481 3477
3477 3190
3190 3941
3941 3745
3745 2249
2249 2180
2180 1821
1821 2885
2885 1482
1482 234
234 1922
1922 2760
2760 3787
3787 1383
1383 3700
3700 2122
2122 1838
1838 1460
1460 2142
2142 1339
1339 2222
2222 2715
2715 2815
2815 969
969 252
252 1673
1673 2965
2965 336
336 2957
2957 1896
1896 628
628 1036
1036 2871
2871 3269
3269 3103
3103 2854
2854 1303
1303 1287
1287 571
571 678
678 3386
3386 2196
2196 127
127 1862
1862 2836
2836 3212
3212 589
589 183
183 1934
1934 3594
3594 3106
3106 2355
2355 2642
2642 1678
1678 2168
2168 2645
2645 2951
2951 2279
2279 314
314 2293
2293 3716
3716 662
662 3467
3467 1249
1249 161
161 775
775 1881
1881 3777
3777 2286
2286 2351
2351 729
729 2382
2382 2083
2083 1890
1890 2595
2595 1613
1613 2981
2981 508
508 739
739 1367
1367 2358
2358 2587
2587 3412
3412 1518
1518 2983
2983 3435
3435 1156
1156 2316
2316 2398
2398 3049
3049 3105
3105 2159
2159 1566
1566 2216
2216 218
218 41
41 3147
3147 823
823 799
799 3046
3046 2824
2824 2603
2603 2929
2929 2280
2280 464
464 296
296 3979
3979 3398
3398 31
31 3471
3471 2927
2927 1674
1674 73
73 2979
2979 636
636 2669
2669 3539
3539 1075
1075 2707
2707 143
143 3352
3352 3584
3584 2615
2615 1620
1620 2396
2396 3309
3309 2057
2057 1232
1232 3582
3582 1196
1196 22
22 2090
2090 3863
3863 2456
2456 3329
3329 3454
3454 2770
2770 3132
3132 2529
2529 2322
2322 2637
2637 2692
2692 1198
1198 2549
2549 3476
3476 3706
3706 2018
2018 3318
3318 1266
1266 619
619 1373
1373 155
155 3374
3374 3931
3931 2837
2837 2034
2034 1041
1041 1752
1752 3120
3120 1365
1365 1034
1034 3743
3743 2348
2348 1657
1657 1500
1500 2810
2810 1340
1340 3457
3457 3536
3536 925
925 347
347 352
352 2397
2397 3494
3494 2515
2515 105
105 2942
2942 2258
2258 2451
2451 2300
2300 944
944 2471
2471 3780
3780 1195
1195 3438
3438 2081
2081 1568
1568 3336
3336 366
366 2127
2127 2934
2934 2791
2791 1909
1909 3768
3768 2809
2809 3437
3437 2067
2067 3678
3678 2423
2423 1481
1481 2767
2767 531
531 1710
1710 1947
1947 2101
2101 2160
2160 844
844 1720
1720 1830
1830 429
429 1067
1067 37
37 1944
1944 3469
3469 480
480 396
396 404
404 2147
2147 2353
2353 2755
2755 3754
3754 1943
1943 43
43 2381
2381 3429
3429 3075
3075 1979
1979 2730
2730 1912
1912 3227
3227 3376
3376 3163
3163 2080
2080 1292
1292 2532
2532 1359
1359 2472
2472 2143
2143 3462
3462 126
126 1079
1079 2879
2879 305
305 2499
2499 3851
3851 2204
2204 2574
2574 1167
1167 3074
3074 2926
2926 2881
2881 1584
1584 2742
2742 1679
1679 603
603 3496
3496 410
410 101
101 423
423 3701
3701 902
902 1389
1389 3474
3474 1073
1073 2635
2635 3204
3204 555
555 2797
2797 550
550 1562
1562 2852
2852 3507
3507 1745
1745 440
440 2201
2201 3422
3422 1387
1387 3450
3450 1421
1421 1861
1861 928
928 3356
3356 1345
1345 2380
2380 1670
1670 715
715 820
820 2275
2275 470
470 1170
1170 226
226 2712
2712 286
286 3541
3541 1336
1336 3290
3290 76
76 3395
3395 3742
3742 907
907 178
178 873
873 996
996 932
932 3567
3567 519
519 3418
3418 3489
3489 1194
1194 770
770 3013
3013 229
229 1216
1216 3738
3738 2393
2393 3086
3086 3696
3696 2174
2174 2699
2699 3392
3392 1412
1412 3020
3020 2121
2121 2328
2328 249
249 1197
1197 3961
3961 2002
2002 116
116 2557
2557 2608
2608 1498
1498 1563
1563 3532
3532 1300
1300 3812
3812 3524
3524 3844
3844 2777
2777 2564
2564 2606
2606 2575
2575 303
303 3172
3172 3925
3925 1333
1333 3137
3137 2842
2842 1270
1270 2906
2906 774
774 1514
1514 1918
1918 3552
3552 3481
3481 106
106 2613
2613 980
980 2807
2807 3225
3225 521
521 3945
3945 472
472 2744
2744 1315
1315 718
718 245
245 3035
3035 2313
2313 513
513 2963
2963 3260
3260 1906
1906 3389
3389 924
924 2218
2218 3687
3687 3188
3188 3173
3173 2391
2391 3939
3939 757
757 2394
2394 1273
1273 751
751 293
293 2481
2481 3485
3485 545
545 2366
2366 412
412 792
792 3690
3690 1602
1602 225
225 358
358 389
389 3693
3693 668
668 2262
2262 3335
3335 2522
2522 2246
2246 147
147 430
430 1445
1445 3917
3917 618
618 255
255 48
48 3297
3297 3704
3704 3000
3000 2748
2748 185
185 945
945 3443
3443 2912
2912 768
768 767
767 2602
2602 1466
1466 670
670 386
386 1529
1529 955
955 1325
1325 898
898 2869
2869 1151
1151 2390
2390 1968
1968 975
975 2750
2750 546
546 3041
3041 1065
1065 3890
3890 451
451 381
381 3347
3347 832
832 2298
2298 1540
1540 3762
3762 1449
1449 1995
1995 2004
2004 1561
1561 3686
3686 3244
3244 1712
1712 2452
2452 3237
3237 3328
3328 1876
1876 2071
2071 442
442 1937
1937 171
171 2356
2356 604
604 3824
3824 3365
3365 3927
3927 921
921 515
515 2206
2206 3088
3088 1038
1038 3004
3004 251
251 2713
2713 130
130 246
246 1027
1027 159
159 1552
1552 2124
2124 3391
3391 740
740 3140
3140 693
693 2596
2596 3840
3840 3124
3124 1486
1486 3340
3340 2248
2248 3330
3330 3612
3612 408
408 1268
1268 3440
3440 2572
2572 2050
2050 1274
1274 301
301 3399
3399 596
596 2649
2649 3168
3168 3610
3610 3971
3971 606
606 2302
2302 3881
3881 2010
2010 3368
3368 3871
3871 1961
1961 3456
3456 2986
2986 2173
2173 2181
2181 1503
1503 3491
3491 2829
2829 3855
3855 2033
2033 2543
2543 2253
2253 1685
1685 3621
3621 3341
3341 1102
1102 1074
1074 475
475 3404
3404 1246
1246 28
28 297
297 1396
1396 2601
2601 248
248 1771
1771 1557
1557 201
201 3684
3684 3846
3846 1126
1126 2922
2922 3673
3673 3221
3221 579
579 187
187 2933
2933 2446
2446 2605
2605 435
435 2618
2618 2290
2290 2539
2539 3923
3923 3830
3830 2164
2164 1895
1895 627
627 620
620 3922
3922 609
609 1335
1335 1091
1091 2872
2872 674
674 1735
1735 764
764 179
179 1687
1687 1487
1487 2793
2793 3499
3499 1202
1202 3127
3127 282
282 384
384 1772
1772 3364
3364 1975
1975 3744
3744 2831
2831 416
416 1705
1705 858
858 3505
3505 2047
2047 614
614 437
437 2528
2528 1252
1252 2417
2417 3635
3635 3583
3583 221
221 959
959 887
887 1264
1264 1617
1617 2907
2907 471
471 2064
2064 3988
3988 3344
3344 3554
3554 1397
1397 2953
2953 1437
1437 3637
3637 3059
3059 2099
2099 3413
3413 917
917 1210
1210 1455
1455 1985
1985 2141
2141 1338
1338 690
690 1726
1726 2273
2273 2106
2106 1269
1269 3823
3823 530
530 3816
3816 1590
1590 291
291 2772
2772 44
44 1941
1941 3680
3680 20
20 2055
2055 1439
1439 1376
1376 3569
3569 3299
3299 3551
3551 132
132 1173
1173 1227
1227 3078
3078 3634
3634 57
57 2880
2880 3495
3495 1477
1477 3217
3217 2125
2125 1997
1997 1986
1986 1106
1106 1718
1718 2318
2318 2721
2721 3522
3522 1939
1939 2475
2475 2007
2007 1593
1593 1410
1410 534
534 1708
1708 1142
1142 3789
3789 1281
1281 469
469 2435
2435 2341
2341 1581
1581 329
329 2487
2487 1671
1671 97
97 1851
1851 1891
1891 3865
3865 1055
1055 2561
2561 2506
2506 2638
2638 2416
2416 2112
2112 499
499 3466
3466 3875
3875 3526
3526 2427
2427 1113
1113 1258
1258 3406
3406 1003
1003 3298
3298 3966
3966 552
552 3097
3097 2466
2466 2189
2189 3847
3847 1996
1996 494
494 413
413 3480
3480 2077
2077 335
335 1767
1767 794
794 2814
2814 3747
3747 886
886 709
709 3104
3104 626
626 3660
3660 3920
3920 1533
1533 3151
3151 141
141 1147
1147 3756
3756 3806
3806 3915
3915 3486
3486 977
977 848
848 1135
1135 2439
2439 1415
1415 1353
1353 331
331 591
591 1384
1384 1011
1011 2757
2757 1337
1337 866
866 2975
2975 2958
2958 689
689 3007
3007 299
299 3944
3944 2703
2703 2542
2542 1645
1645 1954
1954 1984
1984 2775
2775 1360
1360 1169
1169 1883
1883 1873
1873 1409
1409 3869
3869 2134
2134 2087
2087 267
267 3724
3724 2028
2028 2830
2830 3942
3942 2221
2221 991
991 929
929 3879
3879 2245
2245 1053
1053 71
71 712
712 1375
1375 1341
1341 166
166 1168
1168 1371
1371 3773
3773 1255
1255 1971
1971 2148
2148 3629
3629 2297
2297 1311
1311 1111
1111 988
988 39
39 1958
1958 1509
1509 1136
1136 1187
1187 1902
1902 595
595 714
714 3189
3189 1184
1184 3460
3460 3464
3464 2304
2304 223
223 506
506 2367
2367 2562
2562 3656
3656 2395
2395 3707
3707 2806
2806 876
876 2766
2766 1572
1572 760
760 785
785 1228
1228 2987
2987 1554
1554 2916
2916 1795
1795 2735
2735 2310
2310 240
240 1728
1728 306
306 1472
1472 307
307 3772
3772 3384
3384 3478
3478 2850
2850 1960
1960 438
438 2361
2361 3322
3322 3003
3003 1582
1582 1696
1696 2690
2690 88
88 696
696 1588
1588 1121
1121 3118
3118 1374
1374 824
824 3455
3455 2660
2660 2228
2228 69
69 3585
3585 1231
1231 2360
2360 2536
2536 2308
2308 598
598 322
322 1132
1132 3764
3764 1966
1966 635
635 1942
1942 2930
2930 654
654 415
415 3278
3278 87
87 1619
1619 788
788 2410
2410 2336
2336 3346
3346 1957
1957 2338
2338 1798
1798 2219
2219 3331
3331 3448
3448 1186
1186 1317
1317 1930
1930 2086
2086 320
320 1020
1020 1203
1203 910
910 3135
3135 1016
1016 359
359 3479
3479 2386
2386 2974
2974 1377
1377 1010
1010 625
625 644
644 2895
2895 483
483 726
726 3940
3940 2720
2720 1832
1832 3568
3568 1700
1700 1783
1783 3129
3129 2563
2563 1585
1585 2526
2526 1476
1476 1499
1499 3638
3638 570
570 3759
3759 1451
1451 120
120 1002
1002 2709
2709 3245
3245 1899
1899 3547
3547 2182
2182 3166
3166 2440
2440 1932
1932 3021
3021 1946
1946 3950
3950 3648
3648 3956
3956 1444
1444 3813
3813 399
399 3270
3270 1191
1191 2426
2426 3667
3667 1807
1807 1469
1469 2072
2072 122
122 432
432 2604
2604 3645
3645 2723
2723 26
26 3529
3529 1817
1817 827
827 1172
1172 1213
1213 461
461 3888
3888 2234
2234 3018
3018 25
25 35
35 3065
3065 3778
3778 1531
1531 3138
3138 675
675 1594
1594 2307
2307 3788
3788 1393
1393 537
537 3084
3084 402
402 1793
1793 821
821 1746
1746 1278
1278 1283
1283 2781
2781 3164
3164 1280
1280 2891
2891 2400
2400 327
327 2749
2749 3355
3355 1165
1165 1871
1871 33
33 2175
2175 1893
1893 2418
2418 1424
1424 190
190 964
964 993
993 1788
1788 1452
1452 2115
2115 3500
3500 405
405 828
828 692
692 3906
3906 1987
1987 986
986 2327
2327 881
881 3465
3465 1004
1004 1768
1768 3373
3373 2192
2192 156
156 801
801 804
804 2111
2111 958
958 2656
2656 3017
3017 3548
3548 2771
2771 1497
1497 2911
2911 3359
3359 2094
2094 532
532 728
728 1580
1580 2048
2048 1734
1734 3877
3877 3926
3926 2476
2476 426
426 1762
1762 3339
3339 3715
3715 3067
3067 642
642 3349
3349 597
597 2733
2733 204
204 639
639 3449
3449 36
36 2746
2746 782
782 3741
3741 2496
2496 2095
2095 456
456 363
363 3938
3938 1092
1092 2972
2972 2551
2551 3666
3666 332
332 3230
3230 138
138 3319
3319 21
21 1669
1669 2999
2999 2940
2940 2798
2798 2666
2666 704
704 1047
1047 2936
2936 2152
2152 3121
3121 168
168 92
92 1950
1950 3670
3670 3268
3268 630
630 1462
1462 2800
2800 3571
3571 340
340 990
990 3930
3930 1666
1666 3503
3503 610
610 1023
1023 2263
2263 3425
3425 109
109 2680
2680 152
152 3054
3054 568
568 3679
3679 1598
1598 669
669 1825
1825 523
523 3837
3837 1978
1978 841
841 3433
3433 3257
3257 3366
3366 2462
2462 3528
3528 290
290 64
64 2343
2343 42
42 3596
3596 3852
3852 1853
1853 1245
1245 1828
1828 3892
3892 972
972 3136
3136 3302
3302 1277
1277 2324
2324 273
273 1493
1493 2877
2877 1999
1999 3894
3894 3071
3071 1104
1104 1586
1586 1233
1233 400
400 2573
2573 1739
1739 1870
1870 2294
2294 2714
2714 1790
1790 3101
3101 2812
2812 3781
3781 11
11 2467
2467 3272
3272 736
736 2495
2495 2583
2583 3796
3796 1733
1733 1143
1143 1182
1182 3580
3580 3042
3042 2627
2627 664
664 2403
2403 3267
3267 3126
3126 280
280 2617
2617 1029
1029 3062
3062 1248
1248 2952
2952 3248
3248 1809
1809 816
816 686
686 3849
3849 3919
3919 222
222 2628
2628 2567
2567 3113
3113 920
920 633
633 1448
1448 3605
3605 1133
1133 3681
3681 894
894 3193
3193 3036
3036 903
903 1693
1693 3804
3804 3757
3757 1095
1095 585
585 208
208 445
445 2040
2040 1508
1508 40
40 3714
3714 2623
2623 3831
3831 3081
3081 2838
2838 2505
2505 1587
1587 676
676 705
705 2925
2925 1161
1161 2650
2650 1515
1515 2096
2096 3515
3515 455
455 3430
3430 3402
3402 1125
1125 2740
2740 467
467 1532
1532 1063
1063 1453
1453 3525
3525 2778
2778 3986
3986 2461
2461 1579
1579 1058
1058 2541
2541 1565
1565 2590
2590 3653
3653 1781
1781 968
968 2113
2113 477
477 3192
3192 2698
2698 1217
1217 547
547 488
488 3109
3109 50
50 3414
3414 1243
1243 851
851 2266
2266 2265
2265 743
743 3262
3262 3642
3642 3859
3859 2780
2780 1820
1820 3792
3792 2385
2385 2501
2501 3235
3235 3475
3475 850
850 2620
2620 151
151 1831
1831 2696
2696 495
495 3027
3027 1103
1103 2226
2226 1028
1028 2507
2507 3853
3853 66
66 651
651 3685
3685 1806
1806 3300
3300 698
698 2686
2686 2054
2054 1517
1517 2347
2347 1626
1626 2665
2665 3702
3702 1737
1737 3948
3948 2685
2685 1770
1770 2796
2796 75
75 1618
1618 3597
3597 2166
2166 2708
2708 987
987 3452
3452 1542
1542 369
369 189
189 3303
3303 2252
2252 563
563 773
773 1929
1929 1261
1261 2443
2443 989
989 3181
3181 3795
3795 237
237 214
214 3180
3180 2897
2897 2743
2743 47
47 2022
2022 815
815 2369
2369 592
592 1030
1030 2156
2156 3960
3960 893
893 2256
2256 3991
3991 3992
3992 3993
3993 3994
3994 3995
3995 3996
3996 3997
3997 3998
3998 3999
3999 4000
