4000
4657
2644 1519
3455 1355
3202 312
3397 3973
3761 79
3761 2647
1888 3853
1684 1718
3761 539
3761 3257
3761 386
3761 3188
3814 3761
981 3761
435 2
3761 2393
2752 591
1560 559
3224 2992
1282 3761
79 2587
2633 3761
719 83
2804 3761
3469 3761
3761 1064
3949 3761
990 414
3786 3761
2793 921
660 1988
3761 2284
3109 3761
3761 1996
3391 478
2048 2232
3761 1477
94 3761
3939 378
587 3761
3761 703
3761 3853
355 179
2191 1817
261 3618
2726 2574
472 2376
3526 46
3761 341
1927 3761
3761 2923
2821 3161
3378 3761
3761 1239
3761 1803
3761 3293
1196 1966
3761 1089
2939 2921
3761 1383
1288 3007
3761 1163
1183 3899
2059 3761
3761 588
3892 3768
2460 2129
3002 3761
3761 2957
1375 1860
1493 3761
3761 2220
3761 205
884 3761
3524 1924
3073 3573
2654 671
3614 3761
2000 3527
791 1206
1642 2061
2507 2405
3586 30
560 3563
2113 3761
3857 2689
1002 2738
3926 1649
3761 3926
2202 3778
640 3761
2063 3075
3761 1940
2283 551
1852 320
1698 3724
2056 394
3068 3713
2250 3527
3174 3761
2016 3796
1953 3761
3104 2629
1596 1699
3091 1415
330 1617
3761 26
1257 606
3761 826
3203 3761
3761 854
3333 3761
2324 666
478 2925
3138 2579
1811 3818
2473 3678
611 237
2263 3761
3761 281
3635 3923
54 601
3761 3335
3994 3761
2845 3055
2348 731
3761 3826
3761 384
3546 3712
3626 807
3330 1198
3108 1182
3720 69
1398 3884
506 2954
241 2504
3761 3345
3689 3723
1681 3306
1450 1215
3761 1939
271 3541
3112 2729
3915 3755
1893 3032
2320 347
2075 531
253 3127
2799 116
533 2276
843 1996
501 3761
1148 599
1365 534
1320 22
943 3761
1144 3761
1075 3806
3143 3761
1922 3476
3201 1383
120 1119
3983 2994
467 3761
119 59
2506 3273
3761 2064
138 3761
699 903
3761 1656
3761 2539
560 2612
3761 2490
3761 432
2108 3767
3761 3536
3761 68
847 219
3668 3761
3761 2225
3770 1556
2147 1739
3770 3822
1323 2095
3761 2376
73 1354
1212 3031
2624 3761
2019 368
2524 3761
569 3782
3761 1983
3085 3761
3761 2528
1885 3761
3761 2101
3227 3882
1659 3923
3094 2584
3761 2999
3761 3244
2594 2039
2220 433
3761 3774
20 228
3485 3761
734 2622
837 3130
3376 346
2450 3761
3500 3761
2727 3761
3761 1918
3595 714
3755 2669
1053 692
2234 2661
2731 194
785 3507
2536 2570
3761 918
1710 3437
994 993
3757 392
2676 3761
2179 3761
247 1723
1489 3761
629 3761
3761 2898
1661 940
3932 3761
3761 2290
2857 3761
2266 3137
3556 2327
1243 3761
58 1606
700 997
1469 3279
2830 3761
1063 3549
3761 837
117 3761
3404 2843
3761 2434
242 128
3726 2862
398 3761
677 3761
949 1293
905 283
247 2390
2677 3761
1394 2906
3426 3766
3615 3839
3555 671
3761 824
3761 3780
3182 3900
2861 3761
2655 3761
3761 300
168 3761
2049 3761
1779 1375
3761 3168
1967 196
2453 218
65 3761
823 1539
2749 3169
3584 3761
3761 627
2456 2084
2006 3761
1925 3761
2901 700
3761 549
789 2230
640 3064
2361 667
3405 3761
2148 2168
2989 413
1219 3168
3080 3761
3761 1137
2646 3831
2306 425
1556 3822
3761 3416
2002 3920
3260 3291
1844 1745
3298 3761
733 3123
227 2788
3761 1664
3031 1559
962 331
3441 3746
298 3761
3761 3381
1381 1097
3041 3734
3761 3976
794 2781
1613 509
3761 1459
3761 929
2448 2166
1367 3761
788 296
2052 3761
3761 3887
1612 2028
2461 3708
3025 3761
3761 3602
3812 1851
3077 3761
3654 783
1427 3658
2297 3523
2911 209
206 2720
2307 925
1682 1970
3360 3761
759 3761
3249 1378
2087 2541
1366 310
1272 3761
1834 2714
2825 2734
715 1789
1278 3761
3769 3761
1822 3472
2913 1756
3183 2840
3761 2887
2026 3794
3697 3761
3761 310
87 919
3386 3761
3761 134
2527 1842
2547 2632
1349 3645
3761 2421
2005 1521
153 3855
1450 2642
3761 956
1632 1735
603 495
737 3367
2603 3343
3181 1840
1114 1531
3761 1083
1854 3299
455 1336
2407 3761
1468 3027
967 2815
3761 3344
2654 3555
3761 3324
3877 362
18 3761
1505 3761
1496 3995
821 3761
3761 2763
3761 1401
240 3356
1886 1088
143 3837
2779 2723
3045 91
3288 1106
3761 803
3142 3761
240 3481
3761 4
2742 2622
3095 3761
3721 799
2822 937
2281 2304
3761 3283
2270 2269
1537 376
2432 3761
2836 3609
217 3847
2816 390
314 3761
3761 1073
2710 3761
1913 1479
467 3582
3761 1330
3761 3050
1150 488
3761 2497
2226 3358
2932 2834
2975 3761
2278 3761
3248 3741
3761 40
2922 2350
2069 3875
82 1576
1072 2732
1693 3559
1772 3886
2686 2661
3290 1872
1031 3761
663 3919
1634 3761
1933 3761
2607 7
3761 2590
3761 144
131 2237
872 3761
1234 1850
2051 2415
3258 2883
617 1401
3761 89
3761 3960
3761 2249
972 1922
2767 3473
3206 3761
2309 2347
1863 2348
1039 3761
654 3761
3820 1170
3761 2013
1369 3761
750 3172
32 3208
3732 3432
2369 3761
2334 3761
3924 3363
3515 3761
853 144
3761 1204
3508 2010
3761 3155
3761 1013
1930 3267
3761 3017
1094 687
2731 3761
3928 1775
3433 14
3761 2563
3761 3250
1847 96
3761 1611
2020 3761
127 1571
3761 1027
1484 2850
3761 1773
2949 2614
62 3803
3175 2801
1278 3433
1522 3162
3857 3761
3436 3761
3761 3716
1623 1803
3965 3211
480 3824
249 905
3877 3029
3761 1865
184 818
3761 911
3730 1905
1542 1553
3761 674
1694 3761
3019 3493
2412 3761
2987 3135
3337 2072
3930 3761
919 1899
3761 1336
2934 1952
3543 3761
2183 3761
1919 3761
3761 2811
1542 3608
157 2433
3761 8
3598 3813
3761 3180
382 2655
1244 3761
3933 2142
1595 2702
2033 3761
3761 2075
122 3761
3761 466
3419 3761
3761 1768
2766 3761
3761 1816
311 1969
2218 1532
3761 1004
3761 2379
3761 3247
3761 1781
2726 3761
3761 3284
2963 3087
3761 1814
1023 1315
481 3761
3761 1880
3761 582
3761 1549
537 677
2467 3761
1882 187
407 3595
1567 3761
2809 3761
3027 2722
3761 2122
1816 2409
405 98
1950 3761
1002 173
1201 3177
3797 2361
1761 750
2167 735
3761 2982
3761 2197
3761 1512
3761 3701
2694 3247
3321 1317
3761 3009
3761 3236
3241 3216
1240 2936
3689 2014
1432 1710
2950 381
3761 2566
410 1676
1790 3761
3564 624
3889 296
2458 2027
315 717
3761 3408
664 3761
1320 1845
1051 828
2655 787
1417 1991
3591 3106
2170 1808
2074 21
1040 3761
1618 1121
1151 862
2531 3761
3329 3494
1039 1793
2403 3761
915 3761
1298 2596
936 3761
2894 3409
3761 2614
3761 2970
814 3761
3229 3100
258 2627
1260 3116
3761 2184
2248 789
3761 3892
1582 1261
3761 3943
512 1995
2852 3662
1503 226
3761 3418
2100 256
1729 3682
2425 479
3975 3761
709 3761
1563 2873
307 3862
115 1492
1359 1938
1948 3761
3723 2014
3761 3042
3761 3461
1839 3057
3761 1633
201 456
3925 3761
3098 3761
3812 99
3352 3752
3061 1439
3761 3563
1588 3761
2992 3761
1682 250
672 3765
2671 3657
3006 1617
3761 1785
3761 1310
977 430
705 1028
3761 1517
2076 2989
2929 491
3885 1874
3761 869
3761 2410
214 3407
451 3761
3511 3761
3411 3126
999 1507
3761 496
3761 1652
2353 586
2861 2821
1315 546
1539 1325
107 3761
2831 3683
1173 444
2917 1565
2853 1545
1192 3761
3376 3761
3761 1732
2123 3761
3761 2541
2537 3761
251 635
3761 3420
3910 2913
3761 1689
3761 2070
3761 3590
2260 435
3292 1730
2512 1236
2435 1294
2609 1258
365 3761
3104 1374
3761 1962
320 2474
1926 3823
3761 221
2322 2864
3171 2373
1246 1047
2359 1927
3761 738
162 3785
2589 2438
2484 2868
728 3761
150 1622
2101 2973
3984 417
1572 106
2696 2701
214 869
2259 2533
1591 3460
1492 3761
2517 3311
2894 2776
335 1700
3140 3761
3807 1694
3998 3184
3761 1094
2067 2257
1530 852
956 3342
3839 1923
563 1307
2144 3520
2302 3761
270 3761
3681 243
660 3761
600 3761
3761 429
991 1480
3761 3409
3583 1289
1693 2319
3761 2534
2651 2598
1610 3970
3849 470
2870 3216
3761 2088
1265 2229
3761 2571
3761 1279
1312 1476
3425 322
97 3761
3438 1369
3761 1834
1765 3761
923 3073
2457 3731
2156 353
780 1130
525 3761
847 3761
3761 1602
3761 1248
3942 3432
339 3589
3514 241
1122 3392
3761 1056
1799 1136
2321 3390
640 729
2063 1638
816 3761
3761 1311
379 2154
3780 3903
3489 1041
2705 3761
1197 3761
538 3761
2008 765
3002 1757
405 3842
141 3761
1035 1862
1724 3761
1977 3550
3761 411
39 3761
945 3217
3774 1607
579 987
554 3761
3998 2544
2519 1296
2725 3989
702 2595
3761 1699
1110 3492
3761 2426
1488 3761
875 3761
2325 3936
3291 1637
451 1491
1806 3963
1786 3761
2230 2248
367 1354
202 838
1421 3254
1879 2764
3823 3761
3738 1614
3761 2782
3761 1677
450 1486
751 2394
107 1998
1649 908
3761 3610
3761 1457
2802 3761
1132 3761
3036 674
1368 2245
190 3761
3761 882
2776 3409
2309 3761
3454 3761
1755 1949
3119 2869
2518 3761
1838 832
2439 3761
3761 3112
365 715
3761 3056
3761 133
2044 3761
3059 648
601 802
179 2275
333 3761
3957 3761
817 3761
3761 2589
606 3761
535 3813
1225 2284
1788 2828
2238 3761
3761 519
3761 474
8 2553
2333 3570
904 1251
3417 329
3761 1540
404 3761
835 1495
3673 432
2355 1144
2041 3761
461 2565
3490 3328
264 2593
3483 3761
2991 2964
1969 851
969 604
2916 540
1507 2086
3068 3761
3761 2057
2771 944
1580 3568
2032 3761
764 3444
2658 3761
3776 1302
169 3761
691 1050
1831 1118
3712 762
3761 811
3736 3380
3809 3761
1402 3569
3761 1980
2220 2419
1110 688
2034 3761
1255 3230
3854 3761
3761 1018
3327 1326
3761 1451
1087 3761
2216 3761
3384 2564
3761 3962
3761 1126
1447 1978
3761 1509
1098 3086
3044 3253
3524 3761
3761 1425
865 1846
646 3806
2659 2378
3597 3761
1932 2840
3761 1419
1383 76
3761 3798
3726 1273
1409 1220
1294 2996
2057 3303
3761 2387
3154 3761
1692 2040
1912 3761
304 3290
3911 2184
2899 3761
3693 2294
3979 969
2030 555
2755 2194
2498 3761
3079 863
1558 3761
3761 937
1453 1582
958 3761
3378 3301
362 3761
1815 1514
1974 3761
3761 1806
3856 894
2252 1414
1909 3463
633 3058
3761 130
183 319
3740 3761
45 2497
1869 3761
2797 3761
686 3338
453 2464
3761 3014
3761 61
1077 3761
3761 3885
3761 985
3170 933
2462 3761
2251 1948
3468 2581
3160 2692
877 3761
3513 1269
2790 3761
3761 186
1658 3374
2105 3636
1647 3761
3761 3966
3761 399
1420 2800
1334 3761
1449 450
634 3629
3761 167
3164 3364
3175 3761
3909 192
3761 1446
3761 1637
3781 2736
1931 3316
3415 2467
3710 3761
2142 798
3167 3761
3761 1434
2323 2279
3802 338
1089 3240
1957 3017
306 1057
886 3761
1535 3434
230 2725
3761 2545
3595 3761
119 2772
24 3761
524 1407
3761 272
2389 3761
676 3195
247 3761
275 1729
836 1445
2629 3761
3761 1987
799 3761
3761 212
3018 389
3051 3761
3399 2003
2239 2398
1214 3761
3761 2117
2365 3450
2106 3761
1703 2609
3761 1106
2515 3746
2125 540
2911 3836
3761 3869
2983 3259
2839 3761
1962 2960
1700 2007
3660 3761
744 3540
2370 1322
1069 871
146 1245
2461 770
2236 3157
623 2523
954 1184
118 1647
154 3956
642 3761
2022 3856
3635 3761
1639 1344
1194 2339
1008 1543
2593 1616
3728 3761
3761 2856
3761 3986
774 1748
1666 1395
584 424
3761 942
2695 3761
691 3761
2688 1928
818 3761
1715 3627
3761 3341
3931 3761
1007 2375
1207 1250
823 1325
2769 492
3761 805
1967 3887
2283 3242
3902 680
3761 3008
1615 2400
779 3761
2586 833
3761 2413
137 3761
3513 712
2670 3761
1763 1435
1526 29
3761 2311
3174 1599
526 644
3838 3874
888 3761
1221 1256
3170 2639
654 3122
3761 1323
3309 3761
1518 746
639 3761
3921 3761
1626 3996
3474 2172
727 3254
2277 3761
628 3843
3775 3761
3761 100
3562 16
2761 1103
366 3544
1434 986
1595 3761
3761 220
3761 2226
91 3761
2030 1223
3761 860
180 1785
3083 3265
2354 3648
2941 3761
3761 3007
1946 2285
2879 2844
2912 962
3253 2601
3125 3761
2815 3761
3050 3607
3761 2808
2555 3761
265 1466
561 3794
2036 3761
3761 3280
2971 485
3761 1338
3761 3618
3015 3725
1712 3761
3790 3761
1412 2301
3761 276
1380 3761
3999 3761
3897 1138
446 369
3761 2750
3761 2494
198 987
3480 410
3010 3761
444 1990
953 625
3613 2133
203 3761
2120 1116
2749 3761
3761 1196
3417 3761
3437 1432
3761 2765
1895 1580
3761 2176
3365 3761
3034 336
1291 3761
1249 3600
83 3761
2495 3761
3593 223
3258 3761
704 2633
195 89
3761 1442
2781 3596
3761 536
1304 2737
1300 3761
1392 3761
3930 1730
1546 1573
2231 3761
3761 931
2195 3761
159 1367
3761 1294
2002 3761
1760 3761
464 3446
4000 2645
2930 3761
3959 2404
3761 508
2919 3761
2450 316
3761 3967
902 3788
3761 2918
1894 3761
1305 1927
1833 1350
2451 3761
3761 3741
3761 211
3761 1762
1480 3761
2872 1159
302 1662
1222 3761
3797 3761
3071 658
1524 1918
3936 3761
3761 2938
755 3151
2107 1077
1627 3761
3761 2366
2760 716
1989 2009
1985 591
557 2068
3167 1006
3878 1848
1755 2228
3989 230
839 2746
3853 3545
1291 3060
353 564
3060 3684
3761 2862
3761 3641
3184 2544
1207 2942
3720 1000
2047 2262
3502 3761
3761 867
3761 2947
1755 3761
3173 3761
3761 1752
3761 1319
472 2215
3761 2310
2358 1982
3106 1185
760 3761
3936 1332
3761 1092
770 3761
2901 997
577 3666
3633 3761
3840 2259
2738 173
2720 3761
3761 2364
3032 3355
3631 2397
618 607
3302 1117
1426 2636
3013 61
1389 1056
855 3761
2204 3411
3761 2803
3967 2793
3761 3334
3761 1287
658 1015
3761 3830
1142 971
3250 1030
3761 3137
2492 3761
1319 2848
2285 3761
1490 3502
1180 3761
706 1594
3761 3665
3761 2823
1188 3761
3761 901
3841 2521
2121 3761
1527 203
3761 1774
3761 964
3761 1124
2334 1193
3761 256
469 3761
3416 2271
1241 3761
646 1075
1437 3298
1761 3172
3414 3761
3570 3761
1688 1736
2552 66
3761 741
3579 3761
3761 2275
3761 503
1022 3761
1808 3761
1273 2862
3969 3761
1032 1350
720 1091
3945 3088
3347 528
1767 3761
722 3761
2035 888
3039 3761
3761 2388
1890 3761
2157 65
3766 3761
428 3761
1055 1803
3754 3761
3761 2282
365 1789
998 1017
3871 3761
563 2535
3761 1985
3761 645
150 3402
868 3679
3485 2777
2789 3982
3761 662
3761 1620
1380 1681
3952 274
3761 3114
753 3388
2521 232
187 685
3565 1498
2966 1550
2542 3940
3361 3761
70 3761
797 3761
870 2187
1211 1745
575 1883
3761 2514
3953 2690
3500 2118
3797 667
2152 1314
1504 2486
12 3761
2662 3731
1024 3761
1963 1256
3970 1907
3047 3761
689 3761
3761 2950
3506 2684
3761 1337
1044 3761
325 3435
452 693
3171 3105
1259 945
2835 3261
3761 3951
287 3193
3761 3806
402 2130
3133 3139
1960 3761
1994 3761
3761 3929
2213 3761
1039 3251
3152 649
2673 3761
124 1841
2695 1020
3500 305
1412 1078
2554 3436
3761 2521
3761 3588
3077 3580
2130 2401
3280 2192
2189 3761
1349 1733
3761 1802
1766 3804
708 2624
348 3761
3761 1428
3237 2109
3761 1500
3761 161
3844 2318
49 602
3566 3204
3651 769
2015 3761
3889 788
3761 2575
3081 1149
3496 726
1714 1721
1872 304
319 1303
1342 2963
3761 444
3761 2990
3063 3165
723 3697
3093 2550
2978 2150
178 3768
3761 3278
968 3761
3636 3761
561 2026
2946 3847
1221 1963
85 3953
1120 971
3761 490
2398 1059
1884 3677
2864 3497
551 3242
979 3929
3703 3198
3296 1001
885 3617
3144 2205
1324 3761
3761 1764
3761 2735
249 283
1707 3761
3761 2201
3102 279
2621 115
580 3761
1871 3882
3761 633
3761 616
3053 1065
2948 1255
407 714
3761 3272
1410 194
410 3761
1533 2924
2562 2803
1906 3761
3512 3255
3940 3761
1574 2344
191 1367
3772 1309
2900 3761
1640 3630
1247 3140
3761 454
3093 3978
3559 3761
3326 3761
3117 3294
284 1655
3519 3335
3356 3481
3761 3495
2641 1347
2599 502
795 3761
528 3761
3049 2794
3707 2664
331 3761
3946 3761
856 2455
2305 1799
3761 3106
825 3761
3683 354
3722 1394
52 3761
3757 1167
1701 1770
412 2908
3761 3024
3761 558
3761 3683
656 1870
2618 3761
1643 3761
3391 3761
3761 2046
2877 3761
3761 1735
1031 2561
1358 3387
3761 586
2942 3761
74 3761
3214 3761
2836 3761
3761 2585
2417 3761
118 1821
3156 146
936 174
649 3341
3761 777
3280 2937
1444 3761
2955 3964
3761 3608
110 2013
3761 2416
699 2647
3761 2508
3226 3761
1918 2849
2073 3761
2997 458
3587 526
3761 1361
81 1224
334 3002
2275 355
3761 277
3262 2189
819 3761
3761 142
2545 127
1079 745
3761 3277
1864 1842
935 3381
2469 2846
2359 1305
994 3789
3761 2755
1155 3393
3761 3537
3761 3285
1182 3756
473 2636
1790 796
1952 3761
1010 3310
512 3938
3930 3292
1399 1011
3761 2030
3464 833
3020 3576
3761 1499
2377 2101
3761 3902
3761 2596
1660 3761
3761 323
955 3761
3761 735
1597 816
3761 25
3671 3761
3761 3289
1571 2545
1094 2674
2159 790
1079 448
3761 905
3811 2871
3761 3018
10 1091
2418 759
1737 3049
104 2784
3153 3761
3904 2329
273 1941
368 552
702 2682
3412 3761
3558 3761
1734 1104
2406 3456
486 3850
3346 3761
3761 2602
3761 948
869 3407
3454 2865
3684 1291
3761 1194
128 3052
3984 3761
571 2058
3827 3761
3691 3761
3687 2367
391 3761
638 1572
3761 3026
3761 213
3761 2159
2773 1750
752 3761
235 652
3761 165
2097 3550
463 3761
3761 2212
2091 3761
3761 257
3761 2946
1825 1807
3761 1333
2390 1723
3761 798
3481 3761
3667 3761
770 3708
2635 3761
73 367
980 3761
1196 772
1023 546
3243 3761
1892 920
3761 2581
3761 2799
498 2643
3940 1328
3761 3758
838 3761
2111 3750
398 1516
1717 199
1432 3761
3761 1344
2356 2281
2029 3761
647 3761
2212 2126
3652 967
3761 1231
325 3761
1873 3761
13 1663
423 1920
1692 596
2079 746
3761 3881
1379 2339
3761 2291
3761 1161
3037 2224
1403 917
1610 3761
3761 2010
3761 2604
2676 544
904 3694
1759 2015
1015 3071
1515 3294
3693 3430
2723 1660
1313 3761
3607 17
3761 569
2020 3516
387 1137
3761 1114
2247 3761
2637 1817
3859 3761
2182 92
836 1237
3761 1970
1875 3255
2629 1374
3761 2844
1678 1132
3761 2660
2116 2493
2977 3761
2090 1992
3795 1066
1584 2316
2838 1352
3761 3121
2888 3761
3761 3431
2946 217
2267 1908
2454 3761
812 462
790 963
3761 2827
278 2524
924 3761
1433 691
3761 343
1441 3436
3761 3521
3761 2885
3761 1217
1007 3761
3761 2675
2815 3652
3761 2465
516 3761
898 3761
1209 3761
3462 504
3561 3761
2077 2787
3645 1733
3761 3205
262 3604
2237 3761
1500 1684
376 3761
2296 3761
964 1462
2592 1528
3761 1551
306 3761
2422 1777
3869 2241
237 3761
597 3761
2536 565
3398 1606
2791 562
3761 880
2276 3761
1154 1959
2573 1796
434 1476
3761 2139
3761 1123
1852 2474
3307 3761
2445 3761
3159 294
2944 944
2431 2543
2481 2872
1016 3761
3761 1796
3761 1680
2908 3761
1769 3761
3761 2884
3406 1263
3761 1312
1668 2397
3761 3592
2895 3761
3256 345
988 2697
3557 1517
772 1966
3761 541
3763 2439
3934 3761
1131 2484
1384 3976
3338 2138
3996 3870
3761 49
216 3906
2055 3761
3761 2724
3761 2773
3761 2717
359 3486
272 1792
3761 3072
1674 3761
2229 358
287 3761
3375 3761
1266 3761
158 3761
2889 3761
1423 3709
3634 2487
575 373
2525 3145
725 3761
3761 1870
3761 402
201 3761
2211 922
2572 3761
3761 1370
3761 3742
3975 1805
2835 3761
1829 2556
3648 2858
3293 1371
62 1630
3761 222
3761 2789
650 3761
2031 3761
3761 3551
2981 3890
3319 2164
1567 3387
3761 982
3668 3213
3190 2598
2520 600
3761 1343
1067 694
66 3761
3443 2372
2223 1787
3191 1911
3761 3822
11 3761
1282 757
1687 475
3898 361
3146 3578
519 3380
2690 85
2151 3761
3761 2594
2511 3761
999 2086
3765 2677
3893 3761
2082 628
3761 2851
1645 1302
1978 2093
716 3761
2603 698
2093 1447
1385 2539
3192 2538
878 451
2775 3761
3761 852
1243 749
3761 2864
3440 3893
1590 2021
1898 3761
808 2836
2758 2223
1614 3761
3109 1563
3954 3761
2795 1037
3761 1628
3761 1
3761 1315
2771 2944
3761 2338
3761 3771
1638 3761
2914 2856
1675 2021
1653 3761
3233 3761
2389 415
3 1071
3678 3275
1544 3761
1274 3761
1054 329
1463 3761
716 77
3319 3761
3062 1430
827 645
1588 1683
3761 1748
1528 2792
3761 464
3761 1823
2569 893
3908 3560
3761 3538
59 2772
3761 3357
3761 2551
3761 319
3761 2072
1135 547
876 1526
3034 1727
2741 3761
3761 2244
3761 730
3761 1131
3211 792
139 3884
80 1825
2009 3761
809 3761
3039 3132
2381 2962
711 348
1944 3633
1791 931
1826 3761
3761 1331
3761 3918
3761 3514
2371 3245
810 831
3761 695
3761 1408
3761 1211
2307 3761
2446 785
3251 1793
385 2160
3843 2082
1290 1661
2276 1478
3761 330
360 3761
3528 293
1935 3925
3069 3761
324 1822
3639 929
1698 3339
811 3505
1663 3761
2814 2207
1304 3423
2727 1836
3087 3761
2921 3761
500 3150
1109 3761
3374 1284
2787 3761
2124 3761
1740 2442
3761 1600
3274 864
885 3674
1786 3229
3999 1877
3761 2340
3761 3510
2945 708
3761 2692
3761 3117
2128 455
1168 3761
264 1616
3761 3658
2342 3761
532 595
710 2072
1036 2454
3257 1112
2249 3000
2792 3761
3761 565
778 3761
1164 3928
254 3761
124 2563
1564 3761
3520 3761
2351 2358
2952 3761
2468 2630
1034 81
3761 1511
1770 71
1062 3761
3065 3118
917 352
861 3761
3761 123
160 1714
1168 1896
3295 1686
238 3690
1510 3215
3761 2202
1473 1096
3761 686
3452 3761
812 3005
2076 413
1232 3761
3716 521
1405 182
3003 3761
2712 3466
3351 2043
1993 2421
2200 3761
2256 3761
3761 1418
3876 3754
3761 960
3367 102
3935 1859
3761 1672
1930 3761
2053 3873
929 3234
2487 914
3377 3941
199 38
292 3986
3401 704
1592 1335
3761 1502
2841 149
3761 1153
1492 2621
2192 2937
2696 593
1139 3168
3434 3761
1174 1351
1498 3761
2818 1203
3375 3478
2928 3761
3480 1676
3038 303
2833 2854
288 3761
2876 1171
311 851
3163 2015
3917 3622
2294 3761
105 3761
2154 3761
3761 1436
3761 3340
3761 1986
2122 2859
2754 2539
3761 3255
3761 1404
2491 3761
3761 1586
705 3761
2861 3161
416 3761
481 2704
1954 3761
1107 617
2569 3761
3761 3148
2092 1153
3761 2748
3696 2844
1231 2065
326 3268
3761 3457
1639 2399
2206 3761
3096 3761
3973 3761
1835 3487
605 3761
3150 3761
3761 1533
3761 570
1905 2968
3325 3761
3761 1513
3761 93
3530 2315
1487 3165
903 2647
2222 3761
873 3054
2441 2764
3133 1272
140 78
401 251
1206 3761
1986 1557
2505 1343
1195 1934
1882 685
1336 2128
25 2001
963 2159
225 3324
1268 3761
3761 2372
1486 3761
590 3351
700 3761
1390 3761
3761 1199
1969 3761
2115 3761
3761 3989
321 2558
3001 2203
957 3761
2041 3695
3761 3637
347 3089
972 3476
2481 1159
2179 3349
1210 1293
1711 1236
2098 1103
3323 3761
3499 207
1258 3761
3948 1253
2499 3761
3761 1911
2273 3761
255 505
533 1478
3761 48
2066 3761
3761 294
3761 944
3848 2186
2448 2721
60 2235
3057 3761
3761 3399
3761 1157
438 3221
3761 2753
677 2935
3236 1071
3764 3530
2852 2530
2207 3418
3761 2374
3761 3315
1775 3761
2127 3761
1941 1973
3761 543
975 3761
3422 3761
859 2698
3761 3906
340 3761
3761 406
3761 2308
3761 3279
2972 3761
379 1146
924 1166
1216 2762
2251 15
3809 2405
547 3761
2094 3761
3761 575
1382 3331
1713 932
3761 3852
21 3761
1128 3250
2548 2462
1698 3761
745 448
2322 3497
2352 1588
2985 3761
2210 3076
647 280
273 1973
3761 3108
60 1800
3177 776
3958 1921
2518 2431
1297 3761
111 3761
3566 3761
3907 3761
683 1750
3375 2880
3841 232
3265 2713
3447 2368
3761 2961
3424 3761
1248 443
684 3761
3313 74
3547 3761
3997 2073
2518 2543
2597 3761
3776 1645
1157 2099
1892 3761
3525 3761
1695 1687
3565 2687
26 3238
2699 3700
3761 2321
2213 2332
2983 3354
26 1961
1034 1224
622 3761
1688 1334
2984 3761
1903 2988
1610 1907
3761 732
3518 2615
1407 2012
3724 3339
503 690
2428 215
2801 3623
3761 2474
2423 1145
611 3509
970 1798
3430 2294
2530 3662
1127 965
1311 783
603 3345
55 3761
1685 261
3761 1359
3761 56
2965 3834
3576 2940
1454 1532
3761 2181
1605 2491
2745 3761
3761 1363
3761 2174
2059 3653
1914 3761
3126 2204
2892 765
2845 2335
2711 2314
1849 3761
3745 3761
966 2709
111 1520
682 3761
1463 84
3739 3761
2732 3761
3761 146
1081 1169
2756 3761
992 1705
3761 2701
3761 2974
3761 1364
2402 3761
950 3373
387 3661
2088 2959
3655 639
3344 2483
3761 1439
3969 2112
2986 3325
3761 2691
683 2773
3761 1937
1156 1530
3592 669
3761 304
3761 1518
848 3761
135 3233
1934 386
1230 3761
72 3761
2291 1033
3761 2245
828 3761
2800 3761
2243 2997
1433 1050
1840 1165
1318 3761
2619 3886
3656 2067
3761 2463
3761 424
936 906
2453 3691
3761 1728
2278 181
3624 3761
245 3070
2066 868
568 809
1475 2896
3908 1022
3281 2267
3761 2642
3016 863
3761 3271
3761 1675
679 3761
1947 1082
2419 433
2229 3761
2252 3761
3761 2680
1798 3761
465 3761
344 1263
3761 2845
3761 2501
3761 1810
2513 3605
1833 3761
926 659
1370 2951
1827 556
2906 3761
3963 148
182 3761
1319 2813
3348 3453
1344 2399
2511 1640
3761 2471
2672 2303
1590 1675
3761 2111
3761 2429
3761 2158
3005 3761
3157 860
786 3208
595 2341
2024 3761
226 113
3761 2580
2351 3761
3337 710
3682 3761
1567 1358
152 3761
2391 3761
1679 722
3195 3761
3761 3659
3861 263
3534 947
3761 139
1142 3761
2817 79
3263 1965
3236 3
3862 193
369 3761
3289 53
2734 3761
1150 3074
3761 1862
804 3761
2437 2157
1127 3761
1186 3761
3761 1591
3031 3761
3761 3687
3320 2254
2482 3761
3761 3196
1445 1237
1391 3443
3761 3245
3761 1388
2029 3583
3761 476
3761 2920
3761 1848
3761 1316
2607 95
172 2005
3699 3589
2132 2540
2742 734
3761 1068
1646 2350
3761 3803
1903 3761
1544 1635
2962 3113
3459 3692
3814 162
3761 3518
2354 2858
3296 3761
3063 1487
2019 552
2395 3761
2104 2941
1424 1589
2900 1820
260 3761
1975 3761
2141 3761
3761 2517
2479 3761
883 3761
2564 1624
2303 3761
3870 1626
3761 1624
1356 3761
3848 2806
916 3761
1763 1782
1697 1232
3761 2608
2473 3761
3761 2616
1709 3761
3761 655
1345 3544
3761 318
1300 1738
1187 1348
3442 3046
3074 488
2866 3403
1751 3197
98 3761
2289 574
443 946
3714 1549
2650 1953
1758 505
2052 1819
1172 3761
1142 1120
3761 1725
277 2424
2697 616
2363 3761
2721 2166
3761 2529
3761 2968
3022 3761
2257 3656
3222 3761
2304 2356
314 1301
3761 3801
3761 3395
1113 2978
558 1702
1910 3487
3824 3082
3761 3178
698 3343
1741 1955
3779 3467
3761 846
747 1029
3605 3761
3761 2855
447 123
3761 1815
1100 3761
2401 402
1040 459
1292 2452
361 3501
864 440
3736 519
2179 3491
1806 148
3761 1309
3761 581
3905 2728
1485 3231
3761 2442
2168 3761
3586 1126
342 2077
351 3761
787 382
2314 3080
1438 2705
3200 3761
706 834
183 1303
1435 3761
2382 384
3701 1686
3761 1255
1893 3355
3761 2794
3819 3619
328 2576
3761 3004
3754 3672
3761 364
163 3761
1696 3761
3761 1261
2452 2759
495 3345
2336 2318
2855 2681
176 2176
2113 2173
1080 3761
3761 1189
3761 36
197 3342
3871 653
2383 1127
3761 3373
3761 2233
630 3761
3761 1807
3887 196
484 1178
2325 1332
3761 3980
2193 181
403 3761
3761 33
3252 626
3269 3761
3761 58
2288 3761
1160 2199
3761 88
932 3971
731 3761
3764 2315
607 882
2703 3761
171 3076
2062 3761
3761 3913
3761 499
717 3761
1664 2137
2364 2423
2377 2973
3761 328
3394 2071
2412 1118
3448 3761
3761 2556
2250 2000
1456 1858
1485 3761
3513 3761
1861 1220
907 2990
832 3761
1199 3176
3511 3286
1396 2500
2959 857
542 1438
3988 2985
1910 1835
976 2269
3541 3761
2863 3761
2991 3761
622 2617
47 3470
3421 3761
3252 3483
1180 1047
889 3761
3761 3145
3761 1143
660 3012
3873 1943
3761 2258
341 2649
3761 1205
3761 3441
3761 2486
71 1701
3761 1314
977 3761
1821 1647
3761 2747
470 155
1247 380
1229 152
173 3761
3761 999
3761 1812
1231 1242
3761 2500
1419 1053
3761 1629
1218 3934
2384 2732
2420 3383
289 3761
2287 2338
1406 3969
3212 1060
3761 628
3761 3593
2824 2083
2121 3228
3761 3202
3761 3939
2916 3761
1577 419
763 632
623 3353
2050 3331
198 579
3308 3761
1855 643
227 3761
3799 381
3761 2102
3620 2812
3120 3820
1613 3761
18 2169
1742 33
1848 696
1377 1188
3761 3533
2392 2986
3761 3235
776 1201
1865 3947
363 3880
3909 3761
400 3666
1653 1657
494 3540
3761 2871
1981 3036
1170 3120
3615 1923
1797 3761
2618 764
246 678
3761 2042
3145 1964
822 3761
3761 1283
1510 333
632 3761
3761 3266
2837 3761
909 2666
3761 3392
3761 60
2719 3761
3761 1727
1866 3424
1938 1190
2364 1145
3761 2852
3817 3761
1619 1894
2017 1048
718 3761
3761 1113
619 2724
3353 2523
169 177
3715 728
3761 953
2146 3761
1387 1936
335 2007
3879 3761
815 3761
3761 2301
2673 874
675 2905
819 2816
2984 1667
3761 1947
3761 3935
2649 583
3895 2417
2408 3761
1134 3761
2814 3418
3761 3564
3761 3442
2037 3761
2550 3978
682 445
596 2040
3717 2279
3669 2391
2818 2571
3761 1129
2987 3761
3761 3791
566 3761
1360 1347
1477 44
2039 887
2886 136
2633 3401
113 3761
3609 808
511 3761
2007 3761
1298 3991
2235 1800
1395 3761
3107 3368
3466 1566
2243 458
1483 2819
3761 3455
3761 1084
2549 3761
327 1443
3761 2810
2813 2848
3645 3761
286 886
67 3761
3417 1054
3371 3232
3761 3043
663 3761
96 3761
2748 2546
174 906
2795 730
3062 3092
3761 2843
2958 2141
3761 47
3761 345
2634 1267
3761 820
1859 951
1223 555
1269 712
1058 3022
2533 3840
3761 458
3761 1360
3761 1850
2487 3761
55 592
3761 1747
3761 789
2891 2436
2177 825
3761 2743
530 477
3761 2336
2193 2278
31 3761
934 3761
3744 3834
1406 2112
2999 895
1656 1726
2184 3977
2785 3761
17 3050
3761 50
2272 3761
2432 1116
3761 2469
3761 1227
3761 829
1925 1555
1775 1164
3761 2185
3761 347
1665 3761
3761 3861
1440 2121
3733 2581
1853 3369
3987 3761
3285 112
1583 2037
792 3965
3761 3128
307 193
548 751
3761 3320
3761 598
928 3761
1818 1854
2522 1067
1756 3910
2447 3164
3761 3110
1498 2687
3761 1780
280 3209
42 3128
3761 1400
1871 3227
113 1503
2147 3761
2606 3761
3761 3316
1669 2502
3761 3120
1931 724
844 3668
3134 1277
2103 3110
573 1140
1708 3424
1831 2412
1863 731
1940 418
3113 2381
842 1228
2854 2346
3761 3129
341 583
2160 3761
842 2114
1525 2566
2180 2334
3499 3099
2641 1360
3761 1871
3761 1399
604 3979
992 3761
3105 3761
2232 1470
1454 2218
3217 1259
1146 2154
3761 1233
2996 2435
2885 3944
1272 3139
331 2912
1609 3761
707 1657
231 3240
3761 773
2408 3322
2171 2440
1194 1379
2758 1787
3761 3846
1352 3761
782 3761
1030 1128
3761 834
1983 3805
3761 1466
3788 3761
2757 890
3761 2557
876 29
1296 2501
1630 3803
3761 3649
2475 1935
3761 1346
696 3878
3761 1882
3299 1818
2382 941
724 3316
736 1436
3761 2268
2246 3761
1222 2292
3761 3498
3761 1621
3473 3761
2340 2995
1060 3761
3761 1878
3286 1448
3761 2805
2299 3761
3761 1119
3761 1461
2129 2258
3465 1720
1497 3761
742 3987
3761 252
3761 2503
522 3956
3676 541
644 3761
873 766
2135 3144
1860 1779
879 3761
2441 1879
3922 343
2006 90
1919 479
3278 3523
3761 3158
3761 1431
392 1167
3761 1017
3427 3484
3761 3081
3761 1443
3761 2171
2460 2258
3961 2219
3717 3761
1994 1413
3761 2739
3685 3761
3654 1311
3761 2715
1754 8
3474 3422
3761 2459
3761 2994
3964 1809
3761 1570
2553 1754
3674 3617
1665 3264
2965 3744
3542 3078
3563 2612
3761 2707
871 3761
3761 2326
3702 891
3761 2640
1139 1219
3761 3165
2936 883
1843 3761
3761 2832
2427 2391
3127 3761
992 3793
3546 762
3761 952
1108 1813
3761 845
681 394
3761 1181
3553 3761
3761 475
1174 3761
2547 35
64 1760
765 3761
2333 1691
3751 1540
3761 1936
3761 3040
3761 802
1059 3761
832 2449
3109 2873
2298 3761
3762 3761
1136 2305
3990 3761
928 3974
1008 248
3761 3539
2872 3761
1794 3761
796 3413
3138 3761
3875 3761
2549 1299
1665 3282
3761 2759
1121 974
1766 1672
3761 109
2496 3761
3761 1795
3911 3977
457 1579
3225 3206
2040 3761
668 1752
2587 2817
392 3761
836 3761
3891 2127
3761 3731
3581 2991
974 1618
3761 3488
923 3573
3504 1069
3761 2824
3056 3517
3420 20
3761 3812
2260 2
2136 1471
3914 3194
818 1176
10 720
2708 145
2686 2234
2705 542
2106 285
3761 3603
975 578
3761 69
3761 3015
1277 427
3761 3035
3761 453
2336 3844
1458 1324
3703 2485
2890 3761
1527 3832
54 802
2239 1059
1152 2883
3761 3897
2227 3761
1430 3092
2411 2073
373 1883
3504 871
2214 1191
3761 2826
2685 3471
2596 3991
3156 1245
395 1740
3761 2657
3761 2619
698 3761
762 3761
3761 2420
850 3761
3761 621
2300 3590
3761 3107
784 3761
545 2080
1958 2070
3761 1148
841 16
2839 1151
2145 3761
3958 3148
3263 3761
3761 3905
3761 3185
881 2246
637 1548
3566 514
3009 2149
548 3761
695 3382
3761 2915
3761 1198
819 390
3632 3761
1749 3123
3761 3651
2110 3761
3761 1854
3761 1381
3362 3795
3761 1917
2264 1621
1341 2055
1550 3761
22 1845
3423 2737
3467 2778
1276 2245
3761 3465
3761 1014
3761 2281
3761 2255
3761 279
3718 1654
3761 4000
3761 2568
3761 1560
3761 313
244 2256
2329 3761
3984 268
3761 2620
2471 2733
3428 2820
989 1264
2165 1402
291 865
3761 1348
3075 1638
3268 51
324 3472
3761 1285
2869 3761
917 3761
534 3761
3026 3781
1209 2679
2828 3761
3761 1920
140 11
2265 2340
3761 75
129 3262
3761 3729
3747 2874
3160 166
1003 3158
2586 3464
3727 3761
3761 2860
233 3671
3761 2931
3698 3761
3761 189
3562 841
3761 1393
3014 2016
3761 71
32 786
3761 2778
1378 849
441 3287
3136 2747
3482 655
2955 3761
3761 3657
2656 898
199 3761
1448 3511
3761 2043
3761 2669
620 1732
3495 2907
3761 2833
3761 2385
3638 3189
268 417
2863 3197
3232 1390
831 3761
573 2025
2570 565
800 1587
3761 2639
3792 1179
409 3987
1212 1559
3792 3761
3761 3310
3761 2626
3761 1615
1995 3761
1903 3647
3348 3761
293 3872
3761 307
3791 3477
1099 3620
1215 2642
166 2692
374 3095
615 3167
2338 938
477 3761
1202 3761
2877 2242
1061 1778
1165 3761
3385 3761
2180 1193
1246 1180
2940 3020
1899 3761
2909 1281
3761 3425
1385 2754
1095 3192
614 2865
3761 2730
3761 1771
152 2842
2384 1072
3761 321
2468 3360
282 3962
3761 1008
3761 1235
3090 3761
155 3761
1200 2807
1226 3571
995 3761
2290 743
2198 721
3866 2237
3761 858
2456 3761
3761 1731
1230 3664
863 3761
1295 3903
1055 1623
2147 2217
2902 3761
3761 3577
3080 2711
2736 3026
2446 3507
2156 3761
2394 548
2447 3364
993 3761
3369 781
3033 2357
3587 644
987 3761
3352 1026
1036 756
1175 3182
674 1981
2627 3761
3454 614
502 431
326 51
436 3761
1784 3761
1759 3163
3761 3753
1558 425
1074 3761
567 3761
1949 2228
3761 3948
3274 440
3761 2163
522 3761
2964 3581
3761 3486
3761 3953
2457 2662
1086 1581
1057 3686
3761 3111
108 1244
1881 1936
1915 850
3559 2319
3761 1658
947 3821
2396 2767
3730 2968
3761 160
3761 2526
2555 1855
3761 471
1587 3761
3560 1022
761 3761
1837 104
1901 3761
1045 3761
3761 293
2415 3761
2665 2440
19 3801
1211 1844
3993 3326
1668 3631
3874 3883
1307 2535
3761 1776
2632 3761
3696 2879
3638 2102
3608 1553
3761 420
3507 3761
3761 269
1391 2372
34 2070
2017 2081
2625 3761
941 384
2079 1518
872 3086
3282 3264
2103 3773
1849 2678
248 1543
3578 3525
3752 1026
3611 3761
3637 1857
3761 482
3761 973
3761 2038
3761 3377
3761 1275
2427 3669
3743 3761
175 1552
801 489
3361 370
3761 3410
3761 438
1422 1636
3761 1932
3761 3910
1979 498
197 956
3526 3761
2153 3564
1239 3276
2540 2710
3522 3761
396 2941
2876 3761
337 1780
3059 3761
409 742
3949 661
1993 229
2731 1410
3761 909
3761 3835
383 3761
203 3832
30 1126
3761 1386
3761 504
2045 3761
3761 2368
1117 266
2519 2501
2892 2008
927 3288
28 3761
3505 1554
3761 3981
3677 3761
2504 3514
2594 887
2896 493
275 3682
713 3267
3761 2559
3618 1685
178 3892
2480 1425
3761 1580
3761 2993
492 3761
2183 1876
839 1541
1708 1866
328 1085
3761 3689
3761 2740
2516 3761
1004 3179
1359 1190
2878 2627
1856 3606
571 3761
3761 126
3218 2680
3864 3388
2048 1470
3148 1921
1226 474
1156 852
1104 2155
3761 1853
3540 3761
2619 1772
1281 3761
2668 2859
3365 2998
3761 1928
1386 890
57 3759
3761 3927
3761 1236
2611 3001
1424 3761
494 744
3761 727
366 1345
3393 3761
3761 3748
939 224
3644 332
1203 2571
1547 2289
3761 2274
3761 3680
2902 1038
1063 1868
3761 2078
3470 1052
3297 1481
3761 3813
1716 3721
1561 2910
1495 3761
3261 3149
3438 468
2529 2623
1891 2034
3761 82
3670 2477
3202 2162
3761 657
2778 3779
2370 3761
170 3761
2988 3647
502 3761
3761 3083
3761 1861
3761 3249
3761 3084
3761 520
3761 3162
2979 3932
3761 1473
3761 1601
2473 3275
951 3935
3816 3761
1669 2085
299 3761
2930 2143
3749 3761
2393 2969
1416 2739
1908 3281
1262 2090
2104 396
239 3761
368 3761
1569 1608
3001 3761
3761 1978
3761 1293
3761 3777
1644 3761
3761 1562
3938 1995
2706 3761
1403 352
2489 2920
1456 3429
1540 3985
3793 1705
3549 1868
3761 1178
3761 1090
2244 2190
2470 101
3761 1411
3515 3116
1749 733
1790 3413
1832 2976
1184 3761
3761 3053
1651 1035
1439 1321
3761 1079
212 1267
1345 3761
3190 2651
1228 3761
1233 1133
164 3761
3761 1501
1308 3761
2351 1982
1270 2115
3761 6
3332 56
3833 93
1718 1500
878 1491
2455 892
3129 3650
2956 3761
3178 3297
2527 3761
3761 2565
3933 798
501 3328
356 3448
513 2476
2136 3761
3761 1086
1152 3258
3761 1376
894 3761
2004 1667
3744 3761
550 3121
3761 3389
1564 3675
3761 2940
577 400
1489 513
2640 1900
544 2583
3761 807
3761 2796
3925 2475
3761 302
948 2313
2472 964
3761 3211
3141 3114
995 1671
3676 2829
3761 1741
2841 3761
1286 3761
889 2644
3198 3761
3605 2295
2976 3667
1809 2955
524 3761
3761 2262
3466 3761
9 3761
2626 3599
615 1006
3761 2488
3503 3045
3484 3761
1787 3761
2328 3761
3543 290
1965 3628
3761 473
3395 497
891 1177
103 3761
3860 213
3761 2770
3761 1150
922 973
889 1519
3259 3354
1695 475
1475 493
3800 3761
748 416
3287 1018
2188 3761
2285 301
3761 1670
1177 3761
338 3761
3737 2139
1736 1334
318 1997
3876 3672
3996 3761
2682 2595
3531 3761
3761 2054
2515 3441
2669 3915
3761 1070
3341 3152
3761 3317
3867 210
2362 2928
593 2701
3761 1259
2897 1537
2517 2881
1274 3612
532 2341
2316 3761
3761 394
1604 3761
2849 1524
1422 3761
3212 1536
3761 487
3630 2511
2631 3761
3761 1251
1251 3694
908 3926
2380 1271
2119 2663
3761 1397
1814 3643
594 3957
768 3761
3016 3079
3263 3628
3066 3777
3621 3372
2178 3761
2088 857
1804 978
2430 1472
3761 3350
3761 2582
574 3761
3761 491
3842 98
482 3616
2004 2984
3761 295
728 37
616 988
1325 3761
556 3761
794 3596
2982 813
3555 3761
188 3761
3761 1777
2699 3761
1262 1992
3230 2948
3699 339
3761 104
234 771
3761 3241
3451 2706
1289 2029
1078 2301
371 3004
3761 344
2683 1338
3761 1372
2454 756
872 1098
2211 973
3667 1832
3761 2280
221 2018
1988 3012
3761 439
2017 3761
727 1421
3717 2323
3052 242
582 3329
1781 523
2522 694
2867 1974
2597 1373
3064 729
3548 3761
3761 2772
2588 3611
2961 2971
3761 414
3795 3761
3761 3899
1380 3306
3761 631
2741 2221
754 1783
43 1956
1746 3761
3761 2293
3569 2165
2320 3089
1734 2155
2286 3761
463 2261
3761 1306
2380 1776
3010 2628
3048 1187
958 1339
1484 3907
2899 259
1945 2765
793 3761
3117 1515
3825 3761
218 3691
97 1415
3761 1141
3006 330
3761 996
2716 3761
3845 2368
1481 3178
3761 236
3761 3867
1578 599
2768 1784
2392 3325
2866 3761
3761 1923
3623 3175
7 95
350 2528
3366 3761
3155 238
1258 1703
551 3761
3318 3396
3997 2411
2685 3761
305 2118
395 2442
3761 3670
1262 3761
1398 139
914 3634
2926 1125
3048 1348
1290 940
1881 1387
3554 3207
585 1497
3492 688
1929 3761
1195 386
3761 317
3851 239
3761 1482
3761 2354
3814 3785
3740 1655
624 2153
2632 35
984 3136
3761 27
1191 2337
3146 3525
2023 1878
3761 145
3314 3761
426 3346
3761 3889
2610 803
3761 1454
3622 3185
3815 1975
160 1721
3370 1064
1468 3761
3957 1465
291 1846
2299 2345
2376 2215
3094 3761
1592 3761
2012 524
3761 1916
1093 2796
3761 2448
3761 2700
3761 3223
2653 3761
91 3503
486 3761
480 3082
438 910
2881 3311
3761 3534
2404 3761
2526 3890
1593 3248
561 3761
3761 3220
1328 2542
1653 707
3761 1252
3761 3619
3686 306
1919 2425
170 637
2080 3761
155 3849
1457 510
3761 2664
3545 1888
3761 1382
3761 1971
453 2783
3761 2270
121 3761
3761 2478
3761 3450
1276 1368
1716 799
856 892
2174 3124
3880 3761
3761 3621
3796 3014
564 2156
3761 972
1169 2809
1899 87
1641 3761
3761 859
3761 2764
3761 1320
3761 3992
3761 3759
3105 2373
3761 1867
3501 3761
1032 1833
3761 2493
3961 955
780 3761
535 3598
2829 541
2600 1404
1878 1105
2874 3761
3359 1914
2842 1229
1622 3402
3761 419
3601 3761
1076 3761
3978 3761
3901 2681
562 3761
806 3761
1670 460
3461 1534
2330 1597
1029 2231
2812 1099
2945 2624
3147 1393
3761 1541
692 1419
3444 2618
2253 3761
3761 3968
3509 237
3761 1277
3761 2762
1856 3761
126 673
3836 209
3761 114
3761 1317
3868 3761
1327 2588
3398 58
576 1161
3761 3787
3761 1104
3761 401
3360 2630
3761 2509
1021 543
3761 1654
3090 1706
3379 3761
3799 2950
2286 1598
3400 3761
3761 1778
204 3025
1683 2352
3228 1440
3238 1961
3761 2980
3761 1574
3761 2652
1329 2477
1554 811
3761 2953
3761 2048
2114 1228
255 1758
767 975
2306 1558
2466 3761
3732 3942
2919 1673
610 2807
2760 77
1566 2712
933 2639
2265 2995
978 679
1547 574
2889 3916
3761 776
431 2599
2554 1441
1467 2867
473 1426
2432 2120
97 3091
2349 3761
3761 771
609 2832
1461 1942
3761 638
1853 781
3913 3574
1968 2715
529 3761
3528 3872
3900 1175
267 464
1727 336
3149 2835
2449 1838
608 3410
3761 1828
3199 3308
2250 3761
2138 686
2502 2085
3761 1049
3532 3761
3278 2297
1248 946
3761 2098
1254 2569
1887 3761
1521 172
2674 687
3761 3011
168 2567
3663 2375
3196 1280
1776 1271
474 3571
3219 3761
659 3761
185 2509
1162 2247
3761 3888
2718 3857
3761 939
1088 3761
3761 1908
3215 333
349 3535
1000 69
401 635
784 349
3023 2075
2065 1242
3692 2977
3761 2954
101 3761
375 3761
3761 1893
2977 3459
3761 3363
3972 3386
3761 3784
2396 3473
3761 693
1342 3087
200 3304
2186 3761
3741 1593
3761 1429
1401 1107
3761 246
3761 701
1644 3458
2196 3761
522 154
1786 3100
3761 3019
3103 3761
2886 2810
1060 1536
3761 1108
1409 1861
2891 3097
2897 376
2005 3761
3761 2506
1265 358
3554 3761
3761 2161
1408 1009
2831 354
2053 1943
1312 434
2068 3761
3490 501
2096 1044
3760 3761
1025 477
2756 2605
3855 3761
1964 2525
3761 1761
1254 893
2746 1541
3761 23
1240 883
274 3761
129 2189
95 3761
3761 2510
3305 1663
2853 3761
3761 2076
3021 3053
3761 3270
3121 1743
3761 393
3101 2904
420 1612
3260 1637
1880 2751
1801 3710
1449 1486
3751 3985
3761 3828
3761 2891
2209 1512
3761 1972
3761 3126
38 1717
697 3761
1984 3954
2927 1794
578 767
3818 3761
2043 590
3246 2158
2175 3761
1462 2472
3761 2165
3761 1034
2819 3761
1977 2097
3396 3761
2335 3055
3761 932
3761 3699
1102 939
2637 2191
3761 1302
1474 1444
3804 1672
3761 3764
3761 3709
3134 427
1284 1658
2590 2133
775 928
940 3761
1837 2784
867 357
2429 3187
1569 739
3210 3829
3761 1573
2563 1841
3761 3646
2028 420
1452 3180
516 2875
3268 3761
3917 3185
1165 3181
3761 1111
1743 550
1210 949
3761 3808
1722 3761
1711 2512
1174 2134
2761 2098
3761 143
1489 2476
2205 2135
1333 1238
1959 3761
613 631
2312 3761
1578 1148
2638 2975
3761 1941
775 3974
3761 2397
2576 1085
1894 1529
959 391
610 1200
3038 3761
3761 2011
1386 2757
3099 207
159 191
1930 713
1351 2134
2240 3482
2293 43
3900 3761
3732 3761
3761 1579
1538 3761
3449 1422
3761 200
3761 3327
510 2667
400 3761
3761 900
228 3420
2126 1631
1494 3761
1052 47
11 78
3761 2533
3761 86
1329 3670
3446 267
3761 41
65 2437
580 1603
3234 3639
1636 3449
3061 1321
3189 2102
809 147
3023 531
1575 3761
3131 2498
1875 3512
2433 3761
3761 3896
2227 527
3761 3706
2527 1864
3209 647
1066 3362
3761 1618
3761 1616
844 3213
2585 3463
1068 125
170 1548
1048 2081
3761 651
3761 128
3030 3761
110 3865
3761 291
2787 342
2880 3478
3660 1213
2839 862
1007 3663
1292 2759
2592 2792
3761 1375
76 3201
2667 1457
3612 372
156 3761
1913 3761
2210 3761
3761 885
3210 718
3761 913
1041 3761
3845 3447
3761 3194
3423 3761
1650 3761
2455 3761
2665 2171
1715 814
266 3761
3520 3711
3183 1932
63 2953
681 2056
3701 3295
344 3406
3761 532
3535 784
1453 1261
372 1274
983 2057
3070 3761
3761 1648
1956 2293
1585 3761
3349 3491
3761 1200
3078 3761
2140 3761
1046 1016
1970 250
1904 3761
2925 3391
2381 3761
641 105
638 106
2066 3679
1065 3021
1764 1704
3761 2780
2798 3761
3761 2025
3371 1390
2967 1111
3858 3081
3445 1087
258 2878
2219 955
3350 3572
3761 966
2507 3809
1089 231
3761 1523
496 3151
3761 1464
899 3186
1950 1147
1666 3300
718 3829
3761 3475
3979 3761
99 1851
1651 1862
849 3249
3761 2131
1858 3429
1625 3532
630 3705
1902 1826
860 2236
3898 3501
462 3005
1214 3642
2386 3584
726 3761
2577 1677
73 3761
3894 1724
3379 1460
1177 3702
2744 3761
2561 2208
2779 1660
3600 3761
3883 3838
3761 1191
2378 3414
3761 3253
3761 2933
1958 34
3761 3625
298 1340
3761 1979
3761 3352
2499 1830
2161 3479
1468 2722
1895 3568
2631 3439
312 2162
3967 921
327 3336
3761 3995
1799 3761
840 3761
3204 514
1631 2212
2585 1909
737 3761
2526 2981
3155 3690
2428 3761
572 469
3950 3761
3761 515
894 2022
665 529
3761 2257
3821 3534
525 652
1369 468
2870 3241
3761 2911
3761 2205
2436 3097
3761 507
983 3303
2719 1012
2240 655
3761 612
3173 388
2693 61
2360 2923
1974 1467
1185 3591
1025 530
1443 3336
1979 2643
2346 2833
1307 3761
362 3029
332 3761
351 2882
14 1278
3761 2904
2025 1140
1533 1158
3719 3761
3761 2027
2809 1081
3761 421
334 1757
3761 1976
2820 3761
3789 993
2586 3761
3761 1110
1073 1568
2560 3761
3761 1005
2850 3907
266 3302
1948 15
3704 3761
896 1746
3456 1508
3422 2172
3761 2613
3681 3761
3761 2661
235 525
2684 3761
3044 2601
866 2034
3761 1999
3083 2713
814 3627
1608 739
3761 208
1694 3735
816 2330
1897 2282
449 3761
3761 309
2331 3761
1106 927
2855 3901
229 2421
2591 3761
3761 923
3761 2812
3761 3556
1843 740
3239 164
2144 3711
3761 636
1561 3761
397 3761
208 297
2932 3761
2810 136
175 3761
2443 90
3761 1991
3761 1456
2042 589
2718 2689
2060 3761
3761 3575
3798 1753
553 1810
3259 3761
730 1037
1691 3570
3635 1659
1690 2328
3110 3773
1115 143
2903 3761
3761 2847
2893 2890
3761 1642
3733 3468
3483 626
3761 3065
612 3810
1019 3601
131 3866
1115 3837
984 2747
1782 1435
2122 2668
2544 3761
2260 3761
733 3761
2943 1499
758 3729
301 1946
3698 1744
3237 3761
3515 1260
3562 3761
2383 965
3761 753
2924 1158
643 2555
918 1042
3192 3761
840 517
3761 2447
2089 2363
3697 2343
3108 3756
1137 3661
3761 2108
2622 3761
1646 2922
3761 3594
2386 912
3780 1295
483 1828
2150 1113
1018 441
3761 5
3567 3761
2659 3414
3761 3873
3912 3067
961 3761
1624 3384
2214 2337
37 3715
3937 3761
568 147
1565 3761
747 2231
3761 876
694 3761
2270 976
1529 1619
3761 440
3807 3735
2826 1357
737 102
1208 1771
2085 3761
1823 2532
3761 989
103 1043
1102 224
2513 2295
3028 3235
2464 2783
1506 1493
2406 3761
1737 2794
1095 2538
766 3054
284 3740
3186 1972
834 1594
1751 2863
3864 753
631 2444
1382 2050
3761 897
672 2677
1430 3761
910 3221
92 3761
2906 3722
1353 3761
3761 3067
3761 3640
3761 377
2660 518
3761 2119
3945 2308
3865 2013
3561 3166
3140 380
537 2935
2208 1031
3761 670
3761 1015
2023 1105
3300 1395
912 3584
3761 870
2676 2583
1465 594
184 1176
3783 3761
3761 2350
2485 3198
3761 1125
618 882
3761 721
3072 3863
938 2287
3761 3831
3761 2578
2210 171
1972 899
2200 442
132 3761
1508 2406
3613 2590
2444 613
2217 1739
3761 1951
1455 3761
3761 3734
3761 3552
408 3761
3761 3402
2786 567
3955 2216
3761 3824
3761 3604
485 2961
2648 3552
2942 1250
2868 1131
2559 930
3761 1160
3761 1063
1910 3761
3761 675
754 3761
437 3761
2414 2857
2203 2611
1149 3858
3529 3761
3761 1608
3394 3761
1173 1990
1985 2752
3611 1327
3761 1475
3761 308
489 3761
3115 3761
496 755
2443 2006
1889 3761
2682 3761
3761 1822
3688 3761
3419 2774
3312 2551
13 3305
1101 1719
3033 3761
2691 151
3761 2781
1696 1362
2186 2806
666 3761
3013 2693
2317 3761
3761 1824
2916 2125
3971 1713
80 1807
2343 723
679 1804
2308 3088
3190 3761
3629 3761
1719 3761
1963 3761
830 3761
3761 3499
3874 3761
786 3761
2710 2132
422 3745
2634 212
3054 3761
1758 3761
1472 3761
3761 3585
623 3761
3761 1977
3037 3761
866 1891
1817 3761
3761 1091
3494 582
4663
867 2474
3748 308
511 3315
2483 3406
1484 105
3406 2940
2381 548
1693 1434
2056 726
271 1879
3054 3406
1712 3406
1706 1093
17 1765
3406 1682
2087 3527
3406 2787
1609 3708
2336 3406
2489 2335
2059 810
2032 3242
2417 2592
3406 3481
2814 334
3406 3916
1453 2431
3218 3969
3365 3755
571 515
463 3406
1896 1379
1423 45
3406 436
3406 1294
262 3602
2107 3406
3406 1307
3861 624
3406 2782
917 3406
1314 3968
3475 3406
3406 1414
2025 884
2865 3406
1901 1926
1686 825
1003 30
1298 1355
3406 3061
3406 467
442 2620
917 3345
1514 1895
3406 3530
936 3742
1737 3579
3406 2227
1430 3406
3406 2668
3945 2253
1386 3406
2179 1739
2758 3406
2267 3138
668 3406
1495 3406
3720 3934
1290 2547
178 2709
3664 3406
2333 1442
3704 142
3406 1724
3406 1446
3406 448
367 925
3646 3959
3146 3406
2773 1278
3406 666
3406 759
2307 2907
3268 483
2842 3406
2537 3486
1760 3406
1853 1207
3406 1396
3251 3406
112 2111
3952 1303
1322 87
887 3406
98 3406
2291 3530
3801 13
1151 2707
3933 2353
3676 3406
3406 701
343 282
3406 314
2675 3831
3406 3368
1796 3406
3818 3406
1858 214
1632 2727
2783 2837
2390 2521
597 3406
586 3406
3406 3191
1909 3406
1133 443
257 2288
1871 2609
3967 3888
3447 3406
1037 1019
2054 3626
2337 32
1917 1373
3489 3406
3651 2659
107 1878
3406 1104
844 2951
1145 3406
2613 284
1527 3406
3935 3406
3955 1609
2484 3406
1032 3406
3406 1427
303 2437
2214 3127
3865 2296
1439 870
3406 416
3947 2126
2859 1181
3406 3848
181 3308
352 2116
195 2321
2542 3025
1942 472
784 1237
3406 1122
2689 3406
1722 3406
3406 1455
3406 1829
2623 3406
3406 2101
2841 3406
787 3354
2090 3406
3406 1254
3406 1655
2830 511
227 3068
1926 544
3406 3511
1949 1046
173 1261
364 1419
1768 3207
688 3660
3887 1560
3406 3419
3406 3854
2256 3406
2134 3406
1713 3406
3406 3451
286 1948
2074 2228
2070 2567
1584 1922
3406 3210
2746 3406
1083 229
2759 3406
3067 3026
968 3406
347 3406
1910 4000
1491 3406
304 3132
2384 3406
1795 3016
166 2097
1581 139
2630 469
2383 3317
1131 93
3517 2049
3953 1398
3406 606
3406 1284
3406 938
2703 1039
956 2498
1440 1049
3469 2643
285 3785
3406 2813
5 3406
3153 1792
3949 2898
3078 3406
2564 3552
2418 3485
3406 192
3406 1867
483 1180
2992 382
1969 1344
3977 3406
3661 1132
465 1980
745 3406
2869 123
638 3406
1833 3406
3263 1151
3924 3406
2249 831
1999 3489
780 3406
3406 82
3633 3600
2637 3406
2996 262
1214 2499
3448 980
3285 1471
3406 1628
3406 342
1202 3406
1020 3406
1837 1218
1490 2104
17 3155
3406 1979
1558 1575
3809 906
3406 2893
1272 2596
934 15
86 3406
1757 3554
3354 2117
2730 3406
384 378
795 1566
1177 1249
3406 723
857 846
956 2027
953 2599
1153 57
583 3688
2713 3406
3407 726
1194 38
2910 3406
600 2435
1463 3536
203 2172
2549 2679
3406 3613
3406 1747
589 1386
3407 2056
3406 2812
3406 1318
3834 3406
3406 2437
3211 3406
1598 2894
3406 779
207 3148
3406 1293
3406 3758
2444 2872
3406 1987
902 3406
3406 3123
3406 3329
3406 3244
1711 329
1544 60
3406 1684
2171 3406
3406 926
2920 3406
1274 3406
3406 317
1872 3406
3442 3406
209 1677
2271 1582
2127 2921
3544 1462
3119 861
1956 1104
3406 1259
3564 730
31 3809
2756 3434
3914 448
3077 3334
1696 1002
3406 2244
28 3144
1353 3329
2405 1271
733 3406
977 3426
1111 2127
1432 504
3406 282
3406 338
2576 2234
3082 2660
638 1473
3559 3406
3270 3406
1674 23
1114 269
1451 3406
764 99
3309 3406
3365 2594
253 3406
1739 3163
3406 2555
2498 3406
2635 2783
3308 3752
2181 2458
3406 447
3516 3406
2604 2510
3406 3826
692 3406
3081 3183
3022 2112
2704 2208
3120 1627
2663 3507
3498 3374
3406 165
3406 3167
3735 1339
3219 403
107 3406
744 1528
2790 652
1248 2683
3406 2854
3406 712
2100 2509
3217 1544
1296 3406
3818 2673
2089 623
3648 2474
1548 3406
3182 1737
740 3139
2880 3406
2492 2651
628 1095
3406 634
3397 223
3406 295
3734 327
722 161
3856 316
2006 2080
2960 3406
3051 2654
3406 673
2029 2608
995 2050
3406 3032
1451 891
3406 2939
3932 3698
2881 273
96 1031
584 3577
3406 3233
331 3406
320 3406
1893 3075
3738 3406
3406 1477
2493 3406
1256 2319
2270 2957
3406 1391
335 319
3991 3729
1245 3724
1932 1807
705 2787
810 3204
2686 3406
1278 1096
3926 3406
2699 2005
1741 2203
3406 2918
1118 3949
3218 3406
2939 797
3293 2525
3159 2595
104 3406
3870 259
1458 2799
3406 3036
3406 2289
802 1507
3406 2466
198 2519
1188 3524
2359 525
1879 3406
2314 3406
768 1784
3798 708
2301 786
837 3406
512 1557
2906 3146
3406 1447
3406 2860
2812 3483
3406 1795
896 569
2761 2392
3332 3406
2708 2280
3901 2843
978 2279
3179 3406
285 3406
1885 591
1953 2447
2515 3406
3346 3406
2855 3406
3356 3406
1525 2108
1919 1508
1327 3406
1418 2472
3994 1853
3406 1263
1519 1628
3406 1252
2988 1840
2972 2212
3406 2981
1852 2163
2276 3476
1336 3261
3766 13
3406 519
839 3406
2354 663
135 186
1775 12
1108 1927
1938 3406
2259 3406
1369 467
3406 1592
3406 503
2486 2363
3009 3406
2467 3937
1808 440
2938 3063
1646 2142
3753 3406
996 3835
2843 2852
101 1349
569 2160
1145 1264
813 2317
484 952
3227 3406
1587 1521
2894 3406
3781 64
764 3359
3711 1758
3406 3833
3406 3839
1050 3406
2071 3406
3496 2330
1730 1484
3406 2678
2629 3406
3406 3567
492 3406
3109 3406
2873 3406
854 52
3406 806
2389 2991
3851 3406
3525 1973
3406 513
681 109
2590 3406
864 715
3406 2642
2044 1442
1630 3406
509 3406
2669 2095
3406 3495
3406 3238
1500 3406
3484 3997
3406 2752
822 2232
3711 3406
3406 3512
386 3406
147 1347
3406 3176
2970 1016
3602 2996
3406 2777
2777 250
610 3394
1145 3383
2348 2492
3406 999
1064 2032
3548 3406
2216 3105
3406 1315
2206 3406
3190 997
718 2742
2266 3406
2188 3406
167 1123
233 3406
2822 3406
3406 1127
237 951
1653 3406
1983 2153
3406 434
2030 3181
3406 3344
2038 3406
1927 3691
2396 3604
169 609
390 1453
1875 412
3742 3406
484 3447
2797 3406
799 581
3670 2252
3590 1014
1882 3406
3406 1900
3406 2312
2511 92
2635 2837
3406 2075
3406 1693
219 3406
3406 3932
2732 3406
3191 2723
3031 264
766 3406
2615 3088
2520 148
1713 57
222 966
2441 2051
1807 3406
2222 2128
380 3860
3754 3900
1160 2294
1184 2528
3492 3406
3406 1
1856 1913
462 842
3979 595
3975 2913
3406 3859
3406 3633
91 836
2259 765
3406 3162
3406 1204
3406 1458
917 761
3795 1279
3406 3757
1083 3445
3406 413
3414 1175
2471 3406
3406 1227
3420 3174
2435 3406
2554 3442
685 3406
1041 3406
3359 99
3406 710
3174 3406
2182 846
852 3406
3147 3731
2293 892
1824 184
3151 3406
3406 2717
2299 3406
3406 3360
3549 3406
409 1850
426 542
1917 3406
3406 3212
1776 539
1596 3963
2374 3406
2194 471
3406 406
3406 124
2719 2451
3406 2697
3800 2932
3056 3406
1146 1427
2130 3953
509 2959
364 3431
3406 2319
2119 1009
3406 862
1407 3406
2168 2729
1773 3406
3326 3406
1952 3042
3406 527
3406 3439
3406 2265
136 3406
918 1221
2161 2364
1762 1700
1683 592
3669 2602
2891 3406
3321 3406
556 3549
2340 1190
2010 3893
694 3406
1817 2086
1210 2349
2934 2871
1873 380
507 1826
2261 3406
3260 2312
2428 3406
935 3406
1481 3406
251 3687
3222 3406
1490 355
3306 709
3214 2186
3406 2656
937 3406
2627 3406
1833 573
880 3406
2966 1691
1620 3406
126 3406
2338 30
502 1679
1858 1959
3406 1962
3288 3406
2078 8
1244 3346
3406 64
2283 3406
3406 3631
807 2227
1496 3406
2682 537
636 3291
3406 2922
3406 1616
1289 805
2356 3406
1941 3406
1334 3915
3306 1796
2780 3149
490 3128
2415 1010
1212 3406
3771 3914
1284 2235
2189 2401
3406 656
3406 791
3563 1533
2285 2362
3406 1858
3239 241
29 1565
1727 3270
1285 3406
3247 3406
1070 3694
973 851
356 2470
255 2679
82 94
1056 1589
1755 3503
459 631
2928 3406
788 1148
3406 2273
2379 2142
3237 3524
3406 1297
3149 2136
26 97
3406 2108
2388 2766
3406 3884
1251 1736
1052 3604
2290 3406
2832 325
1700 3406
2884 2208
3958 140
2238 3938
3406 2511
1269 2807
1086 3406
1834 3874
574 3318
1541 876
2154 3406
3406 2683
3406 863
3981 3436
652 3435
1647 1080
2310 2595
959 2902
3406 300
701 3393
3244 2586
1881 3406
935 81
537 3829
3629 2866
2062 3406
2433 3045
2934 1822
1930 3576
1239 68
3972 3837
2455 3406
1567 1443
1383 3406
3406 2582
3238 87
3106 1424
296 2755
3943 3406
3406 1053
3406 2956
3406 1812
2886 1547
1170 1231
102 2337
2412 2675
3406 1157
2634 3406
900 3324
3086 2529
3406 928
3320 3406
645 3406
3352 3406
3406 27
1425 3526
33 3406
3907 628
1155 138
2253 3406
2189 2434
1385 1168
2701 3406
3792 1923
3406 2834
2696 2040
2925 949
1371 657
1386 1702
2750 3406
2247 3406
2358 1074
3406 40
2330 3406
3406 2121
2457 1536
757 3406
157 2260
1072 3406
3406 3784
2486 1642
3406 1106
307 550
1334 1365
1464 2468
971 3406
1807 2990
1800 11
1276 2425
1639 2593
3566 3406
2534 171
2379 1646
1181 1697
3406 3324
3406 856
3406 2371
653 3107
277 3508
378 756
2254 2048
2322 1328
434 2864
744 3406
3266 2077
882 3406
1291 1008
1511 633
1929 1898
3014 828
694 3430
1280 3406
206 521
943 3406
2419 2958
405 3406
2317 3406
1679 3066
3603 3406
3406 1654
3406 1783
3380 1376
1754 3406
3686 3533
3406 1139
3368 2152
2131 3406
2642 3638
818 3570
3406 2596
2809 2726
1885 3399
1633 208
746 1551
3406 987
3406 2093
1466 3406
1523 3581
3327 1949
1310 1397
3739 3406
3236 593
3530 3084
3125 56
2824 1604
1324 292
2956 3980
3420 3751
3406 678
695 1936
3406 410
3821 636
4 1217
1988 3406
2368 3960
3406 2275
748 3406
3028 2580
1088 3406
1933 3670
3406 3091
1478 3473
3290 3406
3406 34
2012 1895
2171 111
2242 480
3406 2389
352 2132
3406 3043
3406 2156
68 3408
28 3406
1393 447
367 3406
403 2605
3406 2736
3406 1218
2235 2494
2318 3682
3769 3772
3656 468
2288 1447
3406 3824
3948 3406
916 2411
3981 3406
3406 2037
218 3179
2339 711
2475 3406
3171 3406
1925 1492
1508 3343
3406 730
1089 3406
3406 1880
1793 1785
3406 2941
939 3623
3406 332
1513 2084
3406 440
3569 1868
3344 1591
1644 3566
199 2618
2736 1376
3406 578
170 2792
2256 3269
1555 21
1266 2408
1069 2864
1377 3496
3919 297
2179 3163
3406 3322
1668 3946
1235 805
3695 3406
305 3487
3853 1382
3872 184
2054 3406
553 2450
1005 2788
3000 2141
1966 2776
808 1415
3713 732
3750 3406
2942 3585
1849 3406
1238 675
3406 2073
3297 2287
2943 1458
722 3961
3358 3406
2185 1215
255 2549
2926 2578
933 3406
436 741
2973 2445
277 3166
2280 2705
920 3107
1920 2794
1791 3370
2270 3406
3304 2374
3406 1804
1578 2191
3406 3148
117 3406
3013 3406
320 1579
501 3406
1563 2211
3896 3406
2950 3020
1670 3406
3990 3406
3406 2636
1140 2086
1314 3406
2797 1154
2576 22
2561 2427
3527 3406
1884 3455
2217 2183
3406 752
2716 543
926 1669
2238 3406
2535 3406
2351 3635
3219 2605
2881 1622
3301 2772
3406 3928
3482 735
3406 3057
3406 3555
1831 2833
491 334
3424 404
3406 3202
80 3728
3385 1607
2139 1769
2820 3075
3692 437
3838 3406
884 1974
641 620
1631 1067
3787 3064
3286 3406
3406 1814
1099 3406
2756 3406
3406 499
1854 554
1699 1709
2593 594
3655 3406
3406 3629
2947 3006
832 2700
2422 711
3477 3406
1103 3406
3406 1040
1817 1140
699 3406
2246 2369
996 3406
3087 2587
3406 2019
2002 239
3406 1968
916 1554
343 2481
1760 2574
2600 3307
3254 3406
657 1510
436 3929
3406 2143
3406 1183
3132 385
603 3406
3951 472
3406 3802
3117 3406
2368 1939
2863 122
3406 3628
3607 2387
2042 3406
578 173
1673 864
2876 1191
1854 2115
1912 3908
1229 3406
1854 3406
2056 3406
3061 3216
3406 2693
3406 2343
945 1158
3319 2517
3406 1067
2284 3406
3522 3727
3114 3991
1537 539
3406 2397
3406 3702
3460 194
1257 3406
213 490
3382 3918
3650 730
3406 471
783 3406
2569 3108
1805 642
2650 3406
2931 3406
1586 1774
3815 2905
667 1659
311 2165
3406 867
1144 2952
3158 2845
3406 382
496 782
3406 3466
3868 1411
633 3499
3406 1301
3406 3575
2680 3406
3353 3406
3406 3762
172 3406
2774 3867
3339 3938
3406 2784
3533 3406
1990 357
3775 907
3406 879
167 3083
1787 1185
3951 1942
106 3406
3422 3406
1650 3637
3406 848
1680 3406
2792 3406
3100 2440
3312 3406
1640 2676
2228 2941
65 1124
700 547
2615 3406
3406 481
1373 3185
2655 3468
2509 1767
2115 554
3157 1521
1041 2536
3406 1128
1884 1863
1226 1621
2738 2616
1454 3406
2306 725
1966 326
3406 2902
73 3406
3059 3406
2432 3406
1611 3406
333 2439
3406 2747
643 2181
3116 918
1363 270
3406 2657
1880 3007
617 89
2579 344
3406 251
3733 2367
2764 3593
3336 739
1092 3749
3406 3661
3406 2420
1169 3406
3910 1755
2380 3406
3663 3406
3406 1034
3555 3622
1382 3812
3515 3857
1547 3696
3406 3727
2670 2128
1187 3039
1416 2176
2949 261
2824 3406
3406 1687
3406 3034
3356 2687
3406 526
995 3406
151 3406
3214 3406
2899 1122
1524 3406
2576 3406
3406 2542
3406 2817
1231 2500
516 2793
3826 2556
735 1374
355 2104
225 1778
3406 3303
2672 3406
3954 1685
1116 3406
3151 2385
3406 2479
3745 3406
3875 3406
2861 3271
3406 841
3406 3497
3314 2785
2388 1391
1311 3406
9 3406
337 3406
3406 2055
3406 3111
3406 2461
3822 3406
3699 1589
21 3406
1911 2050
1241 1119
432 1626
908 2762
3406 3075
3928 3790
3965 1051
1222 3406
3406 2585
2822 2718
410 895
1223 3406
2653 2140
2136 2780
2223 2439
644 1411
3508 3166
265 3502
3406 912
3406 2573
3829 3406
3406 223
3625 2490
90 3523
513 1844
3406 1759
215 2304
2564 1857
2365 3406
3406 3842
991 3406
1507 541
3403 1038
2323 747
3195 371
360 2997
3406 1027
3125 3376
487 3147
3406 1242
3406 216
1384 830
1818 2122
2274 964
1928 2693
2908 3406
754 368
1725 2102
1567 729
3300 993
1958 3307
1866 2648
993 1320
1891 2083
2395 1681
1413 2517
3561 3514
637 833
3901 3406
963 3639
360 2011
1479 144
863 374
1914 3406
1906 1819
1479 396
3898 3830
2009 3406
3110 2258
2501 3406
2243 967
2448 485
2065 3209
3158 3535
2218 3488
845 3406
2118 245
2497 870
315 3406
1647 3406
2258 3679
3680 3367
452 1750
3311 3406
420 3406
3406 566
2627 2409
3771 448
3406 2589
1009 3406
3406 273
1178 2334
3406 1694
3406 363
2643 1770
3623 1340
3513 732
2654 599
3587 3406
2581 2400
322 3406
3239 1085
3406 3197
2262 2414
2150 790
1897 3765
3406 2980
3406 1013
3194 1603
3645 404
3482 1374
3406 1889
1397 1307
2404 3406
3406 1554
1851 3406
424 1060
1965 9
3221 3406
3406 378
1257 2926
604 1253
3862 710
110 48
3406 3337
2521 3406
3572 3540
1644 3188
3406 3611
254 408
1424 328
1271 3406
1983 3406
1307 1310
3406 1416
2084 1499
2394 3406
1620 754
3695 411
3406 345
199 3074
3406 2594
2198 2947
3157 1587
581 2779
3406 3518
2823 449
3272 2750
1659 3296
3178 1799
188 2479
3973 3815
774 3406
578 1261
1341 555
3591 3406
3289 251
2761 1072
2883 3406
3298 3406
3406 8
2953 3784
3238 1322
3406 721
2073 3904
1958 2600
2126 3406
3406 2659
1302 3406
3406 2818
2016 827
3406 1772
1208 3406
1321 3018
2811 2131
2944 3406
1117 3406
3406 3040
1395 3723
275 2154
3347 3406
3918 3457
2393 59
3406 24
375 931
3406 2408
2047 1764
1429 3406
3406 3546
3095 3406
2821 1459
2570 228
3406 83
2391 1171
545 3406
3509 369
3572 3406
3406 2985
2085 898
3406 1767
2974 2242
1553 3406
3406 2488
3047 520
1830 801
3406 227
3406 2015
234 3406
3406 1573
1230 2536
2706 3595
3256 3632
3406 1540
3880 3406
242 3406
1632 2372
1654 1898
1071 938
80 3406
616 341
3820 558
3406 1803
3108 3406
2061 3406
3406 2060
196 3406
3170 2629
3406 3685
3276 3295
564 3071
661 3406
1340 939
3766 3406
1299 3406
3406 3657
3406 2120
2158 3978
2998 2818
1107 3406
1368 1446
3406 2350
497 367
1380 119
3155 1765
1735 3406
3406 2135
2815 3406
3438 3406
3406 308
3706 2624
3406 2030
1583 2421
3406 3038
1574 1248
1494 3406
3406 483
1354 100
2740 489
2291 3084
3406 3612
477 3395
1422 3016
2987 3468
3406 3488
14 1520
3024 669
1509 1060
2248 3406
1200 1597
3184 3406
3048 1349
3699 1056
47 3406
2061 2452
3182 3579
3406 2591
3064 3415
1783 1105
387 2429
2239 3406
3474 3406
121 3406
1903 3406
1731 638
3907 1095
3406 3541
3406 1338
125 3406
3406 2200
1309 1900
3406 1370
3620 819
402 3406
3203 259
3406 2952
3422 3246
77 3730
3406 1486
837 2768
793 2558
3406 312
2055 2867
1100 522
441 3406
2933 881
3656 3745
2145 3406
495 3406
464 3406
3909 3090
2624 53
667 3296
2224 1918
1183 3922
3946 3406
1206 1073
1474 3406
3406 3589
2766 1391
3466 1194
1103 1798
681 1527
2011 2997
1013 372
3877 348
3406 264
2731 1530
3205 2640
1986 3406
3406 2425
571 3131
3406 1306
762 3406
1943 393
3406 1638
3406 3776
3278 2393
3535 2845
3561 3406
1982 2058
2404 688
2240 661
3406 2562
124 2751
2383 3406
1817 3406
1733 3406
1993 338
3040 176
3843 740
1113 3941
2459 3199
3406 3584
294 3406
267 2822
3406 1567
1953 510
3406 333
2709 2327
1068 2212
3406 2848
3070 3406
2794 3406
3406 2407
2467 3406
1502 2823
3820 336
1576 2466
2930 3406
3406 1374
3406 1090
3406 3897
505 3231
602 1113
2757 3142
1257 2578
1964 2221
1361 3406
155 3406
1886 3406
1286 1477
3085 3406
1734 1529
3979 3406
3406 3586
1934 3406
3406 588
347 2541
3406 3964
1357 3406
3686 1946
3836 2961
2806 3008
3452 2894
1154 2125
2352 822
2149 3406
69 3856
3406 3241
2182 3406
51 3406
2461 370
3000 3406
1267 976
2416 2410
3860 1873
174 1465
1028 950
2906 438
3406 2482
2577 904
2395 1590
922 373
3701 3406
1952 3940
2976 3281
38 3466
2788 517
3392 3286
3406 3721
3348 2831
1333 3406
396 144
1381 145
3406 3173
3210 270
3635 3406
175 2596
3406 2767
3406 1614
1457 3332
3406 3033
3406 1526
3406 3605
2350 2677
1467 548
1634 3937
3452 1598
746 3406
2157 3406
3340 3406
2560 72
696 528
534 3406
1629 204
244 377
986 768
3793 3406
2199 1856
3406 1782
323 156
3406 236
3406 319
591 3406
745 2424
1649 1219
1033 16
3500 776
1513 1499
3296 3406
3406 2162
643 3406
266 3406
2326 580
39 1104
3406 1976
1189 3406
3406 563
1708 1584
3621 3406
702 3406
3406 1165
2480 2043
3684 3368
3746 559
3673 2604
823 3742
470 2456
3406 3118
1325 1399
3406 777
29 3406
3371 707
3714 3406
986 1784
1211 2004
2885 1658
1415 3406
1752 3605
445 772
2014 2754
2094 3406
3406 2633
2210 3406
3406 3204
14 3406
3406 1100
1311 2546
1969 814
2612 3406
3044 3406
2632 506
2773 1096
3556 1555
3406 1424
1663 3580
3301 3802
1472 2622
1067 2309
2315 1058
1173 3406
2002 3406
3993 3538
2131 2081
3406 3065
1736 3406
3268 1180
2110 3342
1010 2197
2211 1735
3406 2700
3455 1863
37 3406
3609 3060
1563 1735
1618 2869
1365 3915
3406 1739
3406 2180
1070 3406
567 3406
1480 413
3406 1608
2679 3406
3197 3881
2936 1503
3156 3406
507 3521
868 2302
3658 1493
2520 1220
2340 1135
3406 3649
1732 3406
3315 2830
2916 3406
3406 529
2588 3406
905 1037
582 1664
3406 3619
351 2945
3369 3952
2413 3406
642 3406
1590 1681
2370 3406
3406 3382
3095 3807
3406 2859
2039 3478
3406 2614
2267 3406
1721 3406
1838 1614
419 3644
225 3783
3406 1182
898 2146
1300 1607
3406 184
2378 435
3406 3850
590 3406
3552 1857
1264 3383
2733 3406
2887 3118
1084 3925
1029 3406
3725 968
3429 2466
3406 1186
869 1150
2649 3406
1882 296
3406 3196
1595 885
3406 1413
1076 3416
1812 649
2330 1377
79 2037
906 31
517 1005
3011 3705
2839 651
1164 3406
1981 992
1124 324
2914 2478
595 3103
3406 3249
277 3406
3945 346
3390 1332
544 3406
2714 3406
765 61
1158 3903
1580 3406
1045 2626
1061 3575
3245 9
3613 1482
1561 234
2192 1157
3406 2497
3737 486
85 3406
2713 2729
3406 657
3406 1098
2781 66
1155 3406
3283 2426
882 2969
1971 1981
708 3406
268 73
2946 3664
1260 2890
58 412
2909 3406
3027 1657
2154 220
3406 166
3406 3037
3961 3406
1918 2007
3507 3406
1084 760
2059 3204
671 3305
3406 2537
2421 2375
2655 2987
3406 3217
2789 2072
3293 3406
113 3312
3811 3406
2995 2351
1620 368
2221 3406
1449 3936
949 816
3860 3406
1629 2967
607 3642
572 3406
121 1166
346 2253
3406 2825
3133 3406
2196 3406
3103 3979
2408 1615
3387 3406
678 1410
2821 3406
2296 3406
1173 2803
3172 1804
430 3606
1701 3767
420 1138
3961 161
3777 3406
3205 3406
2753 3022
2741 1470
2625 3406
1276 1963
1398 3406
1112 3406
567 1780
1119 3085
3406 1220
414 3816
1701 35
395 1961
585 373
3302 2598
3406 3551
886 3111
3480 1495
2533 3406
2125 2797
2410 3406
2638 2891
3299 3377
2113 3406
1198 1112
1144 3823
3406 521
3864 140
3151 3813
3463 395
3505 3959
3406 1821
3406 1943
59 3278
2041 3135
2293 1292
283 3406
274 668
2241 417
557 3406
3406 1216
1044 2524
2518 1202
2263 1869
1515 75
3045 727
2247 630
1635 2545
3601 3406
1129 524
3168 1244
575 672
751 3406
1148 1121
3406 1931
1485 3384
525 2924
864 3406
3126 3406
3406 299
2786 959
2352 2232
3819 1358
3799 1890
2743 3719
3406 289
2162 1661
573 3364
3406 594
119 2795
594 1639
3406 3458
3406 682
354 49
2195 2344
2876 3096
3406 1545
399 3406
665 3406
3006 2198
2928 1811
102 3406
1260 3406
2236 1605
3406 74
646 3406
1617 2316
3406 2004
3610 3229
2508 2516
1688 2153
874 842
3406 3760
3553 1341
3715 3384
3745 468
466 1226
1583 2375
200 1263
3406 2204
1570 847
1346 3498
570 3406
2005 3558
1879 3113
3099 775
3406 3627
3406 1967
1600 3406
925 497
3396 3181
3406 2739
3491 743
3406 1150
908 1754
663 1396
3406 1390
210 1168
2702 2893
337 1562
3726 3277
3518 3898
2333 2044
615 3619
3257 1877
3416 3406
3406 2961
631 3406
3406 3846
2829 3719
1710 3406
175 1272
3406 654
56 3406
2116 2132
3406 2057
2558 2735
2496 1556
1407 679
2477 3406
44 3406
911 3406
1461 3101
3406 1944
3406 2621
2700 3389
3406 608
2876 3406
2674 1964
3406 3800
890 3608
2123 3406
3406 1201
3962 3406
1574 2683
2680 3484
3406 1345
3154 2922
1497 2954
1625 1764
1728 66
3406 3394
2572 2091
2007 2224
3406 1546
3406 229
1819 3406
3406 2884
1957 3933
3255 3902
178 2327
335 2901
3971 3349
1156 1405
3941 602
1048 1798
650 2856
1059 3406
2756 221
1350 2602
3406 3519
2886 3406
1489 2082
1445 3406
721 1815
982 2244
3406 3072
3406 90
222 3603
1126 1042
3406 1691
2273 397
1172 3899
629 3406
2149 972
487 3731
781 3406
3406 2942
3660 2404
817 3565
785 501
2109 3406
1928 693
3649 3102
3406 2977
1816 3507
3406 802
1453 3406
42 227
2251 2516
2500 1170
3406 231
2021 3406
1331 3031
3463 1961
2499 2828
2003 3269
2619 3275
2492 3406
3406 2355
410 3894
1172 2454
2053 970
187 1605
2736 3380
3406 3282
3406 530
3384 3406
2350 639
333 2223
3406 919
1967 2870
1346 3374
2378 690
3366 611
2874 1902
2491 266
3880 2164
2231 3406
391 239
2575 3406
3406 3432
1118 2898
3602 3406
3406 2530
3406 377
1719 3406
3406 1081
2097 2088
1707 1989
3288 826
3564 3650
555 3406
3791 2883
3890 1106
988 957
1987 3759
1619 528
2493 488
290 3406
3406 2760
3067 3406
3262 1173
3939 189
2594 3755
3406 689
1726 1116
3047 3310
125 1749
2877 2514
3406 1325
166 2088
1997 1438
1456 2626
2548 3678
3406 2344
3406 1685
3174 3751
2927 2703
1018 2423
2752 2765
2712 739
2965 3879
3584 2975
903 2008
3406 3225
3593 1283
1200 3406
3406 381
3406 875
3406 2775
1199 3406
2103 1129
2971 3630
1841 901
881 3406
3465 3406
895 3894
2688 2055
3406 3028
169 2026
376 565
3858 2397
782 3406
3406 3706
3406 2148
2809 969
1799 2476
1435 3272
1413 3319
123 1618
2984 3406
1077 3406
3598 3406
2513 3406
3406 1215
3597 2575
1671 198
3390 358
2334 179
205 3406
3406 1641
2878 432
1101 3406
3406 3248
2945 1945
3406 3931
530 3379
1833 3364
3411 3406
712 128
2026 3406
461 1392
1899 871
1927 3406
862 1827
1594 3454
248 1445
2158 1638
340 3406
1435 2750
2331 365
2052 3406
1759 829
2725 3548
756 384
37 1763
3417 3406
767 3257
3849 3406
2168 2713
1123 3083
225 3406
1745 2355
3406 2728
2270 1751
789 1175
2835 2778
3406 516
1121 788
3012 3406
366 1401
817 3406
704 3618
504 3406
3593 3406
2710 3406
2802 1342
1642 2363
2008 3056
2297 321
3406 1332
984 3406
2182 857
3866 2219
3202 1440
3406 1351
568 3781
1602 2506
3406 1378
2082 3832
3169 3406
2924 3406
2117 787
1581 3406
1524 3761
2422 3406
3178 3406
493 1474
3406 2077
2248 281
3654 3406
3406 154
427 3406
1635 318
3406 941
1985 2113
268 1247
1239 3408
3449 3987
1050 2096
2654 3406
2945 3406
1363 3210
1246 1897
163 3782
2503 1008
3583 1968
3406 120
3406 265
3299 401
3081 1588
1041 1230
3406 3692
3406 750
1387 3911
3562 3381
3406 133
3406 1866
974 838
3063 3406
3459 3406
2035 3982
421 713
3326 749
1883 2544
3620 1720
2936 3406
97 3406
927 2583
3853 3406
1502 449
3406 3510
3237 1188
3557 1375
201 2661
3406 3905
3406 2272
1251 1087
1509 424
789 3414
3406 2721
2658 300
3831 2412
831 3406
3428 3287
1209 3998
3592 1496
3406 1493
3406 3803
648 3976
2173 2511
3441 3797
3406 3460
661 3187
1360 1794
2018 3406
1026 1274
3053 3137
1740 3406
1364 778
446 3840
2102 3406
635 1254
104 1531
2002 391
2213 2697
3134 3709
3406 3996
2921 1111
3406 3737
2005 3406
3532 3630
3804 383
3406 2833
2198 3406
1394 1948
3406 2489
3406 2641
3406 3821
3406 2720
1355 2177
3406 2561
3406 3021
3048 101
3891 3117
3647 3406
2468 3406
3406 1843
3186 3406
2832 2875
3675 3406
1980 1660
2816 3406
3921 3406
298 1600
2366 1668
3406 687
1359 200
3406 2041
2411 1554
1467 2381
1224 1524
905 3406
2644 1141
3578 3406
1034 2646
1773 3228
583 260
2827 2031
1195 2114
2794 698
240 3250
423 1316
3361 2504
3787 3415
1901 544
2804 3406
979 44
1714 567
2618 3074
3406 2150
3406 670
3434 221
529 626
3406 3594
489 1130
2579 2749
3406 2280
1362 3406
3328 376
2243 3406
3406 1063
3406 2085
1081 3683
2521 3912
2727 2372
2193 3406
3406 2047
131 1171
1419 3431
3406 1560
3406 1948
618 3406
518 3406
2431 390
3406 2552
858 3676
936 823
3818 677
153 2204
2426 3401
272 3490
1773 164
1719 620
211 3406
3255 815
2163 3406
3406 3876
2442 3459
159 446
3406 3398
2872 3406
1441 3406
3802 2772
287 226
685 2847
353 3240
3200 3406
530 1777
3406 1632
3086 3406
3895 361
1043 1645
674 3474
2983 921
3653 3406
3406 3841
3291 3821
2265 3550
3406 1947
2757 1572
3406 3666
1300 3385
3357 2035
3406 1289
3173 3388
2028 725
3406 2011
3406 955
1295 3108
580 1710
1143 3790
3406 885
2819 3406
3262 2803
3157 3406
3406 2734
1192 3406
3323 3406
3406 2199
2422 2339
3406 970
3406 1633
246 3406
2490 2853
1960 1182
30 3406
3406 2599
3973 2905
3412 3406
1998 3201
176 3674
871 1208
3406 1588
3406 1648
3130 514
1870 3406
680 1653
2067 3057
2230 3807
3406 1452
3877 429
3421 2121
3406 105
3710 2938
2522 3406
2174 3406
1638 3978
540 3049
183 1599
3406 739
829 944
3279 3406
3456 672
979 2507
1904 3406
3406 3395
3406 549
3406 1379
3999 3861
643 2458
2543 1663
2197 3406
617 2328
2923 3506
45 3406
3671 3406
3124 3069
1028 820
1584 3406
398 3587
763 474
3406 1336
2897 1
1094 3406
2322 3988
69 316
2769 3406
1462 3406
3406 3308
1527 109
867 3648
1292 892
3406 1499
1601 2584
179 1178
2831 2137
2603 1849
2852 3901
1652 3243
2662 2533
3318 431
41 747
1392 3406
535 1657
1877 767
3990 1468
389 1217
1894 3406
3461 2201
3227 3681
564 3406
3707 3448
336 558
3970 3406
1683 3406
3406 1505
2216 3406
3406 3341
3406 1184
329 425
3094 1692
3406 627
3848 1649
3406 1281
3568 3406
2968 3406
1438 3493
517 3406
3406 1084
3406 3367
2023 110
3406 1859
433 3406
236 3223
2870 2138
1452 1174
3406 1785
2669 2601
507 3406
1657 3406
1516 3406
2014 3406
3603 966
3697 527
3786 2880
3317 2665
2645 3055
3406 2652
3406 339
822 3406
1237 3406
3406 3446
2526 1655
1007 3406
3406 3441
3406 3175
3406 2298
505 3977
3688 260
2515 3972
1354 990
3406 577
280 1137
3027 535
3406 1605
3406 1226
2892 127
3182 3406
3406 1015
3696 2886
691 2666
677 2673
486 1978
2709 3406
2810 238
3406 3501
1116 3763
3124 3406
2619 2715
919 36
3406 357
2531 1984
1219 3848
3652 1059
3152 2834
2540 3406
3506 1338
137 482
3281 3736
2214 3406
3963 3331
454 1982
527 478
1082 3544
3908 3822
1400 1672
804 3406
3510 1522
3263 3406
3406 3425
914 3878
503 2183
1243 1001
2269 2919
1933 2252
654 252
3406 352
3373 3932
2503 1291
1742 1535
560 3406
306 3070
3104 3372
1394 286
1720 819
3231 3977
3406 3153
775 2109
3406 180
2100 1767
3892 2267
2571 3406
1493 1612
3562 3406
3869 135
2236 187
3003 2271
2111 3406
2151 3393
1910 2129
3295 2649
2976 3736
3096 1191
3406 1839
3406 3768
3406 1952
2900 3141
833 1179
2390 3912
1562 546
1024 1100
3406 542
3729 3114
3406 1488
2328 89
1389 1029
2882 71
1842 3718
2770 3160
1895 3406
3676 3845
1441 2017
3406 226
3406 1206
3406 538
2281 3531
1636 1732
2159 301
2203 3406
3406 396
1715 3406
35 3767
2237 1805
193 3073
1861 418
3406 809
3406 3161
922 585
1675 2209
952 3447
1205 3406
3406 1723
1787 3406
3406 2364
89 3406
350 2856
2930 1779
3406 3909
3779 2164
1329 3470
3490 3406
450 3971
3957 3621
1136 1238
1465 3700
512 3406
814 1344
932 1007
475 1267
1062 3087
2904 2491
3406 3101
3406 3030
1196 3406
1328 3988
2255 3297
3406 3039
3406 100
3595 3406
211 2092
2711 3406
2362 587
3406 1789
993 3406
301 3406
3369 1303
3406 2895
1403 3406
1068 2972
379 3041
3159 2310
7 3975
1110 1481
3121 3406
2323 3406
3582 3406
1539 3600
2993 3844
216 1902
62 3406
3406 3287
3795 2075
3406 2076
3406 3708
3406 1980
930 2089
3867 3406
1205 2748
2716 2124
1133 658
63 3406
205 738
249 3539
3406 3607
230 3406
2682 3829
2349 3406
2140 2464
1024 522
552 2534
1671 2519
3406 6
1511 3499
3765 1246
1417 372
3464 2553
3670 3406
708 686
2222 3406
1494 3814
3406 3461
3337 3772
3744 3406
1372 1606
2836 149
3406 3208
3406 3252
2234 22
1796 709
3645 3424
3599 3406
1447 257
3406 778
3136 3179
3406 1360
3 3009
3406 1267
1321 3406
3406 418
3406 2142
1496 3253
697 3406
1411 3406
3406 2567
3406 3453
802 541
3406 1355
878 2529
3406 1949
3406 3049
2733 1405
3406 3494
2770 3406
2112 3406
435 690
2651 2348
1232 3733
2106 1850
3475 3617
3574 2963
1894 70
3376 56
1356 2471
3521 1826
3406 915
2274 2513
2195 1651
2033 1501
3406 3164
1533 3406
3406 3852
3406 186
2806 3406
2144 954
3406 2664
1366 3406
1162 3406
705 1623
3406 16
1592 2453
523 1477
3406 3258
3406 983
425 1711
2409 2045
1326 3406
1538 2720
3051 599
1614 1163
1232 2367
3406 2311
3789 3640
2653 3406
1486 2598
2446 3406
3406 2
3444 2192
1930 3406
2295 3406
1228 1299
753 3406
799 2779
2407 2294
242 3917
3406 1690
1281 1892
3003 1582
1152 2791
1326 2321
3705 3089
637 1179
1778 3783
2110 1843
1592 494
727 3406
1652 3080
3406 3110
3406 2345
114 3352
2971 3532
394 803
2890 1577
1157 3444
1983 1688
3982 3357
3588 1333
2129 4000
3406 2457
1992 848
794 3398
2522 1043
3756 3406
3429 1576
1320 3300
3303 2166
2306 2028
3485 1761
3406 659
2342 2079
3406 2184
1978 3737
2441 3406
3406 1711
217 1968
2965 3406
2273 1637
3034 770
2392 1072
962 263
896 2160
666 2557
116 3406
3406 3693
3406 3794
108 3406
1208 1899
3406 569
422 2429
3634 1429
2448 3406
1420 338
1247 73
3180 1603
3906 3406
3406 662
935 212
3720 2639
733 1624
1193 500
168 3406
3927 2879
1564 2219
3406 1456
3406 245
1055 3406
3689 3406
838 3406
1142 439
3406 1401
3406 3112
2026 609
3111 1268
417 291
1772 1862
3307 3406
1273 2964
1012 932
235 1378
1275 1744
1400 3578
3913 2304
1549 3406
2935 3666
2226 3889
3517 3406
3796 3406
3406 2013
2151 701
1695 3406
3085 1241
953 1450
3274 3406
901 3406
850 1305
3406 833
1093 3923
1865 716
3406 2358
3406 1728
1443 729
1754 2762
240 3406
1141 3406
3534 3406
3187 2240
843 1935
3406 238
1439 2497
565 3328
132 2451
310 860
1167 1518
2276 3406
1130 2740
2047 1625
3406 2790
276 3685
3406 3747
3406 963
2276 1213
3930 3406
2215 3786
1904 616
3406 1765
3406 814
796 3725
3147 3406
2122 3406
625 1378
1716 3406
2990 1932
412 3406
3406 1951
3406 2010
3834 1000
2058 454
972 2607
2418 1761
1295 2569
3406 1686
1365 3406
3406 19
872 1746
873 2389
1160 2407
3122 258
24 190
1656 461
1130 3406
702 755
2888 2147
3185 1917
3074 3406
1993 1420
3505 3646
3926 2175
3406 2147
3987 3643
1577 1260
1326 195
3406 3993
981 746
3645 3406
3406 2454
3984 3406
2724 1832
3406 2287
3323 1925
3406 3637
641 1719
3934 2639
20 3850
998 3189
1289 1235
3406 2418
1462 1082
456 3406
2498 2027
2539 2022
3406 3418
3406 48
1717 971
3406 3224
2485 1947
314 3992
1534 3406
1911 995
2471 2373
3303 3722
3406 2178
1483 1921
1313 3406
186 3869
3406 2869
3406 2020
3406 647
2308 3406
3406 1640
1466 2505
3708 3955
994 3406
3640 3072
3114 3406
2877 2020
3406 2377
3406 3632
1408 45
1498 3406
2268 2955
220 275
868 3167
2771 1
1718 1546
2692 2398
1708 1922
2454 3899
2385 3813
3038 1305
1263 1359
3713 3513
3275 2715
492 2282
1912 3822
3406 2937
3998 3406
3925 760
1986 2262
3450 806
1908 3653
3406 2400
3828 3406
3404 2678
3398 3542
129 3581
3982 3406
1195 2443
3406 3720
793 2735
105 1730
3052 1559
824 2013
81 212
1781 2920
3730 3406
2436 2133
362 3828
604 2105
3188 3566
2453 494
3406 2645
1421 927
3703 2246
3577 3406
1835 3406
3253 3592
1339 3406
3150 3406
1252 3810
3346 3168
2765 1240
1940 989
888 3406
2204 3983
2551 3796
2441 1855
2359 2924
3068 42
3520 3406
2250 1775
1693 1954
3406 821
587 2285
182 3851
3406 2378
241 1085
1820 1801
3406 2776
3406 3122
264 1331
2883 2257
2099 3609
3626 1176
153 3983
670 3053
3503 3910
2191 3406
1615 1266
1159 1723
3077 3406
3008 3232
2999 1206
3471 618
3518 3830
1950 3406
3697 478
3406 1018
3406 3413
2105 3406
992 1971
3437 3406
3406 2609
3406 1613
2948 369
3389 832
1835 1530
3749 3351
798 3406
2495 3406
1776 1537
659 473
3058 1387
2655 3406
1997 3493
1994 1452
1670 2205
1136 675
3136 218
2237 642
3406 734
874 462
3406 18
3406 3207
1036 3170
1573 146
686 3798
21 3556
3406 1942
3406 130
3445 229
3406 93
3406 2386
3406 3770
3861 3406
1891 3054
3345 761
3406 1258
934 3406
3864 3958
3406 2643
132 3406
847 1265
3406 313
3405 1457
933 224
1533 2264
3406 474
2849 3406
1750 133
3406 2858
2029 1504
1857 3406
1350 3669
728 3406
557 2202
855 2144
1062 3406
1835 2731
3406 193
920 653
174 3700
3406 1428
2665 2383
3406 1756
3406 2631
2293 3406
3406 978
3406 1017
1388 3741
3406 2570
46 3406
3667 3406
3406 1249
2133 3406
3883 2615
440 1448
2040 3002
2690 3311
204 3406
3533 1946
3406 2606
3406 1681
1421 3406
3406 3539
579 306
3406 2376
301 3001
2313 1818
1161 1682
3406 3529
2955 3732
2972 3406
3406 820
3285 3406
3406 1970
1201 1905
444 3406
3015 3406
336 3406
3443 2963
3142 1572
3406 975
2773 3406
3406 1047
3406 383
2095 3406
2016 3406
3406 1586
3406 2089
449 3406
189 88
2251 3406
1706 3406
2745 3213
2155 1553
3469 1770
2829 3406
3944 3406
3099 2109
3406 3816
646 2993
3863 2944
3406 3213
2414 1986
2256 2003
1977 3502
2013 103
2299 1890
3321 2737
672 3406
3812 3853
3406 1937
2315 1361
1147 2206
3806 3406
2322 3406
2382 860
878 3086
141 2427
2085 2146
215 3913
3406 3330
3264 664
325 2875
2981 115
2122 2313
3159 3406
2118 2978
3406 3104
3406 1675
2982 2817
3801 3766
3010 3406
2805 3406
1545 2744
288 2087
1916 3406
201 3406
2670 2222
3967 3406
3406 254
3406 3500
156 1665
2808 3406
1931 3023
2973 3406
3406 3094
3056 903
3377 401
1214 2828
3406 2402
2680 3997
3406 1975
3203 3406
2251 2508
2357 3406
3633 1539
3464 3406
3406 3048
1103 1048
2617 55
3310 3406
2561 141
1810 3019
2917 3406
2068 3406
3866 1564
2420 614
3406 2921
1877 3406
3396 2030
646 3844
1497 151
1013 1417
1802 3577
3406 2610
811 2562
3283 3401
3406 2040
1335 1580
2611 155
985 3406
1046 3327
2080 3406
644 3868
3110 3679
2908 247
2835 647
197 3406
1218 676
2943 2799
3406 719
1825 3406
1676 2747
698 1920
2988 3406
714 545
293 3406
1270 1234
3406 921
3406 428
2023 48
3406 842
444 1601
160 1249
555 3553
1039 3406
213 3128
3354 3406
1995 1690
2135 2684
621 2305
876 3663
3115 3406
103 824
1674 590
886 1268
1094 1324
2531 3406
1509 3406
3406 3536
3658 1612
3406 443
1004 2662
1120 2819
318 2545
2406 3406
3406 2789
2696 3002
2469 224
1665 323
3406 3788
1064 3406
1004 2533
3406 2868
3406 1678
3406 923
265 1977
3406 3531
2867 2688
3406 2363
3220 2067
3406 1404
1658 2668
2063 3406
349 710
1236 2298
39 1956
78 2420
3406 3359
2283 134
976 475
3284 2202
3453 3746
3406 1075
2811 2081
3406 3557
78 614
3406 256
3522 2277
1994 1174
3476 1213
2286 3406
3406 1907
3406 143
1388 2455
3406 3703
1823 3406
3406 720
2373 1356
650 350
3406 3190
3406 3350
1011 3406
3116 1221
3128 3406
523 1286
2469 933
1465 3406
1541 3663
1816 2663
3129 3406
1299 1809
1697 2859
1610 3406
3335 3406
3035 736
3177 1481
3406 171
3406 91
2925 816
3449 3643
2912 2435
3406 1467
510 2447
1874 3406
3406 118
2677 639
359 3259
3406 54
2114 2443
2000 1225
1380 2795
834 2769
269 302
3046 2992
3625 3406
1526 415
1367 3406
820 950
3406 840
3825 172
2025 1974
1569 2174
1868 759
1542 645
1550 3545
1731 1473
3406 2329
2254 3406
2981 3234
3678 3406
2187 3406
1071 2563
1470 3330
3232 2806
323 3406
1845 1495
2691 3847
893 3406
3831 3406
3140 18
1190 3406
131 2391
742 3406
62 1233
940 2036
1228 1809
3699 3406
910 2386
794 3542
3092 3406
3406 2635
3923 1706
3254 1703
3773 3406
3406 3547
3018 3427
3406 470
1265 1570
2156 3778
3406 3610
2031 3406
2963 3406
2785 3406
3406 2914
3057 3220
3320 3082
3189 3406
2159 3001
3145 3406
899 946
3010 2220
3709 3221
3406 1757
2464 2653
359 1125
3400 3974
3406 1246
3443 3574
95 3406
3029 3406
1713 1153
1425 3406
1795 1422
1847 3406
3406 1813
3406 2913
3631 2863
2263 3406
3406 965
3406 2144
2148 551
961 3406
3406 1419
147 3406
1489 3832
1487 1169
1603 3406
1148 3406
671 3406
3616 3406
2503 3406
3058 3911
420 1437
1961 3406
3406 316
1744 3406
741 3929
928 2544
759 3569
706 3406
3406 2605
2885 2668
1045 1456
2502 839
3406 3294
2704 2884
3726 1162
3406 2034
3406 2839
1806 1285
3292 3406
3406 310
3406 1517
1596 3331
3265 1782
3203 3870
913 889
1238 3406
3066 502
3406 1602
2912 600
3180 3194
3682 3406
3414 3406
3677 3309
3382 3457
3907 3406
2139 3406
1253 2105
3263 2707
3406 1109
100 990
446 3406
3406 1091
2305 3406
3563 2264
2259 61
216 2874
460 3943
3406 585
2496 3406
3827 3406
1323 2272
3946 2366
724 3406
1117 622
3406 866
3659 451
703 3406
3406 203
3406 1820
3406 989
3406 297
3615 3406
647 2778
1431 3406
3063 3710
2268 3732
611 3406
3406 3199
3789 3072
3076 1141
945 3903
2523 2355
3406 2360
2929 6
769 3406
185 3672
3406 1489
3299 3406
1935 3406
470 508
1444 2384
2072 2986
3332 3405
1506 1351
3406 157
629 812
3406 909
3787 3406
837 2460
3406 942
142 3406
3406 596
422 387
571 3406
49 3406
2224 3406
3192 3406
3406 1006
500 3406
1436 2459
3406 1319
2587 1062
3406 1518
3070 579
3966 680
3406 1358
2130 1398
2177 1298
575 3456
2504 2465
3406 2039
3941 3406
3406 3402
2473 3406
3406 2577
3406 2362
3799 2299
2066 3206
3406 576
3406 3259
3406 1054
1702 589
1634 2467
68 3406
1472 3406
3718 3406
3406 3877
2396 3406
3423 2046
243 3406
328 3106
3280 3324
479 1327
3406 1594
2054 1176
2476 3178
884 3406
670 3137
152 1169
3406 491
305 3406
954 855
3406 3149
939 3406
3406 684
1797 3406
2722 3406
658 443
2482 3020
3298 3410
3774 3029
2941 2074
3740 3406
2347 2532
3509 2948
938 2563
1020 3195
379 627
1290 3249
1321 3427
302 1114
3406 718
1225 3406
3406 2951
1845 3480
2197 2415
3406 3775
3942 2882
3805 3406
1882 2755
3264 3406
2221 2674
3406 163
3062 3406
148 1220
731 1351
3406 1991
840 1023
2320 2145
3406 2715
2708 2705
1338 2923
3095 2230
2098 1464
3406 3455
3406 2565
465 1660
2667 3406
1672 3578
1698 3406
2798 3406
968 796
508 2456
3406 2421
633 3406
3406 3942
1645 2522
271 3113
2083 3054
3900 3764
2910 3017
3703 2369
1710 2326
3406 612
3757 1433
3902 815
3987 3406
3406 947
1941 3165
1079 3406
3406 2462
2449 2123
1913 2199
358 1332
1069 434
3515 3406
948 3406
2051 1855
3573 3406
2749 3406
3406 3315
2810 758
3406 1635
605 743
1108 3691
944 1759
3224 1343
3406 2692
3406 3644
713 2180
3406 2802
3727 2277
3234 115
2796 1015
3294 43
1346 3406
3472 49
23 590
1287 3406
444 2584
3273 3409
1654 1929
683 3406
3093 3406
3406 1092
786 1287
2538 3406
1893 2820
267 2718
3406 3950
3734 399
3570 3406
129 1523
3655 2532
2099 3060
3375 691
3406 3230
3406 2137
3406 2630
3571 913
3840 159
2098 2468
3080 3243
1277 984
1788 3406
561 1753
3406 2560
3560 3654
3809 3406
3406 849
1075 1865
3406 183
3406 2487
3040 3674
3939 88
1828 3406
2743 2829
1617 3406
3646 3406
2523 1745
3406 1372
926 3956
3406 772
3406 2527
3406 1664
1996 3406
423 3406
3385 3406
3050 3406
3406 387
2627 2045
2257 3791
543 3406
1943 1308
1771 3406
3406 127
1313 388
1876 2911
3267 563
3406 1030
3406 1572
3958 3406
1234 3406
1020 371
2331 3406
3406 2417
3406 3743
1204 3641
1288 3406
632 1505
84 3406
1488 1149
1475 3406
3406 894
3406 1575
503 2217
2571 1552
3226 1785
1152 3406
3406 2342
1919 3406
3520 2033
3406 2233
2226 3406
536 3358
1125 3259
3509 3406
2512 1033
2879 3406
531 1384
2218 792
771 1960
102 32
1967 2138
3406 52
1240 2752
3406 394
2184 3479
280 3665
3406 2681
1973 3406
310 2382
3406 1483
3406 3014
3752 181
792 3488
2568 3895
2602 3406
3406 453
1957 2353
2719 132
2776 326
3892 3138
171 552
3406 3724
3406 2325
1705 2672
3537 1301
1049 3202
2170 3406
3406 3723
605 3491
2361 3534
217 3583
890 3406
2897 2771
593 3406
1436 3199
3754 3406
3033 960
309 3406
3323 1492
2550 947
284 1859
3406 3143
3994 1207
3690 3406
2077 1426
3794 442
2904 266
3406 232
3543 3582
3493 3406
2510 3406
3614 924
3406 3642
3406 1910
3406 800
3406 498
1380 3406
986 3406
3406 2962
1478 3406
3333 1098
3406 1663
3406 1352
2078 3467
3336 2712
524 2103
3716 2920
354 3472
3433 3406
3910 3406
2767 532
546 337
2064 1063
1822 2871
2846 381
3406 407
1740 2207
2789 2986
1255 108
2399 3406
1945 351
3956 1669
3406 158
1065 3406
3406 189
591 3399
3837 2515
1704 33
1965 3245
315 2628
1781 3716
1775 3406
2021 392
543 2124
3073 455
3406 3005
3406 2044
3349 450
1282 3406
3406 1051
3406 2763
2104 3406
2686 1330
3406 795
3406 1402
1317 3274
3386 3406
452 133
3406 973
598 3406
883 1031
3266 1426
65 3406
2907 3406
96 883
1653 3966
2068 1476
3547 3240
3659 3406
2861 3406
1003 2338
8 3467
353 3547
3043 1406
3406 865
3406 3636
2568 361
2462 2862
3226 1793
256 1337
3406 1129
1407 2245
3371 3406
290 457
2438 3406
2836 3406
3406 3913
3379 1777
531 830
397 1637
1428 3098
2152 3684
3440 3402
2989 40
280 3406
3406 3985
3406 514
2543 3580
1585 2134
438 3146
151 2954
2036 3406
3320 2660
1385 210
3406 1876
2043 3406
1619 696
958 1788
557 3284
282 2481
2599 1450
566 1662
873 2991
3222 1025
1036 2629
1571 3406
2898 3406
1621 466
3406 1387
1622 273
307 3406
695 841
1487 152
1110 3177
1780 1714
1751 2957
3406 96
2215 2880
1838 1163
1743 3406
992 3406
3406 2903
3406 3847
931 3406
3655 2347
2901 319
731 1506
2979 2289
3164 2896
3662 2502
3116 3406
3406 2857
1860 856
3406 2971
2530 3528
2292 386
3100 3406
327 399
480 2974
3586 2838
858 3845
3571 889
2978 245
3406 361
3406 1385
3351 1092
3886 3406
724 1035
3769 3337
1887 3406
1934 1689
1864 3233
1608 1197
951 3406
3635 2995
1012 1007
193 455
3406 162
3378 3403
3406 4
385 3406
3406 3426
136 1304
3406 1269
725 3406
2878 1626
3406 859
3406 3973
3406 3767
2606 2597
2958 3406
1643 3406
1182 771
3406 1848
2278 3406
1998 3406
531 3406
2967 204
2693 693
3406 2801
676 1837
3590 983
3453 559
64 568
3406 2828
3794 2620
3817 1109
1512 1475
3343 1919
3406 2915
1115 3406
2753 2112
3780 3406
1019 905
3406 899
3134 3221
945 3406
1972 2816
430 3406
1102 283
2999 1073
3406 605
2510 3673
1259 3313
1551 981
2284 2300
1535 3406
3406 924
3406 2165
2269 3406
3406 2332
2851 3406
67 3406
344 2749
2324 1091
1335 2169
3131 515
1580 2169
2559 3406
3406 2955
2647 3406
2741 3330
3880 3779
3339 2238
3406 2994
44 2507
429 348
2149 2607
3940 3042
278 1743
2401 2434
1963 2425
2726 969
3942 71
1243 3406
385 304
3076 2644
238 758
3406 877
3406 3620
1707 3573
1314 476
3406 376
1627 3406
623 930
2844 2689
1501 3520
1216 1532
547 3406
3089 3011
624 3999
3406 1469
1954 1434
2501 1677
1370 3712
3302 1486
3808 2227
1381 3406
1021 3406
957 3406
520 3310
3406 3989
3406 1543
3276 2649
3406 1085
3406 1016
2465 3406
3362 3406
3406 3011
3406 2029
1361 1058
1808 1448
1666 2210
450 3406
1791 3406
1287 2301
3960 1939
3406 740
137 737
2768 2460
3871 3406
1066 3406
312 2698
3773 3215
1699 3406
2572 3406
3406 2065
3406 2735
3316 2470
1485 3715
2245 679
2547 3249
2302 3167
341 1904
3558 2699
3406 2695
291 3406
3764 3754
737 3406
3406 1596
3406 458
291 2241
3406 914
815 3406
3435 2790
3761 1224
58 1875
1195 3406
1619 3406
3406 2666
3406 2724
3406 409
3406 330
1134 3406
1143 3928
3097 3406
727 2433
3885 3406
3437 929
3281 3406
1057 3406
872 3406
2095 2601
964 2513
3406 185
3406 2878
3541 1078
65 324
2022 3406
3406 3004
3237 3406
534 1044
1671 3406
2455 3741
2764 1283
3406 1170
2800 3406
2393 3406
3338 1716
3325 2231
177 3193
3406 1790
2190 3406
2063 3596
3406 648
1989 3573
1014 983
3406 2430
1284 2494
660 3406
1776 3406
3723 10
76 682
3843 3139
1959 214
3406 2463
235 625
2952 3823
3066 3406
2786 2902
2636 1729
3060 3406
1250 3059
3665 1137
3406 1523
3406 3024
2871 3406
3986 2024
1312 3406
3406 25
2323 41
1022 3406
942 835
3161 3504
10 1395
3046 382
3406 2726
2685 804
2524 534
3698 3373
900 3280
3406 2219
3406 1667
3722 2166
2733 1156
3079 3406
1836 3109
2303 598
1504 2608
3406 962
3625 2853
2309 1631
2354 1396
3193 3406
3406 325
1408 1423
574 3406
3406 2632
3406 2779
3406 3158
3406 260
2012 1514
1052 2396
122 3631
16 2512
431 574
3920 3406
3968 476
2255 2287
1824 3872
1936 841
3406 1097
2368 3406
3316 356
3406 321
3406 3618
1515 3406
3406 2694
3406 2964
1142 3406
12 2250
2900 3406
3406 1042
3228 164
427 1409
3717 3406
2974 3406
3409 2634
1843 3342
3995 1519
2472 3406
3391 1988
3933 3406
2046 3406
3862 349
3406 400
1279 2075
2671 3406
948 1460
293 1568
3316 3406
807 3808
1883 928
2206 533
3406 1696
3406 2450
202 3406
3671 3545
11 3406
3273 2634
640 1591
3406 1786
3462 3406
2889 3406
294 1846
1455 1593
2180 421
3348 2137
3406 261
1802 584
3406 1888
2840 3406
2787 1623
2346 3406
853 2042
3052 3406
1588 3183
3289 3687
1656 1392
619 852
3707 980
1550 3671
1915 668
3406 3707
3406 3235
1449 3406
3406 3355
2341 295
3624 3984
406 1348
1830 3406
3406 269
3406 736
7 2913
3406 2434
3713 3406
482 737
3873 3406
3406 601
191 3406
2826 3406
3470 3406
1628 3995
274 1915
2173 92
60 3217
1094 292
1038 3378
1190 1135
2229 1412
3406 3378
3406 3792
1437 1138
3425 50
2514 2020
1570 3406
716 1075
2024 3406
3406 55
1678 1738
3406 1953
3406 3083
3406 179
3363 3406
3406 773
491 2814
1039 2927
717 3406
2066 3406
2781 1728
1652 3406
3406 655
2225 1825
3406 949
3107 3406
288 3527
3406 1753
1203 54
1955 2710
3763 1726
2482 2950
2069 2656
2613 1859
3855 158
3433 1924
897 3559
2738 3406
1736 1087
2666 3375
389 4
3874 3406
3012 2566
53 3706
3994 3406
3344 640
1064 3242
1262 3406
3662 839
1651 2344
3406 3198
3516 3882
3406 613
3406 1766
1308 393
160 1177
3406 3283
3668 2402
533 1147
209 2501
3406 1232
3406 454
1162 3277
279 3406
562 3198
3406 1810
3406 913
3406 1748
2167 3406
3088 3883
3406 3369
3406 1412
3406 2391
1222 150
1510 1371
715 1673
2465 3361
3038 850
3003 3406
3041 627
1421 2583
3406 1529
409 2106
3406 861
3974 3406
3406 2850
3406 2001
2856 3406
2403 464
