4000
3999
696 1916
2716 2876
3053 3601
3341 3430
639 1122
2726 2714
2092 1131
3603 875
3231 1454
2502 736
3567 1381
2836 1450
764 1106
2280 1637
2683 3156
2097 2369
451 2723
1729 3397
918 2008
3976 2007
225 1968
1458 3584
1474 2297
748 2198
2825 3592
3459 1500
1372 2190
3276 3374
1904 2308
874 1929
2146 1309
514 1634
3773 3005
3967 3519
330 2115
2921 611
3722 1976
1788 3952
1685 1681
3542 969
292 2152
509 1580
1197 1471
2022 1836
3339 48
2762 2315
2033 137
300 887
788 1298
2563 3287
861 2035
1542 3185
756 1035
748 1919
2778 3627
553 831
1921 637
3272 1630
2777 402
1913 3938
2233 228
2625 1298
3759 3060
2330 2105
3910 3750
2307 3027
1397 544
3236 2591
553 698
508 3457
3229 1397
804 1465
2643 3564
2345 3051
3838 1957
3009 302
3511 1531
2034 1016
297 813
3320 765
2177 35
2278 2325
2413 1560
1329 1588
786 1345
3693 2073
1701 2747
2957 1821
3246 1527
2444 286
728 3329
1352 1034
1602 49
2546 3933
32 1365
1220 1101
274 2888
1785 1427
2936 65
2402 2979
3965 3059
1783 3764
3472 2985
3565 1174
2466 1349
3361 309
2774 850
1977 2759
3455 739
484 3020
520 1447
1527 2742
2129 1936
2428 1451
806 3300
1481 3250
2700 336
1414 2086
1305 3672
3888 3382
3184 1816
1381 3323
376 2815
2833 126
877 1491
2244 3854
3492 2037
532 1187
177 2580
2077 2393
1642 1371
2063 1827
2237 304
789 1776
2962 1402
3923 491
2160 106
1607 2390
3325 3408
2344 1103
3551 1678
2425 1558
3857 2370
1077 2655
1295 2929
534 187
1308 2242
2402 1778
3763 1192
568 639
1899 3446
3278 561
847 1511
2841 2671
2662 2710
1662 1183
618 1236
2208 2583
1140 2779
880 2257
3418 2908
1013 1452
19 464
3042 291
112 972
21 2775
261 3223
1638 3253
3253 3679
2756 1839
2474 544
3119 242
1823 1657
2656 3512
1668 2506
2271 1168
1301 1972
275 3612
250 1055
1982 112
1216 3353
1501 2523
2093 484
1652 3396
3696 1775
1880 1891
2699 3619
1704 2660
3779 254
968 2817
3129 155
2350 1996
1169 1555
3600 234
1143 3192
3030 1499
2423 3002
2893 2567
3791 2597
3469 1004
2502 1998
166 1098
2846 1941
1852 3021
2255 3400
2310 3957
917 2137
308 2705
2875 860
129 228
2746 2025
2962 861
3652 913
1459 405
1632 201
1757 3221
3793 1522
2517 3393
1526 2913
2930 1126
2834 3278
890 1661
2093 2263
1451 2887
777 1871
2492 1585
1983 3785
2802 2360
3850 232
572 832
2871 2436
3998 721
648 1227
2498 262
1762 3698
482 3007
3146 1480
1284 539
629 2152
2341 3047
1833 2435
2928 1796
1225 100
1988 1422
3046 1133
2322 496
3338 79
3978 1685
3413 1095
1869 1686
2265 2231
826 3449
480 3893
2947 3865
830 603
3330 1299
3718 2983
1564 1265
1801 3159
2060 3817
2983 406
1041 1206
822 1219
1080 2854
3358 2933
2218 1559
1246 3306
3112 2086
3405 1923
3343 2161
2799 1377
628 2867
538 1417
3580 1584
1984 3178
74 3050
314 1093
2845 3741
2355 1665
3041 2930
3456 614
1408 3
1550 485
2311 3176
414 617
3081 405
1686 481
294 3481
2462 306
2211 673
423 2599
416 2257
488 2858
1085 3290
2503 1607
201 145
445 91
71 295
1217 2491
1030 154
2373 3038
1885 2276
626 1339
2857 3421
2136 3909
3776 953
2795 488
61 3646
2525 3771
1628 63
993 110
782 3881
3345 1110
846 2368
2443 1887
3986 2200
2758 2124
1298 1593
1402 3615
3075 143
2133 136
1333 1806
2352 3389
501 21
2915 3175
3502 2702
1435 2184
3124 2448
1166 729
2617 859
518 896
3030 2719
2570 1425
1544 2669
1764 3446
1071 75
3468 304
1169 1694
174 1156
561 191
2350 3765
3875 3391
2761 2495
3248 365
991 90
3474 1033
3639 3532
2058 461
1220 1583
1073 1660
1421 3647
3663 847
171 2456
1352 3643
3775 198
1570 627
2319 3328
2373 1906
3849 1060
3503 3055
720 1646
2785 384
932 1607
109 455
1330 1910
2043 3703
1663 2751
3175 2846
495 2805
734 742
954 3531
3067 2626
1349 3756
3358 1210
2932 666
928 2685
3163 1003
1255 1625
608 1616
1010 3221
503 2239
2415 1476
2648 1553
3004 30
1870 655
2748 2462
1689 2736
962 3373
1659 2270
1685 3452
3093 1137
2191 434
1556 1029
3969 854
3275 1815
3778 3837
3581 2788
903 3876
3644 2814
630 2550
1945 1307
3103 777
2903 3065
3895 1842
206 300
5 1464
2970 1082
3045 634
3359 2293
1175 1942
1045 503
1262 3104
87 768
3580 1124
3029 3317
2123 3259
3188 3484
1758 364
3286 1854
3811 72
426 950
3189 2025
244 3895
3436 3750
2340 545
2902 764
3684 1994
2527 3682
2447 3431
3747 290
3018 1723
2689 2400
2026 538
3064 1173
2870 3597
2926 305
296 1962
2708 2078
1208 104
959 3781
1412 2743
2494 2806
888 898
1104 1155
3299 1728
1586 897
2824 1545
426 2589
2370 1998
1755 539
1804 1958
2853 2857
744 1086
2129 879
3135 1090
140 1822
137 1851
331 2362
2673 2133
3877 2994
3361 3669
1746 1241
2791 62
1316 2109
3363 949
1204 3080
1558 563
2090 3881
3122 341
2835 764
1775 1896
29 3704
1801 1985
1835 2043
3636 2354
2333 2138
1717 619
994 1642
648 2980
1561 1309
1501 1404
525 3021
3535 1619
1432 738
3877 2487
3806 2517
3871 3491
1478 1523
884 969
974 783
2917 279
895 2283
1195 3953
3108 2155
37 1284
594 2790
203 3654
1244 930
472 967
2409 1745
1034 983
91 1093
1482 2506
3677 2805
2953 1878
1734 1939
2301 1773
2094 3065
2479 1642
2581 1073
960 61
2684 1405
2134 3312
1675 1976
3335 1018
1538 742
2566 2618
1168 3261
1430 3315
849 815
2810 604
75 3068
3512 3894
485 278
227 3831
3387 3264
1098 1799
2603 3750
2840 192
631 3071
2424 885
1540 2269
1314 234
452 3178
3121 228
1114 2173
3006 100
2417 2253
3334 3861
3010 2254
2971 3065
1112 1506
2495 2933
3532 374
1213 932
1353 1068
1537 3412
170 3555
340 2742
2473 491
1093 867
1321 3636
1698 617
3902 2120
3475 1530
2611 1698
1217 958
75 1768
1477 3072
1399 477
2971 3913
1686 1838
3635 944
353 8
2279 3601
598 3816
2843 3778
2937 1743
3888 1292
2796 3770
3059 3298
842 1892
3917 1589
3585 1001
3283 3120
3598 2738
19 1151
595 2379
3436 3803
1088 236
667 1439
3328 1769
3835 1704
2203 283
1100 995
977 2657
1936 333
3047 3763
3823 3812
450 257
2697 3599
965 1247
2927 617
1376 1813
3437 3989
1551 1998
112 3700
3729 2287
1631 2586
1949 469
3657 1242
1326 1205
519 1278
1372 84
1705 2839
436 3798
27 1611
3651 3417
361 811
3434 660
3760 2045
3889 3665
1850 1805
985 544
3725 3427
1411 3554
1159 702
3744 2157
735 1286
2600 732
3151 60
399 3226
3566 974
3057 3227
3979 3045
1351 3013
276 3435
2946 1552
1703 3356
911 3207
1643 1315
262 1307
309 2055
368 2122
1259 3198
2312 3372
1512 3223
2196 3977
1300 473
2339 3891
3135 2571
3324 3768
872 2268
3639 3471
3400 935
1641 1379
1151 3448
1263 2973
177 1794
1720 1861
1114 2021
2707 3255
3155 3424
1407 1714
1354 3760
2974 2609
1467 3774
2326 1032
2637 1583
616 482
2522 2005
1620 782
3410 2101
1908 2569
822 2164
2342 2161
3692 1330
90 2047
881 1194
3711 940
1518 3147
1952 945
891 3937
3365 1702
3656 740
420 2832
415 3447
3260 1533
758 3178
467 577
2668 3912
94 2599
1324 3225
2159 3748
2476 310
2934 3110
2074 1770
2249 2463
318 1917
2553 1404
1416 3484
3038 1671
3304 1573
3994 2705
2735 3590
2881 3481
751 1920
1848 1096
740 3913
2811 1376
1963 2010
2167 1182
174 3285
2323 1510
1623 1688
3620 3180
2381 3529
2228 2145
1399 1953
850 188
3155 2493
2141 3156
583 2230
1749 166
200 3239
919 147
3761 407
47 2772
193 3674
2454 3947
517 1595
1415 1667
52 292
149 287
664 3410
2770 1962
107 1536
323 3482
1677 759
2137 2896
3216 3001
497 1730
2291 2811
1428 2034
2748 3343
1362 1235
2827 1334
3840 1835
2867 2522
441 3346
233 3449
3547 2798
801 3529
1029 1603
474 951
1514 2562
229 879
1 3087
2307 3054
1321 1803
3749 3175
3231 3691
529 3932
2531 246
2333 3036
3043 3281
3300 708
700 1781
1023 2708
349 1783
87 2751
2533 3767
3016 3804
926 2931
931 3495
3149 1891
1630 1568
1948 1685
3030 3629
2948 1587
1146 151
28 3193
231 1067
3336 747
3576 3034
2944 1149
2248 23
3026 1917
1862 2889
2052 625
705 2162
2790 558
2467 3158
2558 381
2894 531
553 3858
409 394
3342 1182
3665 3544
59 358
2541 438
3827 422
58 1900
3717 2009
3476 1933
713 502
340 1296
2163 2281
3378 815
2956 841
2664 3620
243 3002
1445 2108
1285 404
862 3797
149 1857
1709 2652
3858 3774
2635 2259
3551 1567
1411 3630
3987 2110
2306 3194
2142 907
3887 940
912 2417
2212 2983
253 1228
2960 3999
1839 180
1499 3971
1410 2154
3066 1099
325 1440
1565 2411
804 968
652 3034
875 911
2015 1464
1761 1077
419 60
1044 3411
1966 3533
3394 650
844 3146
528 55
881 3741
3963 1260
1383 2312
2301 939
2035 2087
3310 3840
3769 1185
3644 537
208 3174
3256 756
2628 3477
210 3416
112 3507
3048 3781
1166 3720
460 3829
649 1544
2352 34
1790 3427
3426 2508
2744 3501
3159 3686
157 2601
2460 3283
3813 1697
2559 3688
3553 3778
468 958
2139 3671
367 50
1189 1642
1111 620
197 906
550 2625
1306 1578
1142 584
3096 3694
1332 3126
1027 3578
578 782
2050 2728
3758 3516
1512 3794
2221 3658
1925 3100
2417 299
1130 2419
2081 147
3505 293
653 3709
1141 1490
3274 846
763 981
1360 3252
3936 149
3409 3539
3350 1089
640 643
1249 3938
2763 3112
990 2749
2448 1270
835 834
1878 3475
825 2971
709 535
938 3955
1935 416
1429 2433
286 2452
3296 1590
2511 3991
3830 1132
293 1002
3083 1366
2135 544
2480 1819
2239 1115
113 2062
2968 1948
353 3639
2023 2871
1037 736
1070 1732
29 258
3228 1020
1077 1139
2221 992
3764 741
1599 3367
1392 2492
621 2375
2412 2153
1038 1916
136 2948
3144 3617
3924 126
2195 3288
3177 988
3660 1805
713 3519
2120 2461
613 1991
2890 1562
2613 3699
2043 2834
2880 2923
3086 1128
1401 765
2263 77
776 2318
2945 833
1419 743
1577 2774
3969 3880
3724 13
3246 2512
622 2748
973 3433
470 2195
3133 70
1858 3319
2801 3508
382 1521
1001 441
480 377
2940 886
3139 3933
3809 1159
2990 2958
2319 140
941 976
2538 3518
2096 2662
177 1300
2833 1368
1147 2176
2024 2549
1062 3545
1540 1165
3651 3345
281 2831
496 3357
2101 3911
1156 604
1221 421
1926 2608
3210 2145
2763 597
2070 3926
2932 2031
424 489
2453 2261
2893 1963
2836 1192
3690 774
1258 2662
2502 3724
522 2295
3153 3451
567 3069
2608 2615
2237 854
899 306
579 1959
3275 2898
3844 1061
1679 3793
1160 2324
516 3245
2964 1035
1696 48
70 1638
1854 3637
2822 2026
498 817
2450 464
324 530
1463 631
2990 3072
2674 1652
2289 1693
2949 2760
842 2878
3558 2058
3793 3551
3122 357
1807 3758
1884 1937
1091 3923
2349 3579
3399 649
2201 3884
3169 2379
803 43
3997 3150
3270 798
2142 3183
3831 2596
1906 8
3283 3805
3806 359
1350 3215
1358 3275
3358 2825
3208 670
3194 3264
3929 3474
1104 2168
275 2950
2453 1094
3731 141
3932 2486
776 1021
3998 1583
927 1472
2975 3084
184 2593
3425 2305
317 3089
3414 1198
1446 955
3063 3739
3561 1744
3434 901
595 1982
2855 1892
3600 3144
637 2013
1641 1992
761 1520
3177 1278
3597 3673
382 3962
242 2027
657 619
3345 3241
3959 860
3934 3664
2355 3964
2088 585
725 2038
2180 1272
92 3787
1379 652
3143 2507
1246 1146
2046 40
2090 1011
1074 328
1826 1278
465 2927
2016 2732
2665 1949
1995 2426
1153 3016
507 1810
1641 3605
3074 2289
3774 1375
399 3816
3607 2830
478 1441
2964 845
2874 2931
2879 212
2754 2887
3935 3035
1654 2976
3334 717
1714 2672
925 1208
250 2314
3735 69
2336 924
2849 734
800 2054
1130 2557
1053 2561
3556 3174
268 565
2493 3295
1902 2701
2283 2853
135 1613
2077 920
602 1839
423 3906
3025 3832
510 3666
3640 740
622 3028
2257 3918
2499 641
2481 2270
912 3166
1941 1448
1534 2147
1855 1098
82 1938
2717 3595
3576 1873
3698 1633
720 1771
3284 2761
961 1676
802 2343
2907 2250
2184 132
2839 1740
2964 710
3346 3197
2830 1162
3145 1129
1019 285
1813 3572
165 687
1091 2612
2270 79
42 2298
947 1209
380 1245
3379 1229
2672 3440
779 162
2029 2754
2875 1228
1894 1176
1817 821
2457 2505
163 3921
551 3528
3975 1334
2581 787
259 2115
3394 2494
169 3281
119 1580
428 1344
3238 2304
3117 2111
922 1875
1982 88
3186 366
3039 3044
3150 1499
1186 2260
3568 1709
225 2616
1083 1914
1270 3764
3486 640
2508 178
3982 3796
3286 3884
1475 3468
2723 2016
2197 1218
2823 2811
2188 3333
3544 1661
938 1859
2472 185
3296 1310
2214 1821
2227 2022
2925 1193
444 727
3539 2435
1323 3399
2095 1901
29 3941
1725 1597
555 2602
1650 3660
1762 2523
1786 3687
3723 3167
2472 2526
1087 2466
3773 389
795 450
3338 3040
2852 2992
1582 475
266 3413
2295 2009
1286 3552
1127 1427
1203 1413
1484 1829
3855 1451
2257 3472
2910 1692
1174 1965
1494 76
1955 3212
311 85
719 1105
2393 1240
2133 2778
1353 2872
116 3234
2332 3867
1297 2369
2619 1213
1966 303
1187 2371
591 2217
1242 3184
244 2563
2634 2310
3364 3222
1792 1812
2956 773
3352 3787
2833 1493
3068 3191
3549 1927
1207 579
2718 644
3903 2738
3538 141
70 1788
2693 3135
234 3108
3102 2506
3594 2681
971 1860
1363 95
2904 3815
1003 1352
1256 3279
2607 3873
1148 2432
1926 2782
1403 2114
387 2325
2905 1517
595 3201
258 3136
945 1687
2210 2998
3280 2529
3487 1418
3982 3098
2941 1763
2411 840
1962 1928
3237 1140
2883 3418
3154 969
2476 1230
821 2794
2436 3739
332 1082
2102 3665
3380 624
1724 2461
2565 3844
596 3047
2896 2449
3353 2650
2590 1290
160 2987
2 2059
311 3798
2552 1287
2756 1028
2275 1604
868 3915
1934 3700
3375 2644
2017 1596
1202 1045
1190 3605
3620 2249
583 870
1813 724
317 2668
2782 25
2201 1611
1254 3344
152 609
2410 251
3622 101
2408 2186
2071 1848
344 2328
2223 1359
1758 244
2206 2149
3241 3351
2539 3417
3401 3983
2465 398
3498 3113
455 3786
2450 226
976 3595
549 2429
1235 1780
1141 1924
1014 2490
326 1431
3046 62
2787 3947
577 2950
3921 84
3318 527
117 778
3513 553
1091 3406
271 1736
1663 864
211 1645
524 3218
1266 2107
1262 2083
600 145
2458 1206
3198 679
2946 1367
3945 3867
1747 2764
2661 1384
3204 1542
3476 3543
3384 2938
693 2820
1951 2628
2793 57
3463 341
570 902
2786 3000
2605 2658
3668 556
675 2255
1699 1366
2180 3212
1415 339
1520 2062
2346 3081
2230 1233
1077 3914
3403 547
3714 2820
2064 3499
3456 556
3266 1647
283 1738
784 3027
2360 2965
3397 1915
84 2176
1827 2673
1927 913
3052 3944
3482 3601
3119 2600
2507 3578
207 1438
346 2757
1539 2838
1308 862
2353 1430
311 3087
1635 3448
3128 3795
560 2267
3524 1201
929 3292
3121 1090
2211 175
1287 2468
2718 645
586 1133
3747 1488
3276 1974
1438 2246
3330 3951
3720 3015
1852 1406
2100 2851
1912 2213
3785 2979
3891 2248
2633 2085
794 2775
2984 3025
1640 725
803 3409
1597 2331
3466 2927
631 431
1453 1623
1094 1413
646 161
1237 1735
3858 542
763 442
2425 3826
1209 71
859 3070
72 2737
2334 2
346 554
2222 2873
1629 1856
2682 2913
1209 699
961 2030
3617 3773
3277 1415
822 3118
1386 335
2425 2354
3509 1089
2366 72
2231 558
1615 3945
911 3989
2813 1303
1015 2710
3160 3672
3809 2352
863 1491
3219 919
3776 849
1287 1862
3413 1434
3669 3543
2025 3629
2600 1229
1400 3680
739 64
3035 2005
868 2540
397 3162
1386 2494
1772 1308
813 2745
3885 179
2783 3078
1378 3362
2734 2687
941 2750
2083 3162
2031 3264
3157 3346
2015 797
3852 3277
289 3317
2432 3588
2840 574
1311 1390
3904 749
255 1973
298 3697
1730 1892
1389 3659
2589 3985
2384 987
793 2477
1214 2282
1600 631
2641 588
833 977
1373 2352
2606 3109
1495 2214
183 526
2305 3716
872 1881
997 2270
1611 2427
922 2300
1645 3239
2067 3337
3693 2384
1087 3920
3713 45
660 3266
3713 2422
2623 707
3582 541
3347 1394
494 3879
241 3155
1290 3496
686 629
2293 1126
2430 3330
2209 3069
1062 3607
1777 2736
1025 942
3693 1853
793 780
2509 3090
154 371
1574 2537
38 2664
728 874
1890 2284
202 2187
1423 1557
3608 1111
1725 1507
3960 636
3562 1245
2906 2227
2991 4
3293 2354
3130 3552
3171 3424
1715 3050
205 1939
2850 1040
1525 3178
2318 2512
1790 1619
1293 2886
2103 3463
45 2694
2014 50
3148 581
3393 327
1397 1669
2439 1807
2438 3849
1959 2888
1981 1920
978 1897
3219 7
2783 1042
1050 3732
954 884
3201 3546
2377 179
1875 536
3581 32
439 2762
3273 3652
1523 2412
3122 390
325 3059
672 1028
3201 3050
3232 733
3335 3604
2783 1248
2174 922
2765 3276
1153 235
659 2350
1908 1818
714 2479
2325 1767
2974 3736
93 2008
2794 588
3512 2445
982 1462
1038 435
1716 1921
3839 3660
2846 3350
3577 2862
564 2471
3293 3152
3181 3432
1618 1705
2780 599
1510 1746
1919 1391
3870 3730
2859 1500
1020 2143
934 2081
2731 1760
2524 2815
2348 3147
254 2707
3014 3065
3762 1415
2395 3274
1157 3058
2091 3136
2548 2553
3354 1613
2977 2463
31 2693
3584 3796
2422 2020
1765 1649
824 861
268 2428
1666 322
2208 1640
1512 635
2797 3874
2679 1204
2836 796
3011 1782
1680 3968
2718 3161
1092 478
2620 163
646 3095
2178 3791
679 1531
3729 611
3776 3625
3222 247
684 128
733 2224
2852 2070
413 1342
1440 1466
3420 492
727 3354
7 2274
2911 266
3519 1517
2408 1408
2449 146
2523 3872
3235 1227
3435 960
1372 236
302 2695
3531 283
1347 1915
3662 3721
3973 2832
1649 3695
3207 3608
1924 1846
1832 888
1333 1837
543 2544
1623 576
704 2454
1573 3023
3575 2036
1155 2731
2712 3452
2614 396
2981 2037
1141 1030
991 2188
230 232
3003 1114
497 3571
568 3443
2772 3311
138 1288
2872 2034
3429 830
1388 95
286 92
1706 1905
575 605
1874 34
3807 489
3526 121
3048 71
3577 1578
2627 2173
3278 288
2376 3055
521 3301
110 2551
1759 773
3342 1142
1252 2894
3353 1170
370 1996
577 2296
198 2799
1362 3102
959 785
963 2880
3522 1480
3537 1831
2663 2105
3076 3066
984 1918
89 1051
123 410
1721 1275
162 206
2207 1349
3888 2706
2621 2709
3070 2543
1854 1136
597 3691
1297 735
1238 2807
441 1781
1796 517
728 1150
1361 1959
1180 350
1323 3518
1294 1072
2647 765
3988 3701
72 2272
3514 367
2490 3128
1123 605
569 1289
175 3527
1664 3547
2052 2177
581 1264
3398 668
2098 2999
629 3488
1870 3566
3733 1997
3088 2892
2696 2525
3331 1200
224 3185
1411 3675
2292 2812
2864 2084
25 3383
630 72
1672 3079
3623 2383
3004 1373
3564 692
459 2199
3550 1524
3889 659
1855 2599
3842 1056
176 751
3547 3317
3393 3825
3523 3248
2488 1432
1889 2358
1801 3898
2683 1950
494 413
405 1215
2328 3821
2290 1755
3708 2255
1408 652
1662 2032
2400 3634
2978 871
805 3285
2455 386
555 2942
2416 3017
86 2845
750 2380
1189 1691
1561 1980
3960 3506
462 846
810 3571
3058 3554
3494 1054
365 3351
426 1145
782 1972
3485 1881
3318 3734
1741 440
153 2020
856 1288
2717 2967
2434 3282
2528 463
2977 73
435 3211
900 1022
623 1891
839 3499
2556 954
3015 1339
36 1567
3895 195
1292 2375
1436 908
1773 2372
2172 197
462 3696
1319 824
2667 1243
2761 2882
1486 1592
2050 1242
3199 2117
1608 465
1744 2244
3403 3501
1701 3216
2572 1784
1313 3869
3547 3337
476 2290
347 433
884 2614
3179 387
3124 1097
681 2001
2149 830
1812 2980
1364 3462
2338 1930
3877 3478
3364 994
3234 948
2924 2619
2263 975
2954 2733
3190 2017
3445 394
3119 307
3884 2372
3625 97
1275 1575
1070 3319
2934 726
2501 3653
3728 1868
1109 3669
2677 1722
828 223
1008 3932
2667 2297
775 1692
1765 1339
2144 2560
279 1466
946 3646
1002 2878
3501 2322
1263 3466
236 1381
1486 2033
2690 1074
1027 421
3618 905
2520 260
3738 2065
1487 3800
2638 1116
2739 2692
3586 319
1399 923
2262 1434
2142 3827
896 2562
2202 563
2311 2089
900 98
504 2974
1163 3489
3950 3101
1883 2336
1207 1738
3173 3044
2456 2589
1823 1502
3037 3130
3840 1491
3516 2813
2926 3528
3221 1422
48 1627
1085 1661
2030 653
2255 3292
762 2851
927 1977
3486 2891
535 2626
1060 154
209 3344
3515 73
3227 1863
3186 904
432 3823
1681 3349
1178 3637
2148 1513
3270 3116
3320 1639
173 2306
1302 2606
1420 3616
243 28
936 3245
689 559
3356 2705
1129 379
1932 2955
1414 707
1616 3397
1500 2101
42 1171
3394 1752
2402 917
131 2722
744 1909
378 1684
1942 3497
2160 3231
1076 1719
1752 2497
634 1699
1378 2859
1289 2251
470 839
1026 638
457 1570
3280 760
3898 1304
645 1276
637 3138
777 768
1308 2583
1965 3236
1579 1929
2491 2378
2687 3779
3016 3220
1273 1715
1968 3158
2689 120
1456 1646
3050 3142
3042 3475
194 3429
2890 591
1380 2776
1355 1640
1530 1071
3837 716
356 3779
3974 1375
1092 3812
2229 2688
1213 3476
3697 1116
3770 2379
2725 1903
903 3707
3438 3684
3004 3291
3785 26
3602 2175
2234 338
2898 476
830 1135
125 1628
2152 2955
942 278
568 2042
482 3986
833 1254
2664 2416
1073 2946
2551 2259
3921 3883
3983 2906
2592 3900
2893 798
2741 593
2382 2969
624 3818
2918 3137
3693 2474
3013 118
523 641
2920 2785
823 18
3377 1226
1275 2680
521 269
949 2478
2175 2105
2564 1187
2293 1605
89 224
1426 1336
2697 260
1648 592
2034 1039
3832 1948
571 3851
2793 3309
3903 2118
613 391
2084 3306
2162 3499
633 315
2475 1826
3824 3618
2038 291
2041 3956
2391 2845
2941 1993
1553 3438
3470 3705
3249 3964
3794 3265
1175 1799
149 2254
2421 1243
1795 2049
829 2762
1480 213
2714 3960
1717 2962
3348 2099
237 54
1214 2914
469 2181
902 2112
2243 3365
1226 655
2885 3577
3908 2961
1259 794
3514 39
3860 1971
3633 631
1200 2307
457 2892
615 3685
2980 172
1507 2940
2388 1010
1558 2595
1805 237
1658 3820
1250 3961
1636 1295
3555 1306
3761 310
68 3772
1069 764
215 1008
2640 652
622 2521
871 3107
2763 2392
2741 1938
2718 1666
2769 2699
3830 2445
701 3407
31 1489
964 3522
1010 3339
3294 3244
2472 2458
1886 28
393 1888
1329 2203
452 2789
635 3948
2429 1973
3376 1193
3115 594
2382 1770
1605 1776
3993 3250
1233 196
2329 1405
1954 263
2370 778
1581 592
300 6
562 3070
3707 734
1050 3213
805 2394
2076 3887
642 3134
2891 1700
766 2765
215 1890
1078 637
2504 3470
3072 190
2866 3521
1273 105
2169 1579
3969 1793
1156 3870
1208 979
2370 280
2291 1338
387 1845
3139 148
1130 1389
2100 2601
808 1649
1554 2675
2926 535
1295 1086
2947 264
1443 437
1616 2072
3468 2515
928 252
940 3240
3667 2454
1386 1183
17 1447
3209 3930
1050 835
2275 600
3936 3164
1352 3655
2973 3329
3114 2912
3106 3322
921 2431
633 402
2225 3839
152 896
3467 1316
453 2683
3536 2037
3642 910
901 3545
3859 3605
3953 2328
3230 2104
3001 220
2812 1574
2986 1003
571 1149
1754 814
2686 659
2484 2336
2660 2119
3097 2265
1640 1964
90 1285
2832 251
604 2844
1267 2244
2411 2586
1751 3879
217 1226
1849 2292
3971 3442
353 2559
3583 1108
3935 1748
1048 1825
2728 2114
705 2596
1984 361
186 3337
3489 1999
2235 2038
2032 1211
1081 2907
3236 2637
2530 342
67 1367
2284 843
1116 862
984 2061
18 2422
3347 3404
1846 661
2785 1446
2823 3160
1571 269
359 1655
63 425
122 3092
788 773
2786 2226
2491 414
2061 1142
1462 380
471 1718
1403 3975
3217 1826
340 478
226 3623
2704 852
103 3904
2048 350
2393 1843
2670 753
3132 1476
2901 864
3549 3335
500 383
3081 2246
2144 187
313 323
811 3307
1563 2298
3001 2457
2968 2660
3611 3737
3729 5
2456 3534
3873 1791
998 1138
2314 592
3032 1230
623 1528
3390 1877
3906 1911
372 2704
3439 987
1340 1760
182 1407
1710 1219
1959 2809
1146 2406
3069 3775
1238 3962
3986 3278
3548 3447
2290 1470
782 430
2529 1651
1449 1576
2199 1460
3650 1680
343 3036
3486 132
3522 916
3118 2937
952 2207
1805 3269
823 1847
1234 713
2155 660
2850 3035
931 1425
468 2671
1370 1454
2321 415
1049 1293
2092 2320
1404 3428
447 1334
2946 2386
2376 817
2543 492
1990 1999
2698 1600
3946 3729
1876 1486
1557 1858
1312 1387
3402 2113
2294 3655
3630 1449
1608 1912
3086 2161
59 2820
2900 1865
1862 1571
2706 2520
2014 486
417 1330
2604 2764
87 3792
1233 3935
1284 812
1746 1423
449 2183
2132 1365
1798 864
2424 854
488 3603
675 3399
3557 1477
83 193
2594 524
1688 562
46 642
301 700
3642 851
3897 2039
3398 667
32 3043
1224 3110
2635 1824
1667 2417
15 2010
3260 639
3810 2470
449 3578
2897 3164
560 514
909 3349
957 392
2286 642
2000 3523
2269 3133
217 684
401 2358
981 2622
1089 3029
3004 560
2884 408
225 1329
1860 2996
263 976
1309 3447
662 1827
2002 1538
3727 1938
412 2922
1310 3145
599 711
3156 999
1672 747
87 431
1229 1737
1152 906
3425 1749
3812 130
296 3381
2730 395
3638 3591
1565 9
1322 1832
2262 1800
605 3524
1811 1787
792 3450
2377 2334
11 2065
723 715
2665 941
5 2319
2596 3123
2130 3789
2631 3862
2135 202
2344 3478
3125 2684
2956 1337
3391 2389
539 1733
617 566
963 2685
764 1331
1618 2275
1181 7
678 2628
3631 491
2708 2118
3997 3711
1461 1740
3033 989
2991 3126
2240 810
2874 1468
548 3535
1317 3144
537 3907
1876 41
3990 2157
2053 1793
2362 1387
1307 1798
129 142
606 163
3297 388
2314 2418
3500 2382
760 405
590 569
357 1382
514 610
3877 3224
2929 3638
2905 613
1637 1801
2909 3848
1667 1943
493 2590
352 966
2875 3479
3808 1244
1902 2716
1327 51
1179 3276
3040 307
124 856
2853 3800
691 2422
1607 2988
3349 239
1521 2944
35 3322
344 2608
3664 2285
2054 754
2421 1007
676 855
2777 347
51 1063
747 2681
172 608
3680 1977
1185 2455
3148 3533
3362 78
2540 1342
3306 3375
1472 481
1644 2715
3899 1860
3521 723
221 3697
3846 3101
2446 1741
2395 2226
2819 2647
1828 3541
2492 2890
1629 3421
1325 2058
2133 2014
1400 1677
3024 2950
3587 3703
150 3631
2316 1200
2675 801
2351 58
1713 1157
3177 2761
2864 3943
3642 3101
2616 47
221 3497
906 2244
2229 3743
419 385
1012 873
249 875
1817 1253
3065 2001
2142 1114
2567 957
1036 17
524 1558
2769 3306
1998 2004
3897 1426
1380 1832
1789 3070
362 2696
937 3336
3279 348
3473 2056
2829 2564
2402 1535
783 101
654 3789
2791 2154
3502 485
567 3922
1649 1834
2258 3787
2144 3094
1645 2501
3628 970
3575 1441
2686 1259
986 3519
1320 593
2821 2783
934 3056
2740 1946
1626 3368
515 2139
283 671
1485 668
3916 3233
2960 2919
214 277
3834 1597
3949 2786
3030 1887
1910 559
908 3377
2166 3264
2014 1598
2299 3705
1883 2747
2977 982
2700 467
886 2682
1751 1216
3818 3746
3331 1765
1606 2975
2140 1320
3169 4000
2912 3066
123 2801
1777 3637
2972 3661
2692 2247
2046 1840
1177 1979
267 2648
144 647
1652 1365
968 2204
2562 2403
1564 1212
438 552
761 411
2360 2441
2763 1505
3552 3963
2632 1736
1617 1150
2764 66
1350 302
3766 15
3373 1949
3508 1863
2051 446
3835 1614
100 132
1172 2029
354 726
1494 2887
3049 2349
1469 2383
2907 3152
2574 270
1513 1029
2466 1148
2186 1312
1698 2900
1779 3844
323 2842
222 933
3656 3654
769 2841
1115 1684
57 1934
2545 1008
130 1282
3152 683
611 548
3217 25
398 3294
1178 2586
156 446
1281 23
2316 2837
3561 2771
1313 417
3202 1109
1076 2247
37 3088
1728 2584
2315 800
2976 119
1933 2478
2468 3578
3927 2178
3176 147
757 3661
3828 709
2164 2659
746 2879
1190 1048
3122 3360
3862 3887
454 2739
3831 1820
701 2063
1244 3458
1892 1335
2409 1547
553 2252
2387 1697
3900 138
1840 1433
1695 1605
1550 2800
3390 70
130 3940
2909 2881
3433 1884
1348 1598
1940 3180
3895 1424
2861 3679
2689 442
766 1720
3195 3561
2066 1497
679 1115
20 560
3836 1254
1783 1058
114 786
96 1477
3261 1347
2242 647
3526 851
1969 1976
2963 3472
427 3683
2685 3944
3143 1503
980 3494
1012 1202
2558 3104
240 897
3706 3662
2916 3762
573 865
46 1333
3772 3723
2430 3244
329 77
2371 3453
3370 3628
3341 3681
1497 223
3796 703
2151 3563
1112 1601
3577 190
1694 2829
878 1580
2725 771
1498 2658
358 1396
1758 1955
2777 459
1277 3803
3523 2703
1462 2538
3574 2748
3874 126
3470 2426
1625 1845
3085 1427
3406 893
2887 1539
140 321
1384 834
1446 540
2161 3595
3503 1515
2018 2523
2536 258
117 3461
2576 1177
300 1444
1087 1509
12 685
3053 3285
3422 3905
1420 226
3542 1024
3419 3052
3423 1558
1102 3338
2653 3947
3622 2214
2993 2884
3577 685
946 2170
1609 2640
2011 384
2485 1935
160 3464
1297 2246
164 3214
982 363
3898 3186
1096 3136
2394 2388
2742 3460
3083 716
3685 3316
2662 1113
2787 1924
2086 1673
3526 722
1981 1007
1711 1590
707 2127
1444 1031
2171 220
1135 1545
2998 2490
3665 3504
282 1262
2055 2514
557 1468
2804 2374
889 2122
1962 3893
987 620
3802 2320
3105 1483
2445 582
3356 182
3807 1276
458 2477
3405 456
188 31
345 2080
1742 2401
521 2438
2301 3098
1761 10
1354 3593
1473 3104
3869 2967
3059 3853
431 1843
116 2985
2982 115
1079 1535
134 2665
2156 3842
2148 2674
813 257
368 1346
403 1300
430 1444
853 3489
3689 3945
2866 2703
369 564
168 2614
1015 11
978 2822
1971 139
2237 3249
3401 3475
3786 3432
2802 2587
1108 1299
3617 1232
3649 540
2633 731
1676 2773
926 2513
265 1771
1797 3221
775 2488
1116 1262
1340 3868
3786 3573
3861 3739
3325 3196
3211 847
2673 1328
677 979
1808 1437
1841 1246
337 615
327 876
2040 3072
1191 1832
2444 3527
179 24
65 823
678 3173
291 146
3263 2804
2409 412
2192 2120
107 694
936 3422
3694 952
1700 1026
75 656
1922 2531
33 2790
2433 1369
663 3554
3261 2045
3303 1864
884 1978
3852 811
3392 264
916 524
1191 885
295 933
2466 1621
3995 473
2944 3444
812 2111
1324 1503
3077 1721
576 2234
3630 2792
2436 1398
3265 1796
770 3965
1318 724
3254 1647
1645 780
2037 2436
929 2582
2517 2221
965 2443
3954 2788
1374 1072
2060 2414
768 915
900 1714
479 81
2804 937
3255 1501
1264 2604
2245 2956
535 1621
1255 2754
3659 832
2644 3866
3755 28
3012 940
3907 3018
3745 1612
2815 2678
234 690
2753 3512
334 3345
2720 1186
1997 990
3757 1446
1868 3630
3321 3064
1024 386
3558 309
326 566
1937 2629
2828 1252
1960 3556
3606 1413
3196 512
2006 2414
1197 2770
573 3693
2489 2311
791 359
676 2638
2163 1589
754 2650
1360 1047
3090 3996
968 2661
2589 67
246 1491
2098 3257
633 2516
1895 1218
3778 3545
234 2309
1351 3573
3204 117
3039 507
1296 1673
1992 1683
2899 2901
3467 3357
1105 2926
1266 1677
2150 1278
1484 1026
1203 3214
3843 1136
3239 2510
1830 3896
3546 2385
738 1547
952 2012
2792 1814
2810 1117
1886 3312
3673 66
2952 2016
2841 2646
1566 854
1570 570
3705 1863
2624 3104
2410 1762
209 505
1775 3385
2895 3305
275 2724
2353 1589
480 1230
2542 740
1764 417
1395 2335
3731 2064
2623 81
3242 1730
1416 3007
1585 3876
1997 849
1532 950
3226 2387
3746 2009
3743 424
2821 1402
3993 1257
1567 2120
1753 249
2711 2384
3796 2573
2805 1162
2028 137
3541 111
2286 3841
541 572
329 2697
3302 311
1364 467
1833 750
1196 1757
80 3289
1574 3370
1686 836
993 2721
1155 61
2049 1457
2211 2603
2642 3307
1299 1052
558 2535
2927 1234
296 2922
918 1138
259 632
2171 1070
3050 3645
3993 475
1597 2701
399 3751
3772 2959
3973 1356
187 1196
1799 343
1068 3678
578 1931
543 3786
992 1601
2216 3008
660 693
3908 1110
2547 783
3569 3947
3145 524
2895 2365
76 1735
2525 420
490 1720
3233 1650
1342 2990
1754 1655
3829 3472
3668 3609
3094 998
2827 1712
820 1059
1078 1624
819 2799
3288 1222
572 1298
945 1100
2795 2345
2677 3297
802 1624
1048 926
3423 3710
869 2988
1200 3111
1248 2846
3613 3427
3261 1989
1661 2756
3568 648
3033 2250
122 3835
1865 167
116 162
3766 2466
1032 2290
1393 235
1014 89
3133 1811
3783 2779
1161 3334
1239 3236
1754 828
2895 1420
2577 3531
2304 1171
1950 183
2733 1017
2119 1973
3726 3784
1656 1107
827 120
3987 3101
1406 3574
2094 2519
3913 487
2205 1599
2517 2440
511 73
1967 3345
2724 1000
3490 557
1075 748
1832 651
2781 3254
3079 3508
1194 2368
2783 53
1564 3116
804 3408
2048 3243
1674 937
2159 642
2912 3949
3705 3822
2732 3430
3035 3626
2131 2512
3007 2868
433 3639
601 982
1069 3003
2360 1202
3267 2687
1693 1195
3919 3869
3251 2152
1899 1143
2128 2743
3298 1917
2411 624
3212 665
34 63
1819 3638
3682 880
3136 1162
76 3992
587 2381
3844 3440
674 3386
2683 181
3999 3127
2774 1198
3160 2736
3371 792
2413 3520
2899 1577
3426 2007
2158 1112
3683 1007
3553 2533
1449 2682
2306 2193
1885 273
3931 3289
3210 2458
3645 2836
2148 115
1461 3010
1016 265
2794 321
767 3256
979 1169
3906 1251
1731 1649
3596 442
1336 1601
2980 3022
3981 750
1519 3465
1776 2877
469 1118
1807 538
390 3719
3786 2264
47 3896
1066 1043
582 528
825 3193
2554 805
2363 101
2277 1370
1184 845
2588 2559
1561 3965
1433 2629
898 3670
2232 2533
2818 3699
3966 1151
3923 1291
3199 1960
1828 1295
3481 2437
1390 668
941 2727
1418 357
3137 3836
911 2986
1707 1848
3304 375
1416 14
2900 1016
1107 1524
3448 1495
2873 2997
3548 3170
2473 2483
3839 1249
1643 1665
222 1206
3713 107
1624 570
3517 2351
3608 745
3168 796
3462 3634
3937 2114
2676 1798
3223 435
1766 1043
1094 2951
2691 3230
1039 2317
672 3294
2568 2441
2884 2937
3768 3
1134 3169
3140 2877
3943 871
2834 284
3247 1510
1742 1845
1385 3682
3200 1802
3318 422
1543 3223
1100 1690
2156 1864
748 3412
2230 3589
1121 3103
2089 3060
1819 369
2868 3213
44 3964
2405 1404
3882 2408
48 3308
1534 2133
689 2712
823 3853
724 506
2182 3468
1572 2469
3073 2504
2309 2938
846 2857
816 994
2098 549
3494 1922
753 799
3635 2251
2116 1709
2197 3271
3458 264
1134 2196
2277 1970
862 3801
231 1374
2698 2160
2193 2092
2247 3069
320 2221
3635 1615
1268 4000
2559 1785
13 2639
1492 1656
3276 1033
2606 2808
418 415
3379 755
801 2273
1451 2407
500 3845
844 2307
244 632
3275 697
2522 3006
3387 2153
1479 708
1118 1821
1806 1753
2194 2717
883 814
2441 688
1885 3239
1671 710
3611 2671
3127 3036
3856 311
3611 2768
1078 669
342 3705
2223 2815
2508 3386
2069 3016
1065 1033
1675 3386
1901 2599
3881 3008
1518 2088
3091 3852
2397 1920
2475 1784
2704 1548
2019 3471
926 719
93 3205
3345 1831
1164 3602
1787 587
1248 826
3753 287
2419 2057
343 2356
1167 1400
2699 315
3552 3019
1789 1975
3325 2715
2153 1687
1145 3157
3890 1266
3908 1125
1378 742
3770 2364
718 838
1208 466
420 2585
448 2664
537 272
3701 3086
299 3621
33 158
2869 2478
2816 3744
546 598
3173 818
2723 718
987 1077
3826 2106
1186 461
1292 882
2349 2222
816 271
2995 2520
995 1610
641 351
354 377
3478 3551
156 170
47 513
51 3949
2564 2451
2537 3338
2429 2534
2431 727
2103 955
2709 464
1546 2562
2361 169
799 2509
1884 2435
1697 1976
1217 2636
2256 179
2718 2871
903 3790
3189 454
1659 2992
1538 401
3587 3825
520 164
2834 2532
3092 610
1907 3043
866 1103
996 1382
2890 2442
1544 196
1667 1075
1601 1005
2979 212
127 3561
730 3455
1383 2549
953 2108
741 3745
2446 381
1956 1868
3391 3113
2565 3942
220 3062
2222 69
2325 3530
276 3955
124 2654
3141 3702
1947 921
584 695
2110 2224
1896 1252
1064 2627
159 2360
695 3162
2680 3231
1822 3417
1099 2067
951 1257
1421 516
3005 658
3513 744
2328 300
24 2485
2274 2784
1662 3517
1961 1160
256 2015
1359 1821
3418 1594
393 3819
1496 947
3892 3850
2760 2552
2251 3780
2555 3288
3204 3931
61 712
3454 664
1705 1383
1916 2766
1320 3820
773 2241
3274 3570
2342 285
133 3556
1455 2719
1066 2622
3873 636
2482 1504
3067 2126
3379 351
2277 2080
3671 2595
1987 3921
1626 277
1655 786
2366 2217
2753 3706
942 3232
3340 2743
372 2559
2228 204
2099 736
607 1395
213 2575
3969 1925
970 1343
1373 238
3917 3886
562 3567
2361 3923
3412 1831
3954 3927
2539 1844
2176 2958
1231 3338
3930 325
537 1676
3670 2125
1708 1457
2557 2593
2837 16
3141 2300
551 400
1647 3899
1862 3510
1675 450
1802 2722
3864 1259
1046 364
1425 2870
975 3674
2922 1409
1914 935
2190 2578
2932 1680
3499 3540
1516 42
1205 2092
176 157
546 3236
2154 1818
1572 3916
659 3892
493 2121
1458 2398
2752 2953
3970 102
1171 476
113 219
1470 533
3633 3560
3099 1582
2496 3962
22 1896
1957 2012
3064 1081
2610 2344
2826 199
1475 82
208 2935
2945 1867
1067 2347
2462 3861
173 3415
510 2499
3826 209
3905 1108
483 3433
2376 2954
216 2260
3612 3395
2853 966
2047 3653
3685 3606
848 2339
3408 1144
2067 471
2259 1946
3551 1285
1979 1006
680 2608
2341 2486
956 3958
3238 1884
195 3970
2602 1057
3453 1120
1429 3794
533 3928
2921 1606
3258 2233
1215 1446
3294 2118
3777 822
1557 4
1961 2165
1673 2266
3429 3942
204 3700
583 3206
1163 2482
3165 1525
3243 1930
1067 2749
1809 714
3129 751
244 2630
2090 2404
2128 2726
711 2042
1808 3795
3784 3045
3491 659
2113 1261
1589 2040
1958 1672
837 463
1059 3263
914 78
3313 2847
1703 2335
1993 600
3051 2572
3926 552
1508 2982
3399 3745
3087 1279
437 1466
2413 2346
1511 1341
2848 1970
248 1214
3799 3680
281 1756
201 3500
1650 1483
2228 332
3052 3170
1391 1891
1250 3614
1882 3066
2700 3282
2170 1524
119 3791
2723 3664
1881 2819
3740 1419
3326 2344
1119 2388
745 3980
3820 2113
1944 1471
245 3770
3436 1400
783 3783
2357 3069
410 2664
3190 3789
3327 1367
477 1829
2679 2758
3187 2428
60 1557
2403 1236
521 3299
1199 3274
2537 1726
3713 3648
1416 1559
2075 2627
3610 396
2111 3300
3912 99
2447 2003
2267 2569
3581 3153
775 765
2170 1256
370 3132
54 1269
2420 3764
2946 2939
3718 3373
2049 3273
904 3146
1553 124
1358 1750
943 3290
1043 3251
3686 61
90 240
2302 206
2058 1432
3967 3878
2009 1297
853 2704
931 2262
2414 842
919 3866
3807 646
2062 3255
375 472
1496 667
2893 1549
2869 3250
3410 706
2019 1442
3199 287
1981 170
1103 1328
1549 3863
965 3426
277 2530
781 1084
1038 2908
3742 35
2658 2729
605 639
555 108
3189 2082
1555 2969
1950 1617
3858 1056
1466 3498
1165 3742
1428 2817
521 328
2714 2593
2090 192
1071 1009
1273 312
2632 2464
594 2439
2291 3457
2463 2925
3173 3880
1029 443
1540 2477
2359 3031
2932 3599
3894 2888
1653 1842
3140 3909
2439 3480
726 2236
2206 1986
1679 1898
3938 931
2397 1670
2735 2302
802 1452
2359 3305
1569 2319
997 3314
218 391
1702 2338
3075 1960
989 2807
2716 2476
2729 956
3268 2724
1300 2066
3514 1602
1174 3395
3545 1657
138 2959
2863 47
2001 1074
2545 3262
2956 126
3717 3404
260 2157
2561 2583
2500 407
3814 307
2140 2179
3203 2431
546 1695
3139 952
56 2846
1165 3865
1401 1702
449 2149
1290 2169
560 2219
2831 3048
2691 2598
3355 737
1990 1014
172 2803
882 3319
2897 2042
2616 1789
205 1944
3089 613
2770 781
1175 589
2824 3355
1727 3384
102 2860
1908 3719
3676 2632
504 3772
993 807
3715 772
2943 82
2659 1460
3579 421
2535 316
2679 3928
3244 2942
1677 2185
3369 2690
2600 2238
743 3299
2643 685
1562 994
2216 3251
3211 2017
3120 1927
2217 2470
3342 2447
3647 3586
2093 547
312 3125
2366 2288
1176 3942
132 2713
1983 3093
3788 3379
2332 1903
3661 1486
1154 429
2585 3445
3704 5
3259 498
1271 3978
1832 1876
2831 109
3534 2073
1415 2574
3178 3094
2078 1584
1765 1872
1866 3510
1274 3665
3591 3754
2609 1462
3366 3157
2396 538
1721 3441
1279 2385
1519 99
2388 2134
2938 111
105 752
849 3530
2767 2301
374 3208
795 2865
889 778
3449 3559
302 3727
637 3082
3824 3061
355 2314
2068 1691
2036 980
3769 2128
2073 1293
2294 1529
582 1668
2740 1228
427 3127
1893 2195
978 3011
3469 3784
3464 2077
309 1706
1588 2606
3984 456
3591 1700
2267 2215
2906 3525
665 2458
1514 3734
752 2649
1740 1205
23 2057
2284 3200
1329 2330
3080 199
1083 790
337 2352
2674 2978
2899 242
772 499
1542 3972
1488 3115
1774 3527
1936 3729
1177 1121
3184 3795
2930 2629
2399 935
500 2583
3961 43
1581 2765
2518 2473
2167 792
2401 1280
457 1472
2085 527
580 2656
3618 3589
2593 2952
590 654
2551 1631
2722 3624
2912 1357
815 1107
2312 894
3454 2579
3641 1938
1152 2853
2340 3851
556 1368
2220 3847
2044 1722
3313 668
274 2367
120 2327
2835 3782
1704 2854
2832 3458
227 3126
3752 3968
452 3481
1434 2755
3141 1943
722 1709
300 360
1502 2189
2661 3904
1350 434
2104 1267
2079 3824
1739 387
1305 1779
2911 1896
1104 892
3182 2130
3367 565
3750 453
3229 1064
3632 2326
24 810
1509 2323
373 2107
3304 152
2989 1825
837 1088
2088 1556
210 815
2131 2511
1106 1443
551 1971
771 2459
1456 730
3297 965
3388 3821
1998 2992
2730 1289
1513 2303
1795 3542
2426 857
1158 2095
3833 941
733 2268
3090 2722
903 3172
1859 3295
3945 3022
910 1541
2452 1218
1008 714
2523 127
430 2313
3307 682
2337 305
3566 2371
2829 2856
3132 3631
356 3411
1153 255
3483 319
1591 435
3084 335
3524 1974
1387 858
3563 998
2651 2254
2308 2063
3856 1188
3453 429
2478 3362
3473 2392
3738 3621
3272 2401
3939 2794
2033 1641
1879 2493
2220 3780
2487 3259
2566 2550
612 1570
2944 3017
3252 2125
1230 3957
165 2800
867 2009
3405 3042
1774 2143
1959 3687
346 2184
2645 862
3615 3009
3493 892
2324 1578
727 2857
3123 1223
213 1888
1622 2920
1536 917
2904 3460
2282 200
2966 2201
3131 3850
3785 2818
809 1135
428 2505
1498 2178
711 499
1426 3712
3573 848
3483 1166
189 3609
3533 2030
1496 2041
3099 3690
873 1388
2605 1682
1514 3332
3925 510
324 43
3901 2096
2535 3575
2666 689
2885 1283
3999
754 3851
25 3525
110 2466
2267 1168
778 3788
3240 2526
960 2071
2941 1330
2570 314
1595 1221
3091 430
2870 3962
1693 2852
2117 2614
1575 898
3378 1659
926 3300
3780 3596
923 3327
1709 1876
1733 3965
2066 2944
632 1611
2578 2318
2262 1412
2886 2361
739 3468
3791 2145
3289 3396
1549 401
3397 3919
2717 635
3970 435
1125 1675
459 3968
2907 3122
418 2146
731 808
3862 709
1172 1561
3889 319
3691 3408
3695 3645
2281 3865
3756 1241
3399 2961
1506 3211
2150 2332
1540 983
822 1201
543 352
114 2613
1136 3312
2268 230
880 1850
2243 2025
2788 3945
3986 1795
865 3717
1722 2336
434 3376
3626 2173
3901 1303
290 2624
2549 2503
1164 2016
2553 3787
2399 3700
2669 3566
2483 2591
646 2668
3158 846
2676 2362
3200 100
1216 385
763 2160
3001 3693
3461 354
3680 727
2609 2490
567 3055
1742 2220
1696 265
3629 3165
2279 190
3379 541
1718 3542
1644 1543
1845 3633
3299 1220
2934 2920
3423 1858
3138 2522
2979 2621
2835 3190
3704 2179
3196 1999
1025 1560
3528 2528
3788 358
3499 2778
1181 3834
2333 55
2839 3181
2841 1707
2720 1352
1062 984
379 765
3240 2491
1220 2198
1236 139
1894 1125
2593 2552
2225 518
2201 1012
1794 477
2195 1549
687 1974
4000 183
762 678
1731 1810
1455 2304
2859 3513
1266 1194
2579 1876
3429 2600
232 1826
1195 3729
3966 3314
1230 3976
48 3149
2879 1731
2705 1148
3644 3082
573 3723
2706 2199
467 3831
1637 2774
46 2817
2153 3652
2654 3745
2050 2341
3899 3692
3108 2403
3442 1421
3112 1375
1790 2207
3585 3051
453 1414
2544 2552
782 3642
69 1046
2673 2755
1799 3131
2479 3391
1001 3910
3758 236
2975 1792
3495 1342
1622 3341
3522 2464
2364 1714
2489 3395
94 3344
3067 1867
3079 33
2722 1885
1910 645
1970 1107
3793 349
2735 1302
1705 3979
1572 2943
2566 3182
3433 3492
1071 2336
1300 590
846 1570
2562 3743
1278 309
2094 2008
2273 341
2611 2823
1200 726
2663 1488
2346 1152
2329 2788
157 1857
63 2259
1270 908
1810 719
539 3218
690 1996
3811 1455
32 1842
584 2316
2797 408
1499 2047
207 2358
2043 3631
906 599
672 3299
845 830
3795 3469
1309 942
1868 3439
2910 195
321 1068
2986 160
1 3241
2986 177
2918 249
865 239
1794 1078
1976 3064
954 1390
859 2511
1781 747
2921 2274
52 2257
3989 446
3322 3711
1885 1324
2971 2907
2223 839
1335 98
273 711
1732 45
2249 3074
742 1345
2061 1004
67 2726
300 3465
76 2641
3712 1792
2685 1265
2909 585
262 1591
1801 421
3209 1928
2744 1091
2714 2990
1753 3741
1206 2292
2435 3063
784 3989
245 1243
770 441
2457 2547
796 3798
3584 2858
3161 1556
1051 2182
2544 646
373 1920
2989 1395
3690 2373
2805 3708
362 2770
3871 3027
1654 112
2569 2433
110 2976
351 1474
1044 1349
1570 1481
1668 5
1204 2375
1774 3293
2962 902
3905 3856
1575 2453
1814 1727
3157 2823
3610 703
2849 901
2052 1490
1350 2819
2671 3935
3221 11
780 764
1888 2204
999 1963
1563 2510
2923 2570
870 2314
1308 2883
471 3644
313 818
39 278
239 898
2116 1941
2639 1337
103 440
1880 114
955 3153
95 378
1557 165
1463 319
3562 486
1608 200
991 2989
2866 2346
2615 426
3507 3286
2703 3768
1599 3214
2082 3164
819 561
565 3534
1548 1662
1354 1729
2667 51
3508 3835
3469 927
835 2335
1725 256
2612 2694
1539 1943
1292 3803
3464 106
768 2366
3712 2631
3547 1398
1297 3678
2756 2730
1554 698
2911 3248
2269 3036
490 1615
3075 2573
1793 1242
3342 2217
355 623
502 531
3016 1566
2364 2126
712 40
3881 2608
2150 3461
902 209
433 2266
3339 2891
3981 1426
1266 1504
911 2347
3954 3102
2032 2213
1657 1740
1661 952
230 3155
1414 2679
3269 2033
648 1851
1038 2816
130 1664
1042 779
2724 1956
2244 3826
3415 1922
1582 2022
3473 2036
164 1158
650 2884
1825 1287
975 3411
3654 502
3518 300
920 1855
3383 3229
958 2744
3413 1427
1782 1227
888 2731
2203 2599
218 459
2713 2366
1078 3007
3159 1692
2147 2955
578 2221
3874 615
853 589
1612 2308
3183 3916
2453 2974
2983 836
1702 1848
1766 1340
1600 1932
2826 3733
3191 1716
2827 3415
3671 664
3113 1835
1424 3613
3971 1444
3419 2727
2387 3441
3351 1332
1234 3175
3192 1214
3044 1304
1479 2880
2695 2395
1401 2096
3033 1075
2439 2271
1630 713
3819 6
3293 269
2075 1013
1521 3932
2571 3546
1741 1254
3473 3476
1992 588
2780 1394
2587 3222
2713 628
481 2818
2991 151
1599 916
2051 3344
468 1168
1121 3746
922 1008
31 2031
2456 660
1032 3894
3450 3981
3488 3541
434 790
2202 3842
638 3675
3964 209
1592 3072
1905 253
1317 638
2813 3886
2837 2304
2234 2572
2609 498
925 208
3937 3549
344 2188
3646 2658
3372 180
2356 1545
599 1411
2658 452
1767 3186
2517 23
1979 3359
1512 3765
652 1696
2343 3084
2068 861
475 2157
2085 2895
1571 3323
597 1346
3988 3103
2651 1887
254 1457
118 1850
83 3936
54 424
3960 3760
3375 3742
1307 2791
970 1543
3217 2157
1373 1769
3222 937
3418 1363
3227 3605
3568 3761
663 1849
766 1476
59 200
1477 2770
202 3586
834 508
3654 3076
2256 2230
61 1849
502 3166
249 2642
2968 1031
1958 1616
982 45
795 3519
182 141
525 2306
141 716
2769 2961
1467 1370
64 2462
2597 3489
3754 381
3626 527
1008 1649
1450 2299
1968 336
3215 839
3021 1785
3052 2155
2737 1556
125 2971
1483 1543
735 3100
3491 3892
1226 591
726 1234
3939 1496
3223 913
1468 1886
3866 3810
2257 2832
141 3126
3435 26
1430 2492
2710 172
3259 289
3904 566
3268 2632
2726 1348
2452 2176
3628 1228
1274 1627
3187 3103
572 3735
2586 286
483 3833
765 2407
365 856
1786 3007
3891 1415
932 1422
3400 2044
2838 3907
2277 738
2030 16
2638 537
3709 3107
776 3287
1712 1007
2836 1404
1939 3773
73 344
1452 2904
5 2934
2095 1341
9 2704
3720 2633
1611 2091
2516 493
497 3013
2902 2753
880 2812
2955 3494
2013 1225
3532 967
3444 2469
2504 3380
1541 484
2033 781
2732 502
3998 1130
2817 713
3661 2389
3047 2585
731 893
3716 787
3126 3907
3030 837
3483 386
3714 1336
3025 359
3192 3477
2577 1176
1441 2615
676 1755
248 927
1880 3929
2037 1819
3366 1040
1257 1291
2741 2942
2026 3919
585 1854
1878 2237
1172 788
2254 3309
363 2643
969 2002
2628 1783
3326 497
3143 2121
681 900
1623 1667
2510 784
1099 382
3025 2159
868 2736
3230 875
2817 2981
1295 2300
1622 3301
3252 3490
177 1084
3231 158
2928 2353
3034 2044
2553 2939
676 2055
2064 1442
1631 2076
3594 622
181 3201
1496 1839
2682 1729
3753 955
551 2311
1826 3018
1380 3170
964 3503
1288 2764
7 3795
2544 1474
2109 2322
2946 2376
818 3686
3458 1818
6 3342
1156 1302
1491 1323
51 288
3127 3375
2481 1918
31 3679
2361 709
1142 3326
2138 178
1848 3700
1744 1190
2429 1191
3397 1105
536 2207
2069 3004
2060 1315
618 2848
1840 813
983 3393
3090 3699
3804 1912
3641 1587
757 315
1532 2035
2376 3398
2228 2025
732 3493
3044 2338
1498 1669
1553 1724
3332 498
3320 2707
1847 3440
1677 1339
3815 34
2621 3243
1730 674
1050 2283
2049 316
1502 2363
2641 2774
2949 1580
784 2426
560 1633
2567 2667
2601 3419
2684 1622
756 1921
343 2246
748 1657
212 2820
2103 1697
3906 1560
3941 1704
1634 2360
1258 2506
744 1453
997 1986
979 1624
2825 3078
1093 3010
2 2501
673 1737
342 2066
1977 3511
1771 3167
2160 3388
3824 2342
673 3302
1276 2352
2526 1000
3604 2269
3973 541
1099 3219
3296 23
768 872
2477 2573
1729 2426
2424 1669
2288 1401
251 1405
2472 120
242 509
2290 3622
2401 1855
153 2327
3050 1328
3214 1747
1320 25
3163 2108
3472 2512
1673 437
1069 3505
3370 1252
797 2897
972 1180
871 674
3425 847
3571 1493
186 490
3898 1781
3685 3961
1709 1746
3356 1045
2919 932
3658 3050
398 856
668 1197
3916 1058
199 730
654 1590
1322 142
3341 2785
3310 784
1228 2893
1929 519
2364 3479
2473 395
1471 3582
3663 83
3539 2786
3687 3794
318 3689
3836 2551
1763 1561
1709 2674
3831 1416
699 1478
2474 2651
271 2433
3870 2542
1877 1972
1081 1334
1536 1045
2912 3725
2714 2578
2729 3532
1214 1787
166 200
2389 1345
311 1774
2458 1766
2001 2733
1299 2768
3764 1256
3147 842
2756 2151
1119 3835
3314 1022
2889 3956
2877 2814
2377 1499
902 3445
3260 236
3866 2278
950 2966
24 1966
2084 3694
720 3377
3701 1884
2819 3330
2849 2711
1646 832
530 1841
3241 2977
2489 287
3823 217
2664 72
3046 589
1179 2388
3006 1027
1445 1937
3971 3955
3901 2010
162 1731
3845 1534
3539 1187
2649 2550
69 1068
2638 909
588 2884
885 3814
2953 1178
2598 693
2110 1792
2043 2430
2516 930
1431 680
388 43
166 889
2618 843
3461 3030
2979 3480
1878 3227
685 242
3867 2437
159 3862
3870 3741
2182 2372
488 2121
2303 3123
1317 455
2235 263
2164 692
1643 2441
818 1112
2211 3619
1631 2386
52 725
3745 2484
1113 233
1805 144
581 2908
1402 573
773 2548
1689 1521
1547 1208
1525 2269
3054 3669
3452 3653
850 1824
1916 3206
1176 3058
2999 3546
3790 3911
1075 3863
2607 2931
3453 3220
1665 1282
57 3467
2370 230
3630 2749
2112 61
1109 3966
399 63
1728 3093
3081 2628
2835 72
1511 2375
2418 319
3906 228
1021 1534
2982 2503
408 421
917 794
3311 2712
938 2966
722 993
1812 1505
2794 527
265 558
1513 1320
2329 988
1561 2010
3564 1750
1262 3597
3005 54
3904 832
3365 655
875 418
3391 3167
461 2264
3305 509
232 1676
2184 3377
3590 2762
2159 3445
2694 1486
567 93
1409 3890
322 1685
3827 2775
2544 3151
3733 1019
1151 1035
3329 2945
37 1874
1202 2193
751 3149
2498 3553
854 2444
3122 1668
2050 2695
1091 2065
481 2179
2150 761
42 1488
377 8
1615 1036
440 1714
2399 1576
3837 2678
3775 2158
2084 2390
175 3235
3090 625
2668 3655
1310 2794
1136 3244
2324 451
108 2558
218 2529
1410 1157
2647 2929
3209 1717
905 3862
1046 2209
2902 1425
3542 693
856 2296
2998 2463
3910 3686
1232 3123
666 346
922 1712
1219 657
2944 2337
357 1586
2878 1957
1039 1755
695 2491
1313 2383
616 3490
2636 2596
15 3696
2680 1463
2951 56
361 295
1656 1389
3209 1055
1412 449
266 2847
239 2472
3504 405
1460 2276
3246 2100
167 3270
3086 1873
3494 3993
3944 1822
3569 2324
912 2283
3915 302
1047 1689
1640 3292
760 1261
870 564
658 598
2583 1526
1799 2406
694 647
1555 2395
2936 3582
1144 3553
105 2369
662 2868
79 3842
1517 2923
1975 276
2884 186
1559 371
1646 746
3288 3199
112 3746
886 3658
1981 750
1648 353
3407 1336
1376 2141
1580 2579
3205 2532
900 1480
3684 3067
2130 2092
3864 1793
2825 662
1853 3340
3341 961
3773 1602
1389 2743
3712 3118
1029 448
2219 3226
1463 593
3328 2056
3242 446
223 2960
1029 949
2495 1670
1583 80
382 2226
3147 3525
2884 3211
2085 2584
767 1433
1182 925
2631 2272
3951 1171
3003 3622
1461 3596
226 187
1710 143
3692 3117
2107 486
2969 1642
283 3325
1655 3719
2342 1496
1785 1272
1994 712
1202 1721
1715 3133
3676 1938
3881 2086
2718 3454
3993 1099
60 1480
1028 3317
1597 3748
3306 1008
586 3300
3643 3820
2642 899
1086 395
94 2345
1054 325
999 275
2344 3309
1882 3449
1363 3443
913 595
3324 1738
2103 2209
3783 941
90 1618
3095 745
3771 900
1456 608
43 171
1341 3005
419 1428
782 3278
2372 1836
3011 1662
636 3
1184 628
2720 2291
3677 411
3608 10
1514 3074
3434 1658
1838 1798
2172 2188
3255 3497
950 3601
1838 3032
3065 3580
3572 1952
3184 2297
3142 1435
2039 1797
165 12
3797 783
1028 2815
1098 1152
1448 876
1090 3814
2603 1678
1279 528
3254 318
2853 1293
3972 2846
1862 2034
1273 2620
3133 1016
1321 1454
3850 3234
3930 1327
3937 418
3137 2225
242 3358
229 1285
1587 540
524 3734
3637 433
798 2321
1404 3437
2125 990
346 3686
124 2904
1751 3796
3836 786
866 87
1162 2020
1227 1954
2781 3313
407 2805
1239 966
2180 2396
1260 2104
1830 2077
27 902
1270 3727
3697 1071
1788 2274
2045 2145
2434 1726
115 3099
671 1179
2656 1996
3372 3828
130 3942
1361 3871
1023 3173
919 1858
669 1047
2998 1894
2957 1115
519 486
806 2581
3139 2567
3130 545
1253 1057
2517 2467
3733 1549
2040 500
1771 2532
1610 2592
156 3965
1924 1915
1092 3465
3769 3108
2719 2745
2972 92
496 615
1035 2822
2310 487
1391 1914
3513 2402
1009 1149
3356 2220
1633 3924
2417 2899
744 236
1026 3958
3486 3800
1867 1706
1976 2400
311 3439
1127 3119
1860 2950
1342 1807
3322 1632
1966 1387
3517 1337
2594 1886
3185 3020
2248 2161
3537 2907
3049 2061
3186 360
1464 2842
2652 2856
264 2004
3109 1557
808 2043
1172 874
791 3453
2637 271
804 3446
861 3451
2937 3754
582 1863
1022 3315
19 2995
3581 2031
1832 3485
3955 3584
1114 1988
1971 107
1404 2492
3146 1231
3536 1744
3744 1487
3357 2227
748 3024
2851 790
3237 3662
512 383
1462 3069
374 3725
2977 2434
1761 1419
2884 607
3490 1421
1861 1568
2683 3940
77 3343
1970 197
3136 2355
3774 6
1752 2177
2648 1103
1072 2634
2222 3348
3490 1389
2152 2003
2734 1818
780 555
3779 3204
392 350
3069 1668
1323 2698
2858 2142
3616 463
523 3805
1198 2305
1242 1268
2294 3184
692 2534
1619 1524
3904 3450
2219 1088
2502 3285
3251 3923
878 587
1804 1310
1162 3074
760 1634
2702 2536
515 1532
492 1472
355 2596
980 1251
883 3105
2954 3374
3051 1713
1897 2942
533 2098
3475 1216
2171 3192
3496 1901
103 2977
734 1583
1965 1756
1507 3908
3978 1901
2753 1815
3362 2243
2421 2777
1896 2309
2081 680
270 1647
3335 757
1042 387
1360 2326
1361 1406
592 1301
1140 2875
1168 2096
3124 3096
895 1759
307 2017
1154 3368
3632 2410
2222 18
1654 2350
3929 1968
3141 1691
780 419
3068 1177
1413 2517
2497 2478
849 1559
1544 3891
1231 3385
2814 3529
2424 328
3056 3009
2119 412
329 1895
941 2012
301 371
1806 3031
260 2471
802 2918
2879 484
3255 915
1017 1309
2482 793
65 2144
345 1811
2973 3182
1663 3781
1720 1714
2822 1859
2960 1428
1329 1251
1139 3173
326 631
2339 3674
532 3544
1123 2455
3086 1419
1087 2501
767 2787
1972 2980
1678 2737
2445 2450
3538 2660
1281 296
1665 2487
1368 3498
521 1647
2593 2228
1875 2802
320 1104
662 153
3848 2093
2847 1515
555 546
2210 1501
3600 2632
1528 2959
1855 3201
2 2627
1530 6
3152 3766
1921 3201
724 1865
2952 2722
1698 2816
2059 3305
2340 1822
3077 706
66 3462
1443 1948
3950 589
462 3204
2639 2907
1387 2808
3496 2675
821 2788
1956 1907
3670 706
1315 3227
3331 737
281 1478
3658 280
3193 827
2360 69
3391 3038
3687 1872
3618 1730
513 3913
1412 1882
3625 2790
1377 2617
81 3460
2035 132
2078 3102
1679 3880
698 851
2070 2985
2598 715
1617 451
3106 1164
1062 3943
3650 217
2967 3168
1864 922
897 1573
2919 3727
600 2391
240 3946
75 699
2019 2106
2914 2156
1344 2806
704 2069
1393 1823
1283 2847
1400 2104
2328 2521
1054 3943
3013 283
1206 3369
1680 1754
516 3079
3869 834
3832 840
2758 3586
1616 557
800 944
910 1919
2816 2369
2069 1495
2218 373
3315 2704
2252 3583
142 1620
241 1356
3210 3455
987 171
2905 686
1797 1606
456 167
2079 1668
844 3225
1215 881
1112 1256
775 1685
2903 3373
500 112
2068 1567
3261 2068
2361 3615
1429 428
265 2407
1823 3936
1043 2510
974 3334
2521 1568
129 2629
1750 1988
706 2560
115 2085
957 925
2053 2871
1862 3530
3551 71
2375 1907
3726 796
2937 998
710 1858
3344 3743
1465 3837
442 2127
1942 2555
3775 2309
2664 3188
58 3401
1703 2842
135 2546
1547 1189
2779 449
2346 3662
3742 2666
475 1623
3297 151
285 2586
1869 3314
332 1323
2565 68
3621 1061
1492 2376
135 571
1939 1849
842 2131
1984 374
653 475
383 58
1663 152
1197 592
2498 487
1378 3487
2055 2269
3587 1750
8 3163
1973 1892
3144 3450
2860 1593
3283 3472
640 1447
98 3664
3849 3246
2430 2848
2301 3878
1285 2651
2920 2154
1265 1407
1161 3735
334 3622
831 434
2830 2939
3521 1956
595 1679
2493 741
427 3928
2623 520
1876 41
1099 1497
3822 1369
1822 3638
2424 3054
1393 3089
1558 3368
2136 1982
2366 1058
3174 2452
3927 1074
1510 2570
1939 1432
2349 3957
1691 3782
1427 1957
3347 742
3620 2008
911 1546
3554 144
1041 1810
450 2793
2118 3621
3628 943
1637 2620
3273 1865
2558 519
2939 1040
3116 3776
1499 1696
1054 1304
3386 3273
3280 1033
2348 1328
2696 1003
978 240
1438 2799
2862 3935
1805 2699
2676 3497
3174 3023
1202 684
3414 1962
2902 2610
3515 2196
2429 1964
2216 1830
1570 2799
2785 39
1473 1335
2471 910
70 1753
3237 1565
3514 2036
2601 3426
3923 2132
3090 2716
324 3533
2226 752
3096 204
2256 1207
3831 122
2677 3624
517 2746
3345 2178
3104 3428
1720 368
3854 979
2975 2479
3227 450
3678 3851
1267 3423
447 3272
3912 3349
3873 2736
21 1459
188 2136
1294 3356
3218 2411
3345 2213
2156 375
2465 1067
413 2300
2656 3327
1454 3321
1521 621
1838 2798
3035 2559
3561 1038
2752 2546
1025 3838
1726 13
1891 3887
2795 1208
707 2709
2634 3956
429 3883
3037 999
1923 2446
249 1419
2299 2285
1264 2366
1917 2041
1006 3841
655 2485
718 3677
553 1086
2168 1705
629 2906
2834 2774
2295 2210
3725 2810
535 2859
3060 2454
2800 2045
3253 292
1319 1478
3077 3951
723 1913
459 220
1551 763
2127 819
2138 332
2648 1213
1790 3729
1503 1545
3174 2649
1131 3977
1277 1908
1999 1370
1674 2099
2594 3630
287 2248
3135 3157
2132 3253
544 3599
1307 649
3066 1717
1527 3940
511 1692
576 2239
2757 1060
814 312
4 304
1794 3976
1720 3844
1202 1615
2255 2923
1746 279
2702 1903
164 3391
877 2455
3548 2014
134 1694
3471 2178
2016 2881
3524 3710
3339 2719
1327 3039
969 3045
1332 1977
2481 1681
1953 1177
3432 2747
2438 113
668 424
2747 3409
755 2482
3589 3352
2900 1731
1350 1693
3982 233
3367 188
633 3114
510 2116
1532 1627
1142 1289
2508 3316
3338 2243
1943 410
2325 660
1896 1358
973 2703
3960 2020
2638 1913
50 2419
2531 1695
1240 1083
501 258
3445 3826
1080 507
2026 215
146 2095
972 3162
3406 746
2420 1715
743 2503
1701 2988
298 3630
697 1903
3719 747
3260 2331
2425 2645
499 3613
2177 3606
2192 2280
2841 2734
2419 3884
3633 1605
2261 1944
584 2871
694 2575
721 684
3665 272
2029 3610
1084 1013
1605 975
197 3098
2932 1244
2505 2498
3694 849
677 652
3623 3373
419 742
3193 3672
2418 1122
1110 1140
577 309
2700 3416
2018 1106
2554 3739
816 2060
3947 785
2056 2215
1595 1969
522 1418
505 2268
2828 2120
3863 2353
1355 2392
3251 3578
743 822
2357 1236
971 2869
2036 3996
2268 3984
2034 2719
2605 1112
1885 3187
1036 1631
544 3736
3346 706
3656 1101
1485 1284
3302 354
1807 3378
2007 908
3721 1482
2712 2586
184 3378
3508 1991
396 141
3092 3266
128 1911
1590 1603
3239 1840
1300 2461
2488 116
1531 2190
2874 152
753 1904
1160 2004
3744 206
1306 709
2869 3248
3305 1479
2930 937
2117 2559
3835 568
133 899
1111 1490
179 568
252 2393
699 729
769 537
1950 3255
2882 1237
2328 2355
563 524
1849 2728
3164 2359
1451 397
3806 224
2011 69
1173 2963
3405 1966
3863 2275
393 3917
3912 1255
1435 3678
435 554
3228 1521
2378 2760
1206 1588
876 864
564 3720
2679 1064
3160 3501
2277 3082
3229 3152
553 1579
3333 2405
461 1823
1145 3434
145 3876
2932 3829
1066 3095
3985 1104
317 3954
892 2803
861 3865
638 1042
203 2386
1470 1708
306 1210
3145 3104
2103 1562
3996 1372
1916 1802
2688 1016
151 2141
2161 992
758 3758
1614 1169
3766 487
2237 2354
472 544
99 3318
1241 2371
1706 2824
1665 1340
1344 318
1379 2209
620 2471
1129 2082
210 2284
1871 2009
3702 733
415 765
2572 1403
2520 681
2023 2096
432 1706
854 2910
2206 2462
430 3615
2640 3953
1141 2335
2423 1921
726 2083
2407 1070
3707 168
3773 3696
1401 1173
1949 2352
2977 1711
3533 254
848 992
2042 3718
1513 1535
1749 3321
3861 1260
3 1116
662 3466
2547 952
169 419
3509 1150
996 409
859 3609
2139 1077
2548 443
2003 1333
1953 1332
2834 2169
3831 2993
3442 2541
3426 329
532 403
544 619
1688 3931
2959 2283
1002 1900
1531 2380
2235 2548
700 631
3008 3665
2096 338
2415 1699
310 1718
3821 1648
2995 1678
448 2247
1834 1775
2224 3792
1578 2516
2296 1981
931 209
2611 2244
3070 1493
3064 330
2889 2855
1614 2680
497 2328
2167 3176
3704 3446
1397 1522
862 3484
3418 130
1885 2573
2459 100
3759 3177
2588 425
3562 523
178 829
1843 2581
1159 1801
3399 1507
219 98
1259 3404
2337 1328
3159 1600
782 2700
1626 152
3144 3948
3871 2409
1572 2435
1300 1312
964 993
1035 3434
3410 714
1949 1278
1474 3276
3740 622
1383 1025
2350 3502
911 3748
2576 1710
2803 2154
3588 2209
1197 3353
482 877
185 3250
2140 119
3280 3256
3885 3482
2759 1048
3042 1417
417 2924
112 2620
3742 2185
4000 1060
2831 1217
1377 349
1594 3389
2442 2057
3964 3337
740 1959
985 185
429 1708
3937 3150
1574 2496
2689 134
1080 575
2438 3683
3816 1436
3980 1870
1130 2016
3390 2065
2550 3009
3220 3985
1010 1526
2755 3755
147 1835
948 3627
2740 3959
3848 1352
2398 1773
2677 1757
738 3059
1399 1788
3360 1891
2630 124
206 3859
2626 190
2785 3427
1881 3097
1105 247
49 3895
409 1034
117 3670
1869 630
2260 3882
3637 2564
1774 2270
3171 2646
64 3935
370 1457
25 2042
880 3818
3581 1178
1090 2312
2316 3183
2916 1305
1597 376
3236 80
1893 1636
3970 1223
1209 1073
672 3633
2640 1926
3294 1558
1724 1824
1063 1342
1906 1202
2005 2968
738 3410
2422 1539
2006 82
896 235
186 3949
849 3274
3440 1040
2582 1759
1454 92
2778 1303
1536 1460
1983 1887
1672 3959
172 2088
450 3505
1069 259
643 1052
2985 2421
3100 328
754 2124
1828 1325
817 340
1403 3081
2252 827
1824 2004
1915 728
1902 2928
1782 3436
3488 2115
2279 2984
526 96
773 2818
549 810
1815 3852
1278 3814
4 3425
3648 3361
2374 3408
250 2288
2515 1879
1578 197
1212 1339
2559 986
542 2478
977 2865
3267 1390
1338 319
3228 3088
1931 568
947 3001
2746 2771
825 256
652 2354
465 1939
1951 3566
2321 168
1694 494
2856 235
2889 2659
136 2307
1391 3952
310 3482
947 1385
2126 2162
3243 2612
1272 2142
463 2225
1053 3544
3191 3433
2754 2794
2800 1212
3481 3885
175 1255
3327 2607
1216 2153
2983 3287
536 2739
819 2048
137 2450
587 426
2876 3881
2727 889
2536 2778
12 2112
1382 1565
3374 741
2987 1060
1417 224
1037 647
2898 3576
2582 2220
1447 353
2253 418
2024 3034
1297 36
1827 1541
1059 2581
3526 2302
2919 294
3991 3663
793 47
1737 605
196 3116
3051 2494
2817 2443
3974 407
619 2411
3647 468
1380 3768
475 1836
3738 705
3429 1275
3590 3794
1874 2859
1632 3366
1766 1156
2926 1095
3080 2772
1259 3892
2701 77
2665 3128
592 2214
1610 641
1437 1723
924 2833
1407 746
515 2796
3711 363
753 472
3940 3207
3685 3315
3632 1601
610 66
3609 402
3470 1940
3828 3493
63 2227
1713 2342
877 617
765 357
1591 3185
1346 889
3915 3726
2408 2105
1249 3363
2107 3813
224 2003
797 2186
2183 3591
438 3879
3067 3403
2015 2062
3093 327
1991 1650
756 1132
1433 1010
2667 1280
1779 2937
1089 705
194 2119
2208 3432
1847 3211
3829 856
1043 2203
3894 1015
2783 3875
3248 249
439 433
781 2662
1803 2265
3520 2933
647 820
1851 2791
3256 3209
2602 2899
1446 424
2533 991
3706 924
3225 3043
2009 3110
1027 234
2740 1653
1866 1249
2497 3284
2103 1423
3509 2403
3640 2919
2565 455
2515 1831
1160 3087
130 2764
45 2697
157 3886
642 3764
3779 2652
3056 934
1399 1259
3628 1902
2941 973
2021 2832
3005 483
2969 3739
138 608
3328 2111
3131 1651
3001 1167
387 1319
644 1462
3289 2499
1004 2009
2872 866
1224 1184
3933 2742
2131 3853
123 1048
2108 3506
2311 1613
3245 1643
1796 3915
19 2759
1405 2332
2845 3603
2754 3963
3528 1305
1811 330
2292 1199
388 2974
2107 3113
2576 1639
184 1529
3860 2929
1005 2530
2415 2038
3826 504
1267 966
795 589
2133 2113
2267 3244
2428 3362
3535 1793
2474 2945
1237 1444
3721 2300
1757 2915
463 352
3521 2574
675 1806
148 3200
1211 1012
3263 436
1323 2869
2150 3047
2276 3512
1993 2223
3574 3512
1364 792
1402 1385
3714 870
3552 2820
3613 1628
1494 441
2341 619
2293 3232
545 3286
2997 3438
1917 2637
929 2988
3376 3651
211 1754
2187 1891
1638 2148
2938 155
1095 2422
3467 3814
2867 3803
890 888
1344 1598
3635 2986
1756 1601
1115 699
1430 3533
712 1072
1936 2222
980 3114
3792 1534
1716 2233
1100 283
2114 2284
2629 1859
1557 3900
3527 506
3411 1143
1934 2994
1865 274
900 658
565 1548
3405 2239
3997 3601
1852 3407
2657 875
3855 735
2170 2360
1353 2009
701 3500
2701 976
2330 3464
3350 477
1243 1470
1244 2352
486 3918
3569 3134
2088 733
1520 2372
1813 3983
2868 1817
3093 585
1355 494
240 1918
2570 2333
3800 3276
3022 3934
2838 3487
495 1827
1347 3709
2375 1955
3523 1660
1629 1684
1388 1641
881 1479
3340 2342
1787 1079
1326 2417
2435 2346
3740 1497
1569 1037
2127 1768
1381 1488
2369 2331
212 2382
488 2850
2008 221
22 705
936 1572
3368 2010
3672 2072
3224 1669
3808 3531
3375 2105
758 1133
1902 991
557 945
3715 1915
2904 17
1220 3557
3762 3766
2922 1225
1208 1119
1370 3676
1057 2448
3441 2223
3475 2245
3843 336
400 3324
3449 3952
2819 3580
3720 2495
1227 152
2943 2029
3478 3316
3893 3898
753 1813
3700 469
1626 1409
2751 682
3015 620
549 681
3258 2240
3785 3850
979 2226
1698 3694
594 3710
1893 2678
3977 281
1271 691
599 315
2754 3279
1725 1523
2951 1360
529 3544
899 552
1671 2218
165 1890
758 1311
1581 3709
66 3666
1900 727
3395 201
3929 2067
1924 1542
1723 793
3780 1418
2838 944
2378 1436
3652 2149
2057 1660
3581 734
284 1892
3630 257
3935 3967
3384 3877
3343 1263
2344 720
202 306
2650 2366
767 2335
2902 364
3686 2048
3240 78
340 2188
3492 1295
1947 862
3244 907
2181 1500
3435 1100
579 3472
3442 1825
2317 256
193 1674
3347 95
2258 884
1347 3527
3181 3488
438 1082
58 1210
2091 3460
1727 3807
3796 3117
1741 448
3459 1864
2077 432
2587 1618
714 3840
1196 2089
172 1302
2935 75
1908 3999
3876 971
3927 2261
3192 1920
3954 1682
1279 3668
2034 2460
2419 989
107 1975
3611 447
2970 3538
124 193
2080 743
1670 840
15 90
1134 3992
3109 2941
2315 1967
524 1772
393 641
1676 637
2497 2809
838 1604
3354 1052
782 1985
2305 2162
3972 891
3381 1281
708 1509
2385 368
724 3795
1369 1299
1264 3756
3909 3649
253 3753
710 1065
2923 1238
669 2128
3545 3947
2022 3077
3006 3743
959 546
1859 1204
1207 2821
231 857
1099 1247
2388 807
2359 3659
2958 2034
3248 1466
1574 3109
1281 3579
3740 2143
1883 2354
1436 3169
1951 3019
2012 227
3405 3463
957 3853
1901 3790
3588 412
2316 2254
150 749
711 294
773 1365
3036 3264
1683 1793
1316 1973
3262 2014
3121 655
438 535
1957 713
303 2541
3761 529
2230 2873
709 2321
1676 3737
3905 1125
2047 3574
1418 521
1307 104
3149 3350
3109 3282
707 2474
514 1583
2789 652
3483 2699
701 695
2388 702
3364 3277
3469 1475
2236 3698
813 2964
3008 2939
3326 1213
960 1692
1118 2926
1089 83
1767 1997
1604 1527
101 425
973 71
1820 128
2888 2299
833 3352
225 712
3368 2102
85 1734
3575 45
3756 1088
3392 206
3114 2315
2291 928
3594 501
507 120
2863 1344
2784 2772
3516 3448
1748 502
3084 1898
2263 1876
1841 1423
2460 138
2611 3178
3006 2287
1031 2750
1188 3189
3036 2454
1266 2167
1824 3232
1784 1653
84 3518
3128 2308
2355 1889
2959 1255
3468 3496
3649 843
3196 3654
1440 2393
3757 2522
1953 1289
3921 735
894 719
2516 2681
759 632
3022 3327
737 978
3313 2205
3546 1748
3571 3256
1526 1597
3234 221
3271 1683
3573 405
915 2764
150 2516
891 3736
142 3501
2279 727
1799 3963
2251 2628
1367 2828
2653 3775
173 2481
2786 423
1052 1093
783 3663
2691 1375
3234 1010
1276 3547
3603 2468
2985 314
551 3853
1217 140
883 3202
3558 3071
3760 682
3510 58
3117 3965
2264 485
2842 2886
353 961
959 1475
3913 3691
503 466
3210 102
2897 1025
332 3763
2339 1245
3702 100
3834 234
3530 1899
1124 983
659 2325
1940 2122
2134 3723
2662 2122
2004 447
2368 3101
472 2604
1809 3646
2262 1657
2824 216
855 544
1993 3642
390 1717
1335 375
1985 1179
1838 213
2087 821
73 2402
3987 2258
2589 2634
2222 735
951 2138
3158 2343
1863 2859
1692 2412
3199 247
1458 3222
2739 805
3636 2749
1240 3747
1505 2340
1153 1428
1290 2435
2556 487
3545 412
2538 997
58 1855
951 2925
2929 1563
3990 2447
3465 1667
293 2807
3622 627
255 2413
3957 953
253 2438
3789 2026
2133 613
3960 3598
719 3150
841 116
396 3474
470 3041
1954 124
535 2750
2982 1503
2643 1161
1002 553
2621 3759
3568 2965
516 254
2864 1397
2303 789
3714 3926
3661 2531
1590 1522
1821 2204
674 1915
914 3934
2360 962
2183 2632
3801 3691
2514 3959
2299 2750
3576 3567
808 3233
3148 295
967 786
2950 1351
1557 2584
119 794
2717 724
1640 2306
381 1650
597 3706
2738 3929
1944 3773
2424 1837
2720 3718
2990 821
3154 1969
3072 302
2927 760
814 2382
3897 30
1701 883
2046 1439
4000 661
2179 1533
3844 2212
440 940
1781 3048
603 2062
3472 1566
1396 3107
1450 1159
189 2190
2415 121
921 1146
3317 233
2066 1828
876 2561
1104 2210
2289 1863
1888 2156
3731 1231
3667 3149
2274 142
3312 3192
2432 2913
566 282
2428 1114
791 2220
1611 1776
238 847
1996 1746
2708 1274
2540 2783
1794 1846
3902 3710
596 2604
3977 809
3165 2687
3214 1516
3777 3016
125 2194
3800 1044
1883 3298
1948 1551
1573 1424
3595 188
3603 3275
2419 1286
3960 122
48 1831
3737 1693
2964 2028
2539 1036
1897 280
1678 3657
2156 74
2436 1717
1239 2854
403 828
3460 602
3839 1852
345 2893
939 3747
3758 662
2267 2450
2048 3394
1488 1666
20 252
2469 2712
342 351
86 1816
879 3324
396 2051
3075 3052
997 1619
2466 1621
1389 3259
2985 1446
1043 2693
717 2486
3491 226
829 3033
2883 3367
2622 429
3307 3625
2490 2947
2945 2372
1981 2814
1961 1517
2165 1690
2742 1715
1252 940
2260 1147
2557 674
3382 722
42 3187
3556 955
3384 1096
823 1372
1358 185
1679 2816
3567 3697
740 543
1185 611
1097 1513
2745 3428
2070 2591
3952 2767
3379 1636
696 2357
1126 3053
3917 824
1253 1222
658 3253
1388 387
1301 1271
91 408
3805 3277
1228 1296
479 242
277 1037
371 462
1585 2978
1676 32
569 3922
904 3787
2343 2940
3228 1284
1692 2178
2480 1239
3899 3649
2890 3705
525 3687
2606 2469
380 3947
2233 2231
2791 714
2446 1411
1582 3103
1203 900
384 547
855 2416
1522 774
956 357
231 3830
3700 2951
3647 2083
63 2486
3044 3157
1200 3402
3137 3260
3178 860
3194 883
1559 109
1165 2113
2439 1481
1108 1317
496 2036
3858 1019
3681 2355
2831 3014
503 3216
1753 3722
3733 1804
1120 498
2765 3943
2432 1679
261 3274
1508 2437
3043 1356
3460 2861
3430 2963
688 3232
1155 626
2200 1098
3529 1830
3336 820
3549 2924
1076 2176
1073 1653
923 1998
2752 1989
72 811
1018 621
2864 1554
538 1877
1765 2427
3271 3277
3716 565
216 2760
2415 1386
341 3624
1978 1094
2186 1292
3254 1548
975 2917
2690 3130
612 3090
3636 3580
665 1007
2781 430
2655 2205
2010 2739
597 3793
3173 1232
2298 136
470 3575
526 1366
156 1781
3612 1450
670 3049
3219 2437
158 1131
1056 2581
2412 2046
1751 326
1343 74
3232 651
2368 243
2007 1545
333 3672
2223 1387
2624 2289
1780 1126
3731 2661
1912 3204
2086 3857
1707 2367
1978 463
1808 2015
634 3355
480 2532
2776 3492
3826 1443
3981 1803
2589 738
2640 3141
1290 3868
3425 3607
3197 3889
1524 40
2588 3885
2089 1489
2242 932
1223 1814
2730 3803
934 1685
3039 3268
3560 3566
1759 3705
1521 2635
311 1925
656 483
3025 2948
3761 1877
1856 2727
3387 2019
1995 1318
3416 2549
3125 1785
1576 476
2686 1937
3043 1112
3119 2408
2299 3271
1192 1691
2887 1645
2614 3533
1085 510
906 2705
3274 3741
3926 772
2713 1790
3096 2334
3913 140
1780 2708
1492 1982
3987 49
674 3553
570 1204
2509 2121
3701 556
2216 1544
1168 3420
3595 1913
3026 3291
2141 412
3439 378
3752 43
2407 2488
2955 131
1687 2873
1291 645
1257 3626
77 1175
689 3119
3292 2840
2638 29
1118 2054
2367 3812
2707 774
3849 1833
2509 704
2912 929
2189 3543
191 3674
2636 593
2627 444
2524 594
1870 586
3088 1554
875 2156
3070 3942
308 272
1826 459
2563 3784
2302 2291
520 2951
489 1883
856 548
1994 935
2780 3484
1961 3179
1460 149
2076 1762
3541 1384
3028 954
1748 1182
3724 1402
2425 465
3037 745
166 3456
2210 2463
2829 2001
3507 1577
3536 611
791 1946
297 3319
3656 1320
601 3703
1670 918
1701 3576
3122 350
2428 976
3112 3709
399 3265
824 859
1459 2501
2451 1695
263 1642
1538 3321
3132 1618
958 2770
2019 705
1315 948
792 3680
3902 2714
1760 1761
1915 3252
1269 2792
1485 3660
2064 1643
3156 1289
3988 1673
2569 2135
2716 2413
1190 506
3049 1964
3200 830
789 1794
2681 273
1558 3212
494 88
2000 923
3526 1117
3372 777
1743 672
3776 2319
2608 3753
2725 3126
3732 2670
163 2526
2181 796
2251 1083
3239 2602
1654 3950
987 1719
1277 3188
135 420
263 3096
3201 55
177 91
2619 2452
440 127
3531 3570
3637 2598
3485 121
3355 2723
215 1930
2613 3504
563 2363
1137 955
3389 201
1766 423
683 1116
3945 3825
2837 2036
3749 3680
3624 3952
2723 2412
3483 2393
1543 2018
1375 2308
771 2899
1712 2231
3914 3464
3003 1635
1791 1598
2422 2012
292 3520
3893 3641
2154 3698
1314 10
3671 295
6 2535
2229 1645
369 3160
2290 2026
159 2469
3550 1149
1973 1214
3866 581
2322 1998
3808 1518
1942 2123
2491 3830
3999 3931
2850 2098
1357 2067
2414 1809
1411 1063
2579 161
3029 3550
3199 1134
1937 2749
1005 3140
44 3429
780 1472
3078 3511
1781 2404
167 460
477 473
2656 3873
1224 416
1018 291
3597 3064
3427 205
3438 1916
1584 3496
2971 3802
3911 2018
3371 3847
1990 1752
1263 2481
1778 207
1904 2696
3166 826
3540 1071
2352 1056
2985 2775
3983 1067
1096 3701
3198 1957
2319 838
2270 834
3294 1550
703 1246
1540 3598
3111 3641
2740 815
3651 1766
3843 3206
3017 1536
3995 1782
2132 414
1137 1301
2294 3186
2359 3071
1284 3343
1392 1124
1685 2937
2746 3864
2073 1125
3259 460
903 1240
2081 3563
2782 640
3791 995
969 2475
1603 3417
800 3247
1790 550
1684 1061
1098 991
3208 1028
1405 1066
1193 371
1350 2692
1560 2173
3223 1777
1079 1736
2525 634
2461 2144
491 1105
2280 2813
3262 2618
372 2295
2251 1138
3861 3121
1052 1304
1674 1888
1635 2397
2992 3604
2636 3579
2114 3673
411 2814
1682 323
3119 1652
560 2360
636 3804
1258 3238
494 53
3660 2027
3619 3002
3713 1938
1490 836
2476 1524
2262 285
748 389
1563 2577
454 769
1599 2192
2265 710
177 615
1775 2754
1775 1922
1896 1943
3424 2651
1647 1827
2427 2421
2383 1495
2470 3188
869 3751
3822 736
2380 769
2741 2365
3015 668
1553 1754
3336 946
3350 222
2769 1201
3817 2288
1434 29
1427 3845
1525 2221
2729 3719
562 1318
2058 321
1183 2247
114 1217
1951 255
812 2116
2061 3175
150 3730
1758 1503
2916 2148
266 1156
2646 2787
3012 3147
1102 1614
1525 1609
2815 835
952 1988
1206 3841
1588 2917
106 2120
1431 1797
246 1451
3097 3101
3623 3451
3646 1736
1722 2396
1167 847
3570 1941
1240 3375
2721 719
1187 3489
2241 1929
128 1110
3782 1146
3941 2212
2543 2764
858 626
2268 3334
2264 2089
206 708
256 1953
292 2399
3203 2520
954 1838
1038 2761
1716 1710
679 424
873 3258
1061 3
2507 3602
3764 3129
1152 214
1610 3951
1133 2994
3168 244
1620 2521
3020 3559
3316 3291
1926 2137
2792 3721
490 1815
571 591
1232 2861
2466 3067
3718 657
2491 814
619 2804
3869 2682
1025 2811
1371 3520
503 1699
450 2391
3708 792
2166 1154
3702 2922
2444 3437
170 393
1291 2870
1266 3396
3184 3967
972 54
3902 1935
993 806
1974 3976
3868 445
2075 2166
3872 1368
2526 239
3120 737
3752 111
2601 3048
3333 827
139 1358
1293 7
431 734
2197 775
2844 3570
1142 603
3953 334
3784 3945
1026 746
542 3568
2165 1720
571 1762
3617 2554
2896 3495
2954 1594
1390 35
303 1820
1576 990
1778 1690
2427 2320
3400 3592
2813 2185
3806 428
1854 831
1352 3884
587 3448
3140 1859
912 2545
2572 887
1927 3802
3380 2843
3101 858
2095 3097
2303 1700
3767 3194
3151 2637
1469 2695
2566 1691
1057 1190
1211 869
1512 2629
890 2538
1956 583
928 3249
697 306
1945 800
1006 3614
183 444
3306 1360
2966 85
2432 3335
1709 3185
3493 396
2459 381
802 2175
2801 116
3281 2056
3245 384
2282 3170
536 2123
2127 557
2748 3919
122 1950
2130 2039
1664 3304
1234 833
1011 1585
2776 428
727 3737
1169 2546
1629 3409
246 3924
3601 2379
366 1357
3057 2650
2139 2098
799 2449
503 1312
1564 2047
3319 2512
1354 3448
1428 2938
1223 664
1745 2270
3087 3213
1603 3795
3188 1881
843 505
2571 1059
2978 3672
14 1873
3083 3476
2616 3581
3756 1309
3003 692
1250 2769
3975 3068
1726 799
614 2312
2379 1170
2865 2685
126 454
2330 3350
2699 18
3755 1974
509 2122
2908 781
2069 2174
852 282
3371 1529
392 2718
686 239
2956 2700
1406 1515
3064 2246
60 2781
2323 2560
598 2381
990 3138
3412 946
389 2672
3094 3850
3106 1401
3225 3291
1228 2287
846 3318
1589 1466
963 605
1607 1330
601 1875
1814 3814
2378 1773
850 3903
1221 559
1542 1537
33 2595
163 2351
1786 1593
2564 2993
788 3750
2903 136
957 2
2392 1985
1024 2592
1205 873
867 2468
2235 3526
3994 246
2766 1452
449 2363
135 2916
3565 3585
1033 3406
1112 3011
841 3414
2502 1006
3679 3431
999 3986
457 1723
2949 1997
3401 725
3820 3454
1577 1689
3695 3128
657 2706
422 1097
1865 2798
2922 2519
575 1816
1123 994
211 2711
2849 337
1313 1109
3642 3634
1308 2429
667 3695
2113 3701
2017 3925
250 675
3308 73
2140 3798
1898 3147
394 33
27 302
3 996
3799 300
3682 371
2788 1394
1769 3697
1596 2172
2635 2625
509 3500
252 1707
463 3263
2537 860
2658 3146
3563 3320
3933 3361
3146 3422
1128 3246
3538 905
953 2165
339 1726
67 2409
1134 3987
1657 2030
3557 2518
1326 2389
1209 1186
3879 3928
400 3704
2996 2865
3940 3822
2885 3940
2973 1316
132 30
3728 3184
1812 2002
2807 3869
3146 1625
3305 391
2580 1091
356 3826
2278 2447
1420 93
1911 24
3631 559
1015 323
1405 1155
1949 624
3457 1762
1875 246
3365 303
275 3085
1351 1909
2644 1969
2924 863
226 307
305 2111
2670 704
2846 1433
968 927
2233 3585
3461 604
348 3658
2129 3915
2546 441
93 1071
2768 2410
1733 453
2196 1677
560 3780
3668 3377
2828 778
678 3582
2519 3846
3301 2849
2172 1912
766 1507
1675 2313
399 3133
2464 988
3098 394
3828 89
3691 2006
2687 3853
3772 1531
621 2315
3172 2931
3008 218
3619 2065
3028 2163
2484 1608
1444 1667
406 2000
2709 385
2976 1366
783 114
2411 3825
2586 3180
3363 2076
2232 3100
920 2763
1484 3842
2448 1212
3815 39
1021 1571
3827 3447
3673 2945
367 458
3824 3887
2762 2679
1129 3941
873 1233
1280 62
3625 3778
3134 3094
2203 1275
3955 663
3210 1154
3359 2154
2935 1170
2586 573
3115 1588
2868 2812
3257 1257
1424 2667
101 2513
639 334
2049 981
2216 3195
3073 3442
2394 1028
1841 3674
799 819
3849 1653
25 1334
2973 2770
1747 1484
1298 609
237 1245
404 2565
154 2914
2384 653
3732 761
3367 1519
2724 1049
750 2101
295 2947
919 1248
2440 3560
1368 2039
3141 2286
2379 923
564 2662
2148 609
8 1298
801 903
347 81
1014 2313
3421 612
1108 2147
2590 3191
636 1933
3609 1004
3756 882
1134 478
3938 3761
2604 2632
2857 223
2126 1376
1514 3690
2654 112
1443 1909
2059 1630
22 3959
565 38
1941 3566
1413 2275
3927 1960
3543 3636
1284 1410
1015 824
1660 3333
1829 3671
810 1566
3922 514
1150 1027
2839 670
1433 2431
2443 126
359 1767
1686 3638
2456 3361
377 1530
2583 1612
2708 606
2318 613
1819 3911
2250 3549
2657 192
3446 3062
2191 629
900 3080
825 1163
1019 3577
2702 1331
3857 3040
1242 1800
3174 1743
336 1229
230 970
2194 3902
1149 1664
2007 562
3920 2067
471 3906
680 97
1552 1988
3985 47
1764 1356
3451 2997
1030 3282
580 3742
574 3112
2200 2504
3119 1344
45 2749
110 3480
2301 3416
2683 347
2711 2887
1838 1770
474 484
1359 1891
179 1188
3639 453
2090 3329
3396 3349
965 560
19 3761
3688 3908
3414 903
3969 813
803 2003
629 1349
1076 3412
1110 3061
3383 3315
2669 152
2500 3597
1617 1073
3792 1174
728 866
534 3220
2238 1589
2983 1542
782 1456
1218 293
2059 2967
2724 1065
2689 1440
2135 2001
3944 186
1408 2894
3285 1739
335 3375
1512 1365
1059 2240
3462 928
567 897
3092 2044
3290 2167
3869 384
120 2154
2260 2210
367 2093
3801 3892
538 2493
268 2704
3539 185
3392 3285
3919 316
1235 1439
3887 3593
3010 1640
3238 2144
3577 1105
794 3303
704 34
2821 2573
1036 864
3940 276
2939 3349
1449 2931
2892 3356
1980 672
2213 1827
583 3000
2227 3129
2783 1575
3555 1572
2773 922
92 2578
2568 527
51 3342
1890 3607
933 3941
3809 106
267 2984
908 299
1140 2063
1971 1735
1868 678
2074 3018
2884 2215
3423 3603
3679 2237
3770 2534
28 554
3333 2497
10 2920
2690 1987
3760 1789
2786 3300
3896 2090
619 3295
3751 1031
3606 534
3367 1166
3888 1295
2053 2715
1135 653
2639 541
2523 736
1830 3653
3650 343
491 11
1844 128
2682 2527
2097 1573
1362 3284
1428 1705
331 616
176 3018
3458 3041
1493 2532
464 2156
800 2957
3678 825
1573 2942
199 3935
3778 2912
3799 3788
1581 2901
3242 3887
3354 1274
1281 1408
3555 617
1733 1374
1020 64
2221 219
3845 1029
1675 975
2252 2589
1132 3233
1952 1515
3374 1120
612 174
3922 2024
3587 198
590 1035
3102 2507
1901 1230
271 1470
3074 410
3617 3786
