4000
3999
1966 3907
2779 2266
2350 2491
3720 1660
3919 1019
2199 1266
1786 2715
1910 1448
2660 3327
912 1605
1023 3184
2939 3185
1903 2886
3788 112
255 3026
3888 3433
1919 3416
2196 2947
3079 719
1061 1805
2708 474
2929 2582
2235 2976
518 885
836 2510
1904 137
3719 1649
3195 1376
443 1039
763 3947
2763 369
2949 1731
2309 3968
3769 1638
1483 1671
1009 3343
1553 1890
1166 554
2339 2491
1733 2324
1488 838
276 1635
28 3649
2828 648
3798 1772
3672 2506
3166 3388
3771 2234
2371 3425
1815 2740
3046 2997
591 2644
1119 625
3864 225
1580 105
947 3193
755 2041
1832 2512
2833 3865
3376 2855
92 3180
2425 3883
2613 2388
1896 2245
3491 2903
2133 609
2752 68
934 366
3225 9
2571 2494
3795 259
3500 1724
2285 2375
1990 2294
2940 2496
565 1185
2775 1631
1739 2130
2761 3302
3429 249
1383 2125
589 2038
1029 2753
35 2070
3845 1830
984 2652
1163 3180
2913 1040
3329 3567
1580 903
2198 908
3301 3332
640 2300
1343 2634
3771 1220
2593 3233
1289 2837
2898 2271
3909 837
3840 2360
496 3159
2394 1042
2470 2289
1308 2689
1698 366
324 175
2707 2191
3479 3324
585 470
2140 3859
1901 3410
1855 3199
1272 2932
618 2153
1574 2963
2051 555
1 2297
839 441
3832 3186
2615 2325
2519 2893
1982 142
1186 2157
133 311
3582 3649
3104 1996
3285 3523
2357 2158
3078 1779
3957 2310
904 2213
2983 6
1125 460
2219 3312
3250 859
1151 2246
3014 1770
3869 2841
3857 150
2148 1445
1698 3277
323 616
1309 3766
3091 2022
2381 332
461 826
394 1521
2839 3870
3643 2460
3034 1276
747 2595
3288 2496
3672 313
916 1730
711 3647
1899 555
1663 1442
2992 1200
1406 16
3109 1201
1851 2842
943 1432
1316 2877
675 1883
1974 1589
2505 2131
2771 578
3175 1615
3282 1537
807 3760
2647 450
2230 1983
187 762
1257 3901
2907 2257
1937 1755
2179 3207
969 2725
2072 817
2123 1603
2984 165
2805 775
955 994
1216 3239
3659 521
1343 1562
3902 3793
3061 3932
2502 1860
1692 1483
3450 2849
1338 1895
2879 3166
475 914
3363 1652
910 646
3026 2741
782 829
2543 3921
1089 2938
2709 544
739 2078
686 2392
3984 1930
1568 3123
3033 3113
919 3819
1578 2834
2504 823
1684 2287
203 2326
266 205
1960 1548
2556 1109
2547 230
2477 685
725 1436
2252 1835
788 2274
614 3922
3921 2286
1392 3172
270 3766
3956 991
419 3354
1861 1727
2783 41
1964 1819
3405 2179
26 283
3477 806
1161 2174
2113 1151
2095 1863
1076 1512
3410 1510
3830 3069
2037 3575
3874 2680
2439 351
354 294
1955 10
733 2030
544 1883
2513 3156
1245 1421
1754 244
3734 3446
1848 1530
1260 3917
2873 285
1740 3354
3897 2319
3294 149
2677 2819
2741 1536
2549 3571
939 1286
2551 1118
1377 1614
1275 2027
1884 748
873 2010
2142 2512
2678 2773
231 575
2448 497
3606 698
2249 543
535 316
1164 3981
268 3601
2468 1602
856 2272
3730 3216
1749 1315
1150 775
2871 3554
1612 3371
286 3585
2126 984
1453 1312
2768 2874
3289 866
2989 1874
690 2368
3144 860
2056 1085
3488 3617
1351 3341
3247 2225
3368 1447
1195 811
2278 3248
1425 3804
2614 3256
2478 2757
1350 1572
2189 3673
3297 3124
180 960
1371 591
604 2880
3086 3595
1551 3574
1423 1736
3744 3152
2168 653
2575 910
429 1368
1006 3817
431 1371
1411 972
3752 2398
1325 1494
1775 1721
2937 658
171 3318
3674 289
954 3267
3994 3120
3953 12
169 2982
3381 2285
479 3453
1604 1989
889 2251
2340 695
273 2351
1544 3490
2376 3536
2405 2090
631 2636
2481 596
1109 2722
2514 2169
3529 1936
737 629
2348 2744
2440 1213
1800 56
3236 455
688 3162
3192 2028
163 3511
1710 183
3178 1593
1610 1341
247 1385
1926 1357
1449 1134
830 2441
515 2098
886 2701
812 3981
1008 644
1877 921
36 875
3723 1247
424 3229
3504 251
729 2659
1434 1324
413 707
2747 2791
1620 3658
3015 3712
774 1696
3968 790
3203 3273
2068 1134
2228 3604
2923 1597
2533 748
1629 2014
1116 1526
3423 1256
297 636
384 2200
2104 1089
2494 3572
1578 1908
205 3311
2904 82
1328 832
3737 1903
1125 3893
1985 2112
2385 1414
1688 3529
3214 229
2918 1679
1708 3605
1047 189
2401 3552
1540 3080
3060 1229
2171 1724
1482 2610
3938 3422
2 3546
430 2416
2139 3597
2047 975
2088 3530
3590 2170
1915 2896
2667 2075
2826 1368
1940 183
1127 3753
2054 1177
667 1586
2482 1241
2537 1403
1209 2278
554 3783
1712 2046
1722 3249
1816 341
655 2596
484 3110
703 2718
2147 1847
91 745
3220 3408
3757 1307
2713 2145
3203 1633
2847 3356
1771 425
3787 2525
2980 1981
2229 1548
1798 3359
3235 3988
2433 2362
2224 3868
931 477
1815 621
2704 683
1149 814
2057 909
1726 2766
989 3119
3047 744
1027 3985
3338 2589
2563 310
3346 2009
1584 478
2902 1485
1104 3983
135 212
1255 3961
3024 1264
80 1837
3007 2367
1087 2102
3650 982
876 2331
3062 1133
3103 3182
1617 758
2076 2497
3090 3327
1339 3903
1418 3382
2654 487
160 1601
3435 1505
3371 3826
2835 1941
3472 842
3817 679
1583 638
1822 2550
3645 3665
3612 76
493 3042
2993 935
2831 2502
2668 1077
3962 779
210 314
2768 1879
2835 3038
1846 541
2788 2573
2359 309
1282 2872
1209 3918
2490 661
2827 1774
3040 1383
3898 2405
1759 2103
486 1169
915 2710
3357 1774
2209 3094
3601 1229
1782 597
2224 2118
95 2269
456 3304
500 390
2369 2666
1898 1189
1711 1126
3732 3424
583 3519
1714 3895
515 3323
2522 2266
1349 539
2939 2476
2235 1330
3308 782
1717 1473
795 888
1293 1429
3882 2916
3652 531
3349 796
3145 3538
2679 1607
1574 53
1284 3543
1571 2523
1921 2645
525 2106
2167 3054
1916 2653
3300 1849
1080 1491
1123 484
1686 1058
2465 2423
1051 2417
2924 3528
1077 2844
3550 2611
379 3110
3862 2380
3758 1016
2127 986
2669 1650
1113 3320
2236 3881
3728 1667
1234 3398
19 940
455 3545
1401 1414
375 3533
139 843
2976 3521
3336 261
592 3638
2104 1493
3066 3538
1452 834
31 2303
2686 3186
2971 663
726 1424
2033 3992
3654 1718
2799 2975
2871 2267
3106 2064
2217 820
3443 128
153 547
2171 485
2181 872
2866 1748
1399 1311
1175 1895
967 2947
2554 2858
3780 3688
299 1199
1563 1556
1391 248
627 1355
3589 924
3379 1674
1331 3352
3658 111
650 2283
679 1065
2788 1203
3697 117
270 2743
1117 2186
2765 1335
754 1013
2355 2742
897 1758
115 945
617 1942
164 669
2140 1856
803 1531
2173 2381
3526 750
3974 3087
469 1843
3624 2597
2891 3378
1550 295
3213 2053
1734 3123
2972 460
1632 3567
351 1030
1784 146
3870 2726
480 3116
2548 1135
1019 250
3553 1100
2434 2184
980 77
1511 3260
3925 3181
3706 3823
3835 2750
2248 112
2955 550
2043 70
1599 3127
309 45
238 2995
3809 3548
2409 2081
2608 1566
356 2600
2305 1420
721 1713
1475 3784
2307 281
1107 1622
275 1922
3342 1227
732 1659
750 1528
263 1002
338 1617
1303 553
372 3637
3939 3736
173 307
1591 660
810 1914
75 163
927 788
2639 187
2957 1719
3930 866
595 1049
1965 1022
722 580
1662 1270
2193 2332
3083 1081
2318 396
1612 108
418 3335
1289 599
2322 802
418 2096
2946 1314
3230 1931
590 2891
226 948
2032 405
491 793
1418 2100
2404 659
2658 3136
438 3536
3848 871
3714 1144
3800 2585
531 2967
2669 46
1413 504
108 1261
3695 3751
3963 2048
1705 1521
130 1208
3156 468
1282 1783
965 1230
713 2979
253 2755
3171 3549
2730 370
2985 1530
3445 3097
1818 3209
3670 969
2124 720
228 2719
827 1533
3292 346
3671 2447
2467 237
3295 2748
3898 2746
2256 2511
1478 2073
3153 337
3397 1033
1154 3677
604 1681
2623 3886
494 1157
1993 3364
2679 1927
3310 1872
580 827
308 1710
2334 1210
1045 3288
280 3221
3476 223
1441 2755
3524 1971
739 1970
58 1026
920 2089
189 983
198 3390
2094 3058
221 3223
3105 2475
746 599
1555 3234
1140 1526
2759 2722
707 2019
1849 317
2364 1163
805 317
3448 1111
2258 363
2413 2310
2597 2865
1309 3854
2349 501
727 3727
1968 665
1701 2097
720 1857
2017 1235
3158 608
2894 2146
2431 1476
2881 1645
870 2304
2301 1153
1332 200
263 1332
1541 94
1994 1091
3311 3121
1813 3761
1365 2766
127 2888
3494 584
1136 1957
2308 1072
836 2595
847 2458
3319 3011
2549 538
3505 1131
1506 2989
1933 2205
790 3520
2301 2808
751 1425
204 2717
1800 3154
2977 3709
3552 1342
3350 1597
1207 526
3002 2373
3617 1071
1636 1372
3159 1010
3352 3762
2649 193
3632 3875
3360 3716
2154 3663
3226 3139
7 2050
3550 715
877 804
687 3409
1430 893
1382 1619
3077 2181
2260 3057
501 2269
3129 2290
762 2389
894 2785
1464 3875
243 3708
3177 3296
71 1305
3430 1357
3830 1003
3769 81
929 3262
3752 269
375 2389
2173 382
3970 3265
1967 2429
1480 674
3847 3044
1833 3290
1055 1399
2059 299
2456 1799
530 483
3132 1070
2570 3403
3683 1472
2581 1188
3876 932
3027 3586
1069 2454
1528 1078
996 2727
1842 1867
3487 2738
3115 1446
2365 2664
1056 80
3254 1692
3535 1474
1533 3687
2586 1718
2268 840
185 1929
2793 1423
2714 1996
2518 3864
988 2277
415 1160
2565 1522
1807 48
3465 2403
3535 3258
2895 1140
1482 2848
1864 1240
563 1374
1387 1938
2295 440
143 3062
2211 1247
780 2079
3115 3401
1871 1043
2807 2153
2596 3788
3656 2244
409 2458
2542 2353
1672 3310
2995 131
3229 2935
3507 385
2262 2852
3128 2161
2195 3006
3651 3291
3182 1285
2933 3704
3294 3812
209 1514
2729 907
1978 3519
1928 2283
1814 107
3593 2671
1588 1110
423 1791
458 1251
3111 2636
1496 744
378 1989
3914 3055
1663 1679
1359 769
2432 3450
1784 874
100 452
2004 1410
2629 1804
870 1373
3072 16
1725 3987
2635 3496
3386 100
2281 2757
908 3260
601 975
2360 1072
2044 537
2086 2603
2182 3421
3202 933
2844 1913
1465 1919
598 999
1893 2023
1327 3907
2872 2374
3662 1838
504 3572
1086 577
502 1054
2066 120
2091 65
2648 3383
2646 1401
2830 723
3796 676
3756 3855
1043 3160
1865 3040
76 3493
3818 1778
559 2058
2683 2883
2906 1354
1874 242
3653 542
991 692
2038 1299
3504 1670
10 369
195 2168
1270 3707
3541 3934
2765 2218
1067 2873
3706 3750
3843 533
349 2734
1379 2638
1654 1164
3950 1242
2372 3814
495 2065
514 3922
3667 379
1354 956
3633 3020
1873 64
2932 1246
2672 3152
1427 1588
2455 3276
443 896
712 3436
3456 3614
2330 3879
2174 2213
1923 2632
272 648
3912 2882
1480 576
2624 2487
406 103
3689 623
2960 1389
1902 8
3647 3711
3569 3604
2770 3351
3090 2129
637 2740
4000 1437
2387 1088
1360 3279
513 1342
3868 3729
331 2183
201 747
398 2344
410 2686
612 1855
1782 3948
810 2069
593 917
768 3335
3646 3501
2648 3582
453 2769
701 371
1538 1898
2415 2172
1468 3808
234 416
2885 1336
1120 2433
7 872
2396 1728
1830 1785
1912 2136
1793 2001
508 3264
3741 634
2201 1323
1976 323
1723 2528
2489 613
879 2045
785 2895
1908 2020
1378 1570
169 2338
2716 3640
3682 3461
693 2570
449 1436
1954 546
445 953
2772 319
1237 1417
414 3098
1986 3915
3274 1736
119 3828
1027 3702
1305 1313
2380 3880
316 3802
2980 2358
482 3241
137 1102
951 3374
3801 3042
488 1965
1974 277
706 181
121 326
3750 3623
865 1312
683 915
2143 2853
1400 1298
3947 3887
139 2452
47 998
3003 1575
1092 215
2594 3820
1317 865
3146 319
2015 1306
613 3783
1756 2106
2841 3155
1709 2853
3290 165
3221 2427
2641 2933
934 708
2568 3088
3999 3241
2665 2620
251 329
2256 772
2276 1496
3877 259
3188 3844
2183 734
3216 3263
162 946
3866 1355
318 3341
1394 1621
2291 3902
435 2580
2712 204
942 1172
568 3747
2850 3990
3712 2619
3996 1283
1596 3117
1813 3147
574 853
488 693
3958 275
240 179
75 2653
3475 1137
2483 3628
1435 1829
2248 3928
3815 1470
1591 2453
921 738
3263 44
2998 640
2472 2325
3767 723
936 894
791 330
1015 3396
1113 3085
1630 1050
3100 2111
1103 869
1516 41
1006 2414
1157 2415
3482 2843
2296 3638
166 1456
387 1464
3145 938
3665 3137
3384 1535
3309 2967
34 2781
2812 778
153 110
2800 2915
2634 2782
1409 2546
3964 2382
3372 1076
3003 465
3161 3049
1615 956
3017 3462
3434 722
210 798
246 229
1982 2165
3234 1519
338 2515
1484 1471
464 2946
284 575
2870 1502
2188 2539
3067 3448
304 1796
3459 1730
594 2833
2109 457
3614 2403
1417 642
3019 1062
1082 1010
3566 1068
1086 3960
1595 2258
3967 1997
2473 1969
2062 2593
3816 3119
2446 296
1625 1097
2911 1003
3009 1611
509 3677
2577 2356
2016 2122
1190 2459
1922 1676
1506 2167
90 340
1678 2065
29 396
1005 364
3906 1619
1099 83
3555 3600
2640 1296
3232 182
219 422
3528 1063
3886 3151
2588 448
588 3277
3244 3471
3058 1257
44 3838
1202 4
2688 2185
3170 54
3763 406
876 3168
2650 3680
949 1223
3360 3515
3616 258
3169 796
1017 1547
2949 2329
1515 2119
285 3803
2606 1407
1221 328
1171 2733
543 3255
1012 3975
1180 569
3470 3257
737 1488
2884 35
859 2088
3430 2586
227 490
758 937
620 2299
704 2941
3245 2097
3382 2673
1115 1168
3414 3112
2564 180
851 1964
234 3021
2519 994
1758 27
352 795
1697 3129
746 2566
2907 2304
3106 699
1972 3179
3178 358
2309 3726
2244 3549
86 529
577 1035
506 559
1034 2521
1743 3502
2050 2639
2996 858
3188 3558
397 1695
1918 2151
3810 2247
2530 718
3067 3563
336 1598
329 879
2028 2031
1618 3539
1748 2231
236 3089
3729 3486
1579 3460
3651 374
2484 1888
3821 754
237 3112
72 3685
1769 2408
2810 1450
2504 2141
3738 2077
3372 3577
3451 2252
2919 1024
1147 3127
3918 1100
2516 1885
2944 3926
1319 1627
349 200
2319 3839
1373 56
765 2958
2838 1054
2185 2371
2080 3798
1055 1585
1717 1206
3573 926
663 3865
3594 339
3867 2295
3785 3627
2730 1624
619 2721
2086 3013
906 1744
1280 3517
3313 1929
1781 3596
22 291
1973 728
901 1298
3380 1850
1735 1255
2657 2261
390 2215
884 834
3256 203
2555 3542
2134 3765
1274 2226
3190 3989
3339 2828
2897 1210
63 2296
3790 60
520 3573
3148 742
2221 2558
2008 361
1570 3402
1183 1334
818 614
2193 650
1287 2363
2499 3228
2263 703
55 2501
1193 216
812 3722
2054 178
534 3238
1820 893
1439 891
1602 53
1983 2039
2211 1636
2922 2601
524 947
411 1641
2660 1544
2115 1935
265 505
2241 69
1250 116
783 3013
730 2670
2423 780
766 315
3762 3644
920 1352
327 3391
3900 2676
3522 3682
3321 3474
394 2353
1682 310
2584 3794
1231 2212
2910 3930
3641 3731
2148 2443
2557 2292
1935 1318
2983 3485
2327 1871
2545 1230
119 3441
1793 1465
2987 2314
2020 1613
3051 776
2306 2049
5 1501
628 209
2203 1949
1123 850
1318 3687
1675 852
2826 1930
3531 1953
997 1265
1493 3757
1142 2465
2379 3499
3627 1873
643 2424
3696 3857
2033 1078
1258 1453
1623 1052
1287 3592
226 1628
3913 1428
1676 2615
3252 3194
124 197
64 2620
1026 3431
191 1564
217 2413
96 2821
3559 156
777 96
3969 1611
992 1074
2129 3508
2984 1811
2207 467
3088 724
2753 3142
3520 1888
2718 1837
916 1931
2089 3686
2497 2797
3032 2689
1802 1208
144 89
2501 1760
2344 3691
3131 3191
3183 1947
45 1329
1762 3315
2899 196
2991 3054
48 610
2105 2908
1001 2434
1437 1765
3253 2764
849 2878
1607 1735
3605 2552
2691 3283
518 154
3904 2474
2941 2778
3696 1393
2155 2429
3721 699
964 434
3668 1852
2259 1867
2499 3669
3993 435
1869 2864
3797 3731
2068 3831
2726 215
3027 3667
3102 3942
954 1941
1933 3011
2372 1091
2956 1
985 3863
566 2439
1015 2779
2553 1757
1850 623
2908 696
1740 1219
1957 651
2187 2302
1766 1525
1310 1601
2762 39
3204 694
2809 3278
971 213
806 2574
700 3872
2017 1981
845 1802
447 336
3884 2282
1459 2786
3328 2840
2617 970
3125 749
705 3467
99 1188
2622 1404
811 890
3334 1277
1074 2071
1824 3845
2713 2212
1865 2234
1037 2602
886 2579
1196 1434
2450 1090
1098 1843
1780 3051
1656 1424
2346 712
2377 1398
2082 2192
3104 155
1279 3691
527 2625
3825 3154
3023 145
3043 3931
2714 136
3063 3250
1791 3650
681 523
2117 1239
74 2410
3094 3839
815 789
274 2559
2509 2796
3243 1772
2255 1840
803 246
1288 694
1859 2437
895 1143
3673 1949
214 1021
415 1433
3261 343
3998 681
464 1549
3835 3244
1868 1192
3018 51
2043 2186
3890 170
2583 2613
1242 2778
2794 3165
3442 1991
3204 3361
1674 3842
3318 841
678 979
1897 1691
2945 2811
839 350
3908 1868
1302 3005
557 3394
5 3973
404 2343
1349 3015
3392 3562
1108 29
1642 2695
3724 3098
3949 2598
3446 2797
1755 1467
3789 563
1487 3577
2108 2233
1459 3782
3313 2799
2578 1943
959 2027
32 3078
2335 3351
3105 3678
1866 62
3480 1337
3072 2684
1198 3537
3377 3455
2108 3784
3348 3600
526 3087
520 1294
1706 1064
1440 3843
217 3563
1682 3486
2048 388
1879 2719
46 2107
2071 3426
315 3841
3836 1631
1104 3297
572 345
2645 3530
2042 33
611 3986
477 2180
113 3418
1600 1201
1029 3231
1741 3444
752 1984
898 2885
1587 2945
2024 1183
2553 1816
1127 704
3741 462
2396 2114
3653 2921
321 1699
2706 400
1589 3080
3369 3099
2289 228
3815 1595
1732 1654
308 2411
2463 1944
2563 3031
287 2807
3690 2024
3319 3333
534 3170
1914 43
1363 1070
1497 2727
2790 2911
1484 3411
516 3215
778 603
2005 753
502 618
2538 3185
605 3786
1458 633
902 919
2453 2960
1546 3302
535 3942
3217 1803
1462 3625
849 1913
1666 2507
1346 3684
880 1937
1882 863
540 407
552 1346
1301 595
3593 1366
2202 516
557 1284
3734 320
3751 101
3363 2358
990 2990
2135 1348
158 3064
1320 2824
2333 2735
1020 2045
922 3325
2545 42
1252 1514
917 2682
2772 1099
2331 2668
2729 930
3931 2892
3397 689
168 2219
1643 454
2447 2364
3340 952
1563 1623
2962 1481
256 282
2776 995
3212 3455
471 499
1203 1456
3853 801
2898 3361
3725 279
3699 2308
1886 1083
3945 2598
3238 734
3515 432
193 3722
302 499
2829 883
2773 1467
731 1408
3248 1197
664 3130
3944 1975
1059 3211
1340 2806
1594 2128
2420 3424
1304 3205
2708 3456
3944 3420
380 2021
3413 1859
961 2854
146 3275
1985 1317
3432 1732
3331 1836
2745 1094
2464 382
992 2760
511 2561
2710 2875
230 2408
2878 3862
3959 1129
3636 716
3952 3905
2102 3412
1225 3280
874 558
793 2604
2877 2336
1007 3387
172 3076
967 2838
868 2808
218 2999
2914 667
3018 2218
3323 2973
2361 3222
3251 635
913 3744
1899 860
1300 1375
360 3316
2854 2811
3940 2970
1028 3271
878 3999
3937 2422
434 2637
1397 1308
3997 147
2866 2959
3546 1942
3776 2600
2926 966
3426 2923
1352 2796
3943 1063
625 2904
2450 1410
2323 1751
2469 745
825 1035
1522 63
1683 404
1586 2952
90 517
3223 3889
3254 2182
3917 2206
2532 1848
3144 1924
1202 1594
3980 627
1752 2487
267 3163
462 1269
2662 731
3222 797
3045 3789
3982 467
114 1529
3213 3143
371 1390
600 2116
728 867
1775 3307
2107 17
1105 789
2675 2529
95 469
528 1527
3001 1503
2343 1158
1960 3489
365 125
1776 3849
3370 2350
2383 1551
2395 2573
2094 3721
573 1087
3584 2009
3242 298
3724 322
1701 2426
1187 2078
2118 871
1159 433
1314 3628
2188 3148
797 2312
454 522
2612 1614
2744 2176
2349 439
2715 389
1910 957
3022 1186
1788 1893
2619 1499
3581 3516
11 1809
1609 3852
4 3560
1806 3935
1907 2284
3084 809
3551 3816
2445 3700
2948 457
2156 67
3548 1390
1048 914
2627 1364
3915 1805
3409 1603
2752 3585
1678 3955
3705 3503
3065 1241
1844 2084
610 2203
1826 40
651 3735
929 1239
1921 2942
1640 1214
2361 3306
990 3380
2988 2378
2222 1572
1412 2567
1438 1079
2825 3856
3613 2621
1448 303
1573 2861
3811 3118
717 2265
2014 829
1444 2861
260 1408
2204 1510
932 3689
3637 1023
3977 208
1821 3475
1661 109
2609 611
2112 2717
1155 1369
3004 741
3390 1924
156 3910
3057 188
965 3191
536 2475
1340 813
66 2685
2942 1726
2508 288
1217 1891
838 1948
2791 262
1406 3850
912 1790
1534 820
3452 1969
3498 1450
38 1047
2625 2500
2628 550
3718 1096
21 2039
3047 2843
1980 2463
3281 2532
2488 3421
2674 955
18 3896
2936 832
1854 653
885 1947
2081 1052
3492 809
1426 770
2732 1887
261 333
500 1194
2314 368
1396 278
823 1042
3082 3252
1449 2366
2682 2421
1271 1950
2069 214
4000 2739
1145 3748
3840 1828
2724 900
2934 1963
1606 2293
1031 1495
2912 3995
3235 1147
1549 1192
626 2011
1564 452
3765 3132
1032 2847
1762 1333
2751 3428
97 1509
760 3559
3780 2317
312 3698
1179 2998
1529 3228
3284 73
2466 2180
391 2083
227 2798
982 887
3150 3710
3829 1875
3016 3613
3848 786
2175 551
1479 3825
1106 442
1096 3684
3432 514
3634 3286
2579 3124
1694 3073
1742 2356
1992 2509
2851 291
3006 2863
684 2406
2111 766
1827 3555
2220 2986
2520 3142
105 1273
2053 1416
3396 1245
1990 1460
149 2486
2666 2257
3483 3314
541 1734
3406 3543
2802 3149
3202 3449
3002 3312
3109 646
489 51
2384 2412
3713 928
1618 2138
1693 1038
521 608
3978 2982
1473 2997
1303 3103
3575 3972
295 37
3184 1939
3378 403
1430 3482
348 1197
88 2703
2856 1576
212 3487
2498 512
717 900
1627 1625
2456 2936
1648 1443
3508 2691
2986 2607
3330 321
715 3768
898 3770
1394 2524
1283 2505
220 1727
2297 2154
1256 1513
3785 2825
1259 1668
3197 3607
49 2477
962 2699
2955 3853
2208 2971
2444 2629
1517 1700
3900 3972
3583 771
1854 3841
28 818
757 1260
3036 322
1281 1310
1764 765
2901 1647
3806 2337
1747 1031
1744 3136
232 3772
835 1939
2890 671
3331 2928
3210 3019
1961 1681
2728 89
2375 141
3970 864
1831 1697
3365 132
1233 1224
1370 3065
3749 1268
3580 1290
1169 1400
1405 1773
1233 2010
673 482
2042 853
85 1841
3251 1038
2742 2018
773 2961
249 1330
3589 3534
1307 3463
132 1841
2150 1839
355 1187
1334 2754
3500 2531
3603 3171
1276 881
3851 1917
3852 1215
1326 626
1680 3630
2493 3664
787 1823
3941 2242
2716 1361
216 2064
3560 1419
3892 1958
440 3523
241 3303
2503 1743
571 38
1347 334
1552 1358
2622 1639
2312 2698
15 771
348 2339
1500 357
1115 2026
1685 3174
3441 301
2937 1316
545 2930
34 1469
1278 1002
2943 1906
1460 3502
2789 1866
3209 1824
3763 3298
759 3108
1014 185
3742 2692
65 1345
1907 2858
855 2968
647 1688
3668 101
1661 2436
3377 3473
1577 1025
2780 3269
632 3028
3913 867
1084 2815
2832 1746
3540 1818
3140 883
3505 3208
685 1184
2406 2335
3702 2317
3670 660
1652 1870
1853 3850
635 3810
3134 1809
1561 3619
1429 2805
2070 2390
265 587
2210 517
174 102
3385 2883
1539 3855
2342 14
3720 1928
710 601
3837 2887
2626 603
386 1771
1073 179
3162 3001
372 3196
2492 2237
3041 239
3464 2940
2373 2082
549 2437
3958 3885
3164 3061
2122 844
475 2787
2677 3081
1905 2723
889 2934
1689 2712
3423 709
3035 3990
630 690
632 3225
2267 162
3317 615
2196 571
671 3961
2737 3802
2034 1881
3950 763
3764 1128
3980 2578
2870 196
2003 2172
1240 3716
1812 570
2479 3718
1174 1945
3373 2093
1497 3169
3532 3060
2026 1819
1279 664
1461 2954
3975 3926
301 3858
2103 3879
977 1520
2541 1998
2483 2655
3973 2436
2187 1492
2655 2435
3755 344
359 3697
3991 888
3081 2342
1226 3583
759 1638
1545 1780
2210 2320
3525 1381
1122 1154
808 3010
2270 2527
1667 3050
1624 615
1195 3804
1060 1875
540 3149
3782 3385
1040 714
2271 505
3681 102
3020 3629
3646 1093
2195 3977
3826 219
506 3775
3860 3458
3101 852
3574 522
52 23
922 1675
3113 1579
344 567
2223 801
631 3135
724 3558
159 3503
2688 2490
3518 2526
3007 1211
2800 325
1152 1559
2640 3740
2316 1433
3469 1590
3264 3735
905 2743
1111 1988
3314 2905
3761 2329
1916 1972
409 2546
3329 73
3092 2035
300 878
3292 3703
2709 2197
2616 1034
1048 2395
2590 792
1294 3779
377 1616
2474 2030
2127 2816
3506 1687
1248 3271
3205 2006
3609 123
2657 3419
2194 2326
529 334
473 536
1689 2449
1944 1008
2428 3138
1696 1555
2334 676
152 3163
2889 2511
974 1706
2612 3200
3878 3939
3246 2000
2281 129
1901 92
2855 3059
2392 188
1878 245
2610 1764
463 2658
2628 1761
3219 1381
3708 1489
942 1018
26 2426
997 52
1523 564
2446 2143
2630 3268
192 2428
2099 3347
787 184
2736 2735
1952 2958
3635 1261
3008 3365
381 3483
1789 2138
620 3497
701 2702
654 1179
110 370
481 586
3557 2787
1747 1596
2025 3869
147 1295
1478 24
1844 3048
2049 3532
2978 3539
437 802
2535 2333
3565 1124
362 2388
1527 3587
1781 1892
2856 3793
2306 2470
3592 1520
1403 3698
587 3641
539 1959
1991 2590
3388 3074
636 987
1889 3626
152 986
2407 3774
2073 3726
2786 998
2290 805
2292 3165
3053 1896
3413 2021
3043 1313
3873 3068
1653 384
3517 2961
2972 2876
1655 3797
1356 3736
3366 1552
903 3122
1801 3391
2534 3885
1124 3193
1135 1339
3393 3598
1137 2351
3499 1369
326 3451
3387 30
1778 2034
2662 654
221 267
2738 3245
2780 138
3181 2784
1721 1211
3364 2382
686 549
2046 3037
1222 3666
359 2944
2163 3940
106 1262
3928 330
710 1461
320 1779
3562 3693
588 3792
3621 2745
2099 1167
2517 352
2125 2759
2131 2040
624 3195
3730 3584
3837 1442
3337 3199
1567 3919
3612 2075
69 3588
1323 764
3630 333
3358 1992
523 419
3688 3740
3749 1861
2584 2240
480 684
3811 459
3542 1811
2591 2978
402 6
1039 924
657 1285
3462 3955
2651 2543
3201 401
2480 3881
2951 127
1915 3464
2366 1900
3498 2130
1234 3070
1787 206
1221 3201
2101 3901
607 2678
913 666
1801 784
3874 1351
1702 2754
3036 3743
2962 3888
3030 1463
973 2865
3727 289
3847 2482
3776 3978
545 2823
3239 2061
1398 403
3909 3894
3301 1212
1130 288
478 2626
2601 1045
1051 2868
1705 3096
1946 3805
3138 1156
496 2466
1392 3030
959 1258
1699 3976
3247 2044
3063 109
1642 471
1291 1962
3296 2814
2790 3527
1739 3971
408 410
1794 1853
2535 1447
2023 3571
2206 2227
3537 1763
262 828
2987 2829
1443 3389
2517 2377
3268 3433
1375 218
470 3355
3389 2420
2566 656
1554 2889
3609 2379
1267 1845
2272 2720
235 2500
743 3578
1144 2702
937 1912
2975 858
3270 305
524 3151
2435 2430
252 1421
3858 3107
1098 250
1655 2587
3438 1713
1566 3160
2673 2397
3791 1193
3053 665
1061 476
2656 3086
2537 2739
3253 2016
3495 512
174 3071
1962 1017
2424 2633
3374 367
407 1677
3045 3284
2968 2733
3636 154
607 1988
2803 342
1971 413
3541 1361
1116 1885
1167 3049
532 2031
1757 882
1439 2948
2542 1126
1487 2067
2956 2680
2469 77
103 2
2929 3626
1554 2440
2928 167
2386 1968
2085 2445
1569 1206
3992 566
2427 2706
1041 2302
2979 2522
1176 2770
3513 3232
1980 962
1362 222
963 2443
2150 3674
1738 3484
1975 3333
2798 3075
1836 302
2471 2340
519 2124
2644 2085
2236 1254
78 2951
3648 2536
1225 2860
923 2571
3033 3657
3994 2461
928 3411
3436 3126
2692 1902
3956 3407
2198 2323
845 1946
2624 1715
3108 39
2516 1024
2792 3219
1315 2059
1606 1906
3417 1795
602 3177
1795 1178
3494 1411
3509 1923
3320 1501
3660 974
3056 125
176 2531
3924 3366
3946 2868
892 641
2387 804
155 2092
43 2804
2839 3756
952 2441
1977 1407
2643 2917
2611 816
3403 2749
3669 1733
3077 1166
1384 248
23 2696
3759 2804
22 873
1297 2037
3758 461
2449 1486
1472 3599
456 2398
869 3055
2261 1750
1677 3695
1577 697
423 2008
2892 3680
633 3812
311 3237
2594 1651
3856 2128
1794 3273
232 2769
1864 3285
1391 507
199 3452
3230 3629
1306 2303
405 3465
2250 1105
2654 356
909 1952
2782 3844
1807 2748
3639 3681
1737 341
2994 1707
605 3330
3692 2903
2274 2510
2524 307
2134 3738
841 2007
3833 926
2818 1702
3399 3468
2606 2621
938 1214
767 3540
429 3846
1028 2242
3526 1248
2473 680
1708 25
331 2493
2552 3283
2687 3615
1556 2867
3659 2259
1644 3904
659 3728
1325 3039
1143 3367
2919 2345
2973 3459
3373 1292
1388 1324
1170 552
2486 993
2454 1092
3044 3598
1041 1731
273 3147
2884 2667
682 1158
1128 115
2886 3401
3233 3084
3877 3468
3871 1009
3356 245
2316 3128
1057 2775
1558 1095
1863 3822
1364 3790
3822 2899
2152 353
427 1737
158 675
243 3664
2771 624
1608 1046
730 254
3139 1457
2700 2647
2550 3960
1222 1139
487 1327
822 930
677 1909
2711 3091
973 3324
3634 292
527 813
1561 714
1120 2277
2700 2966
2924 2145
1961 3122
3052 1792
1628 2286
3068 438
2298 661
2890 1531
1890 3114
3434 395
978 181
2484 161
2422 2880
3316 3717
61 3610
235 1180
3346 2661
2913 3394
1738 3082
2225 1005
2840 2544
3381 2503
1387 3842
3510 1013
2090 3326
3513 2556
2732 513
2305 3533
3657 231
3633 957
2002 3457
2132 2391
1344 3322
2863 2917
3353 2614
104 2921
2818 798
785 3480
964 142
537 2495
2418 3376
1444 1170
3602 3304
3511 706
191 547
3412 835
350 1936
3334 3093
361 2348
2515 1539
2006 2869
335 1945
799 1185
3570 2136
1803 3700
157 2568
30 1479
206 2442
304 2192
355 1441
743 2525
293 1590
1955 556
1673 697
271 3967
1582 3236
2823 173
3654 2159
2394 1085
1876 1178
3911 655
510 3873
3207 42
3134 1374
1118 875
3093 1131
585 749
380 3823
1251 819
2416 3431
2100 672
761 19
3117 2412
1102 1723
340 3818
3507 1224
1507 190
2959 3440
1600 293
856 855
3408 9
24 2345
3827 1438
756 2178
1213 2004
421 3210
3954 2341
2207 1788
1789 376
760 2321
1212 3287
2060 167
1490 3070
1846 2109
1760 508
184 2368
2072 3453
3350 877
1860 2540
3872 3965
507 2464
1814 1384
1958 1938
2574 1492
3957 1320
833 2560
3473 363
3357 1385
2165 767
668 3676
2074 2693
1083 674
2135 3911
2969 2592
989 306
560 772
3344 2147
2734 170
3895 3415
3157 1243
1431 3231
573 3466
1720 175
3116 3648
1344 3997
1278 2485
15 1220
3737 2831
3739 857
719 360
2749 3985
3807 1458
3579 1940
2554 3982
1365 2859
1869 3496
2114 444
3969 2915
392 1274
3683 1562
151 1382
3447 525
776 3257
2599 1620
814 2121
128 1296
264 1292
3805 1560
3979 337
3183 1133
3308 2346
3259 3218
491 3521
134 2572
1660 453
3962 3217
282 402
594 2974
923 2538
3359 2058
2881 1057
3777 2402
3495 1103
1254 2518
768 335
3501 2815
2795 2852
698 2728
3198 1268
1021 2664
3037 3694
192 2918
958 391
3444 3579
510 2327
1372 2767
592 220
13 680
84 3406
1468 3807
1639 198
819 732
2315 306
2467 927
1951 3066
3914 442
3824 1044
1812 2003
2052 1263
3069 1093
397 2784
118 2988
670 666
1182 1927
1693 3437
79 702
3770 2641
388 2217
2160 3287
1792 2357
1967 3439
1084 3025
2036 645
367 3935
2438 2400
2996 305
2354 1751
1228 254
2002 2215
3101 542
327 2583
3454 2763
1141 3611
2495 386
2421 1567
3525 1452
2231 466
3945 2386
3133 2201
662 2966
3167 2557
2683 1550
925 3561
1446 393
98 3279
368 381
2300 211
906 3414
2900 637
2591 2607
3073 1367
3620 1451
3643 138
3336 815
431 3276
2397 3894
2914 1011
3923 669
3206 2506
1165 3717
18 3644
3596 2370
3781 3240
446 2268
3478 2087
1839 837
54 996
120 2965
2177 257
417 3694
1259 3754
1413 2558
642 1690
2795 476
2635 47
551 1267
1904 1341
2362 448
123 1703
1347 36
3899 1525
2253 3534
1156 3952
590 692
1978 3640
1644 3041
546 3200
755 126
3838 2282
268 863
742 171
296 2013
1440 1671
1145 1020
1725 2617
332 658
3295 2166
584 427
2897 2690
726 2367
432 1112
3772 3987
2341 1532
233 2202
1806 895
1281 1415
2132 1810
2836 3
2925 2920
1244 3799
995 3568
498 2671
3893 182
1370 2117
20 3887
428 1036
3173 485
1393 2650
2419 136
426 2926
2711 3445
3631 3943
1036 1114
374 3009
2151 3399
422 736
1117 3038
140 3386
3095 1431
2697 3208
3854 1498
1420 1199
3773 792
233 1575
2592 357
1858 1808
1090 256
1177 2330
339 2254
3022 483
3933 1664
1184 373
2249 2638
177 159
2845 2418
3097 3833
2842 201
2762 2938
1799 3484
1834 284
2893 3889
3631 1053
1360 1845
1162 378
2830 3891
3443 1432
2226 2056
3491 383
2690 1753
1658 3470
3876 2632
3709 966
2631 3662
3172 3618
2822 2684
3437 40
899 3293
1769 3828
1231 3224
1337 741
1959 2618
2096 3745
1750 3429
1379 1348
1081 2977
1160 473
1119 3102
2577 612
1694 1471
2083 2489
1053 2337
1516 1852
3384 2288
2498 687
1069 606
1508 3934
3420 3544
1673 1668
1954 1253
616 3383
2012 3348
1651 472
1704 3187
1489 2758
891 1835
1745 104
1832 2311
1232 244
3227 925
2232 1068
1495 3303
2528 458
3008 2548
3246 695
1646 3570
1540 1457
383 628
87 1948
3126 3215
1767 2527
854 290
3189 3212
2862 561
3569 1263
1851 490
2616 3778
294 2587
2425 1524
3039 881
194 2279
3863 800
2139 2774
420 497
2699 2954
134 116
347 3176
3779 2293
3266 1833
862 1810
1415 2126
202 2320
2764 1534
2365 1509
255 1108
1804 2157
1665 59
3344 1634
1604 2785
492 1669
392 2623
3249 3012
2704 1765
2178 1146
1071 3485
3701 3849
1709 290
1189 3775
2851 345
3064 225
433 691
3733 2643
3725 2849
1064 1538
3340 258
3000 1025
1925 2057
408 2095
2076 3705
1419 3035
85 2101
223 2964
1277 1897
31 597
3242 3676
3747 140
3632 346
3834 2324
799 486
2032 1297
670 1477
2240 3979
2262 2246
451 1362
1138 1426
1911 725
3481 1669
2888 3989
3707 1037
2251 3859
376 1397
122 3800
3621 1934
3272 2197
2384 1541
2663 3309
519 1645
2927 1616
1065 3266
3023 2313
833 897
2241 318
1994 2697
1129 2990
1378 735
1716 3121
1759 239
733 2485
2318 145
1107 3046
1237 2541
2347 1066
3748 843
3768 1635
342 3719
1445 561
2299 3808
2562 1475
3490 3014
2455 1900
649 3375
831 3693
3197 1626
2993 1367
941 2572
242 365
1546 3461
2223 3803
202 570
1204 1977
3891 911
160 3742
2019 1536
1626 474
848 3059
222 3544
3422 2052
824 395
1067 2444
2564 2074
2703 2756
1592 494
3522 2723
172 972
178 3527
2120 354
1396 1630
677 2909
1515 1970
582 3611
3306 1817
1218 940
825 1659
1593 2063
1542 2605
1741 2661
1752 786
1640 1405
1995 847
1162 1253
568 773
97 2163
576 3419
1976 794
2580 868
3056 892
3050 1333
3966 1416
1293 1584
2189 3937
3764 463
757 141
2792 3923
1634 1999
3135 3074
2761 976
3085 1608
1168 638
2906 3140
79 2746
3368 3512
3791 1422
2067 1963
421 1173
593 1321
777 1110
1729 1001
2243 979
2001 1435
2894 17
3924 2239
548 2199
1504 1711
1101 1768
911 2336
2609 400
846 943
2819 1345
3343 977
412 3405
2275 1094
2540 2848
1112 1004
3675 1498
1377 2905
1592 556
3100 2273
3861 968
492 3806
946 3161
1986 1477
1511 1695
3832 581
1753 1389
851 2414
324 582
3933 2816
1932 3458
2011 3606
3732 2144
779 66
2452 416
1820 1454
3418 1565
1518 1857
1568 3404
2565 738
1335 1174
503 168
1196 3449
425 2169
3896 1286
1264 3016
3518 2400
2687 558
1356 398
2170 3710
1953 1198
645 1218
2098 3481
1462 1172
794 2087
2294 3594
1894 1842
579 3367
3125 3652
3820 2642
1219 3866
2015 2191
1507 3488
3679 1609
60 1637
2229 93
3620 148
3176 1238
708 944
166 32
3551 1632
1182 1227
1132 2280
67 3936
3564 2533
1797 3568
224 3164
1658 3393
2190 2696
190 2110
999 3753
1558 1613
57 3715
426 678
579 3564
1243 3524
3497 1291
2953 2781
2827 2652
3220 2724
441 2237
3083 936
3375 55
1787 1328
2776 2149
3861 1576
1505 50
565 1766
3576 2275
1056 3953
2214 581
2555 3362
3685 87
2462 1956
1011 1712
2254 1547
2992 3476
2656 3395
113 1715
981 3576
606 1756
2803 287
3986 1469
1633 1152
1205 3586
1494 3315
643 1950
3796 3282
3299 830
272 3661
130 2462
3829 59
668 3379
2874 950
3224 1244
935 271
1486 583
3916 639
2523 1428
2530 362
1082 2216
1714 1647
2141 1582
94 3489
2630 702
2981 373
3983 1565
2216 3878
278 844
1512 3814
1322 2879
1797 2736
3897 2347
1665 126
118 3920
88 2328
3280 1273
1114 1761
2457 2105
2222 106
2291 2675
2974 2575
3175 1518
2850 3032
751 968
280 1155
1235 2460
3565 3591
3951 195
3890 1142
769 971
176 3759
207 2410
1130 901
252 1331
3255 1719
822 1322
3120 3553
1763 2253
1353 831
528 2066
950 3892
2220 111
740 2935
2264 2693
3471 718
3131 1690
1754 447
3240 1728
343 3289
3623 3666
298 3400
1338 2091
57 2832
325 3799
2404 904
3258 3882
2912 2239
1583 682
807 446
562 3819
1205 2332
2789 1207
619 1770
3608 1060
2608 1785
449 3071
3619 3966
2514 2385
3514 1796
399 1684
3339 2176
2536 1500
1537 953
2824 3941
3754 3337
3686 2142
2194 2751
2672 622
2695 2834
1165 3029
1605 2859
3510 532
1917 705
2882 439
2280 1044
2451 988
2836 1858
3168 1657
266 1336
688 1838
2670 86
277 1870
2860 1984
2631 493
2432 1217
3938 3580
207 358
2005 2448
2705 3781
1920 1353
1288 1840
721 3690
1228 774
3745 2581
1862 1703
2018 3211
1016 578
2585 854
931 2322
1686 1132
3910 98
1513 1581
2916 2035
1491 1662
1834 1191
3400 2123
2950 3194
1998 2985
727 3275
564 1943
2260 3998
716 2080
328 3603
609 1136
2338 1648
963 644
1926 2900
939 2999
3624 740
2311 3153
1175 2457
1146 2461
861 3196
2665 3111
2430 1499
3079 918
2287 647
1030 1358
186 3338
3157 1704
224 1249
634 808
436 1920
3809 861
2681 2720
3349 3474
1997 3554
2055 3912
1012 3774
1979 2481
1827 3299
151 1366
3467 3075
131 2079
2910 2970
3472 3415
1585 3439
1066 846
821 2232
1455 649
696 2370
3237 3545
951 3777
1250 2603
3270 3322
2092 1272
1979 2534
1246 2576
2264 3438
2810 2060
2561 1768
2488 430
3192 2409
1014 2817
3723 3795
3599 1280
1329 1359
1176 862
3392 2431
2513 74
2442 401
247 1454
1304 657
3655 2681
2013 14
3447 1629
1386 3880
781 21
3905 3265
2352 1680
3767 1139
420 1783
1532 1321
1742 621
3625 3300
2315 3615
3492 1523
1909 2263
3052 2604
918 1395
3321 2930
114 2896
3305 3916
387 143
2567 2756
944 3883
353 389
240 2774
2276 2363
3179 1018
3133 3342
560 1232
3457 81
896 842
3965 3746
2701 2526
2040 1670
58 2817
1524 3493
3578 468
3678 652
3278 3964
347 1290
2637 1236
2162 3927
887 1519
548 3587
3000 437
450 213
2875 264
2927 1777
3642 2698
2228 2802
1691 3963
945 117
3908 2177
3143 538
2214 2602
1622 2355
2359 3198
1553 3293
3024 3358
144 2190
1878 2582
2230 3076
3146 711
993 641
1266 1302
882 1101
1376 2156
1106 150
3298 2813
2093 78
2471 1973
436 1490
617 3547
3214 2407
1223 1749
1993 1451
630 3971
1300 2605
735 1559
1380 428
1905 3190
283 3951
276 781
770 3622
1911 2399
1409 2845
2943 2707
3095 424
3746 880
2520 848
2991 393
1569 2233
2659 784
1876 3355
2417 1790
62 2965
3506 3004
25 3704
3588 981
3005 2161
2642 12
1722 2969
1880 313
2663 3948
1249 1000
451 2846
960 1587
1046 2265
1560 817
2007 1097
3821 2721
107 1685
2864 3920
33 3427
3860 987
1581 2576
596 1987
1191 1503
417 1149
3402 1153
1007 3851
3556 3547
1508 2731
364 3463
672 2376
2822 1088
1466 1311
3739 2569
2820 1422
1412 472
1925 2146
1808 2137
3813 3622
2438 157
269 479
857 3345
3 572
1265 2383
260 2152
3114 2137
1995 1485
3557 1700
236 1786
91 3425
2750 2814
1269 257
2994 1427
567 736
3512 2820
253 2468
61 761
3107 3226
2569 3714
3369 3227
312 3118
2922 1295
194 2901
1884 72
68 949
286 2113
2801 1767
3946 3477
2952 752
411 1004
2077 2760
1828 1966
3929 1918
2307 3440
3089 3590
3846 1181
1932 1889
3607 2238
3048 2158
314 2116
49 3733
3996 3715
783 1470
3936 1777
2255 1683
2562 3974
466 3899
3786 1987
2618 1000
1745 2184
2273 3703
899 2204
629 3561
3671 2055
673 2694
1502 907
3531 2508
3602 2025
199 2806
3353 3099
2284 976
3925 2144
1058 1079
2837 3884
2227 1073
1646 1121
1822 970
2411 3556
2876 83
1823 2777
3787 1891
2588 983
3332 1395
498 2162
1474 1829
3206 3661
2551 3155
2801 1075
948 2459
3813 3988
1050 800
562 864
2401 3867
2925 3326
1301 764
2378 2547
840 1388
197 598
3187 3370
412 2402
3096 99
3663 1121
3639 3274
281 622
3778 2279
3404 1598
3792 509
2812 70
3460 495
902 1798
2909 3993
3345 1161
2036 961
2651 1746
2758 1557
1062 530
3272 1190
3012 50
3029 1826
2857 1571
3516 2061
3581 503
3286 753
3824 300
3679 27
2250 3362
274 1122
2369 3656
1402 1543
2887 3692
1934 2793
1363 241
3509 3034
1825 2685
3906 2419
1481 3836
2208 1535
2964 1252
3713 2119
729 3174
2589 3711
1080 2529
756 279
600 3025
135 2725
3929 3660
2221 1215
3478 1862
3442 1817
2012 2328
2963 2084
1773 1856
2029 824
1171 3141
1881 2539
3395 489
958 691
1999 1404
122 3407
2869 129
656 2694
2051 2777
164 1573
2166 2560
2022 2041
1216 2159
2544 2120
2313 2472
1847 2521
2209 211
3435 238
3949 177
2674 3416
3927 445
8 3995
602 71
978 3755
3328 2390
2953 3827
3834 1557
2245 3760
2063 2155
2783 1159
133 1504
1181 1194
1138 3773
2559 186
3281 1517
1672 444
2175 3616
850 3158
2205 3831
980 1148
2957 3010
3954 2393
1033 2160
652 3976
1466 709
3017 3635
2247 3610
828 1226
1821 1887
1075 1059
2298 1402
3591 2115
1892 1275
3167 3218
884 2599
1653 816
3317 3642
2846 2000
589 2627
1880 2813
3469 303
297 2200
82 1326
1543 1716
3427 1894
11 3028
2747 1886
1637 2479
2649 2794
1621 1271
124 84
890 1956
933 3305
399 3801
3243 985
3655 1455
121 2399
148 3189
292 1729
2321 1831
3701 1641
1643 1666
2270 2867
700 791
3608 2931
3618 1236
1032 1687
3794 3130
1380 2354
3347 2164
3871 2809
1720 2478
3466 93
161 2920
2062 1141
713 2110
3021 3325
1872 2288
1599 1148
3417 2480
2821 2133
3675 586
2492 2149
3984 2164
459 2238
2047 1173
3743 1204
3514 2393
2029 1350
2352 3269
574 2374
1776 3031
1951 2633
2243 2737
377 3479
3267 1463
20 2950
2862 414
1319 1545
3991 3173
689 941
2391 2121
2451 3595
905 2676
1386 3291
465 1649
1610 1299
3597 1825
3092 2705
2857 3137
3645 2902
511 1707
3959 639
1095 3150
3903 1200
37 481
1262 2767
533 3566
1664 662
2731 2507
1542 208
569 3932
1650 3261
1657 3307
3398 1877
1049 3262
2476 1476
3141 13
2931 1022
1882 385
3699 3428
826 3454
553 2646
821 3259
1238 2981
3999
3539 364
3656 3930
3184 3863
1210 431
2783 2558
2240 2184
1647 3057
1597 2542
806 1602
1092 1522
1348 3929
2972 1024
18 3091
3920 3726
551 3780
2232 3051
143 2862
209 1486
1941 104
3554 3544
915 2512
303 1311
2152 214
2955 3319
2125 1214
2671 2968
1351 3297
1293 3349
1167 581
1506 2217
1585 2862
1747 889
2811 1371
2478 1037
336 365
534 3773
1195 1288
181 3409
309 89
3017 820
412 3710
3467 619
2746 1864
2828 1271
1807 1098
1393 3002
3263 2918
1398 3733
1331 4000
967 999
2533 3261
1856 3955
2506 247
330 3808
2578 2872
3059 3568
1833 1086
783 2721
596 1207
1807 354
562 3737
1821 2378
451 28
282 1242
1605 3944
3765 3859
3982 1880
2015 1005
3401 3458
1577 2923
2009 3109
3521 1262
2 1956
3970 179
707 2985
1472 911
3884 3110
1671 3029
1868 1623
3687 1438
2261 1726
3377 3387
1813 1031
37 1655
2191 1092
2717 3421
2119 3945
1457 2172
987 2158
2879 1895
2675 2644
189 3341
906 1911
1401 1433
875 2120
1327 1294
3383 2383
765 1806
3833 2833
1478 3400
3176 778
2300 2553
2784 2302
2618 139
781 851
2855 3238
2275 3186
2873 2514
2307 966
258 738
638 3069
913 127
1193 264
35 2736
3916 214
3553 3996
1999 3466
516 3749
1789 2916
676 3987
631 576
3379 1991
930 3900
97 1408
3399 3009
1540 3052
3202 2666
2895 1702
2974 2374
3986 3293
2915 1534
1769 2150
3887 959
3706 86
3080 3414
567 3750
3460 2209
3199 1911
236 1122
2544 145
1748 335
3285 2327
543 2027
2803 1301
274 619
273 366
1303 1951
142 129
1770 2382
1328 2808
3917 2263
1487 3760
3139 1730
2030 906
2880 3967
1011 1816
728 1254
2110 2917
3069 949
1799 2800
3061 3540
396 1829
3690 2839
772 610
3869 3103
1638 1078
1593 1045
3095 328
3609 2148
3386 2214
718 564
3563 446
84 2961
3521 2294
3455 2128
1099 1717
3335 3972
2652 680
950 417
483 1878
3279 437
2192 1942
1319 3746
3712 2207
3739 3273
3291 3192
325 1619
3615 2831
1297 1330
1222 976
2971 969
2724 3420
345 1100
3717 1520
1837 1357
1890 885
836 1317
720 608
2756 3724
3693 2744
893 3269
1104 677
2345 3710
1664 2734
3875 1140
409 3360
1867 3935
2468 2226
2019 48
916 845
2135 835
3846 3331
1289 1220
154 3648
2909 317
1719 3602
3946 1268
3411 3303
1968 3613
3362 424
1568 741
2092 2080
3029 2792
1943 2397
1545 1164
2874 3097
3750 495
386 617
2841 3936
3905 399
1632 1853
370 3607
3576 513
362 2901
3185 607
2243 2561
3613 2945
3861 2034
1672 3500
1143 581
2566 2246
1809 165
1588 2188
1034 305
3235 741
687 2013
3809 3657
3879 584
1596 450
5 3359
642 917
3179 643
13 1230
2088 2348
810 1155
290 3255
3582 190
2478 1318
2334 3151
2977 2432
3215 2829
1785 2658
3473 3141
2475 2883
944 2770
155 389
1078 3642
3005 2040
1838 3104
3991 1499
3342 3352
3358 3077
282 1445
2231 3413
3936 3187
1421 2263
2375 1691
729 3501
1877 3797
903 3493
2269 754
1575 3328
732 719
2429 898
2284 3534
3199 3302
1977 1538
2051 579
1436 138
31 1795
249 1520
1057 3713
2615 2323
2613 3795
1166 2521
1633 589
669 3787
766 1772
409 2121
270 3023
547 3136
1846 784
238 55
2402 1598
1945 1595
951 3121
1301 2658
32 3681
1815 3195
2674 1025
785 2043
3234 3409
768 32
454 2430
2380 3526
1734 2254
507 1434
1897 3203
2887 1843
2695 2279
1407 666
1751 1332
11 3785
56 1928
3996 863
352 2017
3485 3327
1908 1847
2785 3674
330 2418
2763 622
1330 1335
2045 3249
1883 3687
29 1768
3588 1018
1252 3343
621 1588
224 918
2814 3952
3093 3161
3363 436
288 1828
479 2326
510 2513
3797 2099
1265 1176
502 557
333 1490
1107 2484
684 116
1375 2166
1309 1278
2919 2413
3829 3813
852 1666
351 3380
1788 3268
3187 750
3176 3457
2866 2117
3446 520
1251 1615
3597 3016
2090 3677
1081 3766
393 1754
3008 1050
3892 2844
1778 1921
148 3475
10 2785
463 1064
2574 326
1108 1446
1599 171
266 3094
3672 2220
1844 367
1834 2624
356 3429
2151 3752
255 2390
3784 2439
2787 1424
2511 886
2422 187
2472 3021
463 1346
3604 3634
2763 152
2496 3150
601 33
2011 2023
541 3969
813 3641
1605 2664
2539 3761
1860 116
1697 2790
1471 2189
2684 1870
799 2870
187 1296
3660 1196
2964 3437
3247 609
3311 1962
480 353
353 43
2963 2483
3908 2732
2822 2094
2791 1113
2626 3537
1412 1179
1591 1070
1462 3316
1736 1967
3841 2259
3299 2520
1257 3630
3712 3288
562 95
1714 844
2311 3470
1450 2888
1012 3961
1173 2841
2497 398
2286 1055
2426 1824
938 3062
2215 694
3585 859
48 423
2508 1411
865 3244
3265 2823
2310 3319
591 1208
1384 723
40 2861
1504 3832
2142 2337
1133 3545
54 1830
310 2064
1777 2394
1622 3873
197 2596
3713 3754
1622 3018
2625 668
404 3166
614 1480
3683 3467
3668 157
2538 3167
203 3439
725 1206
1600 559
543 1571
1340 3211
1441 2655
3015 1041
798 2948
1109 2198
2336 2976
2692 590
2096 3254
339 1006
818 3515
1469 232
516 388
3326 3426
2780 3234
1798 3351
2705 2501
2325 1043
1898 3218
566 3628
2100 1954
609 1328
568 3360
1067 3523
1316 801
514 3073
788 1827
2689 3002
1110 3689
1900 1016
2680 2702
892 923
377 2525
487 3692
3842 511
1147 3350
2787 2385
1741 2101
2961 3498
2747 21
630 2170
1056 3402
821 3318
3967 2178
916 3262
601 50
53 636
3815 1616
1240 121
12 81
2468 992
975 58
1003 1955
3396 344
2355 283
2388 2902
2505 2451
3786 3320
3281 1057
522 872
1799 2566
365 1238
1323 316
312 3376
1051 2284
1811 2956
1630 1834
3559 670
966 2811
3108 3182
2921 1171
899 3145
2826 184
1246 2423
2889 3085
3200 2141
2038 2959
565 1964
2400 1815
1255 900
359 305
2299 1649
2630 1566
1102 1740
23 123
3484 910
2224 3495
3555 3171
1274 721
569 1566
83 3945
2424 3439
3209 269
838 1454
3624 1699
1260 207
288 3982
3480 1028
411 1477
60 2373
3217 558
2293 3452
1202 318
976 645
1110 36
3216 1500
3742 3499
1933 1093
1457 44
1586 1958
177 737
307 440
2104 1737
1191 1920
3356 256
2414 2795
1722 2043
2818 3639
3527 27
475 589
2278 2548
1353 3505
2021 3570
2024 1058
3924 1226
848 794
2028 3476
2846 1482
1938 3279
326 533
1691 925
3175 480
1873 3264
3148 350
1561 1384
1035 2831
338 399
1792 775
133 408
3737 3680
3973 192
1451 812
392 2603
3397 836
2359 1794
1023 2641
1187 1883
706 2283
3703 2526
1838 848
2145 3922
2691 2235
991 448
3202 1989
1677 1161
3326 679
3778 2572
3237 3925
303 1141
1113 3286
1505 1277
277 171
593 1613
2661 1948
1425 3464
3720 1026
1985 2753
1456 822
2515 3347
1601 1484
3088 319
6 2742
1906 3513
2167 3919
2046 3817
996 2764
2408 3812
411 3144
525 2244
3598 2094
227 2353
3364 2267
2864 535
955 1134
799 372
175 3772
1764 3891
2513 68
2239 2989
837 607
956 2421
984 2075
2317 548
2301 3055
2131 2876
1412 687
3038 64
2324 897
3427 1760
243 1014
1439 1032
3758 2794
38 1625
1481 499
3410 560
1957 1105
2197 2700
3239 3512
839 808
2163 1509
577 2425
1407 2798
109 3751
3897 3077
1434 2953
2449 198
2548 2635
1884 2554
1666 3620
1505 3269
2482 1265
3697 2503
2426 233
3994 1513
2133 2934
1710 3325
250 248
1765 2095
528 1962
2000 1982
2742 41
1299 1542
1987 3107
1073 2177
3139 1493
3910 397
2090 1906
979 2170
887 815
1987 1497
2407 2856
1324 2015
1939 1485
2792 769
1095 2380
159 72
2368 1757
613 1393
2718 3807
722 3411
1726 1506
1735 1354
3013 3107
3113 2081
2813 302
421 323
3246 2105
2667 3143
61 1117
985 1885
3610 3594
1011 3159
1177 2726
1791 3838
1061 3236
1743 1400
3524 2604
246 118
1961 1827
173 395
3249 782
713 3001
896 2569
2093 373
714 3392
2496 164
1779 334
994 371
1127 1182
2049 2176
506 3451
3665 2297
3212 3730
1101 3063
253 3423
639 2485
2666 2754
1399 2407
1234 3844
1742 1278
2594 2967
3679 3828
117 1350
2920 3561
1548 2137
1343 3129
1100 157
1235 3798
269 3165
182 3534
2635 1492
2654 591
3013 2627
3577 1658
2875 123
2619 3014
876 262
235 1455
2673 1531
2233 1870
3542 1129
779 1132
3720 252
3270 1592
808 646
72 74
285 3050
1186 2387
2947 2116
71 2071
3477 3207
3373 3212
1600 1069
1420 2105
1597 1002
3161 1847
2892 4000
776 701
2893 1619
650 2081
3164 346
3405 2806
354 3431
3623 705
368 2124
1968 1115
64 2773
302 1477
2338 1984
3462 1515
3840 2914
3764 2257
1897 2807
2510 1058
1474 1694
1723 3146
940 804
3143 2851
2330 718
2280 931
3083 2743
796 1657
2205 3181
474 2039
1643 2558
10 600
2848 963
3818 2525
3231 3676
3054 1512
1645 2938
3223 3441
3727 3601
3377 2351
2777 466
994 1699
755 2129
3259 427
3074 1530
2590 2060
13 1746
575 1781
2620 186
462 3170
3774 1090
1786 3408
2591 208
3425 693
2712 1080
3438 1671
2999 3939
2967 3591
419 2067
3507 580
3902 739
3923 2400
600 1660
2386 357
2998 2704
2628 2463
23 2350
2938 1024
3963 2278
3808 3289
1077 2996
1716 1004
651 2161
2970 237
2182 3449
733 2448
1282 3868
1569 2089
1945 3314
3753 3149
2789 2190
3802 7
1127 490
2575 2685
2072 1367
979 1305
586 1981
1496 2277
1791 3636
14 1429
1386 3520
2960 1805
1279 1634
2892 3229
100 1186
3195 295
1571 101
1044 2361
1584 3618
587 3567
439 2305
879 3118
3394 2656
3274 1492
449 2114
2350 1280
1065 1979
2253 1387
3804 654
1430 3350
939 1439
789 739
3919 1470
610 3237
2433 1260
3068 228
3090 2075
1553 2078
1633 291
1919 833
2722 963
2529 3445
1010 3757
2449 1493
1237 75
3566 3925
3256 3430
460 1859
240 3990
382 3970
3230 2572
3805 523
2589 1831
2754 18
1724 2804
995 3245
1901 3162
831 2036
2156 3876
702 3556
1687 1670
759 1270
3909 1467
1204 974
1285 1071
3378 2285
1300 3811
1145 1380
674 349
2229 3100
2147 1528
3175 293
1664 3773
2860 234
127 3926
797 3441
871 3486
2440 1442
1188 1969
1988 3253
3141 2423
1865 2583
3011 1636
2982 1120
3678 3313
434 2854
1653 1416
3541 1825
3472 1867
2983 998
960 563
1406 1306
2333 749
429 3834
3735 877
2656 476
3485 1797
1654 867
781 2549
758 2651
3039 1524
2433 2708
1093 1
2632 1266
300 2698
1559 3111
174 3015
1871 210
3910 2973
2485 1793
2637 1621
429 2674
2588 1527
3271 2495
2499 1765
2980 4
1756 1972
3950 1557
2941 3640
2913 29
1754 3854
1895 2577
1692 348
2274 2624
2048 3820
3993 852
3434 2544
416 1992
3325 952
2357 286
1917 469
1977 173
1366 39
2419 3950
2415 2371
2299 800
2235 108
1488 3776
1511 1313
2032 2682
3264 1489
268 772
954 1273
1440 21
2986 988
3731 2209
3516 2865
1017 2545
3415 125
2885 2772
3850 146
2809 19
2587 76
144 3026
1202 880
3464 1904
1284 254
1999 2352
620 1290
3772 2389
2035 1766
3668 1782
93 3951
1530 932
3300 2257
2842 732
1346 2994
1456 2836
1473 1609
1364 261
3282 360
531 810
69 2193
2434 1803
3652 1403
506 3442
1929 2576
393 2388
3432 3120
1642 1649
2983 3526
3065 3361
1206 2962
3150 3519
2079 3351
528 2242
3065 1249
3558 336
1686 438
512 730
1094 3132
1006 2673
2320 1373
2150 1698
712 3708
574 1217
1910 2592
2864 3814
3333 3272
3201 3958
2274 3037
1709 3831
3868 1946
2723 3847
292 2640
767 1915
132 2898
3133 3600
1112 204
644 1256
1185 2766
410 2016
1410 1808
3900 2190
2677 929
3583 1126
3433 3532
1437 1453
1523 3622
3702 1048
2312 1767
2352 2486
3802 1919
2565 133
194 796
1874 2999
1965 1141
2137 2123
3557 1710
3776 3488
520 278
2341 379
3787 509
3301 2415
1587 659
1413 3986
3028 1573
3801 1337
1579 2345
1801 3339
3258 1419
3288 758
2165 2214
873 1315
3075 3434
3848 1368
1740 3124
267 891
540 2189
3066 2270
3374 3564
2487 2924
3820 1046
996 1151
2487 598
2504 579
550 664
3594 1314
3717 500
3933 3956
2392 1656
1970 2818
402 375
1914 2585
139 1758
3345 883
3231 281
2073 41
3822 3304
295 2044
3662 1471
3960 3927
3791 1779
3200 1219
1193 1414
3800 2931
3857 3781
2315 1625
2801 1626
2186 3386
2495 3027
3705 2503
875 917
814 2729
3871 2633
3230 527
2600 540
488 3663
3329 1832
244 3955
663 3654
666 1777
2777 2932
191 1886
2715 1561
2918 1688
3205 2700
2711 1802
3629 3897
1150 1375
3089 1175
1027 1850
347 1741
2702 2791
2948 1102
489 753
1918 1800
3762 3267
3518 3706
1677 1236
1532 856
3222 1885
3874 2353
1248 2494
2936 700
2768 3098
2241 211
202 2675
3703 3076
518 1308
2650 3372
2279 321
1873 3327
2463 1761
2462 1165
3219 1669
3836 2579
3191 2213
582 388
232 3283
1362 3025
3240 3470
3334 3859
2377 3476
63 2727
558 2356
2225 1552
2441 3004
2003 1687
2756 2946
1607 744
2412 1758
27 1307
1148 655
1365 815
984 2059
1732 902
1022 3909
1893 2537
1076 3694
705 789
28 2919
3997 3688
2760 2784
2291 3514
731 1817
3592 2643
3113 2474
1696 3796
1279 3221
1551 196
2587 1392
1198 2403
91 3565
1546 2680
3952 2743
615 3942
3049 1825
1984 3903
2054 2118
3841 745
3529 833
339 1610
2228 1788
2046 3151
634 256
1398 1367
2366 896
683 3531
592 2035
3627 2331
1872 2321
686 2896
377 483
1564 3793
51 1932
2201 378
3445 3543
1772 1005
1538 1685
611 798
561 2173
2242 3340
444 257
2041 2356
2290 747
3887 1733
216 2740
2935 1426
2379 2416
657 84
2211 3315
2887 3985
56 3908
1959 2102
441 1459
3664 1932
1085 1310
2893 1329
3913 3278
2249 46
3538 3189
1775 2701
2712 912
3167 1659
3783 3309
860 1174
3648 2483
468 252
2481 2053
3515 2343
212 2910
3055 433
1904 598
1269 3888
1225 491
3736 488
3667 2275
645 2653
65 699
3131 2539
113 2696
1122 3163
1239 1326
3995 1725
3629 853
1590 3552
901 1960
1935 2313
3183 381
2516 271
2696 2203
2868 215
3407 3568
1818 1729
2062 61
3651 265
2045 3458
314 2205
1860 1067
2262 2479
724 3885
559 3414
1803 3622
583 2391
2685 3933
3980 2215
2037 1396
827 3273
3086 3563
3704 1306
3957 1444
3140 2479
1421 3106
2161 813
1404 329
438 394
3331 219
3367 3775
3766 3496
3918 1485
2652 231
3911 1213
2456 117
759 2383
47 817
1781 2065
2911 2004
2751 715
1784 70
119 378
1925 178
3035 2265
267 3792
1746 1240
1547 1804
1586 3947
406 3021
1993 1809
3691 691
1463 1038
1584 2557
1403 140
293 738
1128 817
3818 188
1160 3044
1223 3138
2175 615
874 1593
595 2870
3707 3856
1550 1458
2204 3728
3815 688
1037 1849
3829 1143
1358 2545
2930 2311
2778 3780
3587 1096
602 1332
3177 3242
1197 1988
2580 1486
1139 682
2316 1152
1072 1628
3235 216
722 3798
3192 1432
3582 2568
2710 1636
2029 3455
3418 2959
230 2609
2435 1513
2599 866
3824 1698
1422 421
2309 2458
1029 1267
1879 1502
3861 3296
1224 930
217 3160
340 3597
2651 1565
1500 3186
3743 1302
1646 402
1053 317
250 3763
2727 385
174 1796
3504 1578
3261 2896
961 2013
1076 2951
3112 3964
3028 3020
3456 1322
2648 3398
2022 3076
128 1276
1564 592
3468 2835
1881 3126
2886 477
2231 924
2661 1682
3181 661
2518 790
795 1210
504 2684
940 2165
2670 1115
774 623
2591 851
3862 2931
2012 2223
2145 2328
3837 2347
3726 3155
3851 1609
2943 1013
3619 1109
349 2866
1890 3769
3380 2523
2633 2410
3872 3695
168 1673
3562 102
2273 1876
3375 1887
2710 1422
2759 3290
980 2911
3971 3371
2364 942
1517 1419
1635 3169
189 2937
445 1840
3245 193
912 2794
527 605
2406 3786
3178 2937
1826 1892
2216 3159
594 3512
3864 3435
3579 3389
3469 213
1415 3695
3660 279
3708 1744
3645 1581
3108 2780
2390 3453
1490 795
3132 1101
1077 2823
2014 220
2965 2920
3998 1130
2367 2175
2002 1336
1342 882
3278 2768
3494 1888
3920 2155
3466 2625
1124 3854
2197 225
3992 1119
3345 1755
3744 1428
3393 313
3904 3977
2845 2915
662 3281
437 3093
2508 1397
1637 1611
957 985
1862 1023
3893 19
827 1199
3971 3347
407 135
3042 2524
2384 856
627 676
2379 3487
2703 1931
2515 206
1399 3948
2151 951
1430 1344
2786 840
2622 1184
332 472
1659 188
67 3023
3481 1621
542 2392
1243 3368
1715 2988
338 251
298 3432
2267 3337
2462 2132
3382 3251
3355 1170
158 59
3095 2876
2776 254
2268 3914
3406 3502
763 3570
2066 499
112 3659
2749 2452
2571 2872
3225 618
1030 2990
1965 340
1812 1877
987 965
1369 3621
647 1711
3094 1134
2693 2588
1936 229
2949 3208
486 1511
2788 1287
2216 3643
1722 1161
910 1075
1448 3609
668 115
370 637
3416 1510
612 835
2505 98
660 2360
3449 2071
1738 3478
470 890
3701 1390
153 3826
3106 2079
1553 893
920 3302
3835 1532
1424 1211
515 471
3125 920
2097 1971
3903 3508
461 2641
1189 109
486 2224
878 2008
2405 1291
3388 3663
3365 2965
121 627
2451 802
936 1238
933 3543
2877 622
498 1418
1744 428
491 73
464 2298
3988 3366
3216 3368
1654 414
1975 1176
150 3675
3977 2359
1509 2405
2238 3683
3217 673
2552 2364
2878 2833
3876 1780
3461 3457
1293 503
3746 3929
2294 3748
1512 12
3387 3606
3194 3715
950 934
1406 637
2821 2360
3330 3716
3745 2541
653 811
3361 176
2470 504
1160 2935
3171 229
2543 3777
3984 1992
1232 750
2469 1413
2733 1269
3031 2188
3287 3184
1546 1353
1759 105
1168 57
2616 736
975 3168
2594 3623
2648 271
2797 2814
442 3323
1974 1168
1972 3866
2471 1689
3210 144
716 2783
3472 2357
2365 2130
426 1519
2052 3777
1644 3771
3078 2897
1009 2731
2332 2169
3611 969
919 556
3329 1907
1637 2805
88 3356
1646 2690
3474 624
2992 710
748 823
1738 3177
1075 3436
862 1394
1242 669
2724 1056
2598 1227
310 3190
1535 3174
3197 280
3479 1304
3738 620
2950 3436
971 2417
3039 1274
2078 2647
415 2191
731 850
3743 2796
2521 3156
2160 1624
3427 3370
2217 3064
2574 168
1693 555
563 436
451 1266
652 1453
735 2112
128 1866
2637 120
945 1937
1690 3669
3974 147
2589 2318
3510 3254
1142 742
3926 3137
3101 2744
1970 3403
1559 1170
79 3721
1438 433
1801 3383
2126 1776
2432 2958
696 3953
2329 2186
3180 536
2530 1166
1899 3495
2237 925
2444 1639
201 2819
3998 3056
1515 2461
913 1376
964 3352
428 350
786 1212
2800 1401
2880 1789
2565 2766
3123 3220
1460 3740
624 2252
3053 2957
744 1543
2444 1940
907 3280
1652 3037
17 872
2628 2606
3621 495
3795 3894
570 297
2690 1261
1545 3655
1675 1797
11 3978
1782 3204
2928 2654
1079 3906
383 100
396 880
1991 2552
1404 1905
1094 1018
3365 2131
2745 2301
2001 1837
125 3306
2034 459
455 1410
1420 322
2707 1851
2523 3426
2540 1704
2563 3980
701 136
685 107
3511 2387
3446 2593
1262 2749
2676 1662
3686 1562
200 3525
118 94
2668 375
1445 162
200 3295
569 3692
1620 2498
2649 3779
3979 1638
3972 2107
1340 1855
2925 2982
160 265
2966 1961
2459 1458
846 2804
3444 1814
380 1950
2720 1917
593 1989
3586 3513
2021 93
2847 2314
2031 1580
3533 1536
398 952
2559 2747
3546 914
129 2005
2362 2144
3096 1071
1472 1769
1713 1047
1680 1145
3313 704
760 3297
2535 1349
3081 2758
2050 2514
1952 1299
618 2473
2443 3228
1971 1231
2103 1774
3657 3489
1146 3152
2039 2250
2705 3206
1985 3333
1499 3741
3646 3170
2669 3135
2924 2599
2040 889
2264 1775
2977 3104
2715 3673
2346 3388
3928 1087
366 2612
160 1800
884 1229
2048 2007
130 369
3626 2584
2330 3652
3158 1488
1854 3678
1468 1839
2803 882
3709 25
485 2942
260 2219
2547 898
829 1706
245 2212
3465 3502
1891 2980
1392 3262
3618 3324
2671 3860
3478 3689
440 3348
1190 3658
1703 3912
3218 1854
2329 3194
3835 3519
3778 1567
260 1312
992 3063
17 3243
1080 2146
2060 337
1823 3102
1221 1300
2206 870
2025 2975
2282 3628
797 1154
3043 1040
3731 2926
2288 747
460 3867
1223 2016
3041 2265
1324 3049
1942 324
2616 2610
2104 1321
3938 153
3479 1770
3190 1372
3155 226
2827 3116
3320 3026
1435 2409
3454 1192
2006 3550
2665 1417
1893 163
630 1521
2303 1272
3580 3617
1082 2802
1590 3153
1681 2042
1084 1313
3667 891
3040 179
703 301
3019 1450
1009 2687
2469 2668
1707 2406
2605 2757
2509 2332
3119 625
640 450
192 1296
3684 717
1982 1730
2093 2115
3620 3871
2497 1880
2477 2954
3509 1147
1731 2086
1441 3694
1874 829
2343 3839
2381 3530
209 1923
2245 2396
874 2765
1083 2326
3276 2932
3260 670
489 3224
2517 2582
524 344
1179 2899
814 1737
287 2563
3949 3839
14 989
2773 3890
3251 2424
1875 2739
2507 661
3591 1563
1901 1882
1444 3051
3577 3764
943 2201
1224 1723
1889 210
2735 2181
2703 2087
2208 1295
1594 1614
634 730
1440 971
69 1539
445 2202
949 2730
311 575
2517 380
2168 977
595 2848
62 3826
2465 3770
237 779
3531 3201
3128 2613
78 1089
3616 1829
201 47
2156 1124
549 993
1181 918
1708 1220
865 1114
2321 2063
895 2399
1826 1065
2585 536
1718 1857
3348 435
3646 180
728 1267
383 973
3334 2421
3518 3165
3258 3905
777 653
3522 287
3303 1806
3535 2258
3032 1909
2542 3146
3830 608
3775 3071
1733 1341
1276 2179
1651 2134
510 1529
819 1000
251 1608
3896 1518
572 2752
2855 348
80 3000
3825 3066
1098 1763
199 3024
1678 2553
3700 2729
3806 1409
2085 900
2067 496
566 2114
1243 163
834 2602
1003 1443
296 2683
3163 2169
2882 1881
2026 371
2194 2436
1711 3551
3866 3816
1570 554
2940 2336
2806 3277
2395 3865
850 2454
2914 530
2179 3649
959 828
1926 3995
83 3003
594 2393
3157 1887
3083 1519
3263 1467
4 1203
2889 1494
3976 3546
821 306
3741 1088
1660 1830
2726 1849
1053 321
571 1495
2436 3246
1169 990
2069 3173
3306 2993
2260 3491
756 2246
3463 2077
3585 503
832 782
3934 1805
1460 1896
3041 2695
824 849
2834 1617
166 501
304 1905
284 3691
1435 3099
2913 2867
3314 3604
60 2134
3983 2740
2055 1727
3803 1285
3828 1342
2107 3358
3032 3271
1236 31
2180 3738
805 1952
2140 3580
3884 1394
3549 1433
2901 809
1747 1152
2840 1925
647 3843
2068 584
766 2707
660 1751
1432 3611
3481 3477
1644 385
2386 1338
3214 1371
3840 3552
2623 2055
2066 3916
3038 2686
854 2987
3541 333
2903 3030
467 111
1334 801
1089 391
1316 2490
1063 2187
884 2602
2037 205
3548 3915
673 2210
2653 352
1348 141
1998 2127
2315 3053
2305 2979
2398 1607
151 1175
2220 708
3592 3490
1573 1173
1601 3612
3852 3435
861 3697
3062 2173
1764 1610
2891 3895
24 3078
2984 2676
3548 960
1121 3359
25 3834
1258 2047
2597 2204
143 550
1776 400
1742 16
2621 3782
1508 3736
2501 2425
2561 115
3699 2746
3310 948
3913 2338
551 15
1551 1933
1900 2500
2555 2609
6 915
3542 1050
2373 1425
2489 3682
369 3043
1976 2886
1495 3337
3921 1889
1611 2020
1940 1131
1913 2247
59 3140
1713 3443
599 2543
1912 1068
263 413
1389 1194
2758 2149
236 3990
419 3118
843 1820
2857 316
2009 2166
136 2881
709 3718
2522 926
3794 272
1461 3114
1148 1997
757 1365
408 2307
2355 3560
554 2878
1647 3354
1070 2576
525 1956
3070 1620
873 725
855 3120
3616 1848
1591 2223
1514 2760
1502 257
1436 2963
2899 914
2645 650
2642 1114
458 290
1755 1268
413 3474
46 1501
492 112
1556 360
478 3968
3545 1096
1476 1695
1363 1473
3336 2968
2361 1164
208 2480
526 883
2771 3324
1555 3045
974 2113
3504 161
1464 1665
389 1651
294 986
3282 535
3059 466
2721 1292
2991 1615
3450 1522
1042 2244
358 2894
927 1426
1599 1507
2049 3812
2375 3424
2010 3266
603 481
185 2467
570 3045
2025 1960
3837 514
3893 1928
3671 1320
3498 3292
102 3209
932 1229
2292 3886
2819 3867
3210 864
3965 1679
711 104
2441 698
3857 2595
3447 3213
3111 2753
3486 2858
2422 2723
34 45
2206 289
2192 2845
3260 1908
2158 1012
2306 181
1111 3983
3057 828
3863 1739
3012 3079
3725 2562
2456 2157
3196 1345
231 2976
3460 2054
2106 1154
217 1983
1017 2835
888 1736
505 1787
1641 1560
3401 1773
2883 3608
3747 3354
1934 2111
1059 2247
1929 1568
3770 2396
2679 3353
3939 357
1844 2184
1298 1135
2502 1888
689 3047
1689 3505
1083 2693
1131 909
3760 3788
3931 1038
2852 3226
546 2250
2414 1550
681 3001
538 1140
582 1717
2084 1927
2154 824
1981 2978
106 1159
3942 1990
3395 1470
2573 1466
1595 876
1959 2859
980 1668
3902 3276
1280 3506
2665 2805
2647 1581
1680 3507
3081 2649
853 3856
983 1118
2917 681
830 714
467 2480
3147 2337
1491 3665
573 565
2618 2389
2660 1117
887 3895
1326 3072
841 3928
546 1373
1576 3803
2182 2358
2586 3178
986 170
2617 1953
1237 327
2259 204
1787 1198
922 1824
2934 881
2725 1339
1281 3499
529 2547
124 1234
1916 555
1474 667
3291 2950
1836 1082
3430 1479
3198 183
605 368
2447 2667
2786 2546
1118 215
783 1245
124 1387
3366 2640
635 2271
3506 2442
2586 2802
39 482
858 364
935 3596
1745 203
1995 1642
3098 1335
99 299
1720 2058
176 2431
1894 777
2832 721
34 3250
455 205
2488 81
1035 1119
3801 3670
3864 3771
2992 2996
2986 3183
3824 1385
1383 1021
3133 812
119 809
1264 1354
671 3243
103 764
1383 1283
2069 487
1663 1019
151 2978
3896 1149
2074 3599
424 2178
735 3962
3342 822
3984 1320
2123 3850
3510 1963
760 490
1894 2253
42 3099
3658 3296
2002 671
2713 2568
457 137
1344 989
2342 508
905 2125
96 3878
1549 2281
1462 3590
501 1361
2895 1464
2722 2871
169 1455
2072 753
195 3097
3527 2849
3100 3698
1704 2692
1864 3785
3 1298
2440 2255
266 710
2302 3617
1414 1281
351 1174
868 1192
2840 2218
3889 3189
1111 859
3600 1712
76 363
2036 1359
792 3040
1157 2979
1250 3901
1853 2769
649 2402
3085 1142
1842 1855
765 2970
625 442
2061 2491
2767 1026
2139 576
1014 427
105 3239
3283 1329
1575 1286
1336 3638
1349 202
1033 1715
1376 2276
3843 3025
1021 819
3528 2504
2211 1886
1594 1123
791 206
577 3763
553 1947
1090 3997
3336 955
1858 3203
3647 1912
331 2404
2146 962
1159 2354
1195 3185
2603 2858
944 2038
2210 186
1047 2448
2139 3128
3384 2135
633 946
2720 502
279 1366
2601 1135
1207 631
962 1183
703 786
1835 1333
1843 2212
3872 3213
2533 3266
3272 20
329 2335
281 2276
899 1536
1577 2322
355 1165
3044 1219
1719 3988
2530 1612
3060 1645
561 3813
1019 2798
1059 1036
3105 218
1091 2590
2369 2200
2843 218
1074 826
3825 1452
1228 2597
2057 3889
2393 1139
2061 3242
3855 2230
2221 3240
895 1408
2457 2174
693 3819
3417 2529
245 140
2688 3685
2606 242
1589 1845
2923 2557
3744 3702
1903 2237
3050 3880
1986 1203
2282 3985
1379 1497
2245 2850
68 1669
334 1233
3070 2908
2293 1739
1936 462
652 2816
2781 3287
762 2280
2493 1718
2176 147
135 3
3010 557
903 90
3821 3406
1250 3747
3959 1171
3583 567
3969 1963
621 1185
2339 3307
532 3275
1525 199
1041 1993
3588 3338
2287 3768
1343 1658
2500 1749
3849 3196
1749 1693
1418 2499
3091 432
727 1447
3497 999
3578 1200
1558 1061
1915 238
3723 2266
771 3092
564 3673
3682 335
2225 3935
1728 2397
508 1362
648 3885
1909 2954
3814 3934
2827 3332
1516 320
1841 1753
141 3047
3056 2922
494 2227
1629 3558
1541 2737
3698 1623
3664 2162
3153 1040
636 2611
1875 1130
2556 3145
1465 2255
3624 3961
3870 3767
509 3858
2384 3219
3321 702
2098 3732
3921 418
2812 1848
149 456
9 3805
1554 1583
2471 1602
3369 3101
2810 2273
3121 3134
1172 241
2679 2969
3701 3917
1734 616
2148 958
1794 3666
2256 574
2595 1721
1724 2195
3904 706
532 1850
3537 2289
2464 2575
1980 2085
314 2732
498 1957
2863 2446
2890 3974
2438 3782
3634 1355
1701 1360
3205 3581
3416 3705
1768 3005
2900 3233
1524 2694
2083 1808
869 1427
2117 632
553 2460
2445 2251
1060 3918
1272 392
3060 2185
2775 921
2608 2052
77 2076
1953 1062
212 3644
2810 2869
1603 306
3593 2875
156 2526
2728 3483
3865 667
3135 654
332 690
2057 2879
2981 1020
2987 452
2801 3233
3082 3033
1653 1938
2540 3293
1259 3647
749 3783
275 2082
740 2466
2634 1292
403 3586
1841 114
2518 3562
1635 3328
2087 3514
599 2438
2126 2109
1618 2762
3290 2881
387 2551
1949 3428
2065 1857
40 3842
818 2617
965 1641
2877 3130
2579 8
626 241
2815 1757
3574 328
1232 2843
1286 1034
1560 24
3300 1628
515 2975
2714 3073
73 881
1475 3759
165 137
1189 2958
3284 9
1858 1973
3158 1256
847 1743
1156 2638
1022 823
2592 934
805 2601
1931 762
629 1496
497 597
1227 2033
219 3891
3907 2890
3164 2453
1514 477
724 3937
688 1836
977 1998
292 1475
2567 484
3344 3423
2536 937
761 2334
3404 2289
207 2904
2519 2446
3357 2011
3511 2481
1153 2152
430 1813
1614 2686
1225 780
422 1048
1574 2772
45 544
642 1451
2536 1661
1750 172
2856 2516
1974 3579
3322 1720
1138 2153
3312 1950
82 1136
1264 507
1431 2073
1780 1706
2411 3751
1811 3487
261 1518
2349 3924
2162 3669
1369 3004
3442 2153
342 1869
3999 178
1745 679
1289 3845
1678 2596
3796 1690
2413 1703
3756 3115
972 1629
3440 1039
3719 539
953 2367
2850 770
89 2193
2570 473
3571 845
2830 485
1151 533
26 2632
3641 3870
2476 146
1149 1480
860 1249
297 1583
3931 1846
664 2957
519 3536
3573 3584
1606 1116
3768 1303
1990 2018
3575 415
3937 3157
1133 3492
2782 3019
982 2885
3179 1162
2659 1378
542 2084
3535 1662
928 2109
2728 1863
1465 57
2936 3635
341 2826
1291 3114
3779 3420
2475 2103
2857 1169
1360 2642
2796 1542
444 2434
3007 2993
22 2902
2612 2664
1616 3959
2694 1209
2472 456
1020 519
2933 806
3730 3003
862 1372
843 982
672 2328
2194 614
2952 213
3318 3117
3745 2144
33 2551
1523 2221
1315 1297
2070 2277
1302 416
3312 1191
3268 1233
2837 1935
2898 1381
1535 3340
16 1820
936 3294
1054 545
3006 3755
2369 2741
3852 2008
3640 890
2774 3144
2663 1579
2228 587
2853 847
892 2582
923 431
1361 1388
545 2891
2431 1840
682 7
3728 547
3440 3907
3490 2860
1650 1668
2320 3072
2349 2868
2370 443
2110 3655
1983 1345
1816 264
1015 2882
3953 2095
3873 253
1388 3068
1996 3957
3635 927
3381 3390
457 3633
372 1673
1554 3419
226 3035
3676 1
1943 1270
3215 343
958 961
3211 2163
3551 2304
3853 685
3364 3951
552 3732
523 3643
3810 1247
3831 802
1655 3412
3193 659
2312 1792
1123 2776
3257 3987
885 384
1966 155
734 665
2098 3422
3241 3082
285 3603
3173 361
2511 3335
2838 1903
2340 3130
1934 929
1700 3722
1252 990
1351 3992
2130 343
1822 3888
1158 2398
8 1180
1244 2839
2610 1491
1417 49
2473 707
1937 300
373 2737
2869 1454
928 1892
3438 3452
2155 3148
970 500
3459 2198
3729 3142
2555 2867
2639 3860
628 272
1728 2562
2452 3539
946 3639
394 603
1295 1924
481 1359
2262 3299
2852 2460
3323 3587
2313 1902
1682 2461
2236 3823
1321 342
1063 94
3166 2335
1271 1913
3793 3572
131 3733
3244 2650
449 1331
2112 2050
453 3645
1247 1039
3451 2788
3844 678
54 3182
1859 1446
751 1415
66 578
3784 3088
2322 2417
3080 492
1258 2450
2102 1643
663 672
2605 3482
1381 3188
1812 1716
1211 776
2736 894
3724 1527
3560 2708
239 1507
878 233
1125 2955
868 2825
3659 1578
1184 1339
1416 497
3413 2660
2844 1526
588 2691
888 3549
177 407
1966 3875
2385 3473
2820 2981
941 3369
1648 2793
2493 71
937 3538
1899 2946
3878 2990
111 3666
2283 2813
3877 1382
401 1618
788 2577
2799 3274
1640 643
3881 2077
2450 2428
811 1327
2401 447
1735 114
597 3277
3576 3162
2391 154
2465 1544
2099 405
1872 475
2953 3330
1785 3654
2748 2578
3523 3289
2003 2973
3723 2447
2348 2086
3522 2074
1501 3471
3344 1463
1727 803
1675 3418
404 3397
756 524
837 2401
3367 1064
325 2372
757 2457
1667 3633
2672 3630
2222 2944
3880 656
1558 1503
2443 412
1205 2683
3012 386
2774 3092
3847 1356
691 2271
3321 838
439 3317
2363 2738
3022 446
3686 816
1759 62
3090 1978
1213 1027
1132 420
3968 1562
2716 908
2630 754
1819 1378
476 1700
2196 2132
2969 2657
376 3605
2906 3564
604 699
3084 3791
315 228
106 1761
1137 3960
309 3881
358 3883
1257 1068
3399 3465
2014 126
861 2912
1357 443
132 3761
1995 2022
2171 617
2378 1537
1319 1153
2949 2871
1052 711
505 362
1116 2838
726 3966
3644 1762
2531 1144
3693 1449
3346 866
2412 3914
2682 3533
2884 839
1481 3615
991 3087
2027 1125
2042 1112
2370 301
2832 3232
2486 1126
1676 1468
3752 2124
1980 1013
2943 2318
1570 1589
1448 3593
3892 2063
1766 2108
726 3650
2149 846
3994 2097
1308 1307
3883 3516
2429 1565
3124 2528
1648 3484
585 2062
2208 2510
2490 1516
283 2264
1818 2670
1521 1494
3238 30
2154 675
1868 2366
720 2419
324 1427
3052 311
1729 1314
1783 190
3417 1352
2292 3661
1389 3943
3789 1461
717 3927
1773 3503
1674 323
2377 2775
1510 1667
3033 2252
138 2528
1798 820
1423 1580
1695 3767
1572 2120
606 3559
3651 122
742 2362
2995 1214
3528 1731
1920 2580
2636 2368
2846 3214
2560 690
3480 2076
1377 3265
3188 2018
3758 2234
1402 3000
464 544
3879 122
2837 2316
97 167
3993 3740
1163 2476
2083 359
2677 2113
1150 2410
2489 2236
37 3115
3280 103
2905 3848
1701 150
2010 3754
3503 526
387 3236
1305 1608
3631 2455
2733 3172
683 512
1681 1042
983 2709
1921 2171
3685 1215
3109 2817
2363 299
1817 242
2825 1146
3493 1190
2824 3729
1138 2017
2824 904
3305 3469
2995 1587
1483 1896
3372 1994
1288 2482
578 3906
539 2655
697 356
2119 320
2672 3010
3898 273
1930 3075
2319 2455
1576 763
3046 877
2183 1253
1036 247
406 3160
793 1947
3991 552
3395 1684
1032 904
1352 161
120 2755
92 1194
1201 602
1338 2834
1221 2569
2629 993
897 211
2512 953
1029 1556
3461 3898
638 234
3373 2522
1263 2477
312 1503
3610 2836
648 2908
3307 1627
1437 1074
3509 3311
82 709
2615 2865
2047 2376
2854 2376
3989 2238
2944 1856
2091 1325
3626 1052
75 1231
2904 2731
1241 3355
1922 1107
1031 3567
2494 2222
2342 1431
3524 548
2056 2964
556 3700
3976 2940
220 870
2816 384
55 2998
1821 3402
1045 572
3444 3232
513 1429
723 1778
3709 2820
2928 3790
1656 86
3739 51
1526 2354
3087 2291
1055 397
1442 1049
803 628
3322 3833
2706 2817
2520 304
3191 2906
1926 1696
249 3602
2717 1684
432 3529
1000 857
318 1657
1235 3940
1084 276
2929 3405
2725 465
2689 3979
840 1831
1531 1255
471 198
3295 3756
2007 988
113 403
2593 2240
162 2445
2143 2467
1156 3677
183 1155
517 1650
22 2138
2971 1670
3721 2897
3966 1624
854 3932
3774 1627
194 3305
1771 2859
2750 1368
2183 3048
1476 2627
134 2688
1631 1294
2502 1922
1563 816
2571 2229
410 2416
2939 2202
1674 942
2196 3475
1721 2761
2718 2560
2020 1136
2662 2140
1187 3625
3357 3500
1284 1347
729 2420
1748 1162
3379 2927
3492 3494
2492 2327
1596 2757
1585 3532
1949 2678
922 1902
2296 1325
842 1529
560 417
573 1087
1539 3589
1097 400
2248 2325
2991 422
740 1714
2662 1182
2960 1878
3301 941
3252 3034
2177 3285
1079 1603
1158 376
3398 3877
2266 3058
2347 2608
3371 2939
1632 3556
658 1391
968 2912
1062 3018
855 612
1275 596
3463 2115
945 319
1377 713
3226 3142
635 1309
3670 3116
149 494
159 3147
2534 3550
2241 613
3437 3384
1582 3975
2910 2297
2697 2706
2755 3138
1707 2341
1317 1333
1640 571
3204 580
3250 1007
3715 2634
2381 345
2168 3965
53 3517
2339 568
1930 1318
3711 2861
1884 1793
3286 775
3292 3607
611 1030
1676 1337
1876 3422
778 1702
2697 1282
294 3270
1487 2288
773 2541
2778 3375
3649 1839
3275 469
2623 3447
3036 2646
347 322
3696 2988
646 479
1183 1879
886 3661
1209 2243
2745 3046
3901 3853
1973 3223
1199 2532
541 2945
1994 221
3508 308
2454 3241
1222 1121
665 2873
1007 3284
3789 1322
134 42
156 74
459 1705
2260 3816
1081 3136
3393 2268
1033 3714
2181 1540
1918 2863
3084 2779
1634 2164
695 88
1955 748
2701 2340
2581 3584
331 3849
2122 3725
935 1630
3755 3483
1549 1016
1613 3722
939 3125
255 101
1924 2258
2556 2847
1861 1073
3788 20
3341 2138
3699 771
826 2519
1423 1277
454 2808
1543 3404
2492 3071
2030 3874
2550 3298
276 175
2272 629
2064 458
761 3105
1452 2023
3830 1106
2535 2916
1310 3999
286 1541
3569 3103
746 2926
800 2567
764 2004
2281 142
3627 3608
1914 3962
2239 3557
1479 1652
85 3459
246 3662
1790 3832
1692 1066
908 367
3688 3079
1103 1086
1979 3575
1200 3450
644 1245
3415 3765
698 2053
1944 1379
1672 1172
1828 1201
447 1323
787 3963
2044 2374
1986 3363
529 2921
1044 2372
1395 1567
1085 3536
704 3014
3846 3757
1907 91
2795 3525
2984 3547
3400 767
583 374
259 2645
1385 549
2164 1763
1091 2122
95 774
107 1756
3206 3947
997 1771
2304 166
58 1810
3389 2033
3443 2581
2598 1069
262 426
978 3807
1275 2738
1350 1783
2922 1832
3964 2395
3954 902
3024 2159
2631 1239
185 1760
85 379
651 99
2080 604
684 2933
538 3339
3381 3804
3821 470
1978 2903
240 586
905 3222
3637 995
1215 2418
793 3981
1944 3612
2056 3316
1534 3252
3221 3227
1228 50
3229 1251
3152 3882
382 2286
3362 172
3126 933
1205 1796
954 2527
2621 3253
2659 715
1939 3794
1910 807
423 3431
511 1802
804 3122
2782 2213
2001 2974
1025 2799
1835 3349
3149 2741
1216 1574
395 716
2669 2604
52 3817
733 964
2403 3129
3011 3943
307 1784
1049 3198
2459 3932
973 1582
1380 864
3156 919
1842 658
2584 2141
2909 1204
792 2759
3578 2762
2428 1181
3595 3589
3989 2323
2509 1370
3704 751
3016 719
425 3034
3822 2907
3790 3428
145 2639
2622 2032
169 3391
2028 2942
1951 1686
2687 3781
1725 2719
678 1617
1861 3809
3259 2626
191 2761
530 1606
2394 3598
844 1382
1447 2730
38 3574
736 2631
2972 1001
3257 894
2254 3042
867 1750
2779 2399
425 3009
1483 2809
3353 401
2611 787
418 1898
3674 2853
3169 2308
1157 3374
755 780
708 3571
131 1525
2251 2439
2830 3006
327 3376
830 3632
3981 632
3391 2314
87 1066
1967 2713
405 66
1752 3448
1804 3127
96 482
2638 869
361 473
2272 1178
381 521
2296 3048
453 3137
1482 2905
1555 2537
662 794
871 926
3247 879
2619 3599
3310 3385
1015 3684
1705 639
832 1833
2121 3930
3569 1694
2303 2371
521 2295
3911 414
2082 1762
1865 3208
3973 3154
2269 296
2657 2096
3946 2012
752 3294
308 2888
3346 3022
1283 3180
3468 2466
1405 3653
3489 2143
2620 531
3899 1254
695 3315
3671 3304
3036 1103
3590 2464
2136 36
43 3298
947 1374
167 2157
1819 3172
3020 3792
77 223
2822 223
1572 2453
677 3338
3224 235
3941 44
2319 2570
2116 3482
3343 3734
3064 2739
3112 1767
258 2234
2711 2427
3806 2900
3823 2420
585 1002
522 2699
1866 2554
956 2195
3530 2607
3547 743
2793 3565
2024 180
773 1108
517 2000
1498 3642
3540 2230
1683 712
2207 1246
2907 390
3555 849
49 2187
3631 1537
3382 675
2719 2180
152 2735
1396 3421
2951 3690
2298 1397
1508 1449
452 2498
825 2058
2295 1459
2029 1862
737 1927
79 3572
196 1443
2092 70
1120 35
391 1363
3168 1355
2546 1665
2828 2344
841 3102
248 1163
3748 3632
3248 110
1489 2108
2089 65
222 3637
1996 2365
1099 3096
746 590
1004 2200
3810 697
2160 2842
2849 2261
1852 1923
1679 2101
2966 363
1374 1261
3058 1997
2484 1948
3882 931
2159 1697
2306 3711
3030 2470
2614 3886
3605 1105
3958 2185
3407 1259
957 857
3719 1604
2147 3680
130 2199
1626 1106
3054 63
649 1386
2573 680
3488 221
1304 5
2127 1226
195 2994
2111 1391
3890 2709
15 3197
1263 3429
968 640
1533 2129
3174 2930
3735 2771
909 2100
745 3769
1478 478
970 420
3227 197
259 2310
2564 825
461 2437
694 1544
1008 2770
2430 3119
3827 2989
1547 3412
3940 2507
2767 2643
3675 1484
3544 2874
3653 588
1428 3899
3419 947
3956 3008
2404 3027
3207 3762
1409 2051
3949 689
2678 3727
3031 1466
2956 3718
493 2331
3836 657
2136 224
1290 752
110 1592
2442 2797
633 474
1177 1946
2534 921
2781 2851
2256 98
3581 2219
484 743
1774 1197
1548 997
472 184
3800 981
2929 2962
158 2789
1244 537
3378 3894
3448 998
3332 641
1218 1312
2226 2884
3573 1891
3553 3220
2333 52
3410 1845
1612 2317
1028 2607
3759 1402
3520 3308
2346 3497
1072 1709
284 3636
3501 2681
1814 2458
170 3110
1137 1786
3978 2699
1852 3672
3596 1273
1097 3554
3619 1054
2663 3424
3681 3656
2714 1469
807 3425
3228 784
1241 337
2041 2031
1043 1010
943 2559
1046 1631
1167 3134
2199 2952
2427 1217
2751 972
2527 655
3061 641
3716 1144
3392 2218
1212 2006
263 278
938 834
3517 785
2807 1851
1863 3679
2947 2249
2790 1129
2600 1178
1216 3408
1395 2506
1411 2614
239 2019
626 1341
3948 1498
1180 2491
277 3462
981 1976
148 3855
2644 3923
1871 3454
769 2408
1975 1230
227 2285
1364 448
2437 3086
90 623
1557 2750
2488 1051
3456 1712
674 274
435 315
313 1598
270 126
2351 3625
3390 2290
341 2409
430 3753
30 2531
1552 3938
2128 1287
2769 3614
1732 2324
2133 3255
2538 3127
3154 3975
2704 1958
692 1356
1954 3453
2308 2411
768 2821
2894 2752
496 2698
1753 1685
967 2118
1001 2716
67 2309
2524 2
700 1358
1708 978
1405 3819
3696 2941
3912 2203
3851 390
298 3122
791 289
656 346
2927 3734
1790 3827
948 734
3491 3433
280 3256
230 727
1095 222
164 3742
858 1517
3595 3614
2174 2233
3193 686
2382 3074
355 537
1390 3603
3606 1334
3123 2172
3858 2997
831 468
3749 3007
2636 692
696 1311
1060 770
2059 1661
291 3394
2474 92
108 1400
26 1128
1196 3248
1810 606
3915 2564
2232 863
3811 2227
901 1822
1683 1347
924 1916
3385 1569
3089 3566
2070 2358
87 2344
3471 2091
193 2985
2925 3707
2068 2549
2270 268
78 1964
1663 3496
1104 534
3017 182
2681 3941
1941 493
2748 3799
2812 3308
1752 3714
225 1869
1218 1823
1248 3309
2088 3225
2997 2629
3601 1969
2583 434
3131 1604
3117 2300
2532 3954
3317 2734
2005 2106
3650 2142
1188 1370
2646 2815
3845 2764
907 2026
275 374
3067 3862
1504 1795
3067 1882
1639 2248
790 2829
3838 3403
2765 1088
441 80
465 1533
3267 3799
616 1008
2550 244
243 1528
518 3869
3561 911
842 3396
3370 1253
2167 3944
3638 3922
1208 1688
