4000
3999
763 2119
1580 3983
1491 3260
1676 1427
3642 2962
1072 35
286 280
3874 3242
1848 3571
1335 245
2326 2167
1146 2516
1830 361
2045 1475
982 2406
503 3327
473 3671
1971 2293
2599 279
1297 1418
2386 2876
554 647
3384 3907
1416 1194
1075 3626
1216 3542
3809 36
3133 1809
2054 2001
2852 1165
3082 1931
1518 1166
1380 2120
1275 1383
1184 1464
1239 335
2944 1178
315 3934
254 543
2791 1330
1946 1137
2420 2927
1888 2250
2062 1425
1943 3401
2904 3175
1974 2852
2575 1452
497 1699
2952 2808
1219 1182
1326 3388
2228 2396
3284 2656
2801 2731
3231 3121
628 338
2602 3754
2094 1927
3770 1479
3385 1851
3675 336
3282 2279
2606 662
484 1247
3838 1298
1820 1769
1794 268
641 2902
258 2555
2006 2711
3796 3961
3115 2501
2579 3291
2285 1402
718 3109
2298 2344
78 3185
1769 3109
748 2340
2954 3146
1533 3306
602 1598
2724 1423
1726 1486
2713 1775
667 2380
812 1367
495 1921
3673 2106
625 499
378 3667
144 2751
1562 810
3499 3473
348 3290
1271 1513
504 1014
3329 2329
655 1493
1954 2528
3458 3392
3600 3023
30 31
158 1887
3567 3599
2152 3892
2703 2081
866 802
2728 1187
586 2689
391 3336
334 1652
2128 214
1159 1472
1001 1219
1764 1079
3162 3925
191 362
3892 1867
773 2872
1556 602
1698 2542
790 1653
2461 97
918 2728
2666 3033
1794 3443
988 2987
1151 3442
2882 3480
117 2470
1736 2604
3351 3822
840 2597
3678 2193
466 2186
910 3941
3466 1284
911 3077
3489 2683
1185 1559
789 2930
2822 2036
385 970
477 495
469 2851
3181 2955
3771 882
109 2474
328 2829
2860 3529
997 890
342 2401
1927 851
3254 2606
1050 619
1770 1149
3774 3159
2647 3653
576 2336
3189 3295
388 2019
1893 2338
1510 399
91 3534
420 3113
75 3589
339 717
1394 2865
1961 3924
79 2535
2311 2528
2304 2076
2085 3594
3377 1769
2800 2237
1609 3824
1337 429
860 2919
955 1694
1338 275
3439 379
686 975
2318 3419
413 3753
1914 1233
2192 2637
3360 2645
3436 3420
114 1583
2781 1046
2386 2804
1137 3486
1301 333
3945 2170
1176 3605
2745 546
1124 593
3092 1448
1066 1200
225 1759
2087 2048
709 2164
2362 242
46 2518
3924 185
2194 1711
3391 319
1457 1993
3566 526
1112 1517
2196 254
543 3160
2836 3169
443 2249
2323 415
3231 1574
3663 499
1809 1610
3908 2277
1182 2548
1013 1335
2732 2098
961 3729
2603 2363
2482 37
1631 2403
3785 774
3603 3098
456 67
3881 3039
3970 2992
1116 811
375 3761
2716 2495
3411 1060
2227 2329
1723 403
2709 2903
3514 98
877 1652
2342 1736
302 2394
1560 156
1549 621
3602 319
855 929
2603 1285
1236 2788
2384 1618
1836 949
3988 3922
1656 1573
1053 3079
1084 2782
2281 1624
68 2311
100 79
847 1916
3630 1271
1398 3590
2994 3096
3859 2822
609 38
483 3066
2367 213
758 106
943 3719
2837 2191
439 1177
2244 913
2552 1704
1073 1146
1833 1962
484 976
3598 474
1413 2873
1803 1845
733 3193
3036 178
905 3528
3785 1839
255 638
794 581
49 64
3262 1185
3051 728
1454 1736
2260 1890
418 698
1092 3692
3961 1483
747 3127
1160 3777
1811 1329
2614 3369
372 1913
2342 3644
797 752
3066 1685
3340 3798
600 1495
2472 2223
3668 299
1788 3556
2199 2076
1840 2415
3274 873
3014 893
266 3759
1729 1958
2655 3373
130 2383
3366 1049
177 3380
1310 2789
3585 2197
2557 564
1371 3573
1276 2186
1254 2135
1319 828
3759 1680
2381 2377
2234 1351
1797 1936
723 2802
1820 900
2031 3300
860 2007
3745 2881
254 3428
2668 3290
1791 2733
11 216
1187 3007
2710 934
2849 2317
1884 1239
3109 364
2206 934
2372 1460
1281 765
2240 1809
2243 3286
3924 3921
1611 342
2732 155
1536 3827
3808 875
47 2665
3839 1027
1717 3988
3172 176
2188 1827
1970 3047
3819 2946
1672 978
2099 1440
2536 669
1427 3168
3672 3085
2592 3112
2764 2481
3098 2898
2938 1760
2466 2056
2267 1173
58 1610
2448 1561
2066 550
1733 398
369 2632
366 284
408 3527
1923 526
2458 3302
2290 2764
1643 3472
2272 717
3545 3556
2359 2286
2618 3764
2616 762
524 294
686 3891
1354 1375
2732 52
1720 1980
3642 2857
2445 3954
1252 1010
3685 125
1243 904
258 761
3276 715
748 2393
1862 2456
2812 3484
951 1014
249 2938
3037 406
1855 3270
314 2587
1970 3164
479 845
172 2386
1520 2179
1384 3254
625 3807
1578 832
2088 2159
3409 3617
2386 3109
598 3126
3963 1669
586 647
1458 1008
2431 2196
2498 3729
3057 3674
2371 2004
3733 1658
157 647
3783 3881
255 3330
2254 2958
1111 2438
2324 2117
728 2551
1452 796
1694 2915
1847 12
705 3709
260 2280
707 2831
1569 1850
3509 805
3379 1508
1546 212
2239 2071
2307 103
3356 1131
504 2901
194 1466
3962 981
1568 3792
1641 2190
1661 1242
2303 1917
1438 2939
1864 3561
3649 1766
1428 1853
522 1806
2765 1623
2477 996
3733 2911
307 1513
632 2856
2694 3813
1836 1865
2218 3880
2357 873
3698 2928
3756 3205
1948 3898
1056 3019
3944 2198
1922 3803
3345 711
160 3534
254 3128
466 3109
725 2637
2558 1612
1369 370
2633 2024
1001 1612
69 531
3076 919
690 1865
386 609
3052 2545
3239 1395
2973 2794
1263 108
3794 3254
3795 3733
2053 2383
3790 3928
998 3347
1470 2478
3971 2730
1983 1046
552 1593
652 1532
1396 801
848 1986
3812 3404
509 3633
2840 208
3033 3786
489 2435
2379 3194
2315 1560
606 2848
331 3157
2259 269
1791 2775
2845 1871
2105 130
2003 1080
1350 400
1479 895
1449 240
2358 3130
2278 2711
886 2822
2815 1528
699 3408
1153 433
1788 3480
2618 297
244 1531
2474 3642
3037 1394
2732 457
301 2721
416 2358
1111 3277
2206 3284
792 538
846 2419
1324 398
645 2525
3094 2279
630 1266
2981 1358
567 2169
2405 2472
484 2539
1869 1082
3524 2635
3818 2483
1669 1170
2874 2701
685 1911
3401 1579
1406 3194
1529 2686
1473 40
1255 1323
1557 306
1285 1310
2581 1809
2498 2901
1508 2485
2224 3143
2064 2743
893 2652
3657 2174
3693 3934
3764 357
3659 455
689 1731
2131 3941
1352 3864
2543 2029
3261 3484
1445 651
3130 393
2810 1728
2716 1668
767 2832
41 1699
809 2167
3793 2299
2358 3639
2881 3172
3105 2417
3340 3709
3326 2430
1234 1801
1213 3861
171 3930
3847 3822
3844 186
3074 2651
2489 3582
1242 1238
446 2765
1544 30
696 2853
3524 2547
701 964
3956 902
566 1962
2188 3132
1033 144
2088 2870
1486 3550
1620 3452
2177 1113
1258 3919
1552 1609
1833 2423
16 710
2917 1506
600 1968
3172 1712
199 2574
2176 2215
450 3690
1793 650
562 3055
2382 2932
2539 3027
217 3664
2337 2477
2808 3837
3811 2713
87 898
195 1912
2720 856
730 3646
2374 369
480 375
3305 584
3045 1616
3337 1614
2794 958
1137 2572
2872 2323
2760 2346
3778 1988
1884 2219
2172 903
1484 3237
594 3423
1603 1882
1034 3260
557 101
980 1981
3701 1394
1454 2880
3011 2914
537 1925
3474 2409
3691 1263
2520 2112
3722 1143
178 2445
1501 3431
3154 2031
3131 594
1906 2529
2353 1946
1872 597
3001 2590
327 165
2026 2665
1357 2421
1304 210
901 2847
1426 102
955 2642
194 2147
2913 554
498 3116
2055 3786
1877 3184
2672 317
1907 2953
838 2633
452 2023
85 1980
3295 950
1903 3570
533 3203
2323 3278
1025 3122
1340 2861
1609 3596
3332 1501
1472 3167
3391 646
443 2834
721 1662
2812 35
3526 191
1508 3787
853 2196
2828 963
3852 191
2202 2324
2115 341
2438 1380
327 74
2005 2954
975 576
2322 1373
2845 1178
555 1807
2087 2113
213 1826
3789 347
2512 793
615 3700
2739 1118
3918 2946
525 606
1100 975
1391 3166
3836 3663
267 1812
373 1089
3499 696
935 317
1847 1622
1314 2756
927 1211
2839 2813
1513 1511
349 2288
631 3924
2277 2234
2810 1747
1613 13
1439 2186
2594 1825
1418 2629
830 778
3242 3352
2442 1026
2253 3731
3650 939
2086 3543
1522 3279
1533 3046
1552 2779
1628 342
409 3461
3690 2538
2397 1890
374 1944
281 3977
130 1000
308 2399
276 3274
3985 2972
2268 2025
2599 3927
2799 2789
843 1694
1819 1640
2289 592
1279 249
1167 3037
3726 779
2480 2624
2749 3134
2091 1451
3793 1736
2688 2949
2372 2559
271 533
3876 2524
3557 3471
3658 1797
556 1292
3983 158
2699 2917
2216 186
403 3974
3494 1375
998 2572
1997 1977
1010 3729
93 2405
1465 2593
3881 3590
3629 2500
2760 2901
2304 175
1570 1730
3077 1602
3597 1129
3028 499
2163 2568
2830 3999
1909 1083
1380 3417
1790 3539
3401 2171
2609 2620
3712 2226
2205 2824
3590 3321
3833 2576
587 1047
513 958
2909 3613
3525 1375
1777 1999
137 3745
1323 1214
2862 3251
2678 31
3545 3563
97 3593
588 517
332 7
2808 3356
763 1781
1705 3823
2529 1452
906 197
3003 1193
3851 3815
3509 1059
2072 785
1271 371
1387 3710
3404 3053
965 3656
2155 825
1888 1198
551 132
1817 2483
1966 839
714 3718
346 1865
3031 2274
2775 2876
907 1736
2711 602
2484 3017
2225 1138
254 369
3663 2069
61 779
1278 464
48 3314
668 1526
937 3144
113 579
2680 2030
2836 1277
2899 488
2112 3062
3689 1239
2371 1601
290 1735
2567 3390
535 2025
3342 407
1657 3516
3255 785
294 3157
3133 2175
59 938
705 3848
411 660
280 3470
144 2625
3428 1423
3799 3762
1509 2751
3431 1883
1262 224
3865 1253
709 179
2435 1751
2318 1249
2959 3499
3591 3648
3587 817
3740 2819
660 2097
2794 3152
1159 3472
3488 1281
2437 175
1973 866
1578 2110
2861 1492
2479 181
3983 1501
1575 1831
2888 1396
525 2621
3172 224
3354 3539
436 1497
964 3745
3588 1400
547 43
3404 788
3734 535
3110 930
2748 2788
2157 1881
1270 2798
1054 1096
3084 131
1580 350
1109 3534
1314 2937
2949 2039
3484 2037
3884 536
251 318
3436 917
1396 3959
987 3576
252 1363
2951 1086
1274 1498
1247 437
1797 1392
2472 3867
2408 3232
3730 3159
3024 2354
3055 1856
25 2000
1945 694
1421 1772
3283 216
2009 2862
1600 2886
3900 443
3031 2366
1935 195
3668 3754
2418 3151
2806 1257
857 2803
601 3357
2257 2348
2916 2855
1026 2413
1306 1469
3416 1059
3772 277
2824 2407
3979 585
2903 2116
777 1231
187 566
1857 3159
576 153
3745 139
1473 3357
3442 207
3989 3718
3757 2943
3417 1419
2245 3106
3089 1538
3453 606
206 2878
2914 1761
1715 553
1396 2947
3029 688
316 674
2590 94
3178 1838
811 97
780 1776
3798 3228
1782 2467
3827 3186
3679 628
330 422
133 1924
1495 2061
3055 3977
2349 2179
2370 2296
3907 3723
618 288
3841 3143
3894 511
1654 1701
890 1384
3739 1009
2418 2031
1892 96
3783 3428
1884 1214
2290 2988
2978 2514
1028 3693
1151 2252
2917 1783
3685 2326
1859 468
3031 2429
2135 2493
2360 3784
3901 2543
270 3908
3356 3005
1015 2003
3477 82
3720 944
2428 1693
461 3455
870 363
989 2050
1998 3516
3881 3048
1060 2139
3198 2472
1990 3375
569 469
544 1449
3549 1045
1328 3216
955 1242
3195 3156
3362 3693
2741 2412
2071 3213
1305 698
2208 801
23 290
2950 1700
587 1956
887 99
971 1148
1398 3880
2924 570
596 3244
843 3382
516 105
1466 416
3271 3249
1465 2634
3761 3243
3236 1610
1087 1571
1092 3345
933 2732
2322 474
3276 722
2408 1932
2176 2387
1599 1290
1900 2234
2403 3323
3054 41
1683 3362
3290 696
2881 40
2559 1509
1150 3464
1987 2294
132 2482
2914 3245
3883 3273
1532 1663
3025 3538
2618 694
3635 1342
970 3960
593 521
1541 1701
2139 822
3851 2908
1829 1610
3556 3363
1431 2642
1669 2389
3820 389
26 3072
2440 2903
3364 3014
2925 1312
2171 2739
3774 1807
2448 764
3619 2685
2265 1290
3932 667
268 1242
2994 767
2329 306
2362 617
369 1059
1414 1069
2877 1461
3072 2297
3734 1416
2066 1282
2740 2094
307 3461
2401 50
960 2186
2392 2716
1899 2473
2486 2967
1815 3759
996 3220
3945 516
1042 3201
1323 282
3659 1942
1072 369
2763 1802
1587 3866
465 425
1330 1752
3613 3942
2639 87
3096 3504
3345 2640
1065 1883
2956 80
3324 3426
873 1530
656 2350
369 748
3073 3590
2018 972
3348 1718
995 1401
3683 2202
3855 1394
674 1149
678 2741
65 1811
639 2920
2189 3001
2008 2322
1293 2422
274 1149
2766 3914
1100 1812
41 1607
2360 2763
3081 3294
2466 1420
1680 111
2292 2006
2910 1746
2501 1959
1388 3813
1063 3010
377 3230
1710 3593
3966 1953
1451 1995
1875 3656
2239 221
2564 2762
839 3982
385 229
28 1508
1101 2519
613 1484
2373 1143
2564 2595
1700 4
31 1922
3632 3197
1003 3055
2040 1268
3542 2173
3329 3087
990 2620
2965 1873
247 3017
2652 3526
916 1630
655 1219
2466 3895
1376 3670
840 3121
3342 2615
1881 1184
3783 1371
381 2994
3505 2909
1701 2240
1640 2351
2047 1885
1494 3970
2619 3307
2229 1538
2365 61
420 810
3752 3797
745 3192
1 3832
395 1179
3349 2990
3275 199
1997 3521
3022 249
515 1417
2625 2181
401 3279
2284 2747
2749 2600
158 304
2261 3153
3549 3328
3920 2327
3773 650
2538 2107
3994 2288
161 1684
1692 3994
358 959
1505 1196
145 3623
20 3763
2471 3169
3935 1339
3415 1152
3665 3815
2611 403
3306 1644
2342 732
3664 2665
1133 1672
2989 3076
959 2929
1430 2746
575 2108
2392 897
999 867
2104 119
251 1908
1962 2594
1930 2501
1833 1695
2152 2156
2819 3734
166 1462
1248 1056
1525 1802
3628 3421
216 2547
2532 1106
587 184
1927 2070
2297 104
3185 3060
1885 2996
3833 1108
1346 2911
1385 3388
3524 1997
2233 640
2467 1587
3611 1105
3218 2515
3708 2490
1602 2997
2297 2906
1220 1283
1548 218
1174 1594
3625 2888
3225 2599
2816 161
3515 969
671 3582
402 2479
3050 1612
1681 3377
1640 1263
501 1424
2746 3254
1020 3199
691 958
1261 749
582 1525
355 3637
1540 412
2667 1523
3085 1051
1225 3924
444 3004
2573 1552
481 3569
1334 2483
2246 1378
2276 3440
2082 799
1181 2606
3648 2361
542 3594
667 2214
276 946
3407 2389
2031 825
1246 3524
2708 1548
806 3384
1493 3063
1523 311
3482 2961
647 2465
3747 3751
2449 218
1605 1119
2716 14
2227 1022
3548 1171
2124 1423
46 3430
189 633
3000 1920
3642 1866
3358 2312
1833 3926
178 1430
155 1291
3550 147
1405 1199
2896 3586
3295 2528
383 3501
3302 242
419 3199
3580 1813
31 1368
1750 1059
1125 199
3353 397
3242 2483
1219 955
3551 3099
2306 2647
647 3161
3327 749
1524 918
630 991
913 1801
2821 771
2287 3877
3148 428
1617 3442
2636 1747
1780 3290
2948 2876
2568 3575
1950 308
178 3293
3531 58
1019 2
3728 2134
3806 867
3248 466
3800 3408
724 2373
3040 2912
1540 2139
1315 2182
2496 1959
1840 2355
2480 3855
3205 1916
705 379
3910 3121
465 2517
719 1872
3903 892
3086 2859
721 1121
2981 2246
2099 2658
583 575
598 2958
923 3333
1987 2200
3750 3857
3313 2429
3624 3115
794 2246
3532 3344
92 3133
3247 2078
183 1008
3980 3566
645 2950
1338 1805
1497 3920
2497 2466
475 569
704 2966
3417 2820
3143 1260
2665 3241
459 2805
3501 482
1322 655
1175 1916
2341 819
968 1506
1622 1437
278 419
3336 2096
2591 2968
1708 3173
1233 1669
2312 2221
3481 487
2297 2362
2751 231
1423 2280
1238 3069
1525 983
1433 1505
3793 3477
2912 3141
3478 1572
3469 1755
647 3403
252 3283
2328 1346
1201 100
2339 1422
3118 2777
1356 3480
925 486
2028 1854
3321 3735
2615 3142
789 224
3575 1183
2557 201
1992 441
2302 958
323 2370
246 3548
2858 991
1170 1778
3854 1841
3350 140
3711 2146
1072 3642
2012 968
76 29
199 2568
1256 734
3140 2474
2373 1088
1894 1670
1012 2248
3893 587
110 3983
1938 3685
3453 2217
3622 1631
2128 424
277 3514
3865 923
2127 1382
514 559
2112 2687
748 2297
1219 1214
1896 3856
3752 3659
3279 3268
2133 2274
3343 3468
2130 2838
2495 1303
1949 1964
216 632
732 146
2457 3256
2137 18
2854 3376
1794 3715
2585 2586
2058 1408
3208 995
3710 3642
3823 147
1 1206
3304 2601
1637 2438
3942 2335
1064 3916
3265 2438
2332 1384
3397 3427
1220 1714
3499 1513
1640 2314
1551 2475
756 228
3522 534
988 3413
3619 1845
3415 936
3219 609
1790 3535
2509 2307
2992 380
228 3948
1058 1690
2350 427
1982 675
378 207
2874 3147
1365 1252
2454 1221
204 613
2782 2907
86 722
3447 1613
2071 3651
3690 3377
2377 2425
2165 3818
1785 3441
1538 1459
1023 2956
3760 775
3600 547
1604 2812
531 535
23 2192
2741 2972
3916 1879
3024 1916
2016 3892
3896 435
2468 3893
2785 803
2732 1433
3463 3981
3843 695
3543 2271
3457 2372
238 1880
2092 2458
3763 2438
3855 2776
563 2087
2607 3831
1670 1099
1023 1238
682 3835
2003 1788
1019 3842
3413 979
3107 3197
300 2450
1148 3079
271 2896
1313 1272
3903 460
2654 3311
1260 2771
3270 1939
2599 826
3652 3204
1463 1612
2154 2406
3398 1954
1219 342
1429 2594
165 1001
2735 1946
1331 2114
620 3685
786 3105
433 1742
2829 56
1543 2152
3109 1884
2418 2385
1107 2433
1210 3760
1045 3247
2537 1
2453 225
165 3221
1406 2528
576 1251
1825 1753
3258 3787
2391 3027
2582 1873
509 2440
415 2715
1296 3855
1643 3115
3681 1488
3469 782
2354 3078
1049 1812
2005 3685
3696 3778
3170 1160
182 1469
650 2323
3979 3612
1309 3436
1625 768
2114 3582
1951 2199
1374 614
126 573
2663 2329
1596 892
2154 1833
491 1399
2307 1410
146 2424
866 1008
2957 1675
2156 1068
1042 3482
2899 1424
1161 228
2616 3074
1276 3931
1181 2797
3378 3978
3991 909
3702 861
892 330
2089 2127
1979 1132
2877 2625
3630 2333
3886 2641
523 3988
1895 1735
1878 2139
1098 804
1346 1975
2594 1644
2042 3317
1018 2241
3705 2088
2509 1046
165 286
2528 3613
1809 1486
1122 3872
2832 1909
1158 3789
2483 1869
3092 992
1577 2728
3951 2850
212 1212
947 2820
6 3292
953 2129
2714 403
1337 446
1830 351
2638 1538
2997 540
2075 473
264 3305
2991 2431
2268 2010
3246 1221
3729 2686
3499 3297
477 283
3975 1705
2020 868
3601 3773
239 860
1951 3654
2152 2319
1497 272
2487 3586
3698 1120
1494 1942
1180 186
2334 3525
3426 2747
3447 106
1656 3219
3119 2325
1716 3298
1819 702
2805 558
1242 3041
3394 232
3813 2441
255 1121
1511 2854
3846 529
2958 3520
3864 3374
1363 324
1325 1205
590 870
1805 603
2103 2895
750 177
1907 3341
2126 2815
2878 469
3028 2575
291 3518
107 3937
1937 2744
364 127
1795 1539
2971 1147
2658 1363
2773 37
2671 3259
3532 609
2889 3154
3844 1403
1130 1986
3855 2695
1449 199
3551 2859
3272 1769
1242 1958
2822 1502
3789 3179
589 389
750 3365
2488 1375
2872 1862
3459 3539
1481 3920
3010 303
2032 2542
3871 2013
2788 3417
3805 3991
1646 3142
532 2097
2140 2620
3566 2370
2536 2000
2037 3565
1560 2755
2628 2133
692 2824
1466 1994
3814 3678
1689 1959
2696 2317
244 216
891 2053
923 635
3312 849
3930 1919
1117 1265
3500 1545
1832 2504
2455 2596
1860 2152
2132 3918
2796 1214
2769 1102
3052 1379
3930 2841
3173 3097
3983 3499
3405 3172
1855 1449
1199 369
1306 1332
913 404
265 135
2273 836
3524 2077
3049 328
1818 1197
2732 2177
3589 3820
1466 714
1028 1471
1673 734
3835 3437
1011 2421
1682 2649
3377 3855
2622 1588
3534 1363
1513 3231
2952 57
327 343
1404 3156
991 1390
2483 1355
216 2131
3739 3557
2596 2807
2438 1444
3999 1349
2866 1359
1913 2017
1800 2362
2787 3345
878 1770
2379 2577
749 1996
1966 3768
1910 2726
3480 3372
2063 2596
2347 228
3534 339
987 1609
2801 3526
3431 3627
3480 3858
100 1619
2931 1744
1489 251
3729 1072
2846 860
2749 349
3688 466
213 1086
3432 3935
1978 3886
321 137
3511 1396
1013 873
1072 3254
3295 1072
2254 1632
3943 1880
3972 3348
782 490
1400 3523
3204 2866
1311 2022
1647 535
1071 639
3172 2780
2236 3967
793 1113
1441 225
3530 266
1975 2995
376 3165
1219 576
354 2420
2243 2235
708 2595
2349 3610
124 2811
2279 2726
1516 2665
54 2899
1798 3853
2231 1510
855 1185
2521 3771
2139 3155
3081 4000
3878 3931
79 2880
3187 3929
2438 2288
3972 254
2557 1263
198 123
640 375
1957 2512
103 1691
1678 758
3284 90
3292 3340
274 100
2463 1398
2179 974
3559 1677
76 3513
2076 1592
3248 3839
1011 2682
3612 858
2923 689
1952 950
1785 3077
3582 3698
2261 1338
2476 2016
2018 1513
1868 3193
580 2362
2598 331
1649 144
3614 851
2054 993
1900 3666
277 1220
1971 3647
3675 493
1985 1346
242 2067
1659 3518
3026 3696
3824 3064
1585 701
3638 961
351 1677
1469 1026
3291 340
3510 2071
2596 2894
2700 2000
1263 2248
294 3623
663 3215
445 3308
1219 1926
3771 85
411 2945
510 207
2827 2951
11 1454
3935 3037
1106 1713
2578 1206
3207 3722
239 3860
1544 1310
499 1010
1954 1164
2946 955
2230 3180
3325 1496
548 1499
3022 301
2536 40
504 1754
507 3897
369 2938
303 720
1233 1536
688 1415
3459 574
959 1588
3959 626
810 428
3402 2470
1019 2980
1389 2311
1098 3486
3302 3182
2187 563
2673 377
1144 934
2451 1287
2127 3687
3810 838
3435 230
1904 3094
620 1519
1344 570
788 278
9 1608
3429 3028
230 2729
1380 2665
2416 3774
2264 2707
3259 645
454 385
759 2661
1615 2876
2938 1581
942 3768
2343 1947
1554 2322
3851 2432
1141 3150
2089 1810
134 1900
2497 1576
3945 284
3003 1558
3224 391
268 1606
2838 873
1757 2949
611 349
3767 3717
1927 819
3957 3889
3476 2504
1060 798
3763 2232
2981 2946
842 1280
120 3408
2585 3478
1597 653
3642 308
3717 3744
3676 3488
1580 3888
2217 2734
3662 2976
2766 2095
965 1854
918 2194
677 3925
3864 1375
3924 2137
1026 1142
2813 3823
71 3699
3206 2969
1781 3585
1670 3120
1360 1847
3027 1395
650 1045
3893 1992
1044 2786
2932 1586
2695 51
887 1387
3745 3227
2880 2725
3580 2575
578 714
2589 3889
3698 1527
2642 3256
247 854
1201 3568
533 651
434 3296
424 3631
238 3498
3036 168
2120 465
2722 3733
3789 3280
833 3671
1864 1781
1462 3071
24 3212
1798 722
1414 1188
2094 2184
1259 1907
1909 2345
608 3994
3582 694
764 1375
2562 1499
636 3947
1586 3798
2330 1259
1601 138
3383 3974
3969 3412
2256 37
2089 3998
3026 3904
3964 1318
700 3733
2209 203
3562 2992
269 1606
1907 3464
1353 3020
3119 3015
1697 1496
898 3290
3824 1815
573 3893
2071 1891
2407 2001
1559 1736
1673 209
3222 1834
2890 2829
508 3771
116 1266
2137 2146
916 2633
979 365
64 932
475 352
1681 584
3404 1122
1484 2429
3889 2369
527 3727
166 2818
1340 3031
3779 3027
754 2030
2388 114
814 2894
1155 3442
1571 3418
3235 2788
2605 3752
2642 392
3000 1659
3547 1862
1206 2975
922 3703
758 920
102 3879
770 558
2223 3712
2141 2071
2746 382
3876 1833
85 2452
1406 2015
2117 2886
2775 1421
2393 1008
485 1331
1564 829
1898 2745
471 1184
1595 2403
1665 2326
3534 3311
1666 3408
1581 1284
3288 534
1489 1734
985 647
1469 3132
3048 394
440 257
2015 596
2093 2534
3377 620
958 1639
2362 3670
2691 1212
500 1319
630 1081
1682 645
1249 1848
3842 3497
755 1847
1151 3662
2970 803
1435 1959
1136 843
3175 1667
3508 927
2201 2028
1097 2965
3266 625
1242 2782
1782 1829
1465 2730
2568 3268
1181 3829
2772 3465
2839 2491
1913 3694
1233 326
1878 627
3938 3916
1323 3556
2626 3381
1380 3556
1045 2374
418 3850
2091 2849
2043 1726
1224 1544
3346 3525
3075 378
2706 714
2006 3214
2528 376
2452 9
248 481
3986 623
3422 2765
2140 2745
267 3578
827 764
1017 3842
1154 248
997 568
1422 2452
1676 2404
2871 2886
496 1809
3670 3273
2947 1625
12 1960
1035 852
2123 869
397 2100
3696 1172
1599 2097
694 3499
2499 1467
2438 2174
2428 3502
1309 3492
2978 2540
2047 3242
2312 3526
3660 99
2177 3295
1393 1612
3136 1178
1359 447
2778 3682
1178 2962
3159 2123
3509 3544
667 2971
1192 518
2438 1733
2937 1911
1052 2148
3962 989
1091 164
442 1670
861 2878
2974 1479
2289 1210
3942 1978
511 2744
2502 1298
2539 1809
312 1900
2386 3360
3171 2853
1022 2727
2974 2316
2737 309
2527 595
2970 1259
1663 1237
2242 2011
1213 2817
1341 271
2700 1241
3385 3933
1143 1032
1846 2012
535 1769
1355 1707
1739 903
1986 2290
3893 3898
3139 1295
1250 1123
1189 3093
35 1845
2835 3723
3540 1521
413 3983
207 1181
654 1466
3892 706
603 3051
3564 873
2322 3413
1148 369
3462 1273
3066 2806
1702 2421
2269 2905
3428 1485
3780 3618
723 3564
1935 3616
211 276
2112 254
3551 746
1852 2081
1302 2351
1606 1642
166 322
1329 1789
148 962
1050 3936
3101 3974
2070 2460
3209 2331
2590 225
2583 2958
242 360
2124 505
22 1039
2375 650
3110 295
3202 606
917 983
80 2701
716 368
2894 2719
963 1979
3301 487
3342 2606
1226 1781
88 3115
3877 2599
1281 2193
2924 39
570 1741
1410 823
1677 2720
1051 3635
605 3652
2801 83
3932 2675
1568 1756
2860 1756
2867 3563
1050 914
1214 1652
2337 2051
3447 1011
3741 63
1737 401
2624 233
1691 1784
858 1435
1719 268
2210 1926
3730 1650
3123 2987
3862 3835
418 1288
764 1856
2590 3022
3482 351
3043 268
2852 3285
2539 1050
355 121
3567 1764
172 3976
2750 225
635 783
2221 2032
539 3289
3648 3204
2482 463
453 899
2679 1086
2951 3481
175 396
673 1058
898 792
1601 2926
791 2349
1074 207
3803 820
1674 3475
416 3211
2971 3283
165 2198
2731 889
1260 274
268 658
1809 1214
2005 1016
955 927
2886 2971
1847 1202
403 2172
3621 3528
2556 1742
2684 2460
2566 1301
3890 2852
3972 1250
2097 66
549 346
781 2764
3356 1029
191 2419
1504 91
1258 1493
2821 2523
3729 2694
1918 91
3640 822
3899 911
2501 2754
3893 1884
2186 1273
3885 2177
839 2553
2571 1614
2167 1865
2297 1347
1186 281
3496 3502
509 915
2494 3289
744 1370
3442 1905
1501 1850
2445 1896
1692 2768
3835 3732
2286 3115
1728 1572
3788 894
3714 1465
839 3196
2999 779
3629 3339
2612 1493
445 1773
508 431
149 3380
3250 2983
1056 1724
827 1572
2946 2087
890 2241
2269 3263
2137 1730
3769 57
3606 945
377 1667
3386 3481
1314 2300
1294 80
2308 2075
1422 439
2852 2518
2169 1038
1843 298
3820 2826
1140 352
453 3108
607 1622
671 1491
655 1137
1486 107
2074 1161
468 147
1101 749
3460 251
2922 1151
1174 1752
1523 1195
482 3556
1069 2557
2899 3318
1824 1064
2710 1328
501 190
1321 1072
2322 35
2527 170
532 577
2398 1142
2012 2935
50 591
1315 3347
3208 1966
497 462
463 1308
733 620
128 2344
753 841
659 1652
2461 860
2464 3577
851 3926
2567 3825
2676 2860
328 466
2275 845
3265 1679
2130 2617
3304 475
3698 1438
2477 3595
2771 303
1011 3720
2041 3962
1760 2106
2433 1811
331 219
1811 3367
1337 2557
496 3502
2961 3755
506 2833
2871 2759
2342 829
2549 1363
3943 2168
2439 1628
240 2134
1848 3127
3401 1209
871 2638
1540 232
2647 934
3680 2397
2588 106
2152 2666
1266 3674
598 738
625 529
730 2638
943 2814
2604 2534
1333 3457
3175 1796
2021 3870
994 559
2608 1874
859 3031
2146 390
124 3370
1919 351
2561 3308
983 2486
2838 879
2982 2083
1652 3487
2702 2794
844 2388
3484 2281
2971 3782
2809 635
1799 570
329 3953
403 1432
1067 15
1342 817
2539 3709
1170 234
3100 1337
3529 3295
369 3929
2180 1430
1286 3911
1663 1874
2498 2630
32 2250
2104 888
1282 1700
2734 3913
1823 3426
927 3385
3607 2776
1714 3335
3479 2362
164 1045
612 3249
561 1472
192 3907
1311 434
3283 67
1886 3204
126 2504
3620 1621
1474 677
2924 902
839 1953
3022 1168
1548 2233
73 1004
1575 1269
2577 2979
3879 2310
2498 3838
2934 1431
1368 1993
695 1336
1087 1574
1738 3736
2665 3074
1422 874
2266 3027
1629 1270
3253 3327
3984 3966
3617 2862
1348 2260
3349 2840
2513 397
877 2410
2309 1816
205 1928
2670 1650
2234 3911
1605 2938
3310 1572
1942 2638
728 112
470 2373
1468 2786
11 3240
3729 2832
33 2028
1416 2554
3786 1963
1182 1942
1114 2709
547 2108
633 3973
948 2855
421 3205
2570 1999
3525 2705
2300 1903
417 1915
716 694
3926 2879
512 1646
874 3175
1644 1553
3550 2964
1736 167
2177 3726
238 2901
1390 790
257 3554
390 2283
3704 1363
1672 2716
2531 2084
2817 1466
123 3176
2992 1048
1672 2971
1681 906
833 3081
2080 3168
21 1942
1141 3644
2713 2568
1230 1580
1510 2916
1069 665
1104 2817
643 324
3206 2521
2416 896
2738 1350
438 3192
2914 874
2322 1649
2546 1330
252 3788
222 3580
1802 904
1384 1515
2288 3560
1870 2983
2357 2479
2177 1325
2434 2235
3897 2071
195 101
2611 359
1459 3399
3525 3438
647 3002
1618 2776
908 2596
1548 3847
3743 697
824 1686
2802 1036
3854 3441
3035 3348
2499 3869
3868 423
1500 3662
1199 3271
1546 1040
3401 3469
3696 3684
1679 2795
3254 1900
2740 666
3962 3028
2606 874
1330 177
1266 1821
1456 2383
3154 226
202 2521
2547 1418
2662 1962
1449 2624
3012 984
1249 2614
1882 27
3517 237
2959 430
3155 1776
353 908
3308 118
3695 2493
3833 279
3944 956
1944 3414
1808 2963
3173 2936
3747 2560
552 1126
853 1913
420 751
3488 73
1307 2015
2220 2568
105 1300
1086 722
341 1037
3440 640
883 1204
3723 1385
2125 416
48 2560
1855 3675
2824 3065
1959 1518
642 2687
1481 2378
3178 2364
2177 2697
696 3444
3997 1145
3471 2111
1441 3697
3206 1043
376 657
2950 2079
3174 795
1861 1464
2115 1804
3932 628
273 2073
3825 449
3757 2849
2652 2563
2029 1727
872 848
1049 1317
2693 2162
1086 2790
3519 1059
956 2757
3606 3363
2986 3074
1191 1288
3829 1814
2753 1452
277 1327
2767 1334
997 939
2556 3688
890 1169
3581 789
2290 1459
2206 1514
1329 3395
2881 2596
3350 2990
3434 3644
2796 2023
534 2807
1195 1575
3775 497
514 727
3590 1990
632 1228
347 200
2941 1562
2273 2240
1510 1367
807 3876
2062 2195
1045 55
2674 2058
1235 963
1603 967
3375 743
1047 1173
2132 787
1630 3257
966 1773
201 1899
2959 3223
2447 1583
3579 3655
2438 2316
1056 2451
1418 2161
953 2314
2793 3384
3381 2993
263 2075
1671 860
2008 2587
1437 1436
3088 1027
2801 1163
867 1328
453 1874
3435 244
884 2012
3336 2483
3018 2480
1411 1151
3796 556
3103 2129
2440 1455
3020 832
2814 2118
885 606
865 1134
3677 1265
2011 2489
1790 1651
2285 1842
3097 1855
1386 3036
554 769
1113 3543
954 265
1528 1061
3536 3577
2310 1200
726 1267
2506 1636
403 288
2531 2286
156 3446
941 2366
2158 3733
2530 3839
3742 152
1381 2624
740 950
1468 3941
474 251
423 1566
3405 1738
2585 1674
473 2648
3044 71
2774 1919
1759 1362
2836 1206
1675 566
1805 3700
564 2717
1028 2591
2760 3724
60 695
1075 2567
302 317
1258 2400
1 2152
2820 1434
3670 3205
541 3144
1216 2974
677 268
1475 276
3775 1917
3641 1560
3750 1550
163 2507
3577 2059
279 2606
2149 1113
3095 2969
192 1984
821 318
16 2823
3844 3855
1787 616
3671 3067
2749 3421
1478 1752
2760 3583
737 2351
2891 1013
302 2497
644 1811
1154 296
830 1060
3024 3902
447 3915
1667 3404
1589 1429
921 877
3766 3532
3473 102
3481 2650
610 899
1071 2212
1797 2852
3615 1246
1982 1631
3733 2606
2390 1833
3584 1186
3988 834
3651 757
1427 3444
1558 3117
2623 2299
950 1565
1533 3122
3537 1220
3981 3401
1800 1940
2279 3634
1430 3997
752 2838
3144 473
909 14
508 196
1381 492
3659 3393
1726 2983
1526 2679
358 1976
3339 3177
1686 1318
3807 1361
3140 931
3940 2499
312 3789
1178 29
1609 602
2297 3489
3992 3189
2875 2881
3331 3323
3594 3580
707 1342
2585 476
3031 216
331 3524
2832 2415
949 34
3550 2183
2652 3905
1009 2213
3974 24
1915 1525
3835 1671
1510 448
2718 3559
2866 1660
1313 2038
2396 1437
1769 3558
2607 837
973 1047
43 2444
1102 3254
1465 3922
3640 113
223 1053
2918 3270
958 2311
2522 1829
3922 3995
170 494
1627 1817
1356 810
2893 1368
3541 3994
3156 3871
516 670
2783 1516
455 3116
3636 3789
3267 1969
577 2221
2584 2245
1941 70
1070 3224
2507 1664
938 714
1732 2068
3493 986
370 2765
1219 571
2794 3234
2657 2870
324 1005
2034 801
325 1007
2669 2784
2132 1934
2652 1696
1052 11
3360 325
1201 863
871 37
227 1263
3765 3515
1097 2362
1779 2705
2034 3834
3316 501
614 238
2166 3945
2207 1183
258 1586
3228 2243
2008 881
1877 2592
733 1972
3799 3079
2770 3428
3135 3254
2466 367
3114 1620
2645 604
166 369
545 1051
1566 2109
851 3226
679 1221
645 1800
2498 1232
3273 3603
1121 3329
3992 712
655 388
2469 3808
2077 2450
954 1112
1197 1913
205 2659
923 2257
2869 78
1892 2475
3121 1787
3264 3389
180 234
501 3079
975 2926
2452 1057
1086 1214
2743 3091
831 2310
735 3044
2194 1223
936 2880
1657 299
2121 682
1876 952
1278 3824
781 785
1412 670
3554 63
3131 3000
1190 2721
984 453
2060 2138
122 1641
1694 693
3303 1641
1721 1021
2118 3321
2282 1701
2989 1612
333 378
3524 1092
3231 3747
3597 950
1842 3759
528 3614
1463 3456
1817 2436
2338 2141
3970 3102
130 1694
932 2709
2805 565
2270 167
3659 880
3604 1899
1939 2293
418 1845
89 2397
118 3996
760 157
1749 2160
2789 1834
3871 3433
395 1671
1470 1146
890 3362
955 3359
3993 2266
1799 1901
908 3303
3830 138
3192 497
729 1820
1621 2186
2645 520
1266 1664
1229 535
2058 661
1495 3613
1897 3256
912 1631
2151 3798
2211 466
2792 1386
816 774
3450 2495
2474 2352
2062 165
2288 749
1853 254
3034 824
3795 1469
2067 2526
3908 1590
1090 1704
311 3360
3031 3427
3824 84
3794 3490
2046 2521
628 2825
3350 771
1877 1936
1281 3026
2849 1850
142 3336
3800 3807
3790 1744
2771 1019
2204 634
1926 3181
813 1877
472 201
1869 3400
593 708
2522 1745
3110 1427
3321 2972
2112 1233
350 3528
3026 2571
3361 1201
923 1764
3974 2746
2852 2139
2848 871
972 2842
3061 1345
405 1108
2784 3821
3483 729
624 2254
2405 3449
2704 1087
215 3911
3090 1919
3166 320
3777 1835
3493 2091
3047 426
1009 839
3240 3574
3611 2849
2805 329
303 2510
2718 1217
3572 3536
121 2469
2569 1396
1809 3924
250 3771
2132 1024
3506 274
1095 503
2869 2990
987 2550
590 2288
2331 2256
2621 2426
750 129
958 3579
1203 1322
736 2074
1051 2468
2054 147
3826 3136
491 373
1466 2152
3329 3889
1466 2356
3661 3032
340 3698
1363 2737
2329 1844
2525 2646
680 2677
2646 8
77 1956
1694 1792
2396 3149
2411 1222
2627 1533
247 2307
3669 2667
3780 1687
818 2953
2624 2014
1765 3926
2416 3950
2718 3887
1522 2462
3969 1999
1155 3468
1446 1354
3946 3395
2215 249
1856 1743
641 1643
2870 2453
2090 249
3399 3909
1232 2869
62 3136
287 1550
1185 2692
3713 3099
2101 754
1375 724
1507 2196
637 1485
496 3916
683 3745
152 2386
307 3219
1156 2227
3125 238
413 3940
2868 2808
2832 1375
1786 2250
3538 503
1650 3448
3019 128
3642 2021
2027 428
2056 3809
461 1502
532 2884
2647 2492
2297 81
2315 3929
3581 486
3217 3962
2324 1289
2191 1484
1774 1657
3124 207
3045 3433
3830 2145
2136 130
3929 623
1140 3967
1470 1666
506 1307
3550 3744
572 263
2643 1875
2070 1464
3733 389
622 3385
1218 1507
3746 3441
3600 458
3881 1648
1189 1191
3013 2622
3326 1473
306 2468
373 178
1014 1931
3987 3533
3503 1184
3552 1855
3373 3496
1062 373
2416 3790
3175 2143
2613 710
3816 1769
3765 1187
1110 3017
970 3923
1528 1085
958 2595
2039 3912
3309 3457
2304 924
3410 2029
1138 663
1548 2291
1578 1947
2386 454
1531 3802
2499 517
1671 1942
800 2692
1409 3127
1889 2446
1555 630
2029 1178
1627 344
3068 2124
2494 2665
3725 1623
2321 134
3200 2120
1558 722
781 1876
1614 1162
3441 2416
3984 3507
3341 496
2499 599
2146 1626
3026 2610
1453 2864
3246 3254
3295 1447
2666 31
1096 3026
1583 3677
44 2112
3849 1594
1672 23
3887 133
3969 236
16 3688
3272 963
874 2203
3291 298
3145 917
3138 2499
3099 2297
1054 292
1012 784
3924 3254
2322 2031
136 732
625 1106
609 3828
620 1370
3100 2170
2422 864
677 1563
3 238
3334 2178
1966 1320
2766 3613
1219 453
3845 2190
805 2892
2246 3491
569 3777
1134 2437
1882 2533
2960 3795
3272 3368
1630 2920
2044 3838
587 2443
2938 3009
1815 1490
1323 1345
294 2376
2112 1603
2923 3983
414 1105
1510 2881
3804 1144
388 169
451 3219
3556 2081
533 328
3978 477
2493 3166
2049 355
721 1709
2245 349
2154 2677
1720 2185
3955 1751
2870 3044
676 639
1242 688
1591 789
1610 3445
1721 802
2723 1657
1481 1844
1947 3329
259 2049
115 1964
899 1520
1364 319
3987 1588
2824 173
2875 2544
3426 3028
962 2453
2990 2669
3716 3586
3227 3000
2405 1410
3968 3991
977 2373
1476 1390
1014 2122
3404 2233
230 2002
3038 1304
759 3829
3774 2883
1557 965
2601 3281
1407 594
2596 3983
1263 1127
507 3299
2451 3498
1788 1076
252 2982
2403 3099
1580 1884
1316 1474
144 664
1813 3952
1767 2697
3734 1740
1128 1776
1018 3252
2844 3205
2477 2731
1542 714
3807 1313
2638 3381
1961 2411
2346 2772
2440 923
465 2435
2862 1011
3799 1039
3930 1231
3631 2796
2258 1539
2144 341
1126 1506
3555 1087
387 3647
3965 2045
537 43
1344 2042
658 1781
2557 3320
2994 1135
2291 901
285 2397
3421 1758
154 3628
131 125
2869 519
1937 3021
822 1991
2052 2368
2489 3308
3780 2618
1006 251
3686 2937
1233 2039
3738 1184
1664 3825
2982 1690
159 2501
3817 1153
2893 3080
248 908
1383 631
2843 1278
3026 1681
1397 3902
2812 1966
1907 5
3617 1828
379 1534
1380 3727
2317 3801
3042 767
1716 1122
2827 1450
2815 306
2461 151
3118 3342
3789 1208
3624 1537
478 102
3166 2152
246 412
2984 3941
1485 42
3917 152
1900 3467
3267 3706
1635 147
992 3009
2211 2897
19 1059
3384 3733
2505 2796
796 3229
2754 1858
663 35
2968 742
614 177
3661 614
3737 1067
2693 3870
3316 815
1512 2054
174 401
1806 1462
1809 143
1782 2313
1746 3729
1655 886
2300 3572
1987 767
2531 681
1572 3008
321 3896
1299 3441
1129 2160
2031 500
597 474
1215 1267
3047 2959
3111 2104
753 3598
2895 3781
1888 29
1078 1782
672 419
1479 633
904 3608
757 958
824 3230
2805 1501
1466 3978
1597 576
229 1139
2761 3369
714 2540
511 3592
2775 1670
2033 2580
2998 1002
3681 2260
3500 201
1181 3922
1994 1480
1841 2778
1840 2752
2501 1552
2619 3311
2918 850
1768 3074
2102 2018
352 2060
3983 3355
3107 963
1959 3629
3105 331
1454 1550
426 1549
2565 3033
384 3816
3387 3559
319 2007
3070 3707
1538 3776
2254 1503
2806 983
3129 3724
1417 3685
846 3609
2008 864
1094 2506
2350 475
1227 3875
1377 732
2933 3427
2508 3494
253 2429
3830 1771
1704 3768
2170 980
1311 3183
1552 3546
2470 252
378 1955
434 3729
323 455
1725 2466
1942 530
3906 988
2395 23
1483 1312
2889 198
2124 2541
1116 345
210 2477
2475 2863
166 968
3871 3109
1356 101
1882 1220
3824 1582
2731 2743
849 3406
3371 1262
3540 3420
3452 463
2794 2020
2295 838
1115 1258
1722 756
3795 1400
2402 3381
1940 3232
2557 254
1067 2443
4000 293
3495 2211
95 2371
703 3501
1086 10
919 2900
3776 3645
1350 1148
942 2712
2259 857
1622 3652
3354 3362
474 687
3643 178
1094 2425
2480 1011
1958 3731
2718 243
1245 410
1417 2153
1535 1285
734 3761
162 91
37 337
1402 3315
362 3748
289 2932
3233 721
684 2041
2991 1240
75 1372
1466 1329
3924 2440
509 926
3222 2420
3949 3575
2301 2058
3083 1887
3424 66
2983 3052
897 72
3290 3369
2288 1567
1630 2631
2160 1822
613 2800
1345 1588
511 2578
3939 1925
131 3319
2446 584
1888 432
3001 305
3721 1274
607 3708
1274 2362
2230 1261
3380 1343
2025 262
3338 2988
3796 3336
2269 3562
3975 1933
1157 1667
2498 212
960 440
957 2780
1964 1220
3158 765
2073 1551
2427 1633
1636 3099
1671 808
3707 1520
188 811
2447 2887
3796 356
2247 170
369 2035
3130 3030
184 502
233 940
3058 3754
3396 1427
3016 227
714 3334
1762 1797
2325 1429
2364 2263
3840 306
1383 3791
1849 2075
1944 2746
1992 1487
2089 694
1340 876
3163 2345
2170 3238
1790 3875
2150 2816
3274 2885
2615 1638
102 2397
479 1861
2758 577
3401 2963
1688 3496
1845 2104
2140 2057
2690 777
1989 427
805 1965
553 2633
3676 261
2475 212
614 776
3744 241
37 2728
313 2575
3370 2501
2397 3758
1260 3863
899 695
1423 2511
3605 881
726 1375
2718 444
1525 2288
890 1482
1060 17
1969 140
150 232
3473 2222
852 1149
282 560
3369 3056
2977 854
2653 1473
2713 310
3348 1703
3384 1630
3726 3006
1837 868
2686 3392
3224 518
2362 2305
3099 2254
1685 3322
2808 3192
3269 810
3541 1967
3059 1391
1181 3559
3379 2595
772 2120
853 1349
341 2873
2320 2527
1552 1884
771 661
2169 2444
1187 3851
1310 842
3258 2864
1736 873
3205 461
2896 3210
1207 802
1182 2279
1928 2893
2497 1800
1379 2255
3104 3176
677 1732
2816 3744
3127 3191
534 2414
330 1748
3188 2405
3665 2238
2204 23
2082 2054
709 3541
1317 1103
3990 1619
2489 3743
3709 2405
141 1578
508 629
1706 400
2869 2427
2503 3392
3131 2940
3729 1454
342 404
1323 2666
620 2108
902 1356
306 3512
2081 175
766 2886
3704 2998
2459 2621
3781 2110
135 1406
883 1937
1244 3634
1010 2483
3282 3649
3559 934
598 3873
3155 1902
3264 2421
496 2052
3485 590
3739 2707
2539 2142
3144 1449
121 2975
2554 2664
3553 1258
500 3469
166 1774
2487 2251
332 1380
168 1442
1763 2137
1220 3406
1268 3306
203 577
1929 2196
35 2409
1584 349
3703 3532
2985 707
1047 3137
3835 3527
1270 812
1622 2498
1051 648
193 767
45 271
3700 1677
3248 2834
3325 1603
1055 2407
1999 1437
2287 220
795 686
644 1264
2624 1314
2447 1994
237 1833
1499 1491
3788 2742
3375 636
2808 928
2680 1788
862 1323
586 3304
1057 3451
2942 2572
2262 2749
3619 514
2966 45
2624 1795
1142 3425
3951 43
2493 410
1041 1829
2569 3685
1838 1810
511 1477
3893 3139
1030 404
30 228
3454 944
2065 1375
649 2461
1046 2912
755 2698
1797 1645
3190 2728
640 3882
1566 917
1547 1380
1366 2819
3429 1443
3886 1863
3192 3582
1349 2644
3918 2309
835 1907
937 3287
739 2917
1251 2736
256 858
1238 341
1262 235
3958 2942
731 2452
2360 774
1178 741
2921 3639
2289 2291
2362 2652
3081 170
2123 696
3926 1010
1634 3515
1077 2265
2914 892
2607 1187
630 3696
2641 3218
397 1109
271 3749
3783 2033
637 1031
3783 3884
2731 713
3733 2745
1093 2774
252 2139
53 993
3559 70
2013 2660
467 1524
475 1214
2681 2977
3999
3579 1011
1442 2407
1437 3781
2055 316
29 2226
1375 3233
1735 548
1809 1682
2056 1297
520 1649
1244 88
57 3380
3739 351
3500 82
859 3371
2481 303
919 2090
1770 338
2148 1268
3873 1400
3960 1870
1731 882
928 1046
1496 2409
1033 1055
1928 1396
1557 3723
3397 195
861 3193
3247 1545
2178 1943
3020 1846
3197 3535
1870 1462
3883 858
3421 3443
1187 1581
1502 3008
2555 2197
2549 2866
641 3328
626 964
253 3963
2682 3174
296 3945
1681 2609
3303 2654
2992 131
655 293
3931 2670
1258 702
892 1862
1878 47
2494 195
2747 6
1001 689
3048 1079
1009 126
3673 2761
3056 2869
126 3398
1950 2418
2967 1037
3769 1415
1028 1843
568 903
3897 3970
1171 3016
1990 2209
3667 1362
2839 3138
3833 3431
1246 73
166 1926
1591 179
3103 1525
2363 1184
241 979
2402 3014
1973 3624
2808 3905
2419 2051
558 3943
2459 1644
1041 2092
3360 3023
894 1561
3669 1198
2714 2664
2760 2277
139 996
963 836
1122 611
405 735
560 1386
2020 1589
1738 3136
3585 1901
1307 177
791 979
397 3484
2948 1092
2793 2089
3161 1812
171 1155
3776 157
3175 3725
1960 1818
769 1226
1087 1142
441 3665
3728 1294
3921 3500
322 2838
2478 711
2542 1468
326 1946
3591 3715
22 1907
2563 1480
19 369
192 2657
2586 3053
2724 982
3951 3751
146 2456
5 3963
1967 1475
2030 3472
1497 3479
2658 3665
1143 2468
1428 951
3301 92
296 340
2937 3807
2093 1399
2638 1441
938 2370
2282 2738
2393 1914
3143 1996
1314 3567
2941 2287
375 2310
946 2799
1568 945
173 797
2569 1079
2981 1741
3128 1271
2446 2548
2262 348
2974 875
2952 3143
3907 2173
1154 385
3261 3760
2299 3055
3401 3068
1233 1288
2161 196
1829 3992
1329 2130
2563 3531
2271 3753
2418 144
3502 1394
246 459
3990 92
1785 2976
1656 2517
3757 3279
2376 3144
2816 3961
695 2895
2443 2816
3325 2031
607 3286
2963 1084
767 1008
3902 718
1767 2642
503 1727
2776 3774
2677 1052
1163 3991
3452 2287
3483 2806
700 3360
2575 2217
1950 1043
1465 708
4000 1870
1183 2452
2588 1443
1982 3123
3632 287
3100 1752
3831 3931
1975 32
3755 2096
82 1424
3465 3449
724 2618
773 1645
3628 1620
1932 3630
3890 1326
908 961
3421 2711
2790 878
1183 1483
3449 187
3044 3134
2970 3475
3034 592
2616 126
207 3251
3975 2879
1663 788
2118 578
2631 626
2869 208
1581 3794
1745 1261
1900 3952
3607 251
527 3883
2141 2966
1547 2959
2775 2677
877 3354
2869 3039
1245 3510
2718 2954
165 2455
477 3847
3629 967
3757 382
2702 1794
3328 3191
1153 2761
3300 1881
950 2597
1462 595
1243 3031
3756 591
3160 306
2563 1799
988 1048
1298 2583
1522 3349
2733 188
2572 3179
2740 29
1990 1485
879 990
1106 1180
2577 2981
3279 2546
2622 2750
1571 2339
1801 240
2734 1916
3150 2625
1072 754
2907 3053
3312 667
2748 1972
3163 2807
438 420
2143 1637
2402 1212
2966 524
2675 3275
2125 3890
3070 3073
3513 3448
2988 3438
1583 3199
1790 2295
2894 863
2798 408
18 1260
3140 2023
2885 1308
2527 3861
232 2881
3762 3544
2133 223
896 1793
3329 15
3470 2813
3960 3147
3036 3511
2258 974
3239 2105
3103 3840
2035 3900
3047 2078
2608 3873
1288 2147
2927 227
787 2150
3057 935
3371 2939
2038 3536
1610 728
3397 1221
2118 385
3768 850
3838 189
3565 1039
1623 965
468 2253
3047 490
3469 2844
151 459
1996 152
2711 230
1997 207
3779 3616
3216 272
712 2463
3631 1284
751 1391
509 3143
2451 1927
985 1193
1956 1872
685 2219
1920 2341
3195 2483
1933 2043
1727 1615
2917 1154
118 2540
3887 2600
3485 1244
2391 3924
997 3107
3781 988
2410 2525
2243 3074
868 1020
1483 2353
437 1370
2218 3540
3895 3738
3145 1021
3663 2815
52 55
3531 643
2088 3552
2386 2551
477 1198
1758 3061
3016 2606
429 2453
3411 1607
1307 871
1952 2266
2583 1005
241 1270
2693 534
3736 1547
2796 2431
695 852
3384 2046
3960 3023
412 1995
3011 3306
3088 2378
2934 911
2147 2660
3145 3150
748 1008
3360 1538
3734 3503
1510 732
3859 3373
1831 281
2875 871
1365 1307
1793 1959
3928 3888
916 548
1225 1206
3365 3763
229 3724
3572 3074
2328 606
326 3725
2152 3665
616 3992
1493 964
491 2968
1495 1697
947 2623
2853 3414
3907 1939
3515 1673
2674 811
3167 3783
337 1307
2524 3310
2360 3608
3110 3973
3075 3914
2781 714
3622 2356
3299 509
200 33
1164 3169
991 1393
2910 1481
3026 3076
3148 1463
3837 2074
1798 2928
2592 3774
3514 1983
2909 36
1429 1637
1660 2607
382 3751
1723 1746
2131 3221
2088 2508
1519 2571
839 3107
2353 2856
3917 2262
3756 2953
2503 3678
3360 2372
1678 1819
75 897
3835 2485
831 1855
2355 478
2048 453
2807 2288
2730 542
1925 2426
2986 3236
49 784
495 1514
554 3463
3326 2721
3415 618
3036 2871
3827 1449
713 3414
2110 2222
2081 2151
178 2026
3472 3142
943 3787
2077 2560
1860 2129
187 3940
541 3890
2568 2621
1565 128
1002 481
2022 2741
3292 3174
1077 1949
602 2873
1901 3266
2268 860
231 3547
3549 3573
376 1413
1750 328
127 1240
370 2518
620 3637
654 1504
196 1386
1849 3699
637 3036
685 710
802 444
1625 1432
761 179
687 55
2962 58
3352 3942
837 234
691 909
3974 3009
921 3690
3766 1204
2900 635
1381 447
3826 2033
1098 405
3519 3440
2153 3927
745 2425
2388 2863
3400 445
2589 2745
1107 3660
1677 209
196 2794
2205 990
649 2935
737 3892
2751 3850
1724 738
2468 1099
1951 3048
1923 3505
674 1063
126 513
757 2160
327 1962
2421 3957
2286 1638
2759 2276
551 1720
249 81
2033 3008
1691 1673
2673 3413
3183 448
1968 3688
1536 476
2027 3912
2476 1921
3599 1947
677 999
3564 644
1924 579
3884 3982
1498 3461
3160 854
934 2795
2742 1630
2922 3739
741 3583
3726 3908
3549 1116
3619 1826
1017 1372
887 2141
71 3617
205 1944
3375 2481
3624 2822
2425 135
3997 3113
2105 2543
3076 3784
2526 926
3233 3432
2401 1970
138 130
3519 2004
1426 1036
3457 3234
717 2453
1536 2450
627 2747
2458 3089
1915 3744
2496 324
995 3903
1700 2128
162 3206
216 1081
3854 2503
1357 2119
2364 1365
237 672
3192 3038
1783 2617
2183 3067
1436 788
1089 689
1768 1167
3339 2280
3286 2538
2626 3442
515 3971
2806 267
3630 341
1187 471
2594 2480
2035 2219
3822 319
2964 2066
1386 2049
554 1253
1559 2842
245 3102
2744 497
1798 3907
1897 1256
1420 3572
2307 3548
2562 1244
2861 2664
2333 1725
2333 785
1617 621
3800 3986
145 2426
241 3775
182 2808
2752 1228
3628 2779
3356 1040
405 732
1878 3971
718 470
1679 2821
492 2247
1372 378
2776 3850
2291 1684
2001 2452
2688 571
1835 3678
3655 3904
3444 1621
2016 1326
3932 593
1232 606
2946 2963
2980 1190
1506 764
2594 705
390 559
1659 3848
2459 2469
1899 1516
17 1099
3581 1453
137 2420
965 589
1815 50
1549 1468
835 3369
1245 2473
1161 2721
780 1331
14 1621
2029 3468
3353 3963
671 3963
3435 2479
2467 1634
1864 442
2556 3969
3726 71
282 2979
3882 203
3092 1683
3550 412
3929 842
3897 2771
2170 1632
1318 814
1491 1281
1331 42
1860 283
3212 3276
1080 3705
3245 1014
3316 3161
773 413
1696 3788
556 903
705 428
695 3530
516 1302
2279 2267
155 894
350 132
892 2826
2980 113
1738 3004
3109 3833
2559 2672
855 3800
3890 67
1276 3738
2014 824
3283 3758
2083 3880
3931 3697
3297 3372
1471 2231
1675 79
2407 3058
270 2951
2279 2857
3596 3537
3690 3496
1997 741
2340 1165
1779 1252
1820 209
3770 1850
2116 3834
2051 2834
3865 3197
891 2191
3459 853
547 3559
3924 611
939 3280
96 2405
1470 288
3876 591
2737 2643
637 2070
612 2520
1027 2927
2872 1114
1797 3566
1552 1755
487 2482
3248 2637
3489 2708
2610 1892
1408 323
2859 293
1645 1570
3781 1325
509 1562
3940 3479
3660 3188
1291 52
1039 1258
3509 3989
2960 2269
2015 991
3471 2485
3800 2669
2706 1324
782 2147
163 103
581 3354
3958 3857
1617 1608
999 1022
1819 3346
375 1436
82 1560
974 2563
764 224
836 617
2792 1054
853 1499
3065 1085
889 1132
3231 2108
3353 1346
1994 3343
2455 1311
1448 2072
2906 2729
367 91
1572 2871
1612 3416
3377 3126
500 2986
2573 3263
3578 3501
1029 25
2062 3626
2444 1443
25 2283
1178 1708
727 372
640 200
3367 1017
3789 177
1349 3732
1305 2903
1842 170
44 3023
56 2856
2980 3131
2498 216
1845 1625
2348 2546
1326 3334
2336 338
2678 2690
2012 2640
2286 3194
375 3901
3248 2263
562 3034
106 2271
152 3934
1071 2883
3025 1894
591 2466
362 1667
1743 3589
704 438
2779 1548
538 2031
3327 2520
287 2564
3964 2484
126 1338
38 2678
544 1413
100 3780
291 2163
2562 2814
1830 199
1782 832
426 65
3151 1462
2979 1909
1824 1292
3688 1199
1531 1795
3416 3845
3638 3017
2269 1452
300 3290
732 54
1906 1318
2465 3283
1361 151
2043 3938
242 3972
2817 1077
3419 3542
1574 3091
2775 3051
407 1202
1134 3501
3543 2670
2273 872
452 3392
1165 432
467 1762
3985 2242
2553 2158
1553 3008
3811 1606
3786 3398
718 94
860 3353
2719 3798
2756 858
1153 1817
1290 275
1267 3981
3868 1180
999 1095
2023 1731
766 2390
2910 3851
2450 585
2697 576
3654 3687
2135 3336
1787 3727
1222 3892
3276 229
3532 3444
3471 2796
153 1926
3634 468
2864 3459
1348 2355
3455 489
2478 188
2139 2524
314 1616
1694 1543
3521 120
3025 3588
1168 782
3450 3662
3001 3182
115 1019
3893 2537
2563 3065
979 3700
1827 1286
583 3616
2305 986
227 3129
76 1242
782 3099
2853 892
3721 185
960 2562
2908 2405
962 1206
3602 767
3228 2990
1576 1493
402 3212
1163 415
2087 119
2889 3443
3978 2988
3079 3576
799 3110
1346 2420
2275 3706
970 1184
1694 1275
2598 3977
2459 1825
106 2261
2751 1926
3240 2044
3115 3186
1152 3735
1338 120
1403 1363
2864 534
1711 2369
155 518
1835 528
2974 1740
1276 853
3382 339
750 1558
367 1341
2644 1644
1572 3949
3468 1844
1908 3030
1523 3618
496 2228
3476 3600
1327 1307
3733 2705
1735 3379
25 2951
1520 3525
1564 1278
1260 3707
1512 3288
2324 3756
2640 3026
2429 2607
3580 3369
2597 591
3649 131
869 2701
1990 2709
2170 3783
299 3913
1232 731
1195 2893
1700 1913
2780 2687
2973 2453
764 3612
333 3952
2697 1376
3368 2502
3927 616
3580 3488
3438 1319
2404 3906
1405 3243
270 1523
1498 942
680 591
1481 2293
2563 3927
488 1346
2382 3276
843 1365
1624 1340
3824 3116
3844 2146
1886 3287
660 1559
95 3876
1425 1313
1758 688
481 3703
499 2094
1672 1502
2589 2562
1084 1851
1839 3349
3631 2502
996 933
3894 1539
2224 372
1364 3293
3439 406
3033 3198
994 3822
2099 141
1020 3645
13 1084
1334 2577
2914 3418
2998 3052
2198 1159
735 1480
3327 1430
393 2373
739 1630
3685 3587
2460 1928
2119 1024
1101 619
3683 607
540 3020
2704 1911
3069 2467
2718 3168
1997 3534
1536 608
210 1833
3211 445
3262 3095
518 3092
3920 73
627 3963
892 545
2257 354
3581 1476
75 2223
3628 1031
2340 33
2804 2753
3003 1229
3403 399
3707 2557
459 2535
385 1840
992 1558
1484 1641
1015 3239
2284 2816
3936 724
2903 3040
610 1248
3229 1886
673 328
737 462
1930 378
1788 121
2784 2202
1327 3963
2131 906
3331 2135
125 2230
1535 1923
1227 905
3223 1878
1518 1627
1039 1004
2759 71
1614 775
2710 2677
2127 1932
3837 2793
1584 3869
1976 1478
80 1515
541 2338
3916 3488
1971 48
495 3318
2143 2515
114 2716
2861 142
3102 143
1050 511
514 2929
869 3446
1020 701
2624 2333
1588 3669
699 724
2621 3320
666 618
102 2285
3216 3199
3153 2229
3153 1620
1078 1342
3106 152
2939 813
3129 1706
3241 847
1064 2003
2345 2583
2149 2245
3538 3117
250 3706
3676 2527
287 3174
1806 2037
1717 1037
3596 1991
1938 477
25 3479
1159 209
2995 368
1705 1181
614 1032
3124 561
1441 3989
1931 605
1364 2951
2377 3853
782 1629
1557 3257
1699 3237
682 650
444 3748
1187 1063
152 1347
3994 343
661 1739
3834 261
2487 1432
1601 2759
3820 1635
3849 1527
752 62
3523 705
3297 1718
3513 729
1146 3148
1031 2140
227 2751
1426 2599
3875 598
1277 1719
3276 649
2523 2549
3333 1085
2818 761
3606 519
3864 806
3271 3353
844 3930
1120 2943
2091 578
3528 2012
2992 1028
1496 3643
3324 1697
1397 227
3174 3136
2444 3072
3047 3554
3523 3181
1028 1684
1215 762
2806 3963
3938 29
2702 299
2136 1197
1462 2828
857 1502
1026 3948
2805 330
342 3037
3311 2984
3885 400
3661 3282
1585 1030
1497 1573
761 1485
1262 1372
3648 3294
1281 507
1642 3942
206 1327
1334 2374
3153 2248
1186 1996
389 940
3771 231
2461 2958
1671 419
1339 1046
1870 1584
494 1197
42 922
1814 178
504 3729
600 2222
410 2195
1464 810
2916 1480
3143 1387
618 2977
2297 846
3741 1434
1514 1781
645 3662
534 1447
1215 3002
3555 2449
989 3358
1479 2911
1431 1300
3816 1186
3535 2395
449 2547
3573 2047
3869 2334
3595 39
1104 692
3686 2
3660 940
3839 2038
720 2220
3540 2519
2703 968
2832 3326
3316 2052
3689 2051
2045 3762
1242 25
3892 1635
2721 2848
407 2800
1945 2078
2942 3083
698 990
1160 2500
208 3254
3680 916
2801 1293
2741 2131
1533 2551
3897 3124
2241 3535
3599 1014
177 434
2135 1171
287 3476
121 2245
17 3940
3187 3143
3477 1878
1124 1815
950 1521
390 2423
2135 945
2280 3756
2821 3111
1098 1360
3238 3610
2519 1109
954 3613
2081 3326
461 381
562 368
1865 2114
209 354
2050 3138
3866 2078
881 2985
3945 1566
838 2853
1253 3508
3863 2230
3736 446
3066 173
2020 2639
159 2556
3353 3002
653 823
1546 690
1075 315
703 2193
449 336
561 1889
278 3999
3875 3956
1016 733
3505 2938
254 2094
2688 914
2885 231
2066 475
171 1474
2768 1099
2594 3145
1787 114
3938 774
2676 864
374 3092
3635 3253
2692 227
2489 1244
483 1204
602 2676
954 3809
151 804
3214 443
3928 1119
782 2488
768 735
461 2416
3385 2316
730 2713
3717 569
1099 3685
2984 3895
2590 2104
3739 2882
750 68
1699 3999
1455 3438
872 3247
1147 2572
2387 20
1446 566
2653 2098
3055 2567
630 3428
180 3247
792 3619
2823 1059
2219 312
1015 3248
828 1065
558 2752
1930 1787
3309 135
1140 1793
2042 3913
3026 1407
3475 439
1868 3760
1119 141
3262 2357
1909 317
1652 1160
46 671
383 942
3475 1791
895 1396
3892 2
3127 378
2407 2359
2923 3792
30 712
1887 287
1857 3418
636 1291
1761 1699
1025 2199
2555 1928
1647 3256
2751 1708
2802 3926
2114 3245
3755 1046
1759 160
656 2159
394 1669
1216 1480
2686 1087
1070 2736
707 543
3431 3776
1203 1749
3927 2517
3399 3579
3042 2011
1322 2883
2418 3312
2553 3837
1197 3704
403 516
1389 3415
61 3549
3095 627
3895 3185
3326 3306
2688 2206
2578 1296
532 3478
272 3810
3049 2036
3186 2799
1760 3803
2764 1080
1750 2355
132 72
3140 1050
351 815
3939 2660
3164 3289
2057 2458
3807 202
759 3114
870 2678
2563 3747
1409 2528
203 2530
2056 2425
957 381
3718 3963
505 245
378 2231
1158 2942
971 212
1130 1399
4000 2534
245 1172
2199 736
2215 2434
2499 3732
980 575
25 3745
334 3563
2959 3505
1314 3580
2009 145
2466 2708
1023 3486
1639 146
2344 2837
903 1921
2126 305
694 816
2101 3454
2974 3118
2430 17
1307 3209
441 1048
1528 3927
1213 2893
190 3989
3289 1316
29 3144
3933 3983
1489 2286
1758 3427
498 3981
279 681
1506 3110
1905 1371
3130 2825
2528 1431
1530 2218
2162 2731
2459 1948
1436 3609
1505 3190
307 335
1377 2889
1046 2269
272 3338
1086 234
3591 193
2381 3255
876 2734
3464 2025
881 3317
166 2509
1166 3989
1774 1015
959 2584
993 2453
2396 2563
3881 1296
3682 562
1108 2275
109 1507
387 770
3653 440
1388 1176
794 2812
3391 3154
1637 3782
3322 2989
426 1901
2501 865
3039 2498
3219 3007
3086 1782
862 800
1486 512
1301 575
167 534
1111 1375
623 3962
439 2959
2122 5
2829 2192
3704 1835
820 3096
3673 1035
2899 1449
1626 531
2157 259
2207 430
533 1936
2077 856
1999 407
960 2383
2111 10
1312 257
2327 1221
187 686
741 2386
874 1480
1219 3464
2300 1487
3394 349
1882 456
2993 2446
2142 1870
3682 9
3182 2691
3065 2636
1664 826
2688 83
3704 1404
1957 3367
264 192
1227 1218
1853 3695
2272 821
2740 3277
59 3114
1754 3865
491 2420
706 3572
3966 1062
1421 2222
448 3484
1532 3996
1778 3338
19 3824
678 131
3639 2304
1640 3592
968 1918
3178 2740
3425 1060
2199 3462
1073 2957
2038 3966
1344 1721
2376 2698
419 3281
3457 3897
3819 658
1200 3653
3678 3454
2545 2501
3558 3567
81 2755
1779 339
265 3381
2249 121
2609 1981
1272 1686
1854 379
1758 15
1737 3535
3809 871
2199 284
3980 2652
3060 1330
2725 1245
1556 3615
1117 652
2115 1606
948 1266
2385 1897
3386 71
2058 397
533 3167
3832 563
2025 971
2529 2044
822 2797
941 2880
2807 2228
3486 411
3410 3163
1000 1396
1410 1792
1602 2435
834 1679
1809 2300
3065 438
819 2625
1508 220
3661 3841
1887 3470
2985 192
460 1675
1575 673
3529 1048
3022 3914
3151 3847
155 3409
2588 732
3393 201
2932 2742
69 3748
1185 2007
1187 2941
500 419
1650 1119
3260 3318
2609 1768
2356 2074
2123 416
2151 3043
3631 3567
837 3722
1828 2329
3514 2649
2214 1484
3590 24
132 1255
3460 3104
3823 196
2782 3940
916 3389
382 1483
39 3520
1873 148
1016 3332
57 3418
2552 2132
2786 2716
3654 1785
1586 624
2918 624
1836 3705
1152 450
2110 1983
597 2633
3466 864
2623 2823
1690 2308
3574 1327
1519 3080
871 1129
869 416
2999 1460
1628 393
13 842
772 2770
1508 618
3350 2257
1719 3140
2426 390
2862 287
2182 2086
272 1444
3240 3340
832 39
29 3482
2456 3201
275 696
2603 3605
2950 1367
3029 1193
3824 3541
676 3651
436 44
422 149
2299 2788
2960 2054
2858 2652
3787 1036
998 7
3907 3679
2563 1910
1904 2418
260 806
512 2636
675 3312
2164 1626
3675 2329
2483 3420
1375 693
1450 989
3584 1060
1220 2440
2413 1347
1630 2626
2818 2591
2398 521
3061 3564
2358 3014
2619 81
2594 1
2377 3420
174 2663
2614 2706
2682 2329
2811 2422
1295 1280
3553 1021
1469 2266
1505 1355
2125 2053
1443 2514
2113 274
3274 1078
2345 861
888 2132
1559 2853
642 441
1565 1242
3045 3180
3953 788
993 2177
2953 650
3750 703
1999 1834
313 779
1148 758
453 406
1505 2532
3442 2336
1343 3563
2594 2900
269 1939
398 3889
1451 1613
71 3611
1872 1419
2910 1024
2181 3614
40 3056
823 2173
567 2485
627 113
2266 127
3637 2023
1068 3988
3689 3847
3000 2364
2311 935
2697 3837
2486 1065
1733 1906
3791 1160
1066 2291
1579 3070
3006 3624
325 1618
2726 726
3941 2576
1298 3568
169 156
1551 2594
1414 2962
2789 3360
3071 1184
2259 3046
3551 2598
2035 3163
2148 3911
2385 1594
2495 333
3395 558
3791 109
2133 1571
1024 3806
851 2060
104 2874
1211 1857
329 2347
1349 3522
1935 513
2175 1777
3956 2710
2681 2810
788 2289
1744 991
2838 2404
971 2026
414 3165
2296 387
1932 652
3077 2715
3077 431
438 1370
3719 1684
3842 1444
3113 3248
1979 112
3516 2871
3902 459
2346 2151
2489 3640
1622 556
35 3875
1538 522
806 1607
3859 1802
1826 3628
1491 3348
2940 3297
3927 1171
1151 9
2582 2630
2875 3348
900 275
1607 1020
2309 1991
2206 3827
3724 668
873 3133
3574 807
1158 1461
1531 1689
3204 1250
8 2609
709 3865
1487 3564
3552 3884
1564 2687
3212 2808
3545 2984
1337 1934
1373 124
2215 1963
1975 968
1849 3993
87 1231
3408 63
3534 704
3594 3607
703 2323
690 3944
972 1509
1009 526
1492 927
603 813
3652 939
292 1238
3531 3761
2074 1366
3265 3680
590 1049
2231 633
2659 1833
3307 3067
2205 2699
1018 967
696 3930
678 3207
378 2025
10 3282
2252 1036
500 3754
3159 2940
3704 3221
2925 1675
281 3923
877 1604
3429 3784
2187 427
3048 2336
1445 3150
1053 2490
1303 2953
364 2905
1380 1365
953 37
226 3035
1015 3190
862 3780
1270 1513
423 1310
3048 2458
2690 3459
823 3093
719 1015
3359 2443
3593 3381
826 2996
877 3807
1674 647
2274 2506
2519 532
3064 2446
2286 89
2399 696
1799 2974
2811 2506
3459 2927
1296 1235
97 3327
3468 2394
1302 3812
1987 1965
1602 3291
2049 3228
1096 513
907 2122
3815 3718
606 1314
3574 510
3928 913
71 2173
3731 572
385 1327
2832 1922
2289 3681
2870 3421
1878 2266
3767 1559
3437 48
3858 584
2963 70
2845 2353
2292 32
360 3426
1079 1177
1540 489
755 599
2227 1609
13 1888
3356 3714
290 3388
3474 3813
1435 825
777 1257
1216 2590
2821 3575
2927 638
311 3817
2551 1417
3899 1991
2393 1672
2228 2330
904 3909
1523 3296
2826 3233
1577 437
2265 2941
824 1133
2226 2075
69 3800
2442 3797
3785 1462
1204 1730
1595 1227
990 2888
2436 3121
1248 2389
884 3689
698 2156
3951 1259
319 781
1556 984
2298 799
2554 3269
424 1354
3249 1644
3498 1100
1903 1466
3521 1681
3871 1687
1576 1607
957 245
1822 1847
1963 3533
3213 3508
1662 1503
2604 437
2316 366
354 2250
2278 1224
2421 1369
3481 2340
150 3957
2275 3505
1790 1288
1859 1918
211 485
3501 2655
338 1870
370 664
1783 1762
3950 2173
1241 1165
1327 1902
108 764
2620 3497
3691 180
925 3898
813 3628
2754 696
1214 3151
2133 1399
1816 3994
1449 3514
209 193
1163 2838
3839 830
2344 3107
2145 3890
452 2674
2446 754
795 1889
1634 525
418 3039
458 1673
2505 821
3160 1686
3287 318
3947 2303
657 376
2319 2086
681 3893
3042 1713
551 1554
1124 1772
481 3485
2783 2813
3217 749
2602 2692
1243 3963
3112 2778
655 3836
755 1612
1702 428
1630 1070
2826 927
530 3847
2076 2878
1412 1216
3308 2068
2642 2678
1439 1935
1119 521
2665 1
2027 1247
1418 886
3880 193
676 1289
2320 758
1738 3549
2144 716
2824 1728
3186 629
1366 3734
2472 3712
2491 2139
2238 2808
3130 1762
1385 3353
1171 3441
1765 1056
1340 3128
3504 1619
1972 3674
1848 9
1749 3493
2072 1162
2654 2926
3712 1801
2236 2790
3768 3152
3484 2240
1863 1243
1701 2450
2390 1611
3955 829
2965 2394
1376 923
2382 1810
173 78
3849 1517
1541 2402
2887 257
2724 3978
3414 2193
3215 492
1077 3065
2012 1783
2107 233
334 3305
3589 1523
69 1830
3984 3739
792 168
2682 3867
1657 2157
1532 3244
1270 355
3865 469
1837 2943
1757 956
3170 579
2713 35
1293 2707
2173 2069
74 877
1431 3653
2924 3577
832 2136
3197 378
385 1797
3445 2297
2385 2857
66 696
1694 2385
2451 1559
3646 3902
2826 1353
1076 2531
2388 1482
2256 2672
3381 2744
632 1850
1448 1910
2222 2541
2509 1042
207 3653
3978 1692
1966 1119
2021 756
858 2036
809 2136
409 1621
2179 3930
2368 3432
2479 3021
889 3353
3983 3306
720 704
3819 929
1192 1589
1411 2262
20 3755
2150 1065
2098 823
2666 3700
2994 1536
1419 3404
2904 1145
3605 320
3136 1698
3324 2688
1695 2894
1423 2583
1953 2335
1685 765
3038 1703
2785 723
3456 2375
256 2246
1285 1329
1875 1656
2475 3458
3383 636
2325 1252
97 3220
3011 3633
3994 2107
87 393
924 1212
1414 472
3728 1204
170 1890
1597 359
1285 3268
1 2844
3269 2952
1299 2392
2377 615
1193 3756
3225 2015
1889 3796
2168 3834
3827 1876
2456 2132
1670 1080
3172 2908
1973 1082
116 3672
1460 2407
1404 3808
2006 2594
3358 433
3986 1714
2331 1238
3964 3302
2883 1612
1249 1106
1044 1062
1209 388
2798 940
2021 3517
123 1688
1458 3784
2303 1592
1862 2254
1147 987
562 2308
3024 3107
2769 3216
1462 155
1446 2005
183 94
3267 2007
1721 1804
1888 2843
2762 136
823 1462
797 898
2928 1475
1612 1941
3094 2418
3684 3048
3142 1850
3965 1841
3136 3502
1856 3204
3097 3550
1137 329
3777 3013
1526 3318
337 2559
1390 1170
3443 3264
28 241
44 3846
3270 1572
1746 1181
3752 3209
3850 1500
1323 1010
602 2290
2954 1957
3027 1672
2580 2503
3226 2639
1818 1971
3987 405
2963 3387
1466 894
352 2864
885 2724
89 2621
1169 555
537 3226
77 3585
3517 381
573 258
1784 1514
2820 3417
671 2437
931 3983
2017 1540
1634 337
1441 3203
13 22
3706 1110
2626 767
2340 3740
2151 2305
2000 3373
821 3388
706 353
1605 62
2365 3591
763 2622
1242 1141
3197 3540
3318 2682
1715 1271
779 2662
156 1807
3642 2866
2242 3105
838 1476
659 1847
3119 3649
1160 3404
87 3734
3760 2251
113 1180
2691 2526
2773 2391
2411 2146
93 3913
1152 1100
3156 2175
2828 3932
3596 611
2400 304
3295 2132
150 1396
2230 3284
473 1803
3323 3829
1955 678
1320 1741
1538 1813
2035 2751
2912 250
299 845
3436 1207
3913 3117
1205 491
3974 817
1618 2364
3298 3135
2791 2788
1980 2844
3503 3733
2717 2860
452 1832
1679 1512
289 1390
3283 3501
2219 57
3905 2874
347 534
1424 368
1119 2785
3666 24
3412 2225
3182 2181
2200 1468
3145 3930
2294 1646
2492 2180
473 2728
229 2201
2301 2788
1837 2106
337 368
1194 3719
3617 3974
2596 3318
3516 2891
823 438
2395 1755
565 2971
3639 2788
2214 1601
3571 557
298 3458
1098 2493
3986 1490
591 1727
2471 1791
322 1563
757 2413
3609 3803
1121 1746
3342 955
3457 2581
597 3041
2066 3488
3007 338
215 1445
2722 3374
3222 2456
1061 914
3077 3875
2445 3730
1034 718
3295 3859
85 2108
3825 387
1752 2447
1424 2893
3356 2513
2654 1280
1312 3016
2799 1766
3133 856
992 205
1057 2934
2561 3777
235 884
3629 778
3055 3506
2297 3702
3 3078
606 829
2805 3893
3187 1171
616 3721
2911 1467
2808 3144
33 280
2234 3186
1513 3189
1299 1933
3354 941
2542 1993
1014 3362
400 3421
2174 2801
3365 2443
2511 491
2695 3218
3849 1196
2823 2318
1931 2203
2459 1728
1444 1296
3063 2839
1582 391
297 1416
1702 3964
1645 663
71 2102
116 149
492 3457
2322 256
1727 877
983 1897
2997 1480
945 634
2569 3524
2443 2527
3759 3910
492 3555
310 1089
156 1722
3174 3
107 3965
439 890
527 338
1392 1520
1017 201
730 3407
1283 3870
762 2213
2850 1784
1467 1010
562 3205
953 2806
778 2784
3212 431
289 551
59 3238
627 664
1488 1489
1462 1352
3580 1916
893 1493
3426 1576
969 3292
797 24
1188 452
2941 2819
2242 1148
3778 3497
2504 944
465 2313
1726 3940
2972 2506
3656 2187
1494 495
2426 3534
3777 1037
3264 1112
3240 766
2859 552
3662 508
3064 1891
1152 262
1097 3940
1090 3112
766 3010
2931 3987
3729 2550
3239 320
2120 1067
2313 3724
367 2658
3623 821
2691 2758
1331 2651
2423 3040
150 2594
3949 753
3567 1012
966 2176
171 1764
1856 2155
2221 1877
147 1073
692 1540
1502 2041
3074 1643
3068 1084
1679 1462
1970 1213
1302 2141
401 563
1115 1964
2903 2635
1954 3068
3067 3939
659 1456
1639 577
2770 1711
3876 19
1079 3135
3738 1600
140 1538
2489 3809
2433 2089
3544 2349
1645 2717
645 3727
1915 835
131 1462
1402 656
394 2668
1787 3378
3012 1702
2619 1093
395 3144
1844 1080
3672 546
3248 2299
3077 4
1538 3114
3279 3376
1550 3151
3318 3858
2263 1127
712 2375
1136 1427
1114 2423
227 218
3922 3321
1432 531
2809 3852
644 1220
747 1930
1406 3657
1497 648
1727 3889
646 2035
2653 2352
1750 3965
1695 84
316 1232
2414 2655
841 1703
1016 2450
966 2257
1021 2809
3586 1785
2934 517
3749 3885
3567 3155
3420 1101
1242 2694
811 2417
3137 1010
2627 1
2420 3673
2775 2671
3221 3804
337 2325
25 1667
56 3877
1302 2210
2926 3355
77 2189
351 431
1847 2013
3163 2374
3015 3858
2654 3777
2104 3081
3151 3139
2211 1751
2264 3657
589 3357
1135 2752
175 2234
1092 2420
910 2184
3981 3308
67 364
563 735
3004 2232
3660 1578
3074 3579
3363 3258
2132 833
1666 1911
1847 3074
1189 1880
1084 2336
3557 3527
365 2357
210 74
3716 2185
3624 2826
75 298
3422 72
227 3412
228 214
225 3484
1307 1223
1123 2140
3730 3171
2163 2641
1707 3755
3419 908
2712 2299
103 477
3232 2767
624 1286
547 2421
3768 1198
1905 431
484 3817
3883 1984
1893 3982
1366 1367
3518 604
387 3808
3635 1363
333 3006
3830 3456
695 1974
2988 410
1317 3035
332 394
780 2732
3746 3790
1287 913
1172 2735
1951 445
180 3126
1846 172
1848 1712
929 842
94 1861
2457 2608
2829 1503
1174 1152
1711 1770
1113 3585
2285 1400
1075 1148
1031 281
1015 2010
1494 1756
2675 2807
1899 3313
2040 3976
3720 917
1391 3873
757 976
1243 3790
2586 3235
2819 3694
1368 283
3460 892
397 2777
2362 1265
3042 3136
2427 3046
2838 3910
1596 1291
1457 3503
472 3077
3712 2655
2193 3075
3462 3544
368 1539
3909 2278
1739 1473
2772 71
1985 1880
2190 2350
3924 1805
3632 743
2588 1597
3408 3540
3712 2657
1208 3765
1042 3855
3140 2447
529 2379
3363 3197
3162 2088
654 126
617 2237
2478 1291
1347 1053
2656 695
1637 227
1395 1934
915 2223
848 3028
1126 377
2722 3907
1774 1470
707 308
2835 862
2242 2233
3204 843
2386 1587
1034 3082
2208 779
1158 1920
273 2992
786 3933
936 404
1180 2112
1836 2512
3160 2846
3977 385
3795 2539
563 3628
996 2750
3716 3286
2908 2728
2361 2081
2613 669
1054 3467
2353 2415
2947 1749
1463 860
2361 2726
1462 3712
2035 695
3954 1243
12 2327
129 2269
2806 3777
3128 3360
2138 2225
1356 1379
1447 1769
3609 2294
3026 776
553 3286
3766 3569
3626 70
843 3041
34 646
777 1849
3492 2791
874 3722
121 3055
3144 3707
1840 23
1987 2838
1787 105
2069 708
1637 3107
1131 3681
3354 2727
1056 2879
760 759
2033 3161
1860 3348
3713 150
1775 504
2868 1667
2929 1115
3962 124
918 1758
3901 2629
2172 2676
277 1764
2823 2173
2717 618
1477 942
1790 3090
1074 2674
2910 718
1988 3875
2321 921
336 3279
3556 3364
1089 3892
1549 3157
2384 2800
801 3731
2600 3423
1363 2188
752 153
1444 302
517 417
3335 3823
683 3521
110 1609
3212 3381
784 3381
1676 550
2750 2944
2682 3108
1173 1596
948 3242
3014 1192
794 174
910 2479
2921 1473
3453 1526
1350 1009
523 2562
1434 1537
983 1929
816 2193
828 3424
1171 3484
1815 3467
1656 156
2676 153
2927 3394
977 3821
1214 3512
935 2879
3963 307
978 3642
3101 663
3957 763
957 486
1583 344
2089 2024
1529 492
2006 3214
1838 3865
3854 1800
2454 3141
3148 2855
3507 1528
2901 3197
3793 1957
3989 2621
3908 2157
2971 2819
1763 2826
3271 480
368 3115
3177 2672
1301 3557
2043 1704
805 891
1106 1998
504 2975
3469 160
3994 1039
1210 1853
824 2583
3555 1522
1590 723
1596 3701
2898 2520
64 1729
1734 3903
3792 1835
3518 1150
2080 3871
209 378
1317 1515
2988 1506
501 2593
3903 973
3671 1191
1203 1940
3860 3904
3986 3436
684 1065
564 2357
3007 3616
3315 1906
150 2688
2585 1838
2412 1010
3708 2570
2134 2885
3832 1753
113 2482
2162 1367
951 1425
3717 132
619 3278
2595 1986
2763 2604
1142 2721
981 3843
2371 515
145 3322
3381 337
153 3922
3405 2170
967 3501
3539 942
854 2509
535 1041
2406 2709
2257 2443
1 908
656 3248
2550 3308
983 1742
1580 1785
354 2832
1176 2668
822 1655
3315 98
1823 833
1898 1103
3362 1197
3540 2031
3479 184
1651 950
2738 3470
704 3286
111 3289
3842 2988
2250 1175
2593 2022
3856 3165
2531 718
2823 3388
656 2046
2919 880
3347 1647
1963 2870
2612 1046
1571 3704
1454 1637
25 116
2910 2221
3673 3945
392 3048
2558 142
3163 2866
1866 1126
2140 419
3793 219
3703 3570
3120 3134
784 2798
1310 378
2752 2165
1007 2913
3920 3150
3117 921
3915 3152
851 3166
1588 286
3102 975
3404 1358
165 3837
3708 384
204 1513
2909 3480
3389 2154
1774 474
2277 59
852 252
1919 1174
2823 3346
67 2615
3122 1492
3843 2772
951 1281
2 2972
2463 2207
3196 1407
3369 1542
3318 2337
435 606
797 3604
2856 1169
3872 1985
232 221
932 2109
2239 1180
3689 2827
2193 3491
3356 1973
3133 2700
2582 2446
3834 1192
143 1239
2945 1613
1805 937
205 1304
2661 842
429 3668
1166 1422
2351 1257
189 3544
27 49
1510 1852
1939 1217
1216 3330
1911 1930
3897 3624
2969 767
1118 456
3913 3390
1910 1064
1509 2219
732 1187
3897 2312
3870 773
1191 3580
3521 1555
1139 729
601 1233
2978 2410
2941 3098
3597 655
403 2166
1896 2613
2084 1112
2801 2832
3579 1763
2324 1871
3837 1990
784 1024
2785 1415
1392 282
3370 2904
2002 631
2820 3552
1992 2073
510 1047
570 1298
3922 3903
3353 1248
2370 1064
331 1250
1699 3777
3586 2579
2457 1263
3841 2959
2743 2685
3180 213
2680 3507
430 3773
451 2537
2405 3918
2374 2439
61 263
1462 1607
2371 3710
1808 3047
2061 3115
3167 2919
1041 3150
3008 2253
2892 2483
104 158
1625 3832
3484 2039
3412 2934
2001 321
2212 2863
2826 2927
629 3490
3112 390
3847 141
296 2920
2002 3048
3198 45
3023 1335
202 205
1354 244
1436 2059
949 3925
99 3543
2025 883
2565 3641
60 1581
134 3502
2605 2236
1682 3995
2028 289
1971 164
3460 825
1021 596
3019 2098
3313 3348
494 919
732 1972
1178 2178
3601 2162
3849 3174
2827 3937
1187 2079
3314 1478
2802 1288
1765 2150
409 1654
2425 3287
3712 628
1876 2746
3927 1234
1536 1148
1069 921
3475 1748
2536 1637
2474 3336
3145 2402
193 3142
2092 1942
251 464
3577 3420
2100 132
1884 3269
2456 81
639 574
869 1799
3289 1209
61 1354
329 2987
541 2849
1961 2234
1992 1328
1520 3361
3742 2294
26 1896
2632 591
529 2065
3866 3574
298 1073
297 3341
3912 2995
2655 3494
3922 295
679 2478
1660 3952
438 1015
1261 1065
2626 665
934 2317
1374 826
463 1631
1887 3402
3962 2367
1729 2556
974 1665
3737 3398
2068 715
1749 3978
2446 2766
2492 745
1662 380
2980 3032
1058 2064
3919 2936
181 413
105 1088
394 3294
1612 428
2839 1629
826 2830
868 1051
2152 1307
258 272
781 536
1633 3272
3917 101
1003 3272
3908 3947
1598 681
2817 2831
1370 2909
3598 773
3582 949
3832 3546
2196 752
1604 3243
1635 3875
3792 1128
1243 3828
3216 3647
1531 2793
1648 2482
3145 1920
2941 394
1309 3088
2738 3693
1680 1917
1694 2853
2867 3800
41 1462
994 3627
2175 1885
586 2956
1874 829
930 3016
3323 3262
1175 3979
2031 1883
1582 1670
2566 3508
2448 590
32 492
1598 3353
3272 3963
3859 3202
2520 1679
394 3562
3998 2039
2319 1270
3233 1673
2032 3574
146 3345
319 148
3791 1291
670 1527
744 438
3031 611
1232 3285
323 1395
2861 1544
969 2987
3670 2377
1498 803
2530 3764
1080 2719
3574 3909
3451 874
2902 1530
2835 71
899 1030
1359 1021
1182 1291
2024 1653
3552 2988
1462 3756
2308 2877
1669 613
2886 2252
2871 1346
2796 3107
134 122
1302 3874
1821 455
3731 337
3354 2739
3054 1182
3472 558
3155 1236
1934 2767
689 3576
71 2628
453 2678
3638 3709
2046 1746
112 944
1747 688
3543 228
2019 1944
3698 1001
3066 2126
3267 2074
1534 1077
2601 3963
1496 2577
3023 1282
1020 1969
3913 3289
2018 426
3341 304
3276 1356
3954 381
867 1248
2494 3972
3076 466
3795 238
3898 2124
1286 3146
1597 1658
14 3922
2961 881
2697 3163
955 295
2315 543
27 463
1894 1601
1727 1674
2684 2976
1384 43
3132 916
16 1674
1879 2996
1734 2976
2706 1374
2217 3008
3313 580
3708 3197
1749 840
3074 2884
1593 1230
3127 1602
3433 3405
3866 651
1850 1373
3791 2646
2818 1382
3809 138
1603 3514
2508 1229
2216 659
2415 1459
2361 958
456 789
3783 3447
3115 1022
2256 3560
732 551
294 3284
1423 2548
2786 2765
3372 1673
224 2436
1276 2255
721 1029
2449 1992
2242 67
2211 3952
2793 3304
2397 1801
373 275
3954 3711
3534 2121
3213 3154
2597 3385
3872 1912
1811 93
1171 1274
1559 3396
2420 2611
345 1251
2674 1797
372 3394
3896 3152
300 696
722 549
53 135
493 1486
1432 3301
2658 292
3805 87
3353 2574
80 3607
1563 1078
2828 1976
1410 1765
161 1999
2669 775
2370 3020
3031 1302
1659 3977
3346 236
2481 1336
1806 1923
3341 2458
579 337
945 2456
1828 582
2992 291
3994 1306
3593 2038
2650 126
1426 2797
1045 2985
2893 2064
1412 3513
227 2173
3898 3013
669 3584
1120 1774
2236 1367
2663 465
3292 823
1173 3967
1556 1937
2426 1513
2929 2242
1866 2522
1546 709
1497 1150
3758 217
289 361
2340 735
3255 1208
1365 3667
2209 3788
2059 3381
3344 3343
3174 407
239 2547
1494 386
758 2117
3556 82
712 266
2314 2831
3988 3272
438 2253
1518 1191
2521 3738
3677 3646
2710 1427
2260 2306
2244 1951
243 1324
2749 3956
200 271
2791 3018
3659 3535
3904 1492
411 1647
1549 1022
1430 587
105 1383
2172 3878
1636 1664
2269 1126
2588 662
3030 2625
3134 3295
3173 874
808 1455
3501 3772
707 934
2916 2071
1359 3087
728 2983
1818 742
3730 1433
1898 1285
2617 1744
1506 3473
2728 1905
2556 2913
2566 1333
254 959
1164 3873
741 2861
696 293
1089 2428
3729 3506
1668 3283
3791 2956
1574 1946
1724 624
1910 1855
112 3811
2167 1030
24 3398
1687 1902
1619 2919
105 2008
1682 3561
2302 3743
796 2690
2498 276
2288 3351
3411 2194
3791 823
3497 1144
1308 1253
3055 3817
2467 2120
1171 25
3886 3952
1148 2945
1493 2634
1464 832
3814 2104
1204 1893
2788 2991
1228 1895
3741 2801
2343 1029
836 1828
1206 2697
849 2276
534 1556
2787 1623
2757 2928
1229 2326
2076 728
2437 3060
724 2510
3526 2219
248 3932
568 2737
2661 912
2271 1985
1505 1237
1567 1296
434 3208
1051 3050
3467 3696
2372 691
3210 2026
2333 1323
2342 3436
132 3574
156 2851
2204 3223
3490 2774
550 1102
1042 1265
1796 2408
3487 643
3903 2915
3398 381
1105 3638
2097 3094
2546 1804
2645 1528
3484 3167
1616 45
520 1288
2128 1787
1094 2238
1255 1773
3692 1254
459 1226
2753 3842
2302 1892
957 3352
1400 1163
2173 2056
405 903
821 2933
1816 2807
292 479
461 404
3440 1513
1450 336
750 2587
2789 3273
1391 191
3337 1432
1774 2306
1780 696
1511 3273
1444 594
2801 589
2462 2209
588 3568
2494 1473
45 2708
1080 1366
746 916
3791 1703
2174 3635
3327 901
1513 891
2147 3800
2102 1732
1485 1989
3292 3800
2533 868
2906 1073
2648 1659
3960 1056
2841 1625
1728 1576
1398 3245
1080 3284
2574 622
1327 2869
866 3494
3705 557
247 3203
1091 454
2207 641
2486 3017
457 406
1887 1962
2689 1763
2947 1771
1848 1482
1793 930
3257 2253
3085 2174
2840 1447
3672 1693
1378 1315
1166 1253
2521 790
3608 132
399 1401
2050 1351
1068 3406
1208 3260
381 2137
47 3084
1676 2826
3131 2477
3059 2821
11 2269
708 1292
3150 2723
1557 1917
3652 1019
3410 1030
262 3892
935 3250
529 3363
1786 347
2464 2333
2730 1874
375 1201
1540 3095
357 20
2063 752
920 142
2876 484
3724 2854
1365 400
3454 998
2762 634
1768 447
2061 672
3184 1815
428 1006
3279 2336
1179 3399
1524 2589
2318 50
3788 255
2982 1772
1245 1934
2884 2139
2497 3038
3720 2278
2454 2801
141 2109
2696 264
2655 1946
3308 2108
4 3200
146 2470
195 3689
3182 734
2499 2934
2722 421
639 1212
1015 3550
2865 2987
3227 2922
549 1551
3070 3930
21 968
1149 1838
1737 1685
2372 1647
3795 3712
1391 3603
1309 2402
3137 356
1013 3682
864 3919
3052 489
3799 1324
116 454
376 1450
130 2076
423 1273
942 2513
740 3249
1503 2135
2556 625
2411 1457
2218 2595
431 3413
614 3137
2600 2056
2376 3133
2158 2175
3404 425
3414 872
3833 1438
1332 405
2499 3968
197 427
1656 3644
482 3
3062 3898
3053 763
1818 3992
1170 2897
3692 2325
3174 939
354 1462
2491 2354
3976 1513
1264 2454
2937 2432
2598 268
1982 328
2442 218
539 2569
35 3096
1411 3989
2144 169
1472 3042
1846 798
3908 3005
2681 171
2148 522
3158 2951
1868 90
2572 2823
1769 1038
2012 1480
2171 1196
2583 3650
3611 3103
2987 176
451 3658
3957 1036
827 2567
3174 2407
3818 1008
3891 2601
1893 1716
3028 2374
3808 2103
1519 1120
1632 2683
2958 494
485 2817
469 1033
2035 3552
3624 1069
1601 1736
3625 2359
51 1807
3496 1125
813 2720
1496 851
2949 2192
3958 2445
2235 2875
358 2118
1926 1197
2620 87
2890 568
3762 624
2094 2335
2226 621
3257 536
1446 2446
2780 82
2894 1501
2875 203
1994 3341
818 3637
2136 2380
3420 194
1977 522
1073 1480
324 1633
725 2716
1120 285
2501 1878
1323 3550
2796 1892
3688 2779
154 509
3232 2507
704 3145
990 400
970 337
54 886
1455 3980
2095 2760
2166 2332
3430 76
1881 368
2067 527
874 697
3657 487
605 3544
151 1345
165 1750
3960 2424
3620 1864
3724 1279
2681 903
1227 1874
2747 3434
346 762
500 2085
1124 3499
1327 749
3664 3938
3240 431
2441 1876
1064 2190
2366 345
1329 3107
2501 2270
3125 2870
2481 269
1710 158
2469 3636
3935 2546
1538 1157
1858 150
902 2898
3037 3363
1359 3319
3641 738
2571 2955
2563 777
3241 1633
1448 1979
1744 118
1307 2173
2979 589
337 3989
3065 1515
783 2294
3621 3806
2329 1378
1156 2918
455 548
2463 1664
3366 3052
630 3077
150 1487
2875 3495
2872 3862
3909 734
90 1015
2893 952
3239 1423
43 1542
1978 2081
2803 1758
2169 2662
2661 363
2667 264
3065 301
1709 2956
3548 2785
1647 1593
3230 3707
3739 186
1163 990
2910 222
2281 2620
3206 1913
3552 1661
2721 3312
618 643
771 110
548 2695
1637 2207
2692 67
3242 1462
2852 104
590 3326
827 3149
3782 1440
3259 775
3140 3782
2410 25
3297 2662
3165 1855
3712 2453
1757 414
2426 1314
71 2847
3959 3935
3873 123
3909 3801
3702 2839
1370 2246
2262 379
3543 1193
1321 2538
2781 2369
3997 1776
198 5
612 334
1138 3916
506 1503
1113 280
3046 2109
907 117
3976 676
3544 1480
793 665
3024 2049
399 2951
2743 3114
3244 1864
3592 2407
2746 1789
427 3102
3176 1257
1243 1026
3879 132
86 3566
1083 2573
3941 266
1395 1359
2647 1314
3847 916
2870 396
476 3833
2035 1569
1664 1867
1024 213
309 1053
119 2598
1599 517
502 832
3879 371
3821 489
2082 3684
609 1606
2205 1695
345 1900
1269 3602
2113 1334
2523 133
1958 3156
2544 1133
3474 3143
432 1796
170 2793
350 2445
556 3663
3849 2403
3044 2438
934 2988
1432 2094
3946 2254
2919 1145
3212 2261
2930 698
1060 1910
2896 624
2836 2755
2479 3186
1491 1126
2510 2520
445 3695
2999 2679
3174 1906
1331 2280
3859 3802
3023 3925
3246 1571
2536 1878
2556 3689
2876 2833
3898 2034
3707 652
3224 473
3606 671
1869 1878
1327 3505
1864 454
1609 2088
1675 2583
533 31
3263 589
2546 456
812 476
843 3557
2377 3580
2500 2516
232 127
2186 3515
372 3252
