4000
3999
1 2
2 3
3 4
4 5
5 6
6 7
7 8
8 9
9 10
10 3291
3291 188
188 568
568 872
872 2723
2723 854
854 3790
3790 3606
3606 3983
3983 2580
2580 1042
1042 1003
1003 258
258 3649
3649 424
424 850
850 932
932 1693
1693 3710
3710 805
805 3428
3428 2951
2951 961
961 1491
1491 2991
2991 844
844 1334
1334 294
294 849
849 1563
1563 1018
1018 1226
1226 1983
1983 2853
2853 2624
2624 2285
2285 3906
3906 1915
1915 1365
1365 3829
3829 3811
3811 393
393 267
267 2567
2567 237
237 1815
1815 3528
3528 2530
2530 3226
3226 1385
1385 2438
2438 3438
3438 2824
2824 2913
2913 1708
1708 2667
2667 737
737 944
944 3972
3972 3016
3016 754
754 882
882 1131
1131 3509
3509 3543
3543 922
922 304
304 3443
3443 3571
3571 475
475 2888
2888 3567
3567 438
438 77
77 3905
3905 1103
1103 538
538 1454
1454 3975
3975 2710
2710 1414
1414 177
177 2573
2573 2626
2626 220
220 442
442 3756
3756 1675
1675 777
777 3151
3151 46
46 691
691 2078
2078 1071
1071 2985
2985 2529
2529 1090
1090 86
86 1189
1189 3392
3392 1159
1159 1775
1775 974
974 2838
2838 35
35 991
991 348
348 3346
3346 2419
2419 1259
1259 454
454 2127
2127 1713
1713 2848
2848 3779
3779 1990
1990 3283
3283 545
545 3302
3302 3621
3621 3722
3722 2332
2332 2895
2895 121
121 2869
2869 429
429 2381
2381 456
456 547
547 2742
2742 2475
2475 1458
1458 2015
2015 3028
3028 664
664 3950
3950 962
962 2817
2817 1807
1807 3326
3326 2579
2579 898
898 2964
2964 2682
2682 2674
2674 520
520 3544
3544 2642
2642 1819
1819 702
702 1670
1670 3809
3809 2643
2643 2664
2664 1168
1168 2569
2569 2151
2151 378
378 1851
1851 1877
1877 2884
2884 3287
3287 3826
3826 198
198 479
479 1499
1499 2470
2470 1749
1749 1096
1096 1231
1231 2000
2000 1840
1840 450
450 845
845 15
15 3707
3707 2881
2881 3430
3430 3521
3521 3263
3263 3776
3776 2292
2292 2142
2142 1378
1378 2114
2114 3617
3617 3886
3886 1579
1579 3157
3157 632
632 2812
2812 2471
2471 3662
3662 3702
3702 1327
1327 2751
2751 3298
3298 667
667 714
714 3532
3532 2688
2688 3299
3299 2404
2404 2347
2347 1265
1265 3512
3512 1991
1991 649
649 2010
2010 2680
2680 1734
1734 1409
1409 1746
1746 1910
1910 3265
3265 1242
1242 2186
2186 134
134 2897
2897 3984
3984 1914
1914 2431
2431 1112
1112 1381
1381 1497
1497 94
94 2707
2707 727
727 3835
3835 3916
3916 1495
1495 590
590 2939
2939 2614
2614 3607
3607 3109
3109 190
190 3685
3685 673
673 2568
2568 2673
2673 936
936 2689
2689 459
459 2382
2382 2195
2195 73
73 756
756 2135
2135 2160
2160 2183
2183 2705
2705 1471
1471 3888
3888 3693
3693 767
767 462
462 92
92 34
34 612
612 3222
3222 2810
2810 2852
2852 452
452 18
18 2435
2435 2995
2995 2866
2866 3761
3761 1813
1813 2549
2549 356
356 3379
3379 929
929 1099
1099 3307
3307 2690
2690 1397
1397 3941
3941 701
701 3911
3911 3818
3818 1522
1522 3440
3440 3636
3636 1821
1821 3686
3686 3755
3755 3465
3465 2041
2041 3732
3732 1805
1805 65
65 1324
1324 2775
2775 989
989 1961
1961 1663
1663 1002
1002 1477
1477 796
796 1315
1315 3554
3554 679
679 722
722 3665
3665 2874
2874 3880
3880 3043
3043 247
247 3745
3745 3963
3963 2385
2385 3233
3233 1437
1437 3183
3183 70
70 1447
1447 377
377 1498
1498 1476
1476 3838
3838 732
732 2987
2987 299
299 3794
3794 1162
1162 1884
1884 774
774 1262
1262 3530
3530 3067
3067 1822
1822 109
109 1322
1322 3436
3436 2975
2975 171
171 2236
2236 3435
3435 688
688 2604
2604 971
971 81
81 610
610 1982
1982 3897
3897 2650
2650 1074
1074 3107
3107 772
772 3189
3189 3827
3827 2962
2962 2947
2947 3125
3125 322
322 522
522 2519
2519 2885
2885 2101
2101 3862
3862 1023
1023 3253
3253 1508
1508 3870
3870 919
919 1954
1954 2270
2270 2303
2303 3481
3481 461
461 1904
1904 2260
2260 1930
1930 2743
2743 3309
3309 43
43 3713
3713 2417
2417 1799
1799 1253
1253 3422
3422 1901
1901 3680
3680 1043
1043 1920
1920 1059
1059 231
231 2990
2990 710
710 236
236 2153
2153 1132
1132 3030
3030 2546
2546 1865
1865 3591
3591 1792
1792 3887
3887 1832
1832 3762
3762 914
914 3930
3930 1077
1077 1139
1139 2612
2612 2318
2318 1172
1172 933
933 2141
2141 3365
3365 3447
3447 2172
2172 22
22 147
147 3456
3456 2927
2927 1389
1389 311
311 388
388 2607
2607 3153
3153 1515
1515 3752
3752 2414
2414 1332
1332 1573
1573 3959
3959 229
229 1705
1705 1628
1628 2479
2479 1243
1243 2030
2030 2863
2863 1105
1105 2782
2782 466
466 1717
1717 3158
3158 598
598 1912
1912 3048
3048 3751
3751 3642
3642 2920
2920 729
729 3168
3168 2706
2706 1115
1115 1686
1686 975
975 745
745 719
719 3417
3417 2053
2053 221
221 857
857 3785
3785 2923
2923 2574
2574 2828
2828 2205
2205 1881
1881 3345
3345 208
208 924
924 1704
1704 3823
3823 591
591 3473
3473 486
486 2338
2338 1029
1029 1747
1747 2240
2240 1586
1586 3833
3833 3072
3072 2557
2557 1191
1191 3795
3795 1762
1762 375
375 1127
1127 3576
3576 2031
2031 161
161 3893
3893 1533
1533 3311
3311 2483
2483 1439
1439 890
890 1542
1542 2961
2961 1971
1971 1283
1283 1574
1574 3012
3012 870
870 2797
2797 2046
2046 14
14 3890
3890 2094
2094 1257
1257 327
327 2714
2714 2429
2429 3522
3522 2017
2017 1024
1024 2737
2737 533
533 3460
3460 2712
2712 3938
3938 289
289 1301
1301 2889
2889 832
832 2353
2353 2794
2794 2525
2525 1031
1031 1791
1791 3175
3175 2069
2069 1535
1535 1154
1154 1091
1091 1974
1974 3979
3979 416
416 935
935 680
680 2110
2110 3055
3055 2038
2038 1843
1843 839
839 415
415 1111
1111 1376
1376 330
330 3503
3503 3597
3597 2167
2167 2501
2501 127
127 1234
1234 1987
1987 2298
2298 3319
3319 273
273 2359
2359 2482
2482 278
278 908
908 1942
1942 554
554 2912
2912 1636
1636 3648
3648 2253
2253 3535
3535 3699
3699 629
629 2009
2009 1750
1750 3145
3145 1752
1752 1318
1318 207
207 2608
2608 2635
2635 723
723 2322
2322 3830
3830 2327
2327 3159
3159 1233
1233 1692
1692 3876
3876 2176
2176 335
335 977
977 3284
3284 3787
3787 80
80 2981
2981 2461
2461 3296
3296 3982
3982 2747
2747 394
394 3210
3210 2104
2104 2489
2489 1818
1818 1539
1539 1290
1290 1453
1453 2362
2362 1593
1593 558
558 1735
1735 1423
1423 28
28 254
254 3737
3737 1546
1546 1787
1787 3578
3578 1005
1005 106
106 83
83 3666
3666 430
430 1511
1511 623
623 270
270 2405
2405 2490
2490 2772
2772 3555
3555 457
457 661
661 3502
3502 499
499 2566
2566 2290
2290 1394
1394 575
575 2075
2075 3199
3199 3865
3865 926
926 19
19 396
396 3557
3557 2627
2627 1428
1428 3775
3775 3027
3027 1946
1946 2520
2520 3495
3495 1264
1264 677
677 2516
2516 1808
1808 3581
3581 1789
1789 1715
1715 3627
3627 3194
3194 892
892 2211
2211 3609
3609 2343
2343 328
328 1393
1393 1756
1756 3791
3791 2099
2099 1918
1918 334
334 3675
3675 305
305 873
873 1384
1384 2016
2016 3441
3441 1506
1506 3385
3385 3585
3585 725
725 1530
1530 1868
1868 2067
2067 3371
3371 2590
2590 869
869 2521
2521 966
966 3857
3857 250
250 3050
3050 1625
1625 148
148 807
807 678
678 1706
1706 1271
1271 2739
2739 2677
2677 3695
3695 1937
1937 532
532 3358
3358 79
79 2014
2014 1823
1823 2081
2081 776
776 3875
3875 1640
1640 2858
2858 1889
1889 3252
3252 2661
2661 3904
3904 2864
2864 2199
2199 315
315 1081
1081 3744
3744 3382
3382 1644
1644 3056
3056 2504
2504 3550
3550 403
403 2474
2474 3267
3267 2833
2833 1655
1655 164
164 3912
3912 1899
1899 3214
3214 284
284 2894
2894 3143
3143 3628
3628 3344
3344 3475
3475 1888
1888 2993
2993 3480
3480 3126
3126 942
942 214
214 2266
2266 1936
1936 2074
2074 2806
2806 2839
2839 245
245 1323
1323 2275
2275 1998
1998 3031
3031 2422
2422 1802
1802 730
730 1505
1505 2286
2286 2238
2238 1317
1317 3858
3858 3536
3536 3321
3321 3035
3035 2280
2280 1922
1922 752
752 44
44 3341
3341 3021
3021 695
695 2500
2500 616
616 1035
1035 3549
3549 1729
1729 3203
3203 3889
3889 2254
2254 950
950 3445
3445 766
766 3479
3479 1107
1107 469
469 157
157 3593
3593 2709
2709 2279
2279 3147
3147 3156
3156 379
379 390
390 1326
1326 1551
1551 2092
2092 1529
1529 1967
1967 2237
2237 2560
2560 3918
3918 3696
3696 1916
1916 751
751 1287
1287 206
206 3718
3718 2175
2175 204
204 582
582 493
493 1011
1011 3758
3758 1871
1871 3584
3584 2728
2728 3290
3290 2323
2323 3774
3774 355
355 3673
3673 3231
3231 2156
2156 1475
1475 1621
1621 1637
1637 1764
1764 1558
1558 3174
3174 3820
3820 1540
1540 3971
3971 3336
3336 1051
1051 352
352 2744
2744 1136
1136 3558
3558 1267
1267 1592
1592 1882
1882 3472
3472 1653
1653 1232
1232 2334
2334 130
130 1562
1562 321
321 1138
1138 808
808 2061
2061 2415
2415 1907
1907 2395
2395 3116
3116 3268
3268 1661
1661 2953
2953 3620
3620 3240
3240 1456
1456 2008
2008 3524
3524 3420
3420 1000
1000 3187
3187 2122
2122 3010
3010 3246
3246 1525
1525 1701
1701 3388
3388 1380
1380 404
404 657
657 3896
3896 1854
1854 1908
1908 742
742 1577
1577 3275
3275 3657
3657 3242
3242 447
447 2755
2755 2103
2103 3228
3228 511
511 3442
3442 2686
2686 1873
1873 3814
3814 595
595 3935
3935 2970
2970 1020
1020 3398
3398 2239
2239 407
407 3797
3797 1500
1500 385
385 3059
3059 3924
3924 291
291 3036
3036 2966
2966 257
257 3613
3613 1647
1647 3121
3121 2974
2974 3708
3708 2401
2401 2997
2997 3740
3740 3313
3313 3180
3180 2197
2197 1999
1999 2132
2132 2994
2994 2360
2360 3729
3729 2821
2821 485
485 1150
1150 793
793 57
57 37
37 860
860 847
847 2978
2978 340
340 1681
1681 1346
1346 1052
1052 2488
2488 957
957 2846
2846 1702
1702 3986
3986 2703
2703 1309
1309 2025
2025 3217
3217 296
296 1817
1817 1084
1084 3798
3798 3961
3961 89
89 2651
2651 2340
2340 3715
3715 2119
2119 3725
3725 1041
1041 1980
1980 2268
2268 342
342 3694
3694 3920
3920 3285
3285 2033
2033 1601
1601 3658
3658 549
549 2692
2692 949
949 3271
3271 495
495 3250
3250 1770
1770 3534
3534 3978
3978 3178
3178 235
235 2898
2898 779
779 3225
3225 3053
3053 123
123 1256
1256 2416
2416 609
609 2809
2809 663
663 2499
2499 2749
2749 69
69 3400
3400 2333
2333 439
439 992
992 993
993 107
107 2840
2840 3678
3678 3204
3204 2057
2057 579
579 2598
2598 2427
2427 2133
2133 2182
2182 2241
2241 903
903 3032
3032 3334
3334 3561
3561 3078
3078 3844
3844 1382
1382 3229
3229 2925
2925 3769
3769 308
308 3130
3130 2972
2972 3664
3664 3768
3768 3364
3364 658
658 2242
2242 2611
2611 1556
1556 1671
1671 3574
3574 1146
1146 1465
1465 2811
2811 2582
2582 2149
2149 2904
2904 1848
1848 2387
2387 1320
1320 488
488 173
173 2228
2228 970
970 2426
2426 3922
3922 1266
1266 2265
2265 470
470 565
565 1611
1611 3988
3988 2079
2079 1707
1707 435
435 998
998 2600
2600 2942
2942 1532
1532 1845
1845 2463
2463 3039
3039 3276
3276 387
387 2281
2281 233
233 3474
3474 3973
3973 878
878 263
263 307
307 3071
3071 557
557 1719
1719 2024
2024 1806
1806 1149
1149 2656
2656 2126
2126 2599
2599 3061
3061 1741
1741 3980
3980 227
227 3546
3546 2697
2697 1140
1140 183
183 744
744 490
490 3548
3548 2036
2036 3989
3989 2391
2391 1075
1075 1479
1479 1184
1184 3885
3885 2610
2610 1213
1213 3261
3261 647
647 1198
1198 856
856 2948
2948 2190
2190 1771
1771 3066
3066 700
700 2512
2512 3806
3806 2344
2344 3310
3310 943
943 411
411 1133
1133 2701
2701 2320
2320 1810
1810 143
143 2720
2720 2693
2693 1829
1829 2217
2217 2694
2694 3350
3350 3883
3883 3164
3164 907
907 1956
1956 3463
3463 2570
2570 412
412 3452
3452 441
441 2155
2155 2451
2451 3218
3218 897
897 3848
3848 3444
3444 3646
3646 451
451 3563
3563 1610
1610 1687
1687 458
458 27
27 1996
1996 2765
2765 848
848 1833
1833 2341
2341 633
633 3432
3432 3845
3845 3641
3641 3424
3424 3454
3454 1712
1712 1440
1440 1575
1575 2633
2633 2719
2719 3933
3933 1501
1501 343
343 353
353 728
728 455
455 1682
1682 2998
2998 421
421 3533
3533 734
734 2822
2822 2733
2733 111
111 145
145 3622
3622 293
293 1056
1056 1960
1960 320
320 1544
1544 1413
1413 540
540 38
38 951
951 521
521 815
815 162
162 23
23 2982
2982 948
948 2989
2989 804
804 2481
2481 2808
2808 1371
1371 3766
3766 2594
2594 3124
3124 3784
3784 3728
3728 3317
3317 1850
1850 1776
1776 1753
1753 1308
1308 2011
2011 3595
3595 363
363 1714
1714 1783
1783 1633
1633 1552
1552 3112
3112 180
180 426
426 295
295 199
199 3957
3957 822
822 708
708 2425
2425 3170
3170 2544
2544 2955
2955 2210
2210 2758
2758 1493
1493 1121
1121 581
581 1422
1422 2952
2952 789
789 185
185 3541
3541 182
182 131
131 2967
2967 2464
2464 1490
1490 166
166 2059
2059 1862
1862 1022
1022 1894
1894 2203
2203 3714
3714 2264
2264 2346
2346 586
586 550
550 196
196 3645
3645 721
721 3951
3951 1875
1875 2139
2139 1368
1368 1855
1855 2374
2374 437
437 3881
3881 189
189 1340
1340 1049
1049 3588
3588 2609
2609 3697
3697 3119
3119 3624
3624 1560
1560 3087
3087 108
108 2678
2678 912
912 1083
1083 1129
1129 2603
2603 2886
2886 144
144 2890
2890 1798
1798 3815
3815 3333
3333 2055
2055 1351
1351 3846
3846 1200
1200 818
818 3054
3054 1565
1565 3034
3034 3915
3915 648
648 1166
1166 1473
1473 2356
2356 2411
2411 3014
3014 3419
3419 3688
3688 2375
2375 282
282 2054
2054 2988
2988 2233
2233 374
374 3679
3679 1037
1037 2541
2541 881
881 1128
1128 523
523 920
920 2645
2645 3698
3698 3801
3801 1831
1831 2218
2218 2586
2586 743
743 3706
3706 1774
1774 1578
1578 954
954 2379
2379 1353
1353 3330
3330 1923
1923 894
894 1284
1284 474
474 3807
3807 367
367 1898
1898 968
968 1580
1580 978
978 3079
3079 3301
3301 3497
3497 2587
2587 2412
2412 3644
3644 2208
2208 3683
3683 3545
3545 2971
2971 1483
1483 1849
1849 1928
1928 253
253 1927
1927 2550
2550 74
74 3314
3314 800
800 2072
2072 686
686 376
376 2185
2185 2123
2123 3625
3625 1402
1402 625
625 21
21 3899
3899 2231
2231 2221
2221 1030
1030 834
834 997
997 3051
3051 252
252 1113
1113 1528
1528 1066
1066 2295
2295 596
596 1179
1179 1418
1418 478
478 2188
2188 1158
1158 126
126 3249
3249 261
261 2146
2146 762
762 1372
1372 2299
2299 1134
1134 3080
3080 1561
1561 3259
3259 68
68 3908
3908 2232
2232 1208
1208 2539
2539 840
840 492
492 2659
2659 1618
1618 3363
3363 3431
3431 373
373 3676
3676 280
280 1167
1167 1765
1765 2779
2779 1039
1039 2144
2144 3913
3913 3819
3819 3623
3623 434
434 1255
1255 2460
2460 2617
2617 3197
3197 1698
1698 1606
1606 3073
3073 1859
1859 510
510 1677
1677 2148
2148 3127
3127 95
95 1736
1736 3671
3671 2165
2165 1470
1470 3377
3377 1348
1348 2288
2288 2125
2125 2388
2388 1366
1366 1347
1347 1727
1727 3074
3074 3017
3017 3783
3783 210
210 297
297 627
627 1193
1193 3135
3135 1055
1055 3325
3325 797
797 3518
3518 2007
2007 704
704 481
481 1173
1173 3800
3800 1697
1697 460
460 3763
3763 3186
3186 2456
2456 1622
1622 3289
3289 2800
2800 2177
2177 1957
1957 1872
1872 3347
3347 3393
3393 2454
2454 1130
1130 20
20 114
114 3184
3184 2273
2273 2726
2726 771
771 608
608 2044
2044 372
372 1958
1958 1072
1072 3803
3803 2565
2565 2722
2722 2878
2878 1006
1006 3404
3404 613
613 3850
3850 1120
1120 2882
2882 2206
2206 1543
1543 1932
1932 3162
3162 1659
1659 3332
3332 1194
1194 3152
3152 1738
1738 172
172 3805
3805 1313
1313 3211
3211 153
153 2685
2685 3669
3669 1600
1600 370
370 1690
1690 192
192 122
122 1209
1209 3741
3741 2671
2671 2823
2823 1448
1448 2902
2902 1098
1098 2090
2090 925
925 1235
1235 2537
2537 500
500 292
292 3449
3449 2789
2789 3386
3386 670
670 2276
2276 1404
1404 528
528 1635
1635 738
738 3411
3411 3120
3120 1421
1421 2901
2901 1417
1417 939
939 2732
2732 1897
1897 1790
1790 3114
3114 1333
1333 1591
1591 240
240 1181
1181 2781
2781 3280
3280 3082
3082 3161
3161 524
524 806
806 503
503 2804
2804 2441
2441 699
699 1341
1341 1151
1151 2477
2477 2443
2443 2965
2965 895
895 1662
1662 212
212 915
915 2727
2727 525
525 3598
3598 1510
1510 359
359 3166
3166 2420
2420 3374
3374 2002
2002 3155
3155 243
243 3391
3391 2762
2762 2556
2556 2532
2532 31
31 506
506 3505
3505 1929
1929 2486
2486 468
468 1710
1710 3631
3631 2855
2855 3090
3090 260
260 3366
3366 909
909 1768
1768 3426
3426 3955
3955 3507
3507 749
749 1977
1977 3022
3022 3812
3812 3451
3451 1205
1205 1965
1965 3058
3058 1339
1339 2484
2484 3355
3355 1676
1676 3361
3361 2192
2192 3046
3046 3691
3691 866
866 259
259 2449
2449 1489
1489 1745
1745 2785
2785 395
395 2562
2562 2511
2511 392
392 473
473 2115
2115 405
405 2657
2657 911
911 841
841 3167
3167 2154
2154 2102
2102 3262
3262 3245
3245 588
588 1691
1691 3788
3788 99
99 2887
2887 3446
3446 530
530 1337
1337 3091
3091 3429
3429 110
110 3981
3981 1484
1484 3841
3841 768
768 3560
3560 1310
1310 693
693 3660
3660 3575
3575 573
573 251
251 2753
2753 2368
2368 646
646 2138
2138 2173
2173 1352
1352 675
675 781
781 2851
2851 1839
1839 3270
3270 203
203 3939
3939 3499
3499 3786
3786 1188
1188 239
239 901
901 1979
1979 2064
2064 195
195 1905
1905 718
718 3602
3602 1895
1895 1206
1206 2452
2452 1176
1176 118
118 1804
1804 1449
1449 1097
1097 3781
3781 3928
3928 1436
1436 553
553 656
656 3586
3586 41
41 2922
2922 2771
2771 316
316 3342
3342 2704
2704 1726
1726 1986
1986 1441
1441 843
843 2900
2900 2534
2534 1244
1244 786
786 1597
1597 1161
1161 1494
1494 1754
1754 3780
3780 1581
1581 1108
1108 3272
3272 2109
2109 2223
2223 228
228 717
717 2052
2052 2050
2050 611
611 937
937 1152
1152 2277
2277 1720
1720 2494
2494 1769
1769 2740
2740 2150
2150 1281
1281 219
219 3483
3483 1335
1335 1595
1595 2087
2087 567
567 2170
2170 2777
2777 1028
1028 2225
2225 3041
3041 324
324 2465
2465 3587
3587 820
820 3351
3351 1009
1009 2655
2655 753
753 193
193 1609
1609 1680
1680 1250
1250 3720
3720 2746
2746 3821
3821 3220
3220 226
226 3293
3293 333
333 1945
1945 3138
3138 1886
1886 2618
2618 2289
2289 2006
2006 1933
1933 2957
2957 3637
3637 3760
3760 3519
3519 3851
3851 3894
3894 1846
1846 1296
1296 1094
1094 2043
2043 1207
1207 3297
3297 2161
2161 3182
3182 982
982 896
896 2234
2234 85
85 2370
2370 917
917 2980
2980 902
902 2207
2207 2089
2089 825
825 1047
1047 1342
1342 1751
1751 2112
2112 2759
2759 3134
3134 1155
1155 2629
2629 1104
1104 1288
1288 1438
1438 1737
1737 1325
1325 1386
1386 1509
1509 1527
1527 635
635 1363
1363 3652
3652 3390
3390 2554
2554 1122
1122 1864
1864 3357
3357 2916
2916 128
128 1588
1588 1684
1684 1571
1571 3656
3656 1963
1963 2843
2843 746
746 3200
3200 125
125 1204
1204 2432
2432 3468
3468 2660
2660 1852
1852 1880
1880 3328
3328 1548
1548 2134
2134 3353
3353 1835
1835 3966
3966 2756
2756 2581
2581 1730
1730 698
698 3340
3340 3582
3582 603
603 3101
3101 431
431 3413
3413 1182
1182 3097
3097 3856
3856 3552
3552 88
88 938
938 3396
3396 318
318 1379
1379 2096
2096 1521
1521 2267
2267 2908
2908 1307
1307 1518
1518 2683
2683 3163
3163 1667
1667 2960
2960 152
152 1157
1157 867
867 3969
3969 838
838 1583
1583 570
570 1594
1594 655
655 3816
3816 1224
1224 3433
3433 2230
2230 366
366 1567
1567 2816
2816 2077
2077 2355
2355 1547
1547 2835
2835 2358
2358 3324
3324 1169
1169 3139
3139 2814
2814 1015
1015 2372
2372 496
496 2763
2763 2847
2847 1012
1012 3670
3670 3123
3123 1941
1941 75
75 3367
3367 3193
3193 2071
2071 2213
2213 3089
3089 1019
1019 2324
2324 1696
1696 1295
1295 3092
3092 1472
1472 1619
1619 2741
2741 1856
1856 1027
1027 2616
2616 1569
1569 2634
2634 2437
2437 1952
1952 2157
2157 64
64 1412
1412 368
368 476
476 3612
3612 507
507 2222
2222 1485
1485 201
201 865
865 2761
2761 3773
3773 3873
3873 1431
1431 2798
2798 544
544 504
504 1757
1757 1538
1538 2300
2300 569
569 995
995 2584
2584 755
755 2606
2606 1398
1398 2301
2301 1106
1106 2766
2766 562
562 2352
2352 1452
1452 3232
3232 706
706 782
782 707
707 384
384 3384
3384 2116
2116 3154
3154 1088
1088 1688
1688 2928
2928 1893
1893 2968
2968 947
947 1652
1652 101
101 281
281 747
747 1433
1433 3011
3011 445
445 3777
3777 25
25 480
480 2502
2502 2558
2558 2691
2691 117
117 1853
1853 2543
2543 1197
1197 3653
3653 773
773 3213
3213 63
63 1174
1174 2495
2495 1196
1196 2350
2350 2857
2857 2533
2533 3782
3782 138
138 1038
1038 2373
2373 2159
2159 3987
3987 2647
2647 12
12 2294
2294 3514
3514 1909
1909 1678
1678 2180
2180 757
757 3526
3526 1564
1564 194
194 1514
1514 669
669 1976
1976 1673
1673 916
916 3349
3349 2085
2085 539
539 1654
1654 986
986 987
987 1345
1345 765
765 49
49 2363
2363 1079
1079 2261
2261 2631
2631 3216
3216 1629
1629 918
918 90
90 2876
2876 414
414 3013
3013 527
527 3968
3968 3868
3868 3052
3052 2941
2941 2748
2748 1866
1866 1429
1429 3854
3854 516
516 1383
1383 3068
3068 2826
2826 325
325 1178
1178 151
151 2776
2776 1374
1374 1943
1943 1362
1362 1338
1338 357
357 2250
2250 2959
2959 2862
2862 344
344 3492
3492 3577
3577 758
758 1163
1163 1568
1568 419
419 491
491 858
858 326
326 2269
2269 337
337 3070
3070 1913
1913 652
652 2662
2662 683
683 380
380 2082
2082 3618
3618 1249
1249 2513
2513 3094
3094 3967
3967 1703
1703 2376
2376 2954
2954 1217
1217 2158
2158 884
884 286
286 2790
2790 3682
3682 1135
1135 3277
3277 2124
2124 2051
2051 383
383 3919
3919 1924
1924 2514
2514 2040
2040 1959
1959 303
303 711
711 3406
3406 3626
3626 1125
1125 1356
1356 778
778 1004
1004 2249
2249 2467
2467 1743
1743 277
277 1388
1388 2398
2398 1788
1788 1007
1007 3884
3884 1364
1364 2369
2369 816
816 3667
3667 1537
1537 3065
3065 794
794 2129
2129 953
953 2861
2861 1044
1044 26
26 2588
2588 885
885 561
561 3254
3254 1718
1718 735
735 2413
2413 184
184 1590
1590 3703
3703 3610
3610 165
165 1725
1725 1073
1073 2179
2179 874
874 1092
1092 3266
3266 2455
2455 2877
2877 1411
1411 132
132 40
40 60
60 1293
1293 1607
1607 1369
1369 1010
1010 3804
3804 2531
2531 3131
3131 883
883 1357
1357 3711
3711 3117
3117 559
559 494
494 1503
1503 2003
2003 1555
1555 1424
1424 2012
2012 1406
1406 2366
2366 888
888 1305
1305 690
690 2984
2984 3948
3948 3944
3944 3681
3681 2312
2312 1186
1186 1165
1165 386
386 2361
2361 634
634 2152
2152 2468
2468 3592
3592 3470
3470 3538
3538 3088
3088 1513
1513 238
238 852
852 418
418 2564
2564 2297
2297 102
102 3482
3482 3099
3099 135
135 2453
2453 3257
3257 1816
1816 1228
1228 585
585 1400
1400 3415
3415 3295
3295 3439
3439 2620
2620 2875
2875 2296
2296 2868
2868 2702
2702 3169
3169 3416
3416 1679
1679 671
671 2547
2547 801
801 3553
3553 3931
3931 2542
2542 1391
1391 3704
3704 2497
2497 3459
3459 2331
2331 2329
2329 964
964 1951
1951 3137
3137 969
969 71
71 1523
1523 1299
1299 309
309 668
668 3207
3207 453
453 3300
3300 3102
3102 1330
1330 2750
2750 946
946 906
906 3209
3209 3926
3926 3813
3813 2229
2229 1931
1931 2973
2973 2926
2926 3188
3188 3146
3146 2466
2466 1728
1728 3630
3630 2783
2783 2976
2976 861
861 2070
2070 3946
3946 662
662 136
136 1782
1782 802
802 401
401 1669
1669 2713
2713 1842
1842 3855
3855 3853
3853 3356
3356 2778
2778 713
713 11
11 2049
2049 489
489 1584
1584 2446
2446 1082
1082 2813
2813 3724
3724 1282
1282 1212
1212 3825
3825 3047
3047 2193
2193 2938
2938 2675
2675 2792
2792 981
981 1596
1596 2469
2469 2730
2730 3487
3487 887
887 3970
3970 3701
3701 1869
1869 2326
2326 1773
1773 831
831 1531
1531 1984
1984 3100
3100 42
42 2194
2194 2189
2189 3331
3331 1953
1953 862
862 787
787 2447
2447 371
371 3604
3604 215
215 639
639 814
814 3255
3255 2827
2827 2802
2802 1319
1319 1614
1614 653
653 3339
3339 3590
3590 2226
2226 1779
1779 3148
3148 1657
1657 179
179 1689
1689 817
817 823
823 1455
1455 2255
2255 990
990 2063
2063 2045
2045 1492
1492 2118
2118 1263
1263 1891
1891 2903
2903 3269
3269 1100
1100 1230
1230 2636
2636 3038
3038 3489
3489 3111
3111 249
249 931
931 2818
2818 2561
2561 1812
1812 1053
1053 851
851 2986
2986 33
33 2107
2107 406
406 1350
1350 3352
3352 2924
2924 3412
3412 3196
3196 2389
2389 3427
3427 2860
2860 1261
1261 3063
3063 651
651 2068
2068 2909
2909 624
624 534
534 2892
2892 2023
2023 1504
1504 1758
1758 810
810 829
829 724
724 3789
3789 3190
3190 175
175 2769
2769 2770
2770 1841
1841 3716
3716 1919
1919 791
791 1425
1425 812
812 3739
3739 1336
1336 589
589 2478
2478 3832
3832 2440
2440 382
382 1050
1050 302
302 1392
1392 1981
1981 2293
2293 54
54 2406
2406 2247
2247 2214
2214 3568
3568 3589
3589 155
155 3743
3743 2559
2559 2163
2163 2304
2304 2687
2687 1390
1390 3927
3927 1202
1202 2018
2018 1602
1602 2767
2767 3767
3767 187
187 2757
2757 2198
2198 3020
3020 2515
2515 3096
3096 1216
1216 1825
1825 3633
3633 3387
3387 1248
1248 3206
3206 763
763 3730
3730 731
731 1294
1294 2492
2492 1814
1814 1460
1460 1582
1582 769
769 543
543 1274
1274 225
225 2506
2506 1975
1975 859
859 3640
3640 1630
1630 2880
2880 1222
1222 1361
1361 509
509 409
409 1947
1947 3173
3173 142
142 2262
2262 2191
2191 300
300 3616
3616 3278
3278 1227
1227 3201
3201 422
422 2553
2553 181
181 3527
3527 1554
1554 2931
2931 1468
1468 3513
3513 2666
2666 674
674 1761
1761 3323
3323 645
645 3108
3108 3914
3914 846
846 3932
3932 1415
1415 1940
1940 821
821 979
979 551
551 2670
2670 3494
3494 16
16 2799
2799 3735
3735 3733
3733 741
741 517
517 113
113 2801
2801 3258
3258 642
642 868
868 3632
3632 3037
3037 160
160 186
186 2364
2364 2711
2711 508
508 1432
1432 3839
3839 3103
3103 548
548 600
600 2204
2204 1286
1286 2380
2380 3132
3132 1638
1638 3836
3836 792
792 3368
3368 2315
2315 3651
3651 360
360 2335
2335 614
614 1086
1086 3423
3423 1939
1939 1008
1008 3129
3129 2721
2721 1742
1742 3917
3917 129
129 1014
1014 3964
3964 697
697 2215
2215 3615
3615 1572
1572 3378
3378 1828
1828 930
930 1021
1021 2907
2907 98
98 2086
2086 955
955 313
313 784
784 2784
2784 1748
1748 2592
2592 3523
3523 3019
3019 2641
2641 505
505 1443
1443 3329
3329 1221
1221 170
170 2032
2032 1183
1183 3476
3476 222
222 2929
2929 3817
3817 211
211 3943
3943 2870
2870 1137
1137 2933
2933 209
209 2252
2252 1664
1664 3057
3057 837
837 3407
3407 3448
3448 3942
3942 934
934 1649
1649 1766
1766 3878
3878 3770
3770 53
53 681
681 483
483 621
621 365
365 3343
3343 967
967 2136
2136 641
641 3408
3408 3212
3212 2219
2219 1674
1674 1694
1694 3095
3095 3976
3976 2640
2640 32
32 410
410 2654
2654 3511
3511 2718
2718 2351
2351 3029
3029 2836
2836 197
197 2583
2583 399
399 3403
3403 696
696 2248
2248 2893
2893 531
531 1861
1861 3866
3866 1054
1054 3638
3638 1095
1095 213
213 685
685 2595
2595 3083
3083 3273
3273 2212
2212 3171
3171 2201
2201 345
345 1616
1616 3354
3354 1800
1800 1153
1153 1101
1101 3348
3348 1731
1731 3274
3274 2088
2088 2145
2145 3572
3572 2773
2773 3849
3849 1834
1834 630
630 159
159 2615
2615 3286
3286 2321
2321 2619
2619 615
615 66
66 3191
3191 310
310 3559
3559 2969
2969 3937
3937 2956
2956 1177
1177 1989
1989 910
910 2917
2917 2168
2168 3496
3496 864
864 2552
2552 1276
1276 3580
3580 3133
3133 1935
1935 1964
1964 3909
3909 2572
2572 2577
2577 1672
1672 3551
3551 1740
1740 1759
1759 67
67 329
329 770
770 2421
2421 3498
3498 3529
3529 3322
3322 1955
1955 1435
1435 369
369 617
617 3764
3764 3490
3490 1387
1387 1060
1060 1192
1192 761
761 2316
2316 1292
1292 1786
1786 578
578 2672
2672 2699
2699 274
274 2424
2424 1195
1195 1275
1275 1557
1557 2649
2649 1921
1921 2879
2879 268
268 3634
3634 3044
3044 1700
1700 3874
3874 3861
3861 2399
2399 2681
2681 3540
3540 3753
3753 3504
3504 740
740 2508
2508 2585
2585 876
876 1966
1966 1524
1524 279
279 3219
3219 1784
1784 319
319 2487
2487 2093
2093 2317
2317 484
484 3956
3956 3024
3024 1343
1343 2996
2996 2084
2084 224
224 2220
2220 2819
2819 2859
2859 2983
2983 2377
2377 3516
3516 2325
2325 2834
2834 1879
1879 3106
3106 631
631 2930
2930 1236
1236 1820
1820 1370
1370 2309
2309 3467
3467 2676
2676 2632
2632 1997
1997 3234
3234 3395
3395 2845
2845 1316
1316 255
255 3747
3747 1148
1148 3573
3573 3934
3934 687
687 3520
3520 1245
1245 3141
3141 2596
2596 2803
2803 828
828 3401
3401 3705
3705 2943
2943 1303
1303 1285
1285 2310
2310 2022
2022 2684
2684 1416
1416 2528
2528 2856
2856 1396
1396 2418
2418 2950
2950 3771
3771 397
397 1613
1613 952
952 3765
3765 640
640 2314
2314 1988
1988 3223
3223 358
358 736
736 502
502 1650
1650 1116
1116 3418
3418 1145
1145 1087
1087 1576
1576 2841
2841 788
788 3936
3936 1972
1972 1089
1089 3235
3235 2518
2518 2062
2062 963
963 644
644 3006
3006 242
242 676
676 665
665 1656
1656 2837
2837 1032
1032 449
449 2091
2091 2716
2716 1220
1220 3256
3256 2013
2013 2517
2517 3389
3389 2825
2825 2164
2164 2622
2622 3185
3185 1040
1040 3750
3750 2080
2080 3491
3491 2915
2915 566
566 2563
2563 748
748 1732
1732 780
780 972
972 592
592 3898
3898 3515
3515 287
287 3318
3318 3402
3402 2842
2842 2407
2407 1070
1070 2526
2526 994
994 3208
3208 2330
2330 3414
3414 1078
1078 1247
1247 56
56 2545
2545 811
811 3177
3177 2457
2457 3570
3570 1612
1612 1102
1102 2246
2246 331
331 2830
2830 1772
1772 980
980 1896
1896 467
467 1359
1359 3033
3033 2308
2308 3488
3488 3105
3105 2196
2196 2181
2181 1890
1890 513
513 2509
2509 2143
2143 3723
3723 542
542 923
923 1651
1651 3677
3677 1329
1329 875
875 391
391 2752
2752 3202
3202 3260
3260 2259
2259 2745
2745 3084
3084 3376
3376 2896
2896 913
913 3251
3251 3605
3605 3004
3004 976
976 819
819 3525
3525 1794
1794 24
24 2083
2083 2445
2445 1279
1279 1298
1298 241
241 2638
2638 1646
1646 1608
1608 827
827 1526
1526 3867
3867 3372
3372 1190
1190 444
444 3778
3778 2076
2076 3903
3903 803
803 2963
2963 3748
3748 3192
3192 1517
1517 1080
1080 2867
2867 1467
1467 2001
2001 2251
2251 2936
2936 871
871 564
564 2131
2131 17
17 1254
1254 824
824 432
432 855
855 3840
3840 3569
3569 2668
2668 2337
2337 244
244 3684
3684 133
133 1516
1516 1570
1570 3566
3566 3847
3847 830
830 2949
2949 2037
2037 3891
3891 120
120 1445
1445 3734
3734 628
628 52
52 3852
3852 78
78 3239
3239 703
703 593
593 889
889 775
775 1598
1598 3808
3808 1119
1119 2695
2695 2336
2336 3320
3320 1668
1668 498
498 1214
1214 3547
3547 3565
3565 2178
2178 2097
2097 276
276 1995
1995 3144
3144 2147
2147 984
984 3799
3799 2906
2906 205
205 246
246 2428
2428 2073
2073 2121
2121 2039
2039 389
389 48
48 3882
3882 3461
3461 1934
1934 2100
2100 2306
2306 1585
1585 2357
2357 2472
2472 2820
2820 813
813 1076
1076 3608
3608 1238
1238 1926
1926 1331
1331 271
271 3508
3508 2760
2760 91
91 2384
2384 1036
1036 3005
3005 1237
1237 2786
2786 3282
3282 3279
3279 1648
1648 1241
1241 1615
1615 3457
3457 3601
3601 3871
3871 3397
3397 1175
1175 750
750 3742
3742 3375
3375 2140
2140 3471
3471 1203
1203 893
893 1280
1280 1902
1902 2575
2575 97
97 1917
1917 1744
1744 1469
1469 1210
1210 1566
1566 2105
2105 1838
1838 959
959 2111
2111 501
501 3450
3450 1767
1767 269
269 2700
2700 1048
1048 3215
3215 1185
1185 2591
2591 2527
2527 602
602 3128
3128 84
84 2946
2946 1426
1426 1395
1395 3264
3264 336
336 626
626 1660
1660 2311
2311 3306
3306 3824
3824 154
154 1013
1013 1723
1723 3655
3655 999
999 2593
2593 1117
1117 3757
3757 594
594 1627
1627 3360
3360 2436
2436 1355
1355 178
178 301
301 1164
1164 2510
2510 3828
3828 3600
3600 2905
2905 2937
2937 2027
2027 1641
1641 1949
1949 1796
1796 2696
2696 2227
2227 1240
1240 1763
1763 3485
3485 2130
2130 36
36 463
463 1900
1900 2224
2224 3879
3879 3599
3599 2945
2945 216
216 638
638 2605
2605 2780
2780 965
965 1373
1373 2174
2174 3150
3150 1126
1126 1781
1781 218
218 2653
2653 2113
2113 2493
2493 2665
2665 115
115 3303
3303 1716
1716 354
354 1211
1211 2731
2731 512
512 3308
3308 3564
3564 1457
1457 720
720 472
472 3596
3596 2850
2850 519
519 1534
1534 2644
2644 1061
1061 3721
3721 2787
2787 13
13 1793
1793 1883
1883 93
93 150
150 217
217 223
223 3985
3985 3227
3227 3394
3394 2891
2891 3421
3421 3542
3542 1407
1407 58
58 2021
2021 3104
3104 3614
3614 1360
1360 2625
2625 163
163 3238
3238 285
285 420
420 3380
3380 62
62 1046
1046 3477
3477 3892
3892 1541
1541 529
529 2378
2378 96
96 2663
2663 1427
1427 3464
3464 3294
3294 3556
3556 960
960 3953
3953 1724
1724 3040
3040 402
402 2507
2507 1642
1642 3731
3731 1863
1863 3901
3901 362
362 1446
1446 2708
2708 1405
1405 1420
1420 1062
1062 1824
1824 2397
2397 2408
2408 1733
1733 3304
3304 1755
1755 927
927 3069
3069 3093
3093 51
51 174
174 2319
2319 167
167 3661
3661 3962
3962 3001
3001 1699
1699 3337
3337 712
712 716
716 1123
1123 1321
1321 3822
3822 1709
1709 1970
1970 2459
2459 1451
1451 3869
3869 1278
1278 809
809 637
637 2056
2056 3687
3687 3008
3008 3754
3754 619
619 1016
1016 1903
1903 2442
2442 3717
3717 2940
2940 928
928 2393
2393 2601
2601 2305
2305 1809
1809 2935
2935 689
689 29
29 2278
2278 1827
1827 2738
2738 3736
3736 1109
1109 1760
1760 1620
1620 1160
1160 2571
2571 2538
2538 1801
1801 3583
3583 587
587 1623
1623 2258
2258 3455
3455 1962
1962 464
464 2048
2048 3654
3654 2162
2162 764
764 2462
2462 3925
3925 2448
2448 945
945 1658
1658 2578
2578 1110
1110 759
759 3842
3842 341
341 1536
1536 835
835 1085
1085 3958
3958 3500
3500 3383
3383 1969
1969 1251
1251 2005
2005 836
836 2439
2439 988
988 1289
1289 880
880 1992
1992 1064
1064 351
351 3945
3945 2216
2216 1634
1634 1068
1068 1026
1026 2004
2004 3241
3241 3635
3635 168
168 3075
3075 3510
3510 1553
1553 124
124 601
601 2302
2302 1057
1057 3437
3437 2589
2589 1950
1950 1260
1260 3370
3370 983
983 2047
2047 349
349 1803
1803 3335
3335 1811
1811 45
45 618
618 2485
2485 541
541 482
482 3007
3007 2028
2028 672
672 3579
3579 140
140 2724
2724 2910
2910 1870
1870 3611
3611 833
833 3639
3639 436
436 3539
3539 423
423 1968
1968 1550
1550 3312
3312 428
428 2873
2873 536
536 2872
2872 149
149 1354
1354 785
785 2844
2844 1180
1180 2496
2496 1481
1481 2621
2621 546
546 3672
3672 2524
2524 3015
3015 3689
3689 1223
1223 1599
1599 1797
1797 1459
1459 1512
1512 433
433 2793
2793 2020
2020 3181
3181 1502
1502 3076
3076 577
577 2805
2805 3165
3165 413
413 169
169 3709
3709 1685
1685 3772
3772 30
30 112
112 3902
3902 1480
1480 877
877 1587
1587 3316
3316 2095
2095 3003
3003 2313
2313 2829
2829 2065
2065 941
941 146
146 1277
1277 381
381 891
891 842
842 317
317 715
715 3974
3974 2729
2729 1780
1780 2698
2698 1171
1171 3198
3198 2921
2921 3921
3921 2386
2386 3281
3281 654
654 1399
1399 3086
3086 2026
2026 3410
3410 2899
2899 290
290 2505
2505 76
76 2536
2536 312
312 3458
3458 2480
2480 1885
1885 2551
2551 2613
2613 3338
3338 2244
2244 1878
1878 332
332 408
408 3248
3248 3792
3792 3647
3647 2932
2932 3831
3831 1777
1777 622
622 2735
2735 2058
2058 1312
1312 1645
1645 1944
1944 560
560 1978
1978 853
853 3236
3236 256
256 526
526 1304
1304 1377
1377 3493
3493 2349
2349 3315
3315 3466
3466 2958
2958 2764
2764 465
465 3292
3292 659
659 262
262 3810
3810 1258
1258 2390
2390 443
443 248
248 3719
3719 537
537 2396
2396 1408
1408 599
599 2476
2476 471
471 3434
3434 3373
3373 3872
3872 2410
2410 2999
2999 1549
1549 2245
2245 3949
3949 2274
2274 298
298 535
535 230
230 2209
2209 604
604 82
82 3118
3118 3244
3244 2034
2034 3501
3501 264
264 1199
1199 3381
3381 3176
3176 2339
2339 3409
3409 973
973 3009
3009 3305
3305 3726
3726 1311
1311 1639
1639 3594
3594 47
47 3049
3049 798
798 314
314 2284
2284 55
55 3026
3026 2291
2291 3712
3712 3160
3160 2871
2871 2854
2854 339
339 61
61 1711
1711 1269
1269 3327
3327 323
323 1683
1683 119
119 2271
2271 1626
1626 1430
1430 2491
2491 571
571 2522
2522 266
266 956
956 1488
1488 1344
1344 2498
2498 350
350 886
886 2768
2768 783
783 1463
1463 1867
1867 1617
1617 1144
1144 2444
2444 2832
2832 275
275 139
139 3064
3064 2736
2736 1985
1985 3843
3843 1124
1124 234
234 3484
3484 2679
2679 1860
1860 417
417 3098
3098 574
574 1994
1994 3025
3025 2637
2637 572
572 1836
1836 2035
2035 2831
2831 1892
1892 1403
1403 1058
1058 1906
1906 1142
1142 660
660 1739
1739 790
790 2257
2257 3243
3243 3977
3977 583
583 3478
3478 59
59 3425
3425 2796
2796 709
709 1911
1911 584
584 2602
2602 446
446 3746
3746 3952
3952 3895
3895 705
705 2450
2450 3960
3960 477
477 3692
3692 2458
2458 2576
2576 1844
1844 1201
1201 1067
1067 1695
1695 515
515 1328
1328 2137
2137 1401
1401 1450
1450 3859
3859 1887
1887 2348
2348 232
232 1466
1466 3668
3668 3727
3727 2914
2914 2098
2098 2977
2977 1434
1434 3045
3045 265
265 1837
1837 1624
1624 2283
2283 3081
3081 580
580 3619
3619 2555
2555 1826
1826 2200
2200 1507
1507 3643
3643 2383
2383 1302
1302 1632
1632 2202
2202 3965
3965 346
346 1519
1519 3224
3224 2430
2430 3359
3359 2307
2307 1486
1486 2060
2060 1300
1300 826
826 2630
2630 694
694 3077
3077 1925
1925 3990
3990 597
597 3738
3738 958
958 3923
3923 3195
3195 104
104 2354
2354 3690
3690 1857
1857 100
100 2628
2628 2256
2256 3405
3405 2400
2400 2243
2243 1520
1520 3700
3700 2423
2423 1858
1858 2184
2184 3954
3954 1665
1665 1045
1045 2342
2342 2658
2658 1187
1187 879
879 1270
1270 2849
2849 3506
3506 487
487 1545
1545 985
985 1114
1114 1666
1666 1033
1033 1559
1559 996
996 347
347 1065
1065 2715
2715 1830
1830 1034
1034 1948
1948 3877
3877 3018
3018 2042
2042 3399
3399 692
692 497
497 1589
1589 552
552 3907
3907 1273
1273 899
899 2865
2865 1215
1215 2166
2166 2029
2029 2669
2669 2120
2120 2392
2392 191
191 2597
2597 1874
1874 3863
3863 158
158 3000
3000 2371
2371 2623
2623 1847
1847 3834
3834 2788
2788 3940
3940 3172
3172 1143
1143 733
733 2754
2754 427
427 1464
1464 398
398 72
72 3237
3237 1603
1603 1778
1778 3110
3110 3230
3230 2791
2791 921
921 636
636 50
50 3042
3042 448
448 2263
2263 2548
2548 739
739 3674
3674 799
799 863
863 1367
1367 2287
2287 2503
2503 3650
3650 3060
3060 2639
2639 2473
2473 1141
1141 1478
1478 3486
3486 3793
3793 1410
1410 272
272 3659
3659 425
425 1069
1069 2883
2883 684
684 1252
1252 1093
1093 1291
1291 156
156 3929
3929 760
760 1239
1239 2403
2403 1722
1722 1973
1973 1170
1170 2992
2992 1314
1314 3205
3205 2934
2934 2409
2409 2128
2128 3085
3085 2774
2774 1229
1229 200
200 2019
2019 3860
3860 116
116 1218
1218 3179
3179 606
606 1605
1605 2235
2235 1017
1017 555
555 1246
1246 1268
1268 440
440 518
518 2171
2171 1025
1025 1297
1297 2540
2540 3140
3140 3221
3221 3796
3796 1444
1444 2433
2433 2523
2523 900
900 3900
3900 202
202 2648
2648 1474
1474 3062
3062 2795
2795 338
338 3469
3469 1442
1442 1643
1643 2734
2734 1461
1461 1306
1306 3603
3603 3023
3023 2807
2807 1604
1604 3837
3837 3113
3113 1993
1993 2646
2646 283
283 2117
2117 3749
3749 1876
1876 605
605 306
306 2272
2272 1419
1419 141
141 1462
1462 3288
3288 3802
3802 2066
2066 2367
2367 1631
1631 2815
2815 3115
3115 3562
3562 3362
3362 2725
2725 2282
2282 3910
3910 2652
2652 940
940 666
666 103
103 1482
1482 1487
1487 643
643 2944
2944 904
904 556
556 1063
1063 3759
3759 563
563 3369
3369 2365
2365 176
176 2345
2345 1785
1785 2919
2919 1272
1272 2108
2108 2979
2979 2434
2434 2394
2394 3142
3142 2328
2328 2402
2402 3462
3462 620
620 364
364 3947
3947 726
726 3663
3663 400
400 1938
1938 795
795 3247
3247 87
87 514
514 2911
2911 1349
1349 1496
1496 1721
1721 576
576 361
361 1375
1375 3002
3002 3864
3864 2187
2187 1156
1156 137
137 1795
1795 3531
3531 2717
2717 105
105 3517
3517 1147
1147 1219
1219 2535
2535 650
650 1001
1001 2106
2106 3453
3453 2918
2918 3537
3537 2169
2169 607
607 3122
3122 3629
3629 3149
3149 3136
3136 1225
1225 905
905 1118
1118 682
682 1358
1358 288
288 39
39 3991
3991 3992
3992 3993
3993 3994
3994 3995
3995 3996
3996 3997
3997 3998
3998 3999
3999 4000
4000
1 2
2 3
3 4
4 5
5 6
6 7
7 8
8 9
9 10
10 113
113 2438
2438 1769
1769 2906
2906 2548
2548 3433
3433 2201
2201 2374
2374 2962
2962 2463
2463 1285
1285 2015
2015 3963
3963 853
853 608
608 2350
2350 32
32 3724
3724 1343
1343 1716
1716 111
111 1580
1580 2368
2368 3985
3985 3819
3819 2809
2809 1022
1022 1273
1273 3657
3657 3983
3983 2558
2558 186
186 259
259 3253
3253 546
546 782
782 2222
2222 3500
3500 78
78 1141
1141 484
484 18
18 3219
3219 3643
3643 2299
2299 2546
2546 3076
3076 2426
2426 3414
3414 3268
3268 2799
2799 326
326 719
719 760
760 106
106 1313
1313 1630
1630 1294
1294 291
291 2655
2655 96
96 1868
1868 3446
3446 1280
1280 1037
1037 1696
1696 3262
3262 330
330 2549
2549 892
892 344
344 1861
1861 512
512 910
910 1020
1020 478
478 3466
3466 773
773 545
545 339
339 1468
1468 3100
3100 3515
3515 1442
1442 2883
2883 2318
2318 778
778 3872
3872 2364
2364 3394
3394 3934
3934 1671
1671 2462
2462 1533
1533 1683
1683 3636
3636 884
884 607
607 2361
2361 2319
2319 2764
2764 2418
2418 177
177 833
833 488
488 223
223 3634
3634 2874
2874 1331
1331 2791
2791 739
739 3274
3274 2597
2597 3782
3782 1818
1818 2588
2588 2439
2439 938
938 3016
3016 1554
1554 261
261 1877
1877 684
684 3445
3445 3707
3707 928
928 575
575 1288
1288 548
548 886
886 3859
3859 1914
1914 3142
3142 3110
3110 1410
1410 2681
2681 591
591 1350
1350 1936
1936 552
552 404
404 1775
1775 3283
3283 2631
2631 1475
1475 3890
3890 1978
1978 3572
3572 224
224 646
646 1974
1974 442
442 2089
2089 380
380 3958
3958 1225
1225 1213
1213 751
751 2153
2153 3547
3547 2279
2279 861
861 1368
1368 2967
2967 3038
3038 2292
2292 1908
1908 45
45 1611
1611 2186
2186 1922
1922 3438
3438 2773
2773 1358
1358 3731
3731 268
268 911
911 2743
2743 2072
2072 2696
2696 2700
2700 2804
2804 1058
1058 3831
3831 2432
2432 855
855 3584
3584 2981
2981 1561
1561 2695
2695 3661
3661 2746
2746 2567
2567 1945
1945 908
908 1893
1893 3487
3487 1545
1545 468
468 1547
1547 3630
3630 757
757 2931
2931 509
509 1960
1960 1287
1287 288
288 1842
1842 1223
1223 2491
2491 862
862 3214
3214 3132
3132 2650
2650 2605
2605 1954
1954 209
209 2202
2202 2179
2179 900
900 3190
3190 3137
3137 2056
2056 247
247 2314
2314 3738
3738 2370
2370 1628
1628 3439
3439 93
93 3688
3688 1102
1102 2259
2259 2105
2105 147
147 1737
1737 2744
2744 2918
2918 1864
1864 1116
1116 3884
3884 1114
1114 3609
3609 1079
1079 1321
1321 2357
2357 636
636 1166
1166 1344
1344 1134
1134 3088
3088 3841
3841 877
877 3473
3473 1529
1529 3248
3248 321
321 1286
1286 1591
1591 1194
1194 2175
2175 3932
3932 1292
1292 841
841 3594
3594 710
710 3127
3127 2532
2532 2241
2241 3754
3754 1698
1698 22
22 2323
2323 734
734 1607
1607 2455
2455 2806
2806 837
837 135
135 1362
1362 3654
3654 1902
1902 1938
1938 302
302 3108
3108 3406
3406 3921
3921 3169
3169 3402
3402 1136
1136 1148
1148 1917
1917 672
672 388
388 155
155 1684
1684 3773
3773 3753
3753 3621
3621 1391
1391 3882
3882 1916
1916 496
496 266
266 845
845 3971
3971 3712
3712 515
515 1093
1093 3060
3060 3625
3625 802
802 130
130 2297
2297 332
332 1192
1192 3353
3353 1876
1876 2591
2591 460
460 1989
1989 779
779 1071
1071 3557
3557 583
583 1034
1034 1364
1364 350
350 829
829 101
101 3476
3476 1315
1315 2897
2897 1221
1221 1961
1961 3761
3761 3082
3082 486
486 2490
2490 3704
3704 1137
1137 2551
2551 2750
2750 1506
1506 2529
2529 3436
3436 2216
2216 1040
1040 1720
1720 2972
2972 1386
1386 2697
2697 3844
3844 3270
3270 3020
3020 1812
1812 3827
3827 3774
3774 1277
1277 1838
1838 2475
2475 2860
2860 103
103 2141
2141 1612
1612 3349
3349 2111
2111 891
891 865
865 2402
2402 138
138 1371
1371 3399
3399 2235
2235 2231
2231 1028
1028 3417
3417 1466
1466 2437
2437 3541
3541 1494
1494 1189
1189 930
930 628
628 905
905 2619
2619 2411
2411 3835
3835 3423
3423 2445
2445 494
494 1846
1846 1889
1889 1947
1947 3297
3297 1729
1729 1182
1182 3833
3833 969
969 3794
3794 2275
2275 3078
3078 1887
1887 2890
2890 398
398 1841
1841 3236
3236 2367
2367 489
489 3501
3501 3656
3656 814
814 629
629 2527
2527 3242
3242 578
578 3384
3384 2034
2034 310
310 737
737 3526
3526 13
13 1083
1083 2738
2738 1659
1659 2995
2995 3465
3465 641
641 3646
3646 1491
1491 1400
1400 2309
2309 357
357 3982
3982 2187
2187 711
711 2161
2161 2935
2935 225
225 1446
1446 2816
2816 2294
2294 294
294 3708
3708 2110
2110 3120
3120 2706
2706 2907
2907 1113
1113 3542
3542 3483
3483 3717
3717 41
41 3469
3469 1417
1417 2507
2507 3669
3669 813
813 3059
3059 104
104 2649
2649 185
185 3430
3430 3533
3533 1026
1026 3428
3428 1980
1980 1355
1355 3431
3431 1159
1159 1906
1906 1029
1029 3913
3913 2500
2500 3699
3699 2660
2660 2538
2538 2225
2225 3230
3230 3006
3006 3161
3161 1254
1254 3986
3986 1654
1654 1060
1060 2498
2498 1150
1150 87
87 995
995 656
656 3098
3098 2023
2023 2341
2341 1610
1610 1378
1378 3250
3250 2994
2994 287
287 3554
3554 3498
3498 2769
2769 3143
3143 2331
2331 3632
3632 2694
2694 301
301 2032
2032 3091
3091 2933
2933 2459
2459 3809
3809 1569
1569 3857
3857 316
316 2347
2347 1059
1059 1892
1892 2076
2076 1932
1932 3443
3443 3524
3524 669
669 976
976 1309
1309 728
728 3192
3192 2435
2435 368
368 2589
2589 1076
1076 2584
2584 693
693 249
249 2522
2522 2721
2721 285
285 379
379 534
534 1209
1209 2390
2390 793
793 744
744 3479
3479 978
978 1390
1390 128
128 389
389 1872
1872 1934
1934 2334
2334 3687
3687 1272
1272 3878
3878 786
786 2991
2991 205
205 3749
3749 3149
3149 3359
3359 1557
1557 263
263 1500
1500 1700
1700 1693
1693 592
592 88
88 1617
1617 3302
3302 3891
3891 2999
2999 2212
2212 817
817 1919
1919 3133
3133 585
585 1772
1772 1803
1803 2003
2003 1549
1549 561
561 1851
1851 3834
3834 3830
3830 2802
2802 1409
1409 3822
3822 1567
1567 2204
2204 2854
2854 846
846 1433
1433 2274
2274 2380
2380 2839
2839 436
436 2265
2265 2036
2036 3591
3591 295
295 3598
3598 2327
2327 3134
3134 2029
2029 2885
2885 2963
2963 2328
2328 2434
2434 3950
3950 3115
3115 1633
1633 1283
1283 3159
3159 74
74 749
749 409
409 1023
1023 785
785 1226
1226 1946
1946 694
694 909
909 1402
1402 716
716 2473
2473 2941
2941 1971
1971 807
807 2083
2083 220
220 157
157 792
792 1180
1180 466
466 50
50 206
206 1694
1694 2195
2195 1620
1620 1768
1768 2468
2468 2039
2039 3278
3278 1882
1882 1104
1104 3763
3763 3906
3906 3066
3066 834
834 2903
2903 2373
2373 3562
3562 3299
3299 2392
2392 178
178 3049
3049 1153
1153 3905
3905 803
803 122
122 2284
2284 3725
3725 1312
1312 2627
2627 439
439 2159
2159 1413
1413 3952
3952 3742
3742 2833
2833 2899
2899 2453
2453 3424
3424 2505
2505 1012
1012 3225
3225 3863
3863 2864
2864 304
304 1130
1130 2662
2662 3721
3721 3865
3865 180
180 3385
3385 370
370 2826
2826 2461
2461 197
197 3683
3683 2724
2724 822
822 3751
3751 2711
2711 3304
3304 246
246 2118
2118 60
60 1874
1874 2947
2947 3265
3265 150
150 1229
1229 2067
2067 1243
1243 2077
2077 3593
3593 2996
2996 2150
2150 2277
2277 3415
3415 1929
1929 455
455 661
661 3154
3154 1682
1682 2058
2058 747
747 2183
2183 3001
3001 1249
1249 2291
2291 3058
3058 1063
1063 858
858 195
195 2976
2976 2399
2399 2651
2651 2861
2861 2068
2068 1817
1817 312
312 2593
2593 1486
1486 2673
2673 942
942 1676
1676 3041
3041 3927
3927 1622
1622 912
912 3300
3300 3148
3148 3464
3464 3559
3559 2088
2088 462
462 1244
1244 3276
3276 1317
1317 697
697 262
262 1498
1498 3588
3588 346
346 149
149 3488
3488 2084
2084 3907
3907 124
124 1927
1927 3606
3606 3072
3072 973
973 2862
2862 189
189 2008
2008 2410
2410 1655
1655 3936
3936 3313
3313 1664
1664 118
118 3103
3103 2206
2206 1681
1681 1949
1949 3422
3422 3084
3084 1453
1453 3282
3282 3535
3535 1890
1890 558
558 3427
3427 2704
2704 1721
1721 2194
2194 3506
3506 54
54 1193
1193 718
718 1365
1365 3930
3930 1174
1174 1228
1228 680
680 1440
1440 3904
3904 3955
3955 2741
2741 730
730 2686
2686 192
192 1761
1761 1504
1504 885
885 2847
2847 883
883 1656
1656 1100
1100 2997
2997 1095
1095 2126
2126 508
508 915
915 2756
2756 1075
1075 1463
1463 1689
1689 2106
2106 3003
3003 3635
3635 1489
1489 418
418 932
932 3590
3590 2229
2229 3949
3949 2910
2910 1247
1247 139
139 3569
3569 997
997 3718
3718 1644
1644 2789
2789 1064
1064 3086
3086 2312
2312 120
120 3922
3922 3720
3720 2568
2568 2431
2431 1807
1807 3123
3123 2446
2446 2026
2026 1218
1218 638
638 1117
1117 675
675 1271
1271 1627
1627 2415
2415 3832
3832 444
444 2684
2684 3375
3375 385
385 1523
1523 1067
1067 317
317 2638
2638 1850
1850 1649
1649 2628
2628 158
158 1905
1905 1723
1723 1335
1335 3592
3592 652
652 2470
2470 1773
1773 766
766 364
364 1201
1201 1395
1395 251
251 616
616 3179
3179 1177
1177 2289
2289 2637
2637 3246
3246 1336
1336 65
65 248
248 3626
3626 3939
3939 377
377 2112
2112 3204
3204 430
430 2728
2728 3477
3477 3638
3638 1234
1234 2623
2623 3750
3750 2414
2414 1827
1827 3743
3743 386
386 2524
2524 2055
2055 2898
2898 3332
3332 392
392 1133
1133 1505
1505 2851
2851 3293
3293 3736
3736 2990
2990 2641
2641 689
689 452
452 440
440 1650
1650 2383
2383 448
448 3273
3273 1361
1361 410
410 3490
3490 1534
1534 3434
3434 2019
2019 34
34 3848
3848 3229
3229 2978
2978 1979
1979 1651
1651 2811
2811 1205
1205 1231
1231 2798
2798 556
556 1044
1044 2123
2123 1813
1813 804
804 30
30 400
400 1487
1487 1753
1753 1663
1663 3389
3389 148
148 904
904 3781
3781 2489
2489 441
441 1328
1328 1799
1799 279
279 3549
3549 2045
2045 3771
3771 83
83 1804
1804 2879
2879 1414
1414 3370
3370 2278
2278 1602
1602 270
270 3623
3623 1184
1184 2611
2611 2362
2362 1870
1870 1422
1422 2587
2587 1899
1899 70
70 3176
3176 789
789 2005
2005 1005
1005 821
821 2664
2664 2337
2337 722
722 3456
3456 2832
2832 2676
2676 465
465 2554
2554 2339
2339 51
51 3403
3403 408
408 1310
1310 3057
3057 1014
1014 2757
2757 1356
1356 3961
3961 1019
1019 2805
2805 3627
3627 1000
1000 3261
3261 3622
3622 3968
3968 3811
3811 1686
1686 2878
2878 497
497 2566
2566 3812
3812 2476
2476 2144
2144 2518
2518 3007
3007 2838
2838 3617
3617 791
791 1784
1784 2754
2754 2444
2444 1800
1800 767
767 701
701 303
303 257
257 2642
2642 3362
3362 1578
1578 1911
1911 959
959 3730
3730 2848
2848 795
795 2340
2340 1687
1687 351
351 1105
1105 3193
3193 1546
1546 1319
1319 2795
2795 1990
1990 1581
1581 967
967 1869
1869 1115
1115 324
324 2171
2171 2678
2678 986
986 3536
3536 2059
2059 102
102 696
696 183
183 1966
1966 3713
3713 890
890 3185
3185 758
758 1016
1016 454
454 2701
2701 75
75 3328
3328 3413
3413 3493
3493 1199
1199 2569
2569 3131
3131 2766
2766 617
617 3044
3044 681
681 2096
2096 3429
3429 3083
3083 1493
1493 1080
1080 966
966 1746
1746 281
281 819
819 3641
3641 415
415 983
983 3135
3135 1421
1421 2024
2024 3145
3145 1999
1999 2841
2841 3471
3471 3698
3698 309
309 1690
1690 1909
1909 3780
3780 2677
2677 2531
2531 1360
1360 1224
1224 968
968 2351
2351 1994
1994 2128
2128 1332
1332 2307
2307 2100
2100 3416
3416 1053
1053 429
429 2425
2425 818
818 1379
1379 3512
3512 3330
3330 117
117 2170
2170 1881
1881 1660
1660 985
985 3793
3793 860
860 2479
2479 902
902 3896
3896 1653
1653 427
427 1691
1691 1858
1858 2846
2846 2485
2485 2930
2930 1744
1744 333
333 541
541 2465
2465 640
640 349
349 736
736 464
464 200
200 420
420 314
314 1718
1718 688
688 3075
3075 145
145 214
214 1266
1266 3599
3599 47
47 2863
2863 3846
3846 2845
2845 3011
3011 2905
2905 482
482 2481
2481 1236
1236 365
365 3769
3769 2016
2016 3951
3951 703
703 581
581 2050
2050 3495
3495 1577
1577 3321
3321 3182
3182 1714
1714 3726
3726 3258
3258 3396
3396 173
173 2929
2929 277
277 2396
2396 2484
2484 422
422 2042
2042 156
156 2310
2310 3693
3693 873
873 3286
3286 2033
2033 3343
3343 1514
1514 485
485 1670
1670 2557
2557 1852
1852 3652
3652 950
950 3200
3200 2867
2867 188
188 2379
2379 707
707 3975
3975 667
667 2070
2070 1389
1389 2421
2421 3648
3648 2416
2416 424
424 3577
3577 3367
3367 3513
3513 1485
1485 61
61 1429
1429 1462
1462 116
116 3620
3620 3164
3164 919
919 3564
3564 3984
3984 3767
3767 3474
3474 2560
2560 784
784 1370
1370 1135
1135 627
627 1399
1399 989
989 2970
2970 3861
3861 1834
1834 2687
2687 1411
1411 3381
3381 635
635 2790
2790 1103
1103 2336
2336 3733
3733 660
660 2004
2004 844
844 3383
3383 2219
2219 3789
3789 1955
1955 2457
2457 2138
2138 3386
3386 2763
2763 1036
1036 3703
3703 530
530 3475
3475 1767
1767 434
434 870
870 2338
2338 2139
2139 306
306 3018
3018 1967
1967 39
39 762
762 972
972 3460
3460 1559
1559 2669
2669 2562
2562 363
363 955
955 1944
1944 1774
1774 3910
3910 2602
2602 1757
1757 3565
3565 2188
2188 2224
2224 838
838 3009
3009 2726
2726 1854
1854 1808
1808 24
24 3583
3583 1678
1678 663
663 536
536 836
836 3615
3615 655
655 98
98 2886
2886 857
857 3440
3440 523
523 2329
2329 2288
2288 3530
3530 1165
1165 2200
2200 2352
2352 3388
3388 922
922 1426
1426 1764
1764 2000
2000 3700
3700 887
887 3799
3799 1437
1437 1074
1074 3640
3640 584
584 3911
3911 1178
1178 431
431 3633
3633 3376
3376 1848
1848 3195
3195 916
916 3973
3973 2043
2043 982
982 2469
2469 3033
3033 2613
2613 2066
2066 2675
2675 2287
2287 1931
1931 2152
2152 3671
3671 226
226 3102
3102 1339
1339 1420
1420 2220
2220 3484
3484 3094
3094 996
996 926
926 979
979 3010
3010 208
208 1008
1008 1730
1730 699
699 2822
2822 1766
1766 2496
2496 971
971 176
176 2451
2451 1237
1237 933
933 676
676 2876
2876 2146
2146 3372
3372 2384
2384 2598
2598 2162
2162 3629
3629 2550
2550 2385
2385 3787
3787 271
271 625
625 2585
2585 1777
1777 2376
2376 3976
3976 3347
3347 954
954 921
921 1210
1210 3948
3948 1341
1341 2487
2487 1951
1951 1191
1191 2499
2499 3869
3869 820
820 2480
2480 3550
3550 993
993 840
840 1448
1448 443
443 1327
1327 1873
1873 1645
1645 3543
3543 3480
3480 2891
2891 1479
1479 2783
2783 318
318 340
340 1235
1235 1614
1614 962
962 2054
2054 3311
3311 3684
3684 2160
2160 2985
2985 3813
3813 2580
2580 3587
3587 213
213 1035
1035 1843
1843 1836
1836 1122
1122 3828
3828 2601
2601 3988
3988 2713
2713 816
816 2095
2095 571
571 1425
1425 1771
1771 1385
1385 2818
2818 936
936 2556
2556 2356
2356 238
238 2911
2911 3256
3256 3023
3023 3795
3795 1770
1770 110
110 90
90 69
69 901
901 204
204 743
743 544
544 843
843 2213
2213 3601
3601 2360
2360 475
475 2090
2090 1776
1776 528
528 3065
3065 3491
3491 2028
2028 3510
3510 3762
3762 3540
3540 3378
3378 1992
1992 619
619 3217
3217 808
808 169
169 2127
2127 2477
2477 35
35 3768
3768 2332
2332 161
161 1762
1762 1262
1262 981
981 1275
1275 2022
2022 847
847 1353
1353 2516
2516 1637
1637 1408
1408 2085
2085 2786
2786 1975
1975 2901
2901 1330
1330 2386
2386 1326
1326 3974
3974 15
15 3823
3823 2915
2915 888
888 3463
3463 642
642 3160
3160 319
319 1638
1638 1815
1815 1866
1866 3320
3320 866
866 2428
2428 2193
2193 2636
2636 3461
3461 2504
2504 2155
2155 702
702 433
433 3969
3969 2581
2581 1398
1398 2572
2572 771
771 611
611 3071
3071 606
606 3709
3709 1706
1706 1531
1531 3452
3452 43
43 2698
2698 1986
1986 210
210 293
293 405
405 3649
3649 2436
2436 2747
2747 3129
3129 2258
2258 3061
3061 1424
1424 1987
1987 1626
1626 3326
3326 2098
2098 3790
3790 2413
2413 1781
1781 3298
3298 144
144 708
708 805
805 1519
1519 2950
2950 2517
2517 1901
1901 2692
2692 2992
2992 815
815 929
929 1333
1333 2158
2158 727
727 3784
3784 1092
1092 533
533 3804
3804 612
612 2564
2564 1675
1675 3837
3837 254
254 1419
1419 2492
2492 2266
2266 1306
1306 2882
2882 2604
2604 1759
1759 2559
2559 131
131 3701
3701 1550
1550 3113
3113 3410
3410 898
898 2956
2956 2785
2785 2787
2787 114
114 3937
3937 3106
3106 1367
1367 252
252 354
354 3843
3843 1575
1575 2829
2829 2836
2836 741
741 3933
3933 2745
2745 1619
1619 2358
2358 864
864 1806
1806 2536
2536 615
615 1819
1819 951
951 391
391 2001
2001 2953
2953 1109
1109 2502
2502 367
367 2614
2614 129
129 2020
2020 27
27 1560
1560 3259
3259 3916
3916 3777
3777 2125
2125 3912
3912 2621
2621 175
175 253
253 2130
2130 3034
3034 417
417 1217
1217 2680
2680 3318
3318 3516
3516 3696
3696 2355
2355 1383
1383 3207
3207 1583
1583 1269
1269 2543
2543 1741
1741 2892
2892 3728
3728 589
589 3244
3244 2423
2423 3139
3139 1346
1346 2353
2353 3391
3391 2932
2932 1357
1357 2666
2666 525
525 511
511 3141
3141 3719
3719 2174
2174 1170
1170 3211
3211 1541
1541 1985
1985 3267
3267 3239
3239 1264
1264 547
547 1847
1847 3507
3507 1754
1754 1599
1599 2261
2261 3747
3747 3511
3511 435
435 216
216 3829
3829 3235
3235 2409
2409 1132
1132 3197
3197 659
659 2018
2018 2735
2735 2044
2044 2774
2774 1003
1003 3366
3366 57
57 473
473 171
171 1256
1256 3369
3369 2934
2934 1952
1952 977
977 2875
2875 2586
2586 3482
3482 280
280 3962
3962 1970
1970 1733
1733 402
402 230
230 2081
2081 721
721 1862
1862 3585
3585 2751
2751 2253
2253 140
140 3252
3252 1958
1958 1835
1835 587
587 774
774 867
867 3741
3741 3241
3241 395
395 2430
2430 1457
1457 3595
3595 3616
3616 3604
3604 1572
1572 2793
2793 538
538 3037
3037 438
438 2122
2122 610
610 2062
2062 3894
3894 3697
3697 1065
1065 3292
3292 1077
1077 3158
3158 85
85 2630
2630 1539
1539 3505
3505 3489
3489 3871
3871 2268
2268 3449
3449 2422
2422 1381
1381 459
459 1111
1111 3931
3931 941
941 2251
2251 1738
1738 2894
2894 3243
3243 95
95 3151
3151 1598
1598 2951
2951 550
550 871
871 2104
2104 859
859 687
687 1703
1703 790
790 3196
3196 3642
3642 2064
2064 3291
3291 1458
1458 378
378 2732
2732 1377
1377 3031
3031 2640
2640 1913
1913 2968
2968 3125
3125 2363
2363 2245
2245 2703
2703 1251
1251 2295
2295 3453
3453 3069
3069 2534
2534 2060
2060 2190
2190 1481
1481 1605
1605 2407
2407 3885
3885 788
788 1057
1057 1066
1066 2797
2797 2778
2778 2520
2520 2515
2515 2021
2021 3012
3012 414
414 2293
2293 3138
3138 2094
2094 3502
3502 753
753 1709
1709 738
738 1198
1198 2197
2197 2775
2775 2156
2156 1988
1988 199
199 781
781 1711
1711 3118
3118 2693
2693 3680
3680 3788
3788 2486
2486 3322
3322 3215
3215 445
445 3917
3917 2685
2685 3014
3014 797
797 3317
3317 826
826 3970
3970 2464
2464 3558
3558 505
505 3972
3972 25
25 700
700 1279
1279 881
881 1156
1156 1452
1452 2955
2955 856
856 260
260 3062
3062 3740
3740 172
172 768
768 3335
3335 2011
2011 2827
2827 3836
3836 1618
1618 1957
1957 576
576 2513
2513 2166
2166 506
506 3759
3759 918
918 657
657 423
423 899
899 20
20 3036
3036 1388
1388 2038
2038 2689
2689 1050
1050 2896
2896 3628
3628 2182
2182 960
960 1238
1238 229
229 1981
1981 3339
3339 3360
3360 3520
3520 115
115 2671
2671 3727
3727 1672
1672 2223
2223 1431
1431 3070
3070 2164
2164 3237
3237 1311
1311 2665
2665 3046
3046 1710
1710 2377
2377 1878
1878 3194
3194 2920
2920 278
278 568
568 3447
3447 2232
2232 3902
3902 159
159 2069
2069 3150
3150 1119
1119 3978
3978 1438
1438 2302
2302 2191
2191 1248
1248 2599
2599 1441
1441 3323
3323 2280
2280 765
765 1537
1537 2342
2342 1705
1705 3303
3303 3644
3644 1739
1739 3953
3953 1107
1107 1051
1051 3312
3312 3645
3645 3053
3053 1342
1342 1928
1928 3499
3499 1606
1606 3092
3092 2782
2782 1146
1146 990
990 3392
3392 1495
1495 3212
3212 3539
3539 1451
1451 3990
3990 3675
3675 2482
2482 2528
2528 2148
2148 3114
3114 1347
1347 875
875 2842
2842 1528
1528 2734
2734 1488
1488 58
58 1197
1197 1123
1123 2761
2761 3614
3614 2618
2618 2369
2369 3856
3856 1859
1859 2276
2276 3875
3875 2147
2147 854
854 1018
1018 3678
3678 31
31 1845
1845 3199
3199 1903
1903 3665
3665 3525
3525 1499
1499 1048
1048 1647
1647 562
562 1233
1233 2913
2913 1382
1382 242
242 413
413 311
311 2388
2388 863
863 1790
1790 1375
1375 2269
2269 907
907 2063
2063 1052
1052 2393
2393 457
457 1039
1039 3658
3658 26
26 1685
1685 2382
2382 3442
3442 3556
3556 3989
3989 1512
1512 21
21 3945
3945 1268
1268 1467
1467 3806
3806 2264
2264 3025
3025 3527
3527 2378
2378 3918
3918 1157
1157 3165
3165 1641
1641 2178
2178 2285
2285 2466
2466 2249
2249 940
940 1041
1041 2679
2679 1108
1108 953
953 2508
2508 3814
3814 1145
1145 2966
2966 3770
3770 893
893 3305
3305 196
196 164
164 1027
1027 1257
1257 3390
3390 2688
2688 787
787 428
428 1503
1503 2533
2533 1352
1352 3560
3560 3162
3162 3121
3121 502
502 1345
1345 686
686 975
975 239
239 394
394 1747
1747 1142
1142 3893
3893 269
269 3342
3342 3485
3485 3637
3637 810
810 483
483 2176
2176 3205
3205 3886
3886 755
755 2181
2181 1129
1129 296
296 1175
1175 2792
2792 1727
1727 2359
2359 503
503 1253
1253 273
273 1188
1188 2574
2574 731
731 2282
2282 2030
2030 643
643 1832
1832 2493
2493 1263
1263 1250
1250 621
621 2040
2040 3228
3228 1551
1551 2547
2547 849
849 1982
1982 1374
1374 2537
2537 343
343 1428
1428 198
198 331
331 2052
2052 825
825 1445
1445 1061
1061 2857
2857 492
492 3128
3128 3874
3874 3892
3892 1472
1472 3146
3146 3289
3289 974
974 1536
1536 3350
3350 292
292 2647
2647 2889
2889 1579
1579 3255
3255 2506
2506 373
373 3365
3365 1535
1535 1072
1072 2087
2087 2230
2230 3611
3611 2881
2881 2674
2674 2946
2946 1839
1839 1470
1470 2961
2961 1755
1755 1814
1814 3117
3117 2169
2169 925
925 1507
1507 2344
2344 493
493 2270
2270 935
935 2553
2553 868
868 991
991 620
620 487
487 2199
2199 1314
1314 1722
1722 2887
2887 3354
3354 3218
3218 1921
1921 644
644 1186
1186 1176
1176 3017
3017 1144
1144 3451
3451 514
514 1290
1290 2387
2387 1553
1553 3222
3222 3532
3532 2163
2163 2788
2788 2923
2923 327
327 714
714 3334
3334 3231
3231 2975
2975 780
780 2460
2460 2419
2419 2658
2658 2902
2902 2389
2389 2519
2519 1896
1896 361
361 190
190 3977
3977 1953
1953 3109
3109 374
374 1215
1215 609
609 3398
3398 1984
1984 3552
3552 1594
1594 1701
1701 732
732 2526
2526 2218
2218 3826
3826 1667
1667 3681
3681 2343
2343 3898
3898 3155
3155 2509
2509 1124
1124 2452
2452 1993
1993 1101
1101 3639
3639 524
524 2238
2238 1265
1265 3458
3458 308
308 244
244 560
560 946
946 184
184 3847
3847 272
272 2770
2770 3546
3546 2776
2776 1983
1983 2037
2037 896
896 1397
1397 2136
2136 1412
1412 182
182 275
275 1216
1216 3534
3534 2729
2729 598
598 2281
2281 3514
3514 2815
2815 396
396 2227
2227 3045
3045 3280
3280 1025
1025 917
917 2699
2699 3610
3610 2944
2944 590
590 450
450 1968
1968 998
998 1524
1524 2893
2893 2710
2710 1742
1742 639
639 2661
2661 1143
1143 3380
3380 63
63 2620
2620 1855
1855 3607
3607 2306
2306 754
754 2612
2612 1518
1518 2129
2129 3778
3778 2119
2119 3571
3571 264
264 970
970 2969
2969 3089
3089 1782
1782 2013
2013 3903
3903 3400
3400 601
601 3166
3166 3877
3877 202
202 3729
3729 724
724 1600
1600 3914
3914 3441
3441 906
906 3426
3426 539
539 2831
2831 677
677 1403
1403 1195
1195 3800
3800 2366
2366 3528
3528 1152
1152 1168
1168 2134
2134 3816
3816 1338
1338 3295
3295 3785
3785 3210
3210 3368
3368 526
526 3603
3603 1540
1540 723
723 648
648 3147
3147 510
510 1085
1085 2725
2725 2563
2563 2478
2478 3670
3670 2964
2964 1009
1009 827
827 1688
1688 1017
1017 1483
1483 329
329 1517
1517 3269
3269 2849
2849 3531
3531 3672
3672 2936
2936 1935
1935 44
44 2914
2914 1091
1091 1756
1756 1736
1736 2830
2830 1214
1214 1669
1669 352
352 2758
2758 283
283 1726
1726 3735
3735 1586
1586 1595
1595 2578
2578 1246
1246 937
937 3579
3579 1110
1110 1240
1240 3481
3481 1731
1731 3184
3184 1227
1227 3079
3079 3096
3096 3177
3177 1302
1302 668
668 1372
1372 3331
3331 218
218 1719
1719 3101
3101 3314
3314 446
446 1904
1904 1376
1376 3180
3180 154
154 1941
1941 1542
1542 52
52 2781
2781 3880
3880 878
878 2349
2349 2982
2982 3519
3519 1661
1661 133
133 651
651 1340
1340 3171
3171 2246
2246 250
250 876
876 2824
2824 3508
3508 1030
1030 1522
1522 29
29 1521
1521 2939
2939 2046
2046 2595
2595 227
227 3783
3783 3586
3586 3202
3202 2143
2143 3858
3858 1160
1160 46
46 3605
3605 2086
2086 3208
3208 1169
1169 2208
2208 3272
3272 1907
1907 535
535 522
522 947
947 81
81 2866
2866 2919
2919 1139
1139 1427
1427 3807
3807 3024
3024 2626
2626 3346
3346 3371
3371 42
42 3338
3338 934
934 1167
1167 1566
1566 2471
2471 3454
3454 421
421 3467
3467 1337
1337 2177
2177 2286
2286 850
850 1069
1069 3047
3047 23
23 1439
1439 2272
2272 3926
3926 1354
1354 2180
2180 3013
3013 1749
1749 305
305 2391
2391 3664
3664 2749
2749 1679
1679 745
745 1763
1763 1232
1232 726
726 2840
2840 2900
2900 3175
3175 2117
2117 1162
1162 109
109 2705
2705 3357
3357 166
166 735
735 2927
2927 567
567 705
705 2441
2441 1597
1597 1702
1702 1898
1898 3517
3517 1616
1616 3808
3808 1001
1001 1298
1298 345
345 3760
3760 874
874 2017
2017 3504
3504 3566
3566 2234
2234 516
516 1325
1325 1203
1203 3663
3663 2525
2525 315
315 2057
2057 3374
3374 2456
2456 2987
2987 2207
2207 3942
3942 3722
3722 2047
2047 3655
3655 3421
3421 3341
3341 796
796 1894
1894 1274
1274 1282
1282 3608
3608 2884
2884 3647
3647 2313
2313 869
869 256
256 2821
2821 3925
3925 2133
2133 2124
2124 160
160 1056
1056 2535
2535 756
756 988
988 2865
2865 49
49 923
923 2210
2210 19
19 806
806 1469
1469 2958
2958 1976
1976 1629
1629 3619
3619 2256
2256 2311
2311 416
416 2579
2579 2405
2405 1712
1712 1478
1478 1516
1516 3000
3000 1825
1825 37
37 3840
3840 1643
1643 68
68 3352
3352 372
372 2497
2497 1179
1179 1348
1348 132
132 1802
1802 2624
2624 2301
2301 593
593 1613
1613 2149
2149 1474
1474 1185
1185 3284
3284 2082
2082 107
107 2107
2107 1527
1527 174
174 1073
1073 2779
2779 3056
3056 3618
3618 649
649 2844
2844 984
984 3941
3941 831
831 1939
1939 162
162 3824
3824 3337
3337 390
390 3881
3881 2606
2606 1609
1609 1632
1632 577
577 1576
1576 3116
3116 1778
1778 2372
2372 2760
2760 2736
2736 451
451 3042
3042 1295
1295 3418
3418 3028
3028 2752
2752 3947
3947 146
146 1677
1677 3679
3679 76
76 1780
1780 1281
1281 463
463 498
498 66
66 3093
3093 2412
2412 2308
2308 1415
1415 3943
3943 2108
2108 3815
3815 298
298 2121
2121 1816
1816 3883
3883 3203
3203 2644
2644 3234
3234 949
949 1055
1055 3077
3077 3748
3748 1300
1300 595
595 740
740 1574
1574 2252
2252 3600
3600 2625
2625 2091
2091 3686
3686 1998
1998 2646
2646 1991
1991 746
746 2503
2503 2603
2603 237
237 3909
3909 1118
1118 1476
1476 3845
3845 679
679 2354
2354 1604
1604 513
513 3249
3249 3444
3444 1293
1293 1435
1435 336
336 1821
1821 3168
3168 1033
1033 1592
1592 557
557 1147
1147 2092
2092 3015
3015 3897
3897 323
323 2617
2617 1509
1509 1405
1405 187
187 1758
1758 2576
2576 36
36 1084
1084 2989
2989 1674
1674 2523
2523 2075
2075 2283
2283 3187
3187 1796
1796 527
527 1369
1369 2784
2784 2403
2403 3055
3055 461
461 2167
2167 2780
2780 1423
1423 2540
2540 1791
1791 1007
1007 602
602 1318
1318 2472
2472 3039
3039 2609
2609 670
670 1884
1884 554
554 1043
1043 1652
1652 299
299 3281
3281 3455
3455 2262
2262 748
748 2904
2904 1785
1785 1163
1163 3889
3889 2035
2035 3183
3183 3170
3170 614
614 3494
3494 3122
3122 948
948 3576
3576 2397
2397 823
823 1078
1078 356
356 1912
1912 1635
1635 3765
3765 1477
1477 1857
1857 1948
1948 2544
2544 1510
1510 532
532 3358
3358 1867
1867 2737
2737 2298
2298 715
715 1255
1255 3074
3074 2912
2912 3810
3810 1871
1871 3612
3612 3387
3387 1588
1588 3247
3247 3867
3867 2226
2226 1745
1745 2267
2267 48
48 2959
2959 2712
2712 1788
1788 1106
1106 335
335 920
920 3631
3631 2467
2467 3216
3216 3496
3496 1380
1380 3412
3412 1805
1805 170
170 151
151 1801
1801 3188
3188 3690
3690 1697
1697 1359
1359 3254
3254 720
720 3803
3803 2103
2103 1502
1502 1131
1131 3409
3409 1432
1432 1049
1049 2263
2263 1456
1456 64
64 2244
2244 2823
2823 3063
3063 894
894 2945
2945 3938
3938 3287
3287 3152
3152 3181
3181 2300
2300 3411
3411 62
62 2715
2715 1918
1918 362
362 712
712 519
519 2859
2859 1270
1270 582
582 3979
3979 1829
1829 3126
3126 2296
2296 1501
1501 2888
2888 2408
2408 1571
1571 3852
3852 121
121 1087
1087 2429
2429 105
105 2943
2943 2820
2820 2926
2926 952
952 3798
3798 2080
2080 2654
2654 2375
2375 1624
1624 1585
1585 685
685 3327
3327 3946
3946 1810
1810 811
811 1241
1241 897
897 994
994 1680
1680 2719
2719 1636
1636 1828
1828 1267
1267 2635
2635 3855
3855 1826
1826 2908
2908 3705
3705 3333
3333 338
338 384
384 3245
3245 2168
2168 1187
1187 1728
1728 163
163 3355
3355 1094
1094 2828
2828 1304
1304 573
573 3206
3206 38
38 334
334 289
289 2753
2753 565
565 569
569 1925
1925 3437
3437 2988
2988 683
683 153
153 872
872 2742
2742 2634
2634 3081
3081 3659
3659 2616
2616 2304
2304 1373
1373 3382
3382 695
695 341
341 2924
2924 2998
2998 501
501 3173
3173 1329
1329 2137
2137 1582
1582 1786
1786 337
337 359
359 371
371 2762
2762 2447
2447 2542
2542 664
664 1831
1831 1568
1568 11
11 3551
3551 927
927 71
71 1809
1809 3888
3888 1125
1125 3805
3805 2858
2858 1885
1885 2895
2895 3279
3279 717
717 1322
1322 2427
2427 634
634 682
682 2659
2659 507
507 1640
1640 931
931 33
33 1401
1401 1562
1562 1222
1222 637
637 3448
3448 1943
1943 3692
3692 709
709 3716
3716 2154
2154 3213
3213 1212
1212 759
759 3051
3051 1692
1692 383
383 2236
2236 750
750 3307
3307 1795
1795 17
17 2404
2404 376
376 1208
1208 1937
1937 2365
2365 2652
2652 1558
1558 1010
1010 1760
1760 1940
1940 232
232 3901
3901 407
407 499
499 572
572 1704
1704 3685
3685 3522
3522 1497
1497 1299
1299 476
476 16
16 2555
2555 1465
1465 82
82 599
599 1320
1320 2984
2984 3775
3775 2722
2722 2727
2727 2243
2243 600
600 3361
3361 987
987 3624
3624 84
84 1969
1969 2948
2948 1724
1724 1584
1584 2868
2868 3277
3277 764
764 3238
3238 3764
3764 393
393 92
92 1305
1305 274
274 1297
1297 3021
3021 2406
2406 924
924 3309
3309 3752
3752 1959
1959 2819
2819 1963
1963 1484
1484 1631
1631 3080
3080 777
777 86
86 1303
1303 1924
1924 108
108 2670
2670 1158
1158 2097
2097 2663
2663 1155
1155 1965
1965 2031
2031 1923
1923 3405
3405 3915
3915 3723
3723 1480
1480 2041
2041 654
654 1443
1443 2211
2211 3397
3397 472
472 123
123 3673
3673 3285
3285 1363
1363 914
914 2209
2209 2801
2801 1844
1844 2073
2073 2653
2653 3240
3240 3849
3849 2709
2709 2325
2325 752
752 3929
3929 2718
2718 1544
1544 181
181 824
824 3710
3710 1783
1783 3043
3043 1490
1490 800
800 2717
2717 412
412 168
168 203
203 3395
3395 3662
3662 3553
3553 1181
1181 3899
3899 3492
3492 1450
1450 2049
2049 1552
1552 3864
3864 2189
2189 1316
1316 2239
2239 1164
1164 2394
2394 100
100 1956
1956 1284
1284 3860
3860 2417
2417 3651
3651 3351
3351 1662
1662 1511
1511 3271
3271 2483
2483 3602
3602 2450
2450 2109
2109 55
55 2494
2494 3407
3407 3797
3797 3301
3301 3209
3209 456
456 1995
1995 347
347 3538
3538 2172
2172 2116
2116 56
56 1207
1207 658
658 1642
1642 1459
1459 2957
2957 1601
1601 3589
3589 3597
3597 2965
2965 2807
2807 1740
1740 1735
1735 3575
3575 141
141 624
624 1596
1596 2731
2731 1351
1351 3791
3791 566
566 1634
1634 2254
2254 2645
2645 3178
3178 742
742 127
127 879
879 3198
3198 369
369 2051
2051 3870
3870 328
328 2917
2917 3306
3306 2561
2561 1849
1849 1252
1252 1482
1482 851
851 1717
1717 2672
2672 3104
3104 3029
3029 812
812 2852
2852 1657
1657 3667
3667 342
342 3676
3676 2185
2185 3529
3529 375
375 1460
1460 2983
2983 3144
3144 520
520 3957
3957 1900
1900 2877
2877 794
794 671
671 2979
2979 1407
1407 2921
2921 1830
1830 1291
1291 1349
1349 134
134 2834
2834 1891
1891 604
604 1032
1032 360
360 3008
3008 2448
2448 207
207 284
284 3613
3613 1140
1140 3157
3157 3839
3839 3140
3140 2458
2458 267
267 1673
1673 2607
2607 79
79 2006
2006 2759
2759 2424
2424 1570
1570 233
233 1190
1190 2973
2973 1127
1127 692
692 1530
1530 3838
3838 2993
2993 3316
3316 1708
1708 126
126 1525
1525 1962
1962 411
411 447
447 3223
3223 3714
3714 2495
2495 2173
2173 1593
1593 2740
2740 2115
2115 1334
1334 2872
2872 2401
2401 2474
2474 913
913 322
322 2639
2639 1449
1449 2316
2316 1392
1392 313
313 1038
1038 3744
3744 3935
3935 999
999 1200
1200 852
852 1120
1120 201
201 2093
2093 2796
2796 2952
2952 2909
2909 3163
3163 2443
2443 2074
2074 234
234 2954
2954 1589
1589 72
72 645
645 3419
3419 3401
3401 729
729 3315
3315 3136
3136 1743
1743 3087
3087 662
662 474
474 3486
3486 2027
2027 1492
1492 1833
1833 1112
1112 28
28 2025
2025 3825
3825 2855
2855 3745
3745 2255
2255 1013
1013 2317
2317 3518
3518 3432
3432 1471
1471 1173
1173 665
665 3393
3393 458
458 2305
2305 419
419 1856
1856 2977
2977 2203
2203 2007
2007 3472
3472 2205
2205 2850
2850 2622
2622 2552
2552 2925
2925 2971
2971 832
832 1608
1608 2398
2398 403
403 563
563 3310
3310 1879
1879 3404
3404 89
89 3363
3363 2184
2184 1004
1004 2720
2720 1964
1964 2800
2800 3567
3567 3232
3232 3581
3581 3221
3221 3801
3801 1089
1089 597
597 1128
1128 963
963 3821
3821 1853
1853 2575
2575 2629
2629 2856
2856 3766
3766 698
698 1455
1455 358
358 3090
3090 2440
2440 3561
3561 2260
2260 94
94 1081
1081 564
564 650
650 3853
3853 3191
3191 2346
2346 3660
3660 2571
2571 3555
3555 623
623 2321
2321 1751
1751 555
555 471
471 2714
2714 3981
3981 631
631 1183
1183 3111
3111 1096
1096 3325
3325 3319
3319 2233
2233 3987
3987 1713
1713 1307
1307 3201
3201 3156
3156 2803
2803 1082
1082 2812
2812 3420
3420 2648
2648 1308
1308 73
73 1732
1732 3112
3112 1565
1565 2825
2825 3266
3266 1154
1154 3308
3308 1787
1787 2949
2949 142
142 939
939 426
426 674
674 2395
2395 1444
1444 3435
3435 706
706 3959
3959 3030
3030 3220
3220 2853
2853 3296
3296 594
594 769
769 3004
3004 2767
2767 3107
3107 2777
2777 2600
2600 3457
3457 1046
1046 3509
3509 1230
1230 2643
2643 2135
2135 3776
3776 1794
1794 2145
2145 1811
1811 521
521 2326
2326 1797
1797 3879
3879 2817
2817 3548
3548 3521
3521 1996
1996 1239
1239 770
770 1548
1548 3468
3468 3570
3570 1715
1715 579
579 2530
2530 97
97 387
387 125
125 1220
1220 2880
2880 236
236 479
479 1366
1366 1860
1860 1556
1556 3980
3980 3153
3153 355
355 399
399 1750
1750 401
401 1126
1126 1416
1416 300
300 2730
2730 2986
2986 1219
1219 961
961 570
570 366
366 2010
2010 965
965 3866
3866 381
381 3189
3189 1011
1011 1820
1820 613
613 2114
2114 3734
3734 2290
2290 783
783 3695
3695 2014
2014 3227
3227 2771
2771 3048
3048 1573
1573 3711
3711 1434
1434 490
490 3792
3792 3682
3682 1202
1202 553
553 2247
2247 1865
1865 3574
3574 895
895 2400
2400 3944
3944 1513
1513 1823
1823 980
980 3348
3348 119
119 2433
2433 537
537 3035
3035 3095
3095 3818
3818 3702
3702 2691
2691 1822
1822 775
775 1973
1973 2371
2371 1752
1752 3119
3119 3868
3868 3022
3022 1792
1792 3900
3900 3862
3862 3032
3032 842
842 191
191 2061
2061 1658
1658 1394
1394 2633
2633 3073
3073 1024
1024 3470
3470 630
630 1242
1242 1204
1204 3067
3067 2668
2668 286
286 3786
3786 2065
2065 3582
3582 320
320 1296
1296 2594
2594 605
605 2512
2512 2960
2960 958
958 3226
3226 3691
3691 1276
1276 245
245 2808
2808 1436
1436 2922
2922 3956
3956 3290
3290 3064
3064 3537
3537 1888
1888 1668
1668 3336
3336 221
221 517
517 2257
2257 112
112 799
799 3653
3653 1543
1543 1920
1920 3796
3796 1972
1972 3503
3503 828
828 2937
2937 136
136 944
944 137
137 1734
1734 3940
3940 470
470 3895
3895 632
632 1261
1261 3920
3920 2078
2078 1997
1997 469
469 258
258 3706
3706 3578
3578 3923
3923 297
297 165
165 1765
1765 2315
2315 690
690 2869
2869 491
491 480
480 2099
2099 2157
2157 2813
2813 1260
1260 80
80 3251
3251 848
848 543
543 2940
2940 733
733 2772
2772 2733
2733 217
217 763
763 839
839 964
964 3650
3650 2570
2570 3478
3478 1387
1387 1068
1068 2582
2582 956
956 3966
3966 542
542 307
307 3908
3908 3085
3085 2608
2608 2521
2521 2610
2610 1245
1245 2303
2303 2980
2980 3756
3756 397
397 3052
3052 3954
3954 3329
3329 2113
2113 2196
2196 1396
1396 1430
1430 957
957 14
14 588
588 1406
1406 3379
3379 3105
3105 798
798 3294
3294 3563
3563 353
353 2320
2320 1278
1278 3097
3097 3820
3820 3174
3174 3596
3596 691
691 425
425 3054
3054 1015
1015 2590
2590 1418
1418 586
586 2454
2454 1563
1563 992
992 2755
2755 3544
3544 219
219 1098
1098 3005
3005 1897
1897 3450
3450 945
945 3497
3497 2667
2667 3068
3068 3324
3324 2333
2333 1648
1648 2938
2938 2510
2510 2541
2541 453
453 2345
2345 2322
2322 1070
1070 2690
2690 943
943 1259
1259 2723
2723 2214
2214 3924
3924 3523
3523 91
91 3275
3275 653
653 1171
1171 2131
2131 1045
1045 622
622 241
241 1149
1149 235
235 276
276 1725
1725 1665
1665 1324
1324 3666
3666 666
666 2273
2273 1977
1977 3344
3344 2765
2765 1393
1393 2330
2330 1508
1508 3364
3364 2835
2835 1006
1006 2120
2120 2242
2242 1086
1086 1002
1002 772
772 1886
1886 2768
2768 40
40 1258
1258 835
835 3425
3425 1532
1532 3264
3264 3345
3345 559
559 1695
1695 167
167 1875
1875 3356
3356 1840
1840 2916
2916 3817
3817 240
240 3689
3689 211
211 1404
1404 1779
1779 2240
2240 2071
2071 477
477 1054
1054 2002
2002 1895
1895 382
382 3694
3694 2198
2198 1526
1526 2217
2217 495
495 880
880 500
500 290
290 3172
3172 504
504 2142
2142 1623
1623 3340
3340 243
243 481
481 2102
2102 1461
1461 596
596 2228
2228 2248
2248 3124
3124 2870
2870 2053
2053 228
228 3919
3919 143
143 2583
2583 3960
3960 1590
1590 1824
1824 348
348 3876
3876 2449
2449 2974
2974 3737
3737 2873
2873 1587
1587 2151
2151 3677
3677 1699
1699 678
678 3746
3746 580
580 1793
1793 265
265 2739
2739 1206
1206 1915
1915 3568
3568 1748
1748 3224
3224 1564
1564 1798
1798 2565
2565 3167
3167 3964
3964 1211
1211 2381
2381 2843
2843 633
633 1621
1621 99
99 193
193 603
603 2539
2539 3002
3002 2810
2810 3573
3573 3674
3674 1062
1062 3260
3260 2009
2009 3928
3928 3019
3019 3758
3758 1950
1950 1910
1910 1625
1625 1172
1172 1496
1496 618
618 215
215 3099
3099 325
325 2573
2573 2012
2012 1090
1090 2501
2501 1384
1384 3842
3842 2716
2716 1520
1520 801
801 2324
2324 2215
2215 2271
2271 2511
2511 194
194 2192
2192 1464
1464 3967
3967 1603
1603 1942
1942 222
222 3459
3459 2592
2592 1880
1880 889
889 1789
1789 2748
2748 12
12 725
725 2577
2577 882
882 1042
1042 626
626 2942
2942 1555
1555 2615
2615 1289
1289 3772
3772 1883
1883 1088
1088 3408
3408 1863
1863 2165
2165 1121
1121 1151
1151 3757
3757 3462
3462 3233
3233 3802
3802 1031
1031 1021
1021 3851
3851 2632
2632 437
437 1615
1615 2420
2420 3288
3288 2814
2814 1473
1473 529
529 574
574 549
549 2488
2488 2250
2250 2702
2702 540
540 3545
3545 2101
2101 255
255 1666
1666 3040
3040 1454
1454 3850
3850 1323
1323 1196
1196 2221
2221 3026
3026 231
231 1933
1933 3739
3739 2683
2683 2335
2335 2079
2079 3965
3965 3887
3887 1930
1930 704
704 212
212 1301
1301 2837
2837 3732
3732 2442
2442 3130
3130 3668
3668 3854
3854 713
713 2048
2048 2348
2348 449
449 1639
1639 3715
3715 761
761 2596
2596 77
77 2140
2140 152
152 3377
3377 179
179 2657
2657 3873
3873 1837
1837 1646
1646 1447
1447 1161
1161 518
518 1138
1138 2682
2682 59
59 3373
3373 2928
2928 2237
2237 647
647 3257
3257 53
53 1538
1538 2707
2707 673
673 551
551 2794
2794 2656
2656 432
432 531
531 1515
1515 3186
3186 3027
3027 3263
3263 776
776 1047
1047 2514
2514 1097
1097 67
67 1099
1099 1926
1926 3779
3779 830
830 3755
3755 1707
1707 2871
2871 467
467 282
282 903
903 3050
3050 2708
2708 406
406 3580
3580 2132
2132 2545
2545 809
809 3991
3991 3992
3992 3993
3993 3994
3994 3995
3995 3996
3996 3997
3997 3998
3998 3999
3999 4000
1 4000
